#!ascii label  , from subject sub-v1s2x0051461_ses-1 vox2ras=TkReg
1307
114478  42.148  55.563  -3.403 0.0000000000
119308  43.919  63.113  3.559 0.0000000000
109511  43.878  49.272  -3.043 0.0000000000
113151  36.020  52.523  -5.256 0.0000000000
111808  38.249  51.601  -8.420 0.0000000000
119373  41.914  63.358  -1.921 0.0000000000
135879  38.257  62.568  3.482 0.0000000000
122009  36.652  67.432  1.056 0.0000000000
104780  45.469  43.781  -6.718 0.0000000000
102020  45.656  41.508  -8.106 0.0000000000
117279  45.415  60.335  -2.315 0.0000000000
152120  44.507  54.309  -7.536 0.0000000000
113738  47.412  55.645  -1.507 0.0000000000
109480  49.049  49.462  -0.271 0.0000000000
123757  38.258  70.562  -3.863 0.0000000000
122008  42.042  67.470  1.248 0.0000000000
109563  41.876  47.911  -8.669 0.0000000000
113779  39.072  54.147  -4.706 0.0000000000
112473  37.170  52.365  -6.466 0.0000000000
156335  39.626  54.369  -6.682 0.0000000000
116584  42.220  59.571  -3.017 0.0000000000
114455  39.902  55.505  -1.605 0.0000000000
119970  34.796  63.866  0.845 0.0000000000
103787  42.985  40.596  -0.884 0.0000000000
101936  43.508  38.554  0.211 0.0000000000
149943  46.719  42.696  4.279 0.0000000000
163240  41.996  70.522  -6.081 0.0000000000
117960  45.094  61.260  0.734 0.0000000000
115886  46.316  58.541  -1.478 0.0000000000
116542  45.782  59.116  1.392 0.0000000000
113056  45.988  54.156  4.724 0.0000000000
112394  47.679  53.095  2.130 0.0000000000
109467  48.121  49.540  2.244 0.0000000000
105644  46.034  45.833  -1.038 0.0000000000
121970  39.734  66.352  4.155 0.0000000000
123120  39.876  69.060  2.085 0.0000000000
120658  42.865  65.111  2.740 0.0000000000
119335  43.690  63.527  0.379 0.0000000000
111764  45.630  52.283  -5.750 0.0000000000
136348  41.060  51.355  -5.331 0.0000000000
110242  44.569  49.396  -7.576 0.0000000000
109537  36.886  49.284  -7.301 0.0000000000
108869  37.742  47.626  -8.732 0.0000000000
143195  42.550  65.909  -1.883 0.0000000000
164574  40.220  64.888  -2.678 0.0000000000
135941  41.313  63.467  5.034 0.0000000000
157781  45.178  59.828  3.959 0.0000000000
121470  33.889  65.660  -4.837 0.0000000000
122046  35.539  67.272  -2.518 0.0000000000
149714  36.739  65.050  2.887 0.0000000000
108137  45.687  47.732  -6.222 0.0000000000
108154  47.179  47.176  -9.087 0.0000000000
102904  46.924  41.783  -6.203 0.0000000000
100100  42.701  37.689  -1.389 0.0000000000
115930  44.138  57.979  -3.830 0.0000000000
114502  42.649  56.024  -5.632 0.0000000000
115940  45.910  57.926  -5.029 0.0000000000
113775  47.480  55.528  -4.882 0.0000000000
111734  48.151  52.705  -4.229 0.0000000000
114416  46.007  56.446  1.970 0.0000000000
112402  48.184  52.929  -0.597 0.0000000000
109495  46.889  49.190  -2.439 0.0000000000
107396  45.620  46.616  -3.489 0.0000000000
106641  42.737  45.622  -7.565 0.0000000000
123794  38.302  69.196  -6.794 0.0000000000
124349  40.582  71.050  -3.411 0.0000000000
123724  40.329  70.393  -0.677 0.0000000000
122605  42.395  68.588  -1.004 0.0000000000
120696  42.614  65.358  0.020 0.0000000000
118699  43.388  62.073  -1.957 0.0000000000
112485  41.594  53.047  -8.670 0.0000000000
110245  38.692  49.329  -7.603 0.0000000000
108203  39.868  46.029  -11.427 0.0000000000
108195  45.704  46.852  -11.718 0.0000000000
113777  40.664  54.988  -3.974 0.0000000000
113788  39.052  54.190  -5.584 0.0000000000
162766  40.194  55.038  -5.408 0.0000000000
115178  42.261  57.291  -2.422 0.0000000000
115179  41.564  57.180  -2.121 0.0000000000
149450  41.599  55.500  -1.997 0.0000000000
113111  39.478  54.151  -2.546 0.0000000000
104720  43.452  42.564  1.950 0.0000000000
103758  44.461  41.329  2.928 0.0000000000
105594  45.538  43.700  4.949 0.0000000000
105749  36.896  44.786  -9.472 0.0000000000
118636  44.697  61.995  2.532 0.0000000000
117255  45.222  60.559  1.245 0.0000000000
152047  45.131  60.919  2.889 0.0000000000
111685  45.671  52.414  4.023 0.0000000000
111689  46.843  51.944  3.302 0.0000000000
119931  41.832  64.650  4.674 0.0000000000
148828  41.522  66.190  3.742 0.0000000000
119942  43.094  64.376  3.226 0.0000000000
140284  44.056  63.280  1.941 0.0000000000
110963  44.654  51.080  -3.563 0.0000000000
160336  42.992  50.725  -3.450 0.0000000000
110219  43.907  49.278  -4.816 0.0000000000
112459  34.856  52.310  -5.169 0.0000000000
111765  35.247  52.034  -5.724 0.0000000000
111794  37.903  52.121  -7.788 0.0000000000
110998  36.891  50.714  -7.015 0.0000000000
110230  37.215  50.233  -7.587 0.0000000000
108854  36.859  48.119  -7.923 0.0000000000
109549  37.670  49.160  -8.221 0.0000000000
120709  42.253  65.220  -1.381 0.0000000000
120718  42.111  65.460  -2.316 0.0000000000
119363  41.335  64.029  -1.803 0.0000000000
113125  36.782  52.718  -4.014 0.0000000000
113139  34.924  52.411  -4.223 0.0000000000
135432  39.880  63.208  4.427 0.0000000000
133954  41.396  62.006  4.582 0.0000000000
154911  39.971  61.952  3.515 0.0000000000
119311  36.248  63.656  3.159 0.0000000000
150816  35.815  64.766  2.095 0.0000000000
119944  37.420  64.210  3.808 0.0000000000
119933  38.647  64.811  4.394 0.0000000000
106637  46.200  45.828  -7.934 0.0000000000
144653  46.835  44.247  -7.467 0.0000000000
104778  46.770  43.099  -5.918 0.0000000000
100971  45.125  37.847  1.065 0.0000000000
100993  44.750  39.443  -0.983 0.0000000000
100081  45.348  37.853  0.163 0.0000000000
116581  44.779  59.661  -3.464 0.0000000000
115929  44.976  58.401  -4.299 0.0000000000
116596  45.946  59.083  -4.062 0.0000000000
115172  47.055  57.160  -1.582 0.0000000000
115192  47.107  57.335  -3.796 0.0000000000
114461  47.764  55.624  -3.189 0.0000000000
113121  48.073  54.320  -4.345 0.0000000000
144537  48.180  54.476  -3.066 0.0000000000
115836  45.276  58.280  4.465 0.0000000000
115856  45.612  58.231  2.748 0.0000000000
137680  45.976  56.659  2.842 0.0000000000
110898  48.613  51.251  0.906 0.0000000000
112400  48.003  53.261  0.831 0.0000000000
110905  48.923  51.229  -0.481 0.0000000000
110919  48.443  51.452  -2.482 0.0000000000
109488  48.433  49.772  -1.938 0.0000000000
143184  46.028  47.673  -2.175 0.0000000000
108118  47.486  47.889  -1.616 0.0000000000
148168  44.116  44.925  -3.209 0.0000000000
106604  44.228  45.696  -4.130 0.0000000000
123781  37.995  69.990  -5.827 0.0000000000
124368  39.801  70.907  -5.415 0.0000000000
124350  39.703  71.095  -3.475 0.0000000000
122581  36.031  67.923  -0.257 0.0000000000
122606  36.155  68.601  -1.628 0.0000000000
123150  37.244  68.873  0.152 0.0000000000
122553  41.204  68.258  2.069 0.0000000000
123702  39.777  70.040  0.830 0.0000000000
123146  41.178  69.615  0.494 0.0000000000
123157  41.515  69.695  -0.333 0.0000000000
122590  42.245  68.378  -0.330 0.0000000000
122029  42.672  66.849  -0.456 0.0000000000
121426  42.535  66.060  0.579 0.0000000000
118681  44.757  61.796  -0.658 0.0000000000
119360  43.858  62.975  -0.759 0.0000000000
117984  44.544  61.359  -2.071 0.0000000000
117298  44.099  60.226  -3.141 0.0000000000
113798  43.962  55.667  -6.761 0.0000000000
113160  42.056  54.662  -7.936 0.0000000000
113173  43.457  53.530  -8.170 0.0000000000
109535  40.730  49.005  -5.230 0.0000000000
111014  39.624  50.422  -6.601 0.0000000000
109564  40.598  47.610  -8.164 0.0000000000
108865  39.352  47.097  -9.126 0.0000000000
108884  41.654  46.724  -10.733 0.0000000000
104820  46.731  43.935  -9.152 0.0000000000
107454  46.904  46.461  -10.373 0.0000000000
103897  46.193  43.911  -10.111 0.0000000000
113136  37.312  52.946  -4.866 0.0000000000
113166  36.858  52.547  -6.005 0.0000000000
113148  38.129  53.357  -5.826 0.0000000000
113179  38.529  53.313  -7.098 0.0000000000
112488  38.826  53.117  -7.884 0.0000000000
117281  41.898  61.060  -2.799 0.0000000000
113112  38.632  53.741  -2.681 0.0000000000
139422  44.401  41.944  -4.496 0.0000000000
103808  45.600  41.325  -3.224 0.0000000000
102844  43.523  40.360  -1.163 0.0000000000
101905  44.378  38.950  2.486 0.0000000000
117277  45.495  60.439  -1.384 0.0000000000
116564  46.011  59.740  -2.460 0.0000000000
117269  46.043  59.829  -0.929 0.0000000000
115881  46.206  58.329  -0.597 0.0000000000
115156  46.448  57.070  -0.058 0.0000000000
113704  45.962  55.436  4.650 0.0000000000
113722  46.466  55.278  3.066 0.0000000000
112392  47.057  53.404  3.371 0.0000000000
110895  48.025  51.566  2.357 0.0000000000
109473  48.858  49.561  1.119 0.0000000000
146108  47.919  47.239  -0.855 0.0000000000
108102  48.168  47.529  1.280 0.0000000000
106567  46.146  46.171  -0.032 0.0000000000
163145  43.624  44.574  -1.206 0.0000000000
146210  36.738  69.407  -4.893 0.0000000000
161202  38.158  66.948  3.095 0.0000000000
122568  38.364  68.667  1.690 0.0000000000
122540  39.548  67.870  3.053 0.0000000000
121979  41.154  67.185  3.165 0.0000000000
121407  42.103  66.298  2.300 0.0000000000
120683  42.830  65.361  1.026 0.0000000000
119952  43.549  63.892  1.669 0.0000000000
118665  44.243  62.706  0.511 0.0000000000
112470  45.294  53.069  -7.073 0.0000000000
111789  43.651  52.829  -7.620 0.0000000000
133884  43.188  51.869  -4.910 0.0000000000
110228  41.108  49.787  -3.917 0.0000000000
109544  43.457  48.969  -8.425 0.0000000000
101036  41.933  39.150  -6.957 0.0000000000
102032  43.933  41.937  -9.445 0.0000000000
108837  34.781  48.080  -6.348 0.0000000000
110982  35.750  50.988  -6.189 0.0000000000
109529  35.858  49.278  -6.339 0.0000000000
108846  35.301  47.841  -6.893 0.0000000000
108165  36.090  47.144  -8.321 0.0000000000
107456  36.576  46.731  -8.936 0.0000000000
107466  37.736  46.013  -10.395 0.0000000000
120717  42.784  65.908  -2.882 0.0000000000
120733  41.512  65.355  -2.998 0.0000000000
160368  42.460  63.566  4.769 0.0000000000
117919  44.230  61.499  4.284 0.0000000000
117911  43.374  61.480  5.051 0.0000000000
117209  43.770  60.186  5.083 0.0000000000
115831  44.358  58.764  5.250 0.0000000000
115085  44.720  57.515  5.336 0.0000000000
147567  44.852  56.075  5.565 0.0000000000
121469  34.658  65.989  -4.147 0.0000000000
152109  35.108  66.578  -1.037 0.0000000000
122011  35.106  66.705  0.434 0.0000000000
121409  36.862  66.488  2.108 0.0000000000
120646  38.466  65.572  4.037 0.0000000000
119918  40.457  64.777  5.021 0.0000000000
108820  45.356  48.012  -4.791 0.0000000000
108835  45.845  48.450  -6.584 0.0000000000
107432  46.562  47.305  -8.059 0.0000000000
105727  46.946  44.586  -8.239 0.0000000000
144403  46.405  40.940  -6.887 0.0000000000
101957  46.453  41.035  -3.967 0.0000000000
101020  45.211  39.465  -4.394 0.0000000000
101034  44.059  39.722  -6.077 0.0000000000
114476  43.105  56.630  -3.399 0.0000000000
113785  42.038  55.837  -4.616 0.0000000000
114488  44.071  56.806  -4.655 0.0000000000
114500  44.262  56.526  -5.442 0.0000000000
114509  45.403  56.267  -6.202 0.0000000000
115909  46.651  58.073  -3.866 0.0000000000
115208  46.809  57.184  -5.107 0.0000000000
113795  46.405  55.393  -6.324 0.0000000000
112455  46.717  53.607  -6.336 0.0000000000
111749  46.920  52.377  -5.193 0.0000000000
110947  46.459  50.992  -3.896 0.0000000000
116530  45.519  59.149  2.408 0.0000000000
115146  45.940  57.643  1.447 0.0000000000
113732  46.900  55.668  0.149 0.0000000000
113724  46.962  54.779  1.887 0.0000000000
162733  47.409  54.267  0.168 0.0000000000
113085  48.091  54.189  -1.393 0.0000000000
147293  48.292  52.935  -2.767 0.0000000000
110196  47.378  50.881  -3.499 0.0000000000
161808  45.117  49.864  -2.574 0.0000000000
108812  45.122  47.977  -3.158 0.0000000000
107405  45.552  47.012  -4.041 0.0000000000
106624  45.328  46.574  -7.097 0.0000000000
157768  45.899  46.403  -1.933 0.0000000000
106625  44.567  46.411  -6.975 0.0000000000
104794  44.495  44.867  -7.991 0.0000000000
103839  43.245  41.940  -5.013 0.0000000000
123779  40.077  70.494  -6.394 0.0000000000
124358  41.252  71.036  -4.936 0.0000000000
150733  42.087  70.274  -3.503 0.0000000000
123148  38.510  69.486  0.713 0.0000000000
124333  38.815  70.759  -2.425 0.0000000000
146336  40.603  70.851  -2.146 0.0000000000
123732  42.189  69.908  -2.143 0.0000000000
157679  42.795  68.708  -2.334 0.0000000000
146646  42.902  67.551  -1.370 0.0000000000
120708  42.493  65.758  -0.989 0.0000000000
119994  42.394  64.513  -1.002 0.0000000000
119981  43.113  64.271  0.257 0.0000000000
119361  43.117  63.341  -1.031 0.0000000000
118684  42.720  62.849  -1.749 0.0000000000
118002  42.662  61.057  -2.772 0.0000000000
116583  42.963  59.148  -3.132 0.0000000000
113814  41.225  55.277  -6.624 0.0000000000
113176  40.544  54.102  -8.092 0.0000000000
112499  39.963  52.704  -8.782 0.0000000000
111791  40.807  51.425  -6.954 0.0000000000
139662  39.790  51.008  -8.149 0.0000000000
110246  38.507  50.299  -8.659 0.0000000000
109566  38.095  48.105  -8.471 0.0000000000
108888  38.442  46.715  -9.859 0.0000000000
140783  46.419  49.200  -8.931 0.0000000000
109560  45.287  49.038  -10.186 0.0000000000
108881  44.191  47.548  -11.166 0.0000000000
104851  45.058  44.695  -11.825 0.0000000000
108901  42.917  46.659  -11.605 0.0000000000
106475  47.379  45.229  6.958 0.0000000000
105569  48.753  44.397  5.481 0.0000000000
113776  41.468  55.076  -3.200 0.0000000000
160690  40.214  54.988  -4.815 0.0000000000
137334  41.483  55.384  -4.057 0.0000000000
114477  42.541  56.023  -2.752 0.0000000000
113743  42.073  55.840  -2.106 0.0000000000
113762  41.939  55.430  -2.554 0.0000000000
157619  40.823  54.688  -2.991 0.0000000000
104689  44.654  42.945  3.872 0.0000000000
118637  44.301  62.333  3.143 0.0000000000
117946  45.024  61.465  2.337 0.0000000000
117932  44.762  61.590  3.074 0.0000000000
119296  42.953  63.673  4.433 0.0000000000
119929  42.927  64.368  3.981 0.0000000000
119309  43.283  63.702  3.755 0.0000000000
119318  44.058  63.171  2.730 0.0000000000
110212  43.576  50.410  -3.052 0.0000000000
109527  43.743  49.343  -3.776 0.0000000000
112446  35.329  52.456  -4.872 0.0000000000
111766  34.540  51.826  -5.389 0.0000000000
112458  35.621  52.422  -5.480 0.0000000000
110996  37.695  51.284  -8.003 0.0000000000
110997  37.274  50.968  -7.507 0.0000000000
111019  37.543  50.488  -8.066 0.0000000000
110249  37.427  49.812  -7.942 0.0000000000
111018  37.972  50.752  -8.505 0.0000000000
119362  42.254  63.824  -1.344 0.0000000000
120007  41.817  64.682  -1.696 0.0000000000
113137  36.259  52.596  -5.057 0.0000000000
113126  36.071  52.549  -4.236 0.0000000000
113138  35.664  52.496  -4.666 0.0000000000
133955  38.886  62.971  3.732 0.0000000000
154211  39.576  62.772  3.857 0.0000000000
154147  39.043  62.301  3.371 0.0000000000
136061  37.554  62.960  3.685 0.0000000000
119310  36.995  63.589  3.725 0.0000000000
144672  38.219  63.232  3.840 0.0000000000
162433  38.716  63.502  4.054 0.0000000000
105717  46.312  44.796  -7.231 0.0000000000
105707  46.871  43.830  -6.742 0.0000000000
104779  46.501  43.674  -6.364 0.0000000000
136380  45.841  37.885  0.291 0.0000000000
117297  44.979  60.297  -2.989 0.0000000000
116580  45.496  59.524  -3.445 0.0000000000
162526  45.664  59.903  -2.970 0.0000000000
114454  47.258  56.362  -1.961 0.0000000000
114462  47.389  56.329  -2.793 0.0000000000
114453  47.629  55.666  -2.330 0.0000000000
113742  48.076  55.030  -2.748 0.0000000000
115100  45.632  57.544  4.105 0.0000000000
139844  45.950  56.800  3.748 0.0000000000
151943  49.034  50.470  -0.018 0.0000000000
110902  48.888  51.061  0.234 0.0000000000
110164  49.027  50.387  -0.820 0.0000000000
110177  48.854  50.451  -1.601 0.0000000000
109482  48.842  49.668  -1.215 0.0000000000
108801  47.878  48.395  -1.930 0.0000000000
108110  48.381  48.309  -1.063 0.0000000000
105689  42.326  45.336  -3.573 0.0000000000
143608  37.482  70.169  -4.698 0.0000000000
162090  37.686  70.131  -5.235 0.0000000000
123769  38.501  70.506  -4.719 0.0000000000
124360  38.935  70.920  -3.926 0.0000000000
122571  36.287  67.698  0.388 0.0000000000
122580  36.753  68.254  -0.090 0.0000000000
122570  37.107  68.127  0.679 0.0000000000
122552  41.653  67.786  1.827 0.0000000000
122566  41.067  68.914  1.616 0.0000000000
122565  41.631  68.394  1.230 0.0000000000
123145  41.791  68.970  0.294 0.0000000000
122579  42.121  68.035  0.478 0.0000000000
122017  42.480  66.779  0.206 0.0000000000
122007  42.326  66.718  0.937 0.0000000000
117983  45.087  61.059  -1.856 0.0000000000
117976  44.659  61.594  -1.430 0.0000000000
137904  44.873  60.867  -2.424 0.0000000000
113811  44.325  55.041  -7.348 0.0000000000
113812  43.475  55.181  -7.442 0.0000000000
113158  43.865  54.398  -7.845 0.0000000000
109546  40.561  48.354  -6.753 0.0000000000
108864  40.637  46.952  -9.419 0.0000000000
108863  41.791  47.213  -9.765 0.0000000000
102920  46.053  41.834  -8.162 0.0000000000
155795  46.550  44.067  -9.714 0.0000000000
102929  45.820  42.304  -8.791 0.0000000000
113135  37.987  53.322  -5.110 0.0000000000
156933  37.576  52.993  -5.462 0.0000000000
113134  38.571  53.800  -5.140 0.0000000000
113803  39.064  54.067  -6.284 0.0000000000
136746  38.536  53.587  -6.450 0.0000000000
113163  39.178  53.889  -7.081 0.0000000000
113178  39.102  53.542  -7.668 0.0000000000
116585  41.609  60.211  -2.932 0.0000000000
116565  41.418  59.175  -2.758 0.0000000000
157545  41.100  56.753  -1.885 0.0000000000
115180  40.624  57.381  -2.129 0.0000000000
113122  39.203  54.051  -3.564 0.0000000000
113123  38.368  53.537  -3.981 0.0000000000
113124  37.520  52.971  -3.919 0.0000000000
139382  44.221  41.347  -3.388 0.0000000000
103810  44.479  41.078  -2.859 0.0000000000
102831  42.942  40.203  0.020 0.0000000000
103740  45.454  41.572  3.647 0.0000000000
102799  44.358  40.056  2.863 0.0000000000
102787  46.262  40.581  3.447 0.0000000000
102798  46.667  39.933  2.986 0.0000000000
103725  47.251  42.186  3.883 0.0000000000
123791  41.609  70.484  -6.620 0.0000000000
123808  41.297  70.251  -7.605 0.0000000000
117966  45.102  61.212  -0.170 0.0000000000
117270  45.481  60.470  -0.504 0.0000000000
117264  45.355  60.510  0.393 0.0000000000
116554  45.986  59.168  0.524 0.0000000000
116560  46.080  59.137  -0.307 0.0000000000
139446  46.078  58.540  0.126 0.0000000000
162669  46.419  57.606  -0.494 0.0000000000
115157  46.181  57.826  0.112 0.0000000000
113055  45.828  54.825  4.913 0.0000000000
113065  46.244  54.735  4.311 0.0000000000
113064  46.632  53.948  3.995 0.0000000000
110890  47.652  51.060  2.671 0.0000000000
111687  47.500  51.964  2.887 0.0000000000
140909  48.100  50.895  2.311 0.0000000000
110133  48.342  50.355  2.015 0.0000000000
108778  48.498  49.113  1.622 0.0000000000
108101  48.639  48.034  0.750 0.0000000000
108788  48.386  48.317  1.477 0.0000000000
107371  47.217  46.874  1.166 0.0000000000
106552  46.040  46.187  0.790 0.0000000000
105647  44.893  44.843  -0.835 0.0000000000
105633  44.467  44.961  -0.054 0.0000000000
121394  39.202  66.686  3.767 0.0000000000
121982  38.938  67.256  3.241 0.0000000000
121981  39.781  67.156  3.550 0.0000000000
120645  42.272  65.339  3.334 0.0000000000
151541  41.457  66.604  3.358 0.0000000000
121391  41.898  66.127  3.221 0.0000000000
121978  41.690  66.861  2.800 0.0000000000
121406  42.474  65.602  2.191 0.0000000000
120675  42.964  65.248  1.869 0.0000000000
119953  43.189  64.355  2.302 0.0000000000
118664  44.846  62.050  1.043 0.0000000000
118656  44.340  62.627  1.457 0.0000000000
118671  44.824  61.950  0.183 0.0000000000
111775  45.647  52.747  -6.568 0.0000000000
141789  44.242  52.411  -6.111 0.0000000000
133885  44.731  52.222  -5.620 0.0000000000
133880  42.550  50.070  -3.468 0.0000000000
110993  41.932  50.235  -3.644 0.0000000000
110227  42.623  49.270  -4.628 0.0000000000
110243  42.270  48.959  -5.973 0.0000000000
160421  43.670  49.238  -7.356 0.0000000000
108829  34.148  48.463  -5.852 0.0000000000
109530  35.084  48.833  -5.983 0.0000000000
112474  36.556  52.299  -6.196 0.0000000000
111777  36.344  51.886  -6.397 0.0000000000
110231  36.893  49.988  -7.174 0.0000000000
110220  36.427  50.474  -6.612 0.0000000000
109538  36.362  48.916  -6.936 0.0000000000
108836  35.617  48.502  -6.611 0.0000000000
108845  36.026  48.187  -7.240 0.0000000000
108156  35.557  47.394  -7.544 0.0000000000
108855  36.401  47.834  -7.838 0.0000000000
108853  37.378  48.342  -8.037 0.0000000000
108164  36.721  47.422  -8.511 0.0000000000
108172  37.116  46.911  -9.208 0.0000000000
107455  37.135  46.230  -9.691 0.0000000000
108171  37.615  46.935  -9.390 0.0000000000
156309  43.211  67.295  -2.525 0.0000000000
121457  43.052  66.553  -2.476 0.0000000000
120719  41.489  65.113  -2.416 0.0000000000
120720  40.732  65.183  -2.871 0.0000000000
120032  39.919  65.122  -3.351 0.0000000000
154278  42.126  63.148  4.983 0.0000000000
118616  43.129  62.099  5.001 0.0000000000
135155  42.402  62.298  5.014 0.0000000000
135058  42.085  61.535  4.919 0.0000000000
116506  44.371  59.544  5.047 0.0000000000
140740  43.668  58.349  5.377 0.0000000000
114377  44.412  56.806  5.663 0.0000000000
122065  33.982  66.423  -5.182 0.0000000000
121450  34.852  65.820  -1.603 0.0000000000
122031  35.088  66.917  -0.282 0.0000000000
120662  36.237  65.251  2.264 0.0000000000
121410  36.209  66.047  1.856 0.0000000000
120661  36.768  65.740  2.443 0.0000000000
121396  37.707  66.305  3.091 0.0000000000
120647  37.807  65.595  3.517 0.0000000000
119919  39.852  63.922  4.890 0.0000000000
119932  39.495  64.799  4.793 0.0000000000
133961  40.666  63.981  5.069 0.0000000000
119917  41.238  64.334  5.026 0.0000000000
108827  45.800  48.083  -6.340 0.0000000000
143918  46.221  47.534  -7.450 0.0000000000
104793  46.982  43.553  -6.872 0.0000000000
159828  47.151  44.603  -8.160 0.0000000000
147167  47.066  43.366  -7.235 0.0000000000
103873  46.857  42.425  -7.315 0.0000000000
101989  46.866  41.122  -6.491 0.0000000000
102878  45.551  40.896  -2.755 0.0000000000
102877  46.230  41.340  -3.769 0.0000000000
101958  45.690  40.403  -2.788 0.0000000000
145746  43.579  38.456  -1.463 0.0000000000
101007  44.782  39.183  -2.768 0.0000000000
100112  44.022  38.455  -3.338 0.0000000000
101021  44.276  39.161  -5.001 0.0000000000
159387  43.424  38.434  -4.478 0.0000000000
100125  42.546  37.950  -4.818 0.0000000000
100113  42.881  37.712  -3.276 0.0000000000
115193  43.383  57.459  -3.309 0.0000000000
114489  43.394  56.486  -4.187 0.0000000000
115212  43.776  57.094  -3.945 0.0000000000
115210  45.328  57.826  -4.820 0.0000000000
115228  44.791  57.119  -5.128 0.0000000000
115227  45.568  57.218  -5.418 0.0000000000
114499  45.006  56.686  -5.728 0.0000000000
162269  45.506  56.733  -5.812 0.0000000000
115893  46.288  58.883  -2.350 0.0000000000
115910  46.205  58.711  -3.832 0.0000000000
143912  46.458  58.446  -3.078 0.0000000000
148422  47.376  56.159  -4.434 0.0000000000
137982  47.165  56.907  -4.488 0.0000000000
114487  47.174  56.425  -5.123 0.0000000000
114507  46.813  55.908  -6.088 0.0000000000
113794  46.973  55.314  -6.164 0.0000000000
113146  46.546  54.848  -6.402 0.0000000000
113784  47.340  55.065  -5.566 0.0000000000
155772  48.158  53.552  -4.324 0.0000000000
149345  47.559  53.055  -5.343 0.0000000000
111748  47.763  52.530  -4.794 0.0000000000
110961  47.091  51.882  -4.561 0.0000000000
162958  44.440  60.846  4.360 0.0000000000
117223  45.149  60.334  3.435 0.0000000000
116521  45.343  59.560  3.303 0.0000000000
115131  45.771  57.382  2.211 0.0000000000
157464  45.989  57.006  1.511 0.0000000000
147132  46.464  56.392  0.402 0.0000000000
113726  46.551  55.753  0.827 0.0000000000
140696  46.945  54.586  2.727 0.0000000000
155997  46.600  55.191  2.366 0.0000000000
113076  47.140  54.165  2.136 0.0000000000
137322  48.003  53.602  0.068 0.0000000000
145326  48.057  53.671  -0.732 0.0000000000
113082  47.782  54.251  -0.525 0.0000000000
112405  48.170  53.273  -1.354 0.0000000000
112409  48.238  53.586  -2.104 0.0000000000
161078  48.254  52.863  -1.988 0.0000000000
110178  48.476  50.584  -2.249 0.0000000000
110189  48.058  50.709  -3.011 0.0000000000
109494  47.114  50.036  -3.004 0.0000000000
110197  46.147  50.267  -3.065 0.0000000000
109501  45.850  49.518  -2.561 0.0000000000
150474  44.930  49.142  -2.423 0.0000000000
108807  45.755  48.527  -2.232 0.0000000000
108124  45.619  47.071  -3.011 0.0000000000
107406  45.477  46.782  -4.660 0.0000000000
106611  45.500  46.895  -5.932 0.0000000000
106577  46.861  46.704  -1.047 0.0000000000
162305  46.894  46.997  -1.356 0.0000000000
106584  45.900  46.074  -1.691 0.0000000000
106626  42.983  46.182  -6.777 0.0000000000
106613  44.433  46.261  -5.463 0.0000000000
143848  43.800  46.295  -6.584 0.0000000000
164303  44.073  45.581  -8.150 0.0000000000
105719  43.354  45.228  -8.157 0.0000000000
104769  43.835  42.682  -5.837 0.0000000000
123213  37.609  67.500  -7.235 0.0000000000
123212  38.904  68.292  -7.711 0.0000000000
123793  39.269  69.803  -7.131 0.0000000000
162190  40.213  71.132  -4.042 0.0000000000
146475  40.383  71.120  -4.761 0.0000000000
139302  40.981  71.059  -4.154 0.0000000000
124347  41.782  70.617  -4.284 0.0000000000
124348  41.376  70.702  -3.453 0.0000000000
123121  39.070  68.956  1.979 0.0000000000
123135  38.089  69.058  1.061 0.0000000000
123134  38.774  69.253  1.267 0.0000000000
123712  40.087  70.257  0.109 0.0000000000
123713  39.329  70.191  0.148 0.0000000000
142162  39.655  70.374  -0.476 0.0000000000
156724  39.671  70.694  -1.262 0.0000000000
124317  39.979  71.045  -2.018 0.0000000000
123734  40.532  70.645  -1.471 0.0000000000
123156  42.065  69.166  -0.676 0.0000000000
123722  41.901  69.879  -1.216 0.0000000000
123166  42.316  69.118  -1.601 0.0000000000
161800  42.417  69.284  -2.217 0.0000000000
122611  43.050  67.827  -2.081 0.0000000000
122604  42.681  68.285  -1.549 0.0000000000
162377  42.554  66.270  -0.083 0.0000000000
121437  42.595  66.310  -0.695 0.0000000000
120697  42.457  65.076  -0.682 0.0000000000
119967  43.393  64.067  0.920 0.0000000000
159909  43.023  64.745  0.726 0.0000000000
118683  43.592  62.564  -1.358 0.0000000000
163746  42.753  62.137  -2.243 0.0000000000
117985  43.226  61.450  -2.468 0.0000000000
116582  43.876  59.446  -3.376 0.0000000000
117299  43.261  59.968  -3.168 0.0000000000
115913  43.597  58.479  -3.387 0.0000000000
113800  41.575  55.639  -5.737 0.0000000000
145634  42.118  55.591  -6.563 0.0000000000
113175  41.469  54.023  -8.329 0.0000000000
113161  41.055  54.701  -7.505 0.0000000000
143061  40.945  53.543  -8.524 0.0000000000
112486  40.217  53.471  -8.468 0.0000000000
112498  40.803  52.770  -8.732 0.0000000000
111790  42.534  52.037  -6.304 0.0000000000
137600  42.062  51.920  -7.300 0.0000000000
110244  39.142  49.328  -6.725 0.0000000000
143235  39.106  50.134  -7.630 0.0000000000
111015  39.564  51.085  -8.740 0.0000000000
137741  38.839  50.305  -8.375 0.0000000000
110264  38.108  49.306  -8.433 0.0000000000
110263  38.312  49.349  -8.223 0.0000000000
108886  39.589  46.590  -10.188 0.0000000000
149338  39.003  46.721  -9.922 0.0000000000
108185  39.032  46.153  -10.772 0.0000000000
108204  38.712  45.779  -11.040 0.0000000000
139003  39.410  45.728  -11.477 0.0000000000
108155  47.068  47.878  -8.486 0.0000000000
156630  46.697  49.005  -8.352 0.0000000000
109542  47.066  48.769  -9.078 0.0000000000
107465  46.379  46.733  -11.405 0.0000000000
108860  46.241  48.776  -10.545 0.0000000000
161928  45.540  47.980  -11.363 0.0000000000
109575  44.683  48.336  -10.780 0.0000000000
108880  44.987  47.768  -11.383 0.0000000000
102931  43.705  42.276  -10.224 0.0000000000
102951  45.076  43.295  -10.327 0.0000000000
102952  44.164  43.122  -10.949 0.0000000000
113778  39.784  54.559  -4.310 0.0000000000
113787  39.624  54.656  -5.188 0.0000000000
113802  39.720  54.701  -5.999 0.0000000000
115915  42.229  58.805  -2.882 0.0000000000
115894  41.891  58.121  -2.520 0.0000000000
114464  41.502  56.157  -1.821 0.0000000000
113744  40.813  55.299  -1.755 0.0000000000
113086  39.986  54.787  -1.722 0.0000000000
113110  40.331  54.568  -2.307 0.0000000000
113764  40.090  54.377  -3.260 0.0000000000
103772  42.749  41.534  0.836 0.0000000000
102815  42.970  40.606  1.187 0.0000000000
141204  43.795  41.984  2.266 0.0000000000
104705  44.952  42.467  3.690 0.0000000000
104670  46.153  43.178  4.623 0.0000000000
118655  44.827  62.048  1.825 0.0000000000
117954  45.075  61.343  1.550 0.0000000000
117239  45.181  60.703  2.068 0.0000000000
117238  45.394  59.908  1.770 0.0000000000
112388  46.090  53.271  4.390 0.0000000000
111683  46.719  53.168  3.844 0.0000000000
109456  47.518  49.596  2.717 0.0000000000
120630  40.720  65.517  4.677 0.0000000000
121378  40.521  66.145  4.309 0.0000000000
148551  41.723  65.257  4.350 0.0000000000
155318  42.748  64.841  3.486 0.0000000000
119319  43.513  63.715  2.978 0.0000000000
118646  44.345  62.534  2.275 0.0000000000
110971  44.230  51.520  -4.104 0.0000000000
133883  43.426  51.580  -4.246 0.0000000000
133881  43.251  50.909  -3.402 0.0000000000
140603  42.794  50.116  -2.900 0.0000000000
110226  44.910  49.371  -7.089 0.0000000000
112490  37.611  52.385  -7.048 0.0000000000
110980  36.887  51.437  -6.859 0.0000000000
111795  37.376  51.737  -7.329 0.0000000000
109536  37.219  49.549  -7.624 0.0000000000
109551  37.180  48.877  -7.710 0.0000000000
109550  37.427  49.049  -7.887 0.0000000000
109568  37.761  48.381  -8.270 0.0000000000
120017  40.980  64.681  -2.314 0.0000000000
119374  40.319  64.123  -2.255 0.0000000000
113115  36.208  52.637  -2.882 0.0000000000
113127  35.314  52.464  -3.871 0.0000000000
112447  34.478  52.307  -4.487 0.0000000000
111751  34.081  52.079  -4.768 0.0000000000
133959  40.488  63.349  4.845 0.0000000000
135401  41.699  62.642  4.975 0.0000000000
135109  40.273  62.718  4.236 0.0000000000
158066  40.720  62.228  4.117 0.0000000000
119956  35.313  63.456  1.668 0.0000000000
119969  35.331  64.525  1.402 0.0000000000
119955  35.768  64.038  2.306 0.0000000000
119945  36.767  64.331  3.359 0.0000000000
119943  37.897  64.852  3.946 0.0000000000
133956  38.181  64.003  4.118 0.0000000000
154348  38.987  64.050  4.492 0.0000000000
107425  45.913  46.750  -7.563 0.0000000000
106636  46.179  46.093  -7.926 0.0000000000
105716  46.762  44.678  -7.609 0.0000000000
104777  46.929  43.343  -6.389 0.0000000000
103851  46.886  42.669  -5.784 0.0000000000
101945  44.817  39.783  -1.322 0.0000000000
100982  44.665  38.429  -0.030 0.0000000000
100983  44.031  37.992  0.062 0.0000000000
152441  42.805  38.114  -0.040 0.0000000000
115912  44.483  58.929  -3.754 0.0000000000
115911  45.374  59.143  -4.005 0.0000000000
115928  45.717  58.540  -4.477 0.0000000000
115892  46.868  58.000  -2.172 0.0000000000
147203  47.022  57.732  -3.078 0.0000000000
115177  47.158  57.089  -2.452 0.0000000000
114475  47.376  56.387  -3.683 0.0000000000
113761  47.667  55.581  -4.008 0.0000000000
113132  47.780  54.659  -4.934 0.0000000000
113774  47.882  55.021  -4.386 0.0000000000
113109  48.206  54.058  -3.668 0.0000000000
112433  48.256  53.282  -3.601 0.0000000000
116514  44.880  59.689  4.534 0.0000000000
116520  45.500  58.862  3.239 0.0000000000
115844  45.548  58.257  3.652 0.0000000000
115116  45.728  57.473  3.221 0.0000000000
151475  48.097  52.560  1.417 0.0000000000
112397  47.688  53.446  1.449 0.0000000000
111695  48.332  51.961  0.839 0.0000000000
111701  48.447  52.069  -0.511 0.0000000000
111704  48.325  52.368  -1.378 0.0000000000
110908  48.944  51.087  -1.308 0.0000000000
109489  47.880  49.891  -2.555 0.0000000000
108800  47.845  49.056  -2.166 0.0000000000
108119  46.425  47.310  -1.840 0.0000000000
105657  45.880  45.556  -1.351 0.0000000000
105677  45.513  45.287  -2.515 0.0000000000
106614  43.349  46.055  -5.331 0.0000000000
123782  37.093  68.242  -6.582 0.0000000000
123780  39.068  70.260  -6.129 0.0000000000
123768  39.022  70.551  -5.266 0.0000000000
124359  39.520  71.045  -4.493 0.0000000000
122607  35.750  68.005  -1.987 0.0000000000
122592  35.906  67.942  -1.075 0.0000000000
122591  36.439  68.437  -0.829 0.0000000000
122567  40.574  68.659  2.206 0.0000000000
123133  39.484  69.461  1.381 0.0000000000
160984  40.514  69.180  1.722 0.0000000000
123147  40.515  70.002  0.729 0.0000000000
123711  40.835  70.128  -0.051 0.0000000000
123723  41.136  70.224  -0.915 0.0000000000
150941  42.622  67.944  -0.870 0.0000000000
122589  42.470  67.516  -0.185 0.0000000000
118672  44.260  62.427  -0.334 0.0000000000
119343  43.964  63.134  -0.182 0.0000000000
118682  44.233  62.230  -1.076 0.0000000000
118698  44.047  61.857  -1.663 0.0000000000
142488  43.890  61.520  -2.141 0.0000000000
117280  44.165  60.945  -2.615 0.0000000000
113799  43.054  55.713  -6.664 0.0000000000
113813  42.575  55.255  -7.389 0.0000000000
113159  43.007  54.530  -8.034 0.0000000000
113174  42.460  53.561  -8.444 0.0000000000
110229  40.490  49.971  -4.630 0.0000000000
110995  40.237  50.582  -5.124 0.0000000000
160122  39.820  49.487  -5.593 0.0000000000
109547  39.533  48.455  -6.847 0.0000000000
156488  38.983  48.592  -7.276 0.0000000000
109548  38.592  48.215  -7.984 0.0000000000
108852  39.541  47.681  -8.043 0.0000000000
108885  40.617  46.521  -10.593 0.0000000000
144874  46.805  45.694  -9.607 0.0000000000
108169  47.113  46.670  -9.937 0.0000000000
106677  46.710  45.658  -10.054 0.0000000000
106678  46.480  45.674  -10.424 0.0000000000
105761  45.798  45.323  -11.085 0.0000000000
158501  36.866  52.770  -5.122 0.0000000000
113150  36.763  52.623  -5.627 0.0000000000
113149  37.488  52.901  -5.814 0.0000000000
113164  38.032  53.107  -6.357 0.0000000000
113147  38.525  53.732  -5.803 0.0000000000
112472  37.899  52.845  -6.713 0.0000000000
112489  38.231  52.802  -7.434 0.0000000000
111793  38.522  52.441  -8.204 0.0000000000
118700  42.038  62.565  -2.284 0.0000000000
118701  41.160  63.219  -2.181 0.0000000000
117282  40.970  61.044  -2.906 0.0000000000
115895  40.977  58.232  -2.420 0.0000000000
113087  39.429  54.625  -1.732 0.0000000000
113092  38.950  54.268  -1.893 0.0000000000
119328  34.788  63.095  1.047 0.0000000000
119320  35.785  63.239  2.502 0.0000000000
119312  36.155  62.900  3.066 0.0000000000
104768  45.015  42.851  -5.549 0.0000000000
104767  45.995  42.926  -5.306 0.0000000000
103838  45.539  42.209  -4.436 0.0000000000
103809  45.141  41.241  -3.029 0.0000000000
102843  44.218  40.000  -1.182 0.0000000000
102814  43.384  39.442  2.091 0.0000000000
101913  43.450  38.425  1.690 0.0000000000
101925  43.738  37.756  1.042 0.0000000000
100959  45.863  38.976  2.424 0.0000000000
101904  47.087  39.765  2.075 0.0000000000
116561  46.131  59.333  -1.668 0.0000000000
150188  46.180  59.029  -0.990 0.0000000000
117263  45.944  59.872  0.020 0.0000000000
115885  46.601  57.784  -1.177 0.0000000000
137316  46.855  57.082  -0.773 0.0000000000
114446  47.133  56.389  -1.120 0.0000000000
149777  46.015  56.123  4.236 0.0000000000
113717  46.271  55.382  3.874 0.0000000000
113073  46.637  54.684  3.554 0.0000000000
112395  47.206  53.686  2.636 0.0000000000
111688  47.056  52.657  3.380 0.0000000000
111693  47.434  52.861  2.797 0.0000000000
111692  47.934  52.349  2.309 0.0000000000
110140  48.350  51.154  1.763 0.0000000000
110139  48.705  50.397  1.251 0.0000000000
151130  49.037  49.285  0.549 0.0000000000
108792  48.801  48.474  -0.452 0.0000000000
108104  48.624  47.853  -0.002 0.0000000000
108105  48.276  47.328  0.457 0.0000000000
106565  47.101  46.735  -0.402 0.0000000000
107376  47.249  46.747  0.349 0.0000000000
106579  46.241  46.128  -0.636 0.0000000000
105646  45.618  45.153  -0.943 0.0000000000
105678  43.939  44.702  -2.404 0.0000000000
123758  37.219  70.124  -3.846 0.0000000000
121999  37.079  67.237  1.759 0.0000000000
122558  37.269  67.799  1.386 0.0000000000
122557  37.800  67.888  2.014 0.0000000000
122541  38.979  67.891  2.816 0.0000000000
122555  39.411  68.376  2.475 0.0000000000
121392  40.960  66.585  3.777 0.0000000000
122539  40.110  67.770  3.149 0.0000000000
122554  40.045  68.345  2.699 0.0000000000
121995  41.404  67.557  2.484 0.0000000000
121994  41.875  67.148  2.062 0.0000000000
121419  42.141  66.721  1.597 0.0000000000
121418  42.425  65.977  1.477 0.0000000000
119968  43.136  64.604  1.410 0.0000000000
119327  43.996  63.434  1.144 0.0000000000
117975  45.110  61.147  -1.033 0.0000000000
113157  44.940  53.750  -7.443 0.0000000000
113172  44.225  53.572  -7.831 0.0000000000
112471  44.435  52.969  -7.356 0.0000000000
141077  43.522  52.323  -6.340 0.0000000000
110994  41.621  50.934  -4.234 0.0000000000
133882  42.533  51.020  -3.843 0.0000000000
109545  42.061  48.468  -7.389 0.0000000000
109562  43.191  48.427  -9.380 0.0000000000
101045  43.724  40.256  -6.929 0.0000000000
102021  44.836  41.749  -8.696 0.0000000000
102006  43.453  40.758  -7.889 0.0000000000
108838  33.984  47.812  -6.156 0.0000000000
112475  35.944  52.186  -5.978 0.0000000000
111778  35.725  51.683  -6.134 0.0000000000
110981  36.324  51.229  -6.515 0.0000000000
110221  35.921  50.149  -6.153 0.0000000000
107440  35.010  46.711  -7.481 0.0000000000
106667  36.989  45.616  -9.726 0.0000000000
120732  42.324  65.557  -3.365 0.0000000000
118702  40.260  62.940  -2.409 0.0000000000
119295  43.443  63.055  4.275 0.0000000000
118624  44.040  62.365  4.154 0.0000000000
144421  43.444  62.464  4.639 0.0000000000
118625  43.743  61.854  4.761 0.0000000000
117910  43.910  61.025  4.904 0.0000000000
162299  41.901  62.128  4.942 0.0000000000
154172  42.819  61.524  5.101 0.0000000000
116515  44.380  60.279  4.724 0.0000000000
116505  44.935  58.972  4.888 0.0000000000
114375  45.607  56.139  4.984 0.0000000000
113705  45.369  55.356  5.271 0.0000000000
122056  35.194  66.598  -3.266 0.0000000000
121458  34.854  65.754  -2.913 0.0000000000
122047  35.253  66.520  -2.073 0.0000000000
122030  35.533  67.224  -1.317 0.0000000000
122019  35.679  67.256  0.114 0.0000000000
122010  35.883  67.086  0.771 0.0000000000
120677  35.057  65.313  0.896 0.0000000000
121421  35.643  66.409  1.122 0.0000000000
121420  36.364  66.779  1.430 0.0000000000
121998  37.601  66.949  2.496 0.0000000000
121395  38.467  66.369  3.550 0.0000000000
121379  39.007  66.178  4.073 0.0000000000
120632  39.226  65.575  4.401 0.0000000000
120631  40.033  65.560  4.651 0.0000000000
120629  41.230  65.103  4.781 0.0000000000
119930  42.423  64.200  4.501 0.0000000000
108828  45.026  48.393  -4.844 0.0000000000
109519  44.710  48.798  -4.905 0.0000000000
139519  46.482  48.150  -7.209 0.0000000000
108148  46.860  47.155  -8.608 0.0000000000
106635  46.673  45.320  -8.104 0.0000000000
106659  46.769  45.335  -8.473 0.0000000000
106666  46.826  45.622  -9.059 0.0000000000
104819  46.864  44.135  -8.749 0.0000000000
102913  46.588  41.945  -7.671 0.0000000000
144971  45.694  41.025  -7.411 0.0000000000
103836  46.509  42.190  -4.651 0.0000000000
103835  46.687  42.148  -4.902 0.0000000000
101968  46.807  41.036  -4.685 0.0000000000
101006  45.335  39.777  -2.495 0.0000000000
101019  45.963  39.855  -4.010 0.0000000000
101979  46.634  40.421  -4.914 0.0000000000
161816  46.082  40.170  -5.881 0.0000000000
101991  45.766  40.465  -6.524 0.0000000000
101044  44.753  40.256  -6.513 0.0000000000
101035  42.896  39.515  -6.526 0.0000000000
114490  42.749  56.102  -3.760 0.0000000000
156183  42.891  56.163  -4.629 0.0000000000
114501  43.501  56.331  -5.065 0.0000000000
115211  44.546  57.523  -4.454 0.0000000000
114511  43.635  56.112  -5.976 0.0000000000
114510  44.505  56.189  -6.188 0.0000000000
113797  44.846  55.611  -6.747 0.0000000000
116579  46.053  59.319  -3.276 0.0000000000
148691  46.186  58.301  -4.469 0.0000000000
115927  46.727  57.624  -4.499 0.0000000000
115226  46.205  57.254  -5.377 0.0000000000
115247  45.987  56.757  -5.850 0.0000000000
113796  45.703  55.483  -6.561 0.0000000000
113810  45.193  54.778  -7.171 0.0000000000
113156  45.733  54.011  -7.123 0.0000000000
112469  46.129  53.344  -6.882 0.0000000000
112456  46.323  52.923  -6.335 0.0000000000
113133  47.493  54.334  -5.478 0.0000000000
111763  46.983  52.989  -5.924 0.0000000000
159052  46.418  52.541  -5.765 0.0000000000
111750  45.764  51.884  -4.946 0.0000000000
110962  46.091  51.483  -4.402 0.0000000000
110948  45.144  50.848  -3.434 0.0000000000
116531  45.302  60.112  2.635 0.0000000000
115863  45.787  58.309  1.841 0.0000000000
115875  46.012  58.269  0.899 0.0000000000
115145  46.141  57.216  0.779 0.0000000000
114437  46.874  56.392  -0.338 0.0000000000
113735  47.174  55.636  -0.679 0.0000000000
114403  46.141  56.009  3.375 0.0000000000
114415  46.208  55.841  2.527 0.0000000000
143587  46.432  55.575  1.642 0.0000000000
151276  47.215  54.114  1.495 0.0000000000
113078  47.009  54.861  0.844 0.0000000000
113731  47.216  54.887  -0.204 0.0000000000
113734  47.652  54.923  -1.031 0.0000000000
113737  48.016  55.021  -1.898 0.0000000000
113090  48.170  54.410  -2.393 0.0000000000
112423  48.261  53.819  -2.952 0.0000000000
111723  48.254  52.504  -3.484 0.0000000000
111712  48.377  52.235  -2.224 0.0000000000
141406  48.314  52.167  -2.881 0.0000000000
163609  48.163  52.122  -3.866 0.0000000000
110198  45.052  50.319  -2.916 0.0000000000
109502  44.448  49.703  -2.569 0.0000000000
108813  44.445  48.592  -3.030 0.0000000000
143410  45.408  47.537  -4.682 0.0000000000
136585  45.530  47.596  -2.719 0.0000000000
108130  45.473  47.229  -3.809 0.0000000000
107415  45.447  47.148  -5.287 0.0000000000
107416  45.573  47.005  -6.276 0.0000000000
106623  45.690  46.719  -7.236 0.0000000000
105718  45.719  44.915  -7.590 0.0000000000
108111  47.908  47.600  -1.267 0.0000000000
107389  46.561  47.079  -1.685 0.0000000000
142662  45.801  46.582  -2.466 0.0000000000
106594  45.497  45.628  -3.086 0.0000000000
145018  45.646  45.974  -3.321 0.0000000000
138455  45.431  46.489  -4.436 0.0000000000
106612  45.113  46.613  -5.698 0.0000000000
106639  44.830  45.888  -7.858 0.0000000000
104781  44.299  43.635  -6.930 0.0000000000
103825  43.545  41.445  -3.898 0.0000000000
103798  43.460  40.654  -2.231 0.0000000000
124380  40.952  70.694  -6.285 0.0000000000
124367  40.663  71.011  -5.583 0.0000000000
123778  41.548  70.727  -5.736 0.0000000000
123767  42.399  70.260  -4.786 0.0000000000
160072  42.396  70.145  -4.110 0.0000000000
123184  42.661  69.709  -3.574 0.0000000000
123743  38.147  70.521  -3.024 0.0000000000
123136  37.606  68.769  0.702 0.0000000000
123703  39.084  69.863  0.798 0.0000000000
141201  38.091  70.415  -2.161 0.0000000000
124351  38.893  70.909  -3.204 0.0000000000
124331  40.241  71.050  -2.717 0.0000000000
140810  40.990  70.788  -2.725 0.0000000000
123733  41.330  70.389  -1.903 0.0000000000
123742  41.755  70.344  -2.757 0.0000000000
123741  42.301  69.975  -2.915 0.0000000000
123173  42.534  69.422  -2.741 0.0000000000
123172  43.066  68.960  -3.218 0.0000000000
122045  43.072  67.085  -1.830 0.0000000000
151089  42.879  66.933  -1.115 0.0000000000
121449  42.766  66.471  -1.512 0.0000000000
119344  43.333  63.645  -0.304 0.0000000000
119993  42.759  64.451  -0.338 0.0000000000
119345  42.758  63.953  -0.727 0.0000000000
117986  42.323  61.724  -2.564 0.0000000000
117300  42.520  60.335  -3.000 0.0000000000
118001  43.324  60.677  -2.896 0.0000000000
161793  42.739  59.767  -3.109 0.0000000000
115914  42.717  58.007  -2.899 0.0000000000
115194  42.774  56.894  -2.745 0.0000000000
113801  40.630  55.240  -5.929 0.0000000000
113815  40.337  54.857  -6.707 0.0000000000
152430  41.785  55.196  -7.243 0.0000000000
113162  40.046  54.333  -7.349 0.0000000000
113177  39.694  53.897  -7.903 0.0000000000
112500  39.205  52.644  -8.589 0.0000000000
111807  38.901  51.813  -8.775 0.0000000000
112484  42.035  52.393  -8.336 0.0000000000
111804  40.402  51.393  -8.105 0.0000000000
111792  41.204  52.128  -8.697 0.0000000000
111805  40.294  51.886  -8.854 0.0000000000
111016  39.083  51.111  -8.846 0.0000000000
111017  38.531  50.987  -8.744 0.0000000000
110247  38.097  50.157  -8.662 0.0000000000
110265  37.828  49.222  -8.387 0.0000000000
109567  38.078  48.327  -8.491 0.0000000000
108866  38.668  47.179  -9.233 0.0000000000
108867  38.363  47.233  -9.213 0.0000000000
108889  38.028  46.871  -9.625 0.0000000000
108186  37.872  46.197  -10.322 0.0000000000
109526  45.166  48.907  -5.900 0.0000000000
109533  45.790  49.125  -7.469 0.0000000000
109534  45.608  49.365  -8.247 0.0000000000
108851  46.832  48.880  -9.855 0.0000000000
109559  46.179  49.181  -9.819 0.0000000000
141766  44.535  49.203  -8.993 0.0000000000
109561  44.189  48.828  -9.917 0.0000000000
108862  42.899  47.676  -10.183 0.0000000000
102940  45.482  42.805  -9.560 0.0000000000
103904  45.480  43.816  -10.692 0.0000000000
105762  45.370  45.171  -11.631 0.0000000000
104844  44.616  44.050  -11.919 0.0000000000
105768  44.765  44.987  -12.250 0.0000000000
107475  45.046  46.224  -11.906 0.0000000000
108899  44.341  47.033  -11.590 0.0000000000
108882  43.427  47.222  -11.029 0.0000000000
108883  42.606  46.927  -10.913 0.0000000000
108902  42.155  46.544  -11.555 0.0000000000
148844  41.449  46.447  -11.368 0.0000000000
106491  46.331  44.769  6.146 0.0000000000
105571  46.888  44.325  5.672 0.0000000000
106474  48.247  45.010  6.382 0.0000000000
105592  47.423  44.029  5.008 0.0000000000
99197  42.832  37.426  -0.080 0.0000000000
100089  42.857  37.991  0.462 0.0000000000
100101  42.544  37.172  -2.300 0.0000000000
100136  43.171  39.011  -5.508 0.0000000000
100965  45.835  38.445  1.487 0.0000000000
100966  44.485  38.157  1.671 0.0000000000
100994  43.991  38.980  -0.681 0.0000000000
101032  46.154  40.032  -5.181 0.0000000000
101033  45.233  39.978  -5.680 0.0000000000
101900  45.436  39.753  3.085 0.0000000000
101924  44.560  37.700  0.374 0.0000000000
101935  44.482  38.945  -0.376 0.0000000000
101969  46.268  40.464  -3.897 0.0000000000
101978  46.906  41.038  -5.598 0.0000000000
101990  46.536  40.510  -5.930 0.0000000000
102003  46.632  41.344  -7.138 0.0000000000
102004  46.253  41.359  -7.595 0.0000000000
102005  44.773  40.697  -7.210 0.0000000000
102788  45.249  40.598  3.288 0.0000000000
102800  43.702  40.884  2.219 0.0000000000
102830  42.827  38.908  1.089 0.0000000000
102861  44.980  40.797  -2.475 0.0000000000
102862  44.393  40.711  -2.249 0.0000000000
102889  46.683  41.591  -4.465 0.0000000000
102896  46.928  42.526  -6.188 0.0000000000
102897  46.916  41.827  -5.358 0.0000000000
102911  46.919  42.458  -6.771 0.0000000000
102912  46.790  41.806  -6.927 0.0000000000
102921  45.543  41.860  -8.554 0.0000000000
102928  46.418  42.446  -8.401 0.0000000000
102930  44.928  42.278  -9.299 0.0000000000
102941  44.557  42.801  -10.212 0.0000000000
103739  46.847  41.385  3.778 0.0000000000
103741  44.152  42.396  2.881 0.0000000000
103797  43.772  40.616  -2.017 0.0000000000
103811  43.618  41.054  -3.027 0.0000000000
103821  46.539  41.857  -4.299 0.0000000000
103822  46.142  41.699  -3.879 0.0000000000
103823  45.755  41.715  -3.723 0.0000000000
103824  45.013  41.579  -3.608 0.0000000000
103837  46.245  42.257  -4.470 0.0000000000
103850  46.982  43.061  -6.359 0.0000000000
103863  47.072  42.934  -6.778 0.0000000000
103872  47.073  42.908  -7.301 0.0000000000
103881  46.855  43.607  -8.413 0.0000000000
103882  46.905  42.813  -7.962 0.0000000000
103889  46.632  43.175  -8.771 0.0000000000
103890  46.177  42.892  -9.135 0.0000000000
103898  45.841  43.386  -9.836 0.0000000000
103905  44.672  43.533  -11.102 0.0000000000
103910  44.946  43.877  -11.410 0.0000000000
104669  47.111  43.267  4.640 0.0000000000
104671  45.310  43.135  4.446 0.0000000000
104687  47.615  42.893  4.057 0.0000000000
104688  46.228  42.183  3.996 0.0000000000
104765  46.628  42.593  -5.251 0.0000000000
104766  46.570  42.758  -5.235 0.0000000000
104795  43.597  44.357  -7.772 0.0000000000
104805  46.968  43.988  -7.626 0.0000000000
104811  46.947  44.063  -8.224 0.0000000000
104828  46.818  44.506  -9.227 0.0000000000
104829  46.674  44.471  -9.681 0.0000000000
104835  46.425  44.429  -10.150 0.0000000000
104836  45.899  44.389  -10.644 0.0000000000
104843  45.324  44.317  -11.317 0.0000000000
104852  44.375  44.528  -12.471 0.0000000000
105570  47.793  44.491  5.676 0.0000000000
105572  46.027  44.181  5.602 0.0000000000
105593  46.541  43.804  5.056 0.0000000000
105632  45.325  45.203  -0.280 0.0000000000
105645  45.904  45.668  -0.627 0.0000000000
105658  45.224  44.949  -1.625 0.0000000000
105659  44.277  44.672  -1.577 0.0000000000
105660  43.253  44.628  -1.822 0.0000000000
105676  45.742  45.593  -1.946 0.0000000000
105687  44.987  45.304  -3.230 0.0000000000
105706  46.874  43.859  -6.875 0.0000000000
105720  42.262  45.017  -7.828 0.0000000000
105735  46.904  44.552  -8.722 0.0000000000
105740  46.852  45.061  -9.270 0.0000000000
105746  46.766  44.902  -9.733 0.0000000000
105747  46.577  44.863  -10.155 0.0000000000
105753  46.631  45.261  -10.155 0.0000000000
105754  46.247  45.218  -10.606 0.0000000000
105755  45.706  44.876  -11.095 0.0000000000
106466  47.449  45.256  7.777 0.0000000000
106476  46.467  45.138  6.732 0.0000000000
106490  47.207  44.975  6.216 0.0000000000
106551  46.648  46.548  0.560 0.0000000000
106566  46.647  46.479  -0.212 0.0000000000
106568  45.609  45.794  0.167 0.0000000000
106569  44.923  45.494  0.439 0.0000000000
106578  46.549  46.392  -0.828 0.0000000000
106583  46.329  46.355  -1.246 0.0000000000
106592  45.730  46.163  -2.573 0.0000000000
106593  45.732  45.832  -2.447 0.0000000000
106602  45.589  46.312  -3.463 0.0000000000
106603  45.005  45.969  -4.045 0.0000000000
106615  42.421  46.095  -5.887 0.0000000000
106638  45.808  45.916  -7.790 0.0000000000
106640  43.745  46.031  -7.706 0.0000000000
106651  46.419  46.663  -8.190 0.0000000000
106684  46.099  45.712  -10.844 0.0000000000
106685  45.660  45.672  -11.366 0.0000000000
107370  47.850  46.940  0.938 0.0000000000
107374  48.145  47.250  -0.299 0.0000000000
107375  47.767  46.879  0.056 0.0000000000
107379  47.549  46.921  -0.652 0.0000000000
107381  47.285  47.072  -1.192 0.0000000000
107388  47.159  47.340  -1.444 0.0000000000
107424  45.856  47.195  -7.172 0.0000000000
107431  46.580  46.290  -8.522 0.0000000000
107438  47.042  46.360  -9.237 0.0000000000
107445  46.969  46.429  -9.444 0.0000000000
107453  46.825  46.161  -9.951 0.0000000000
107463  46.666  46.014  -10.293 0.0000000000
107464  46.525  46.196  -10.778 0.0000000000
107473  46.057  46.138  -11.164 0.0000000000
107474  45.632  46.232  -11.562 0.0000000000
107486  45.046  45.576  -11.974 0.0000000000
107487  44.478  45.659  -12.357 0.0000000000
108108  48.353  47.745  -0.672 0.0000000000
108143  46.522  47.986  -7.245 0.0000000000
108149  46.832  47.887  -7.840 0.0000000000
108163  47.272  47.230  -9.569 0.0000000000
108170  47.142  47.200  -10.366 0.0000000000
108182  46.732  47.382  -11.177 0.0000000000
108183  46.168  47.327  -11.584 0.0000000000
108184  45.540  47.461  -11.636 0.0000000000
108187  37.514  46.446  -9.825 0.0000000000
108196  45.068  46.756  -11.818 0.0000000000
108197  44.439  46.556  -11.885 0.0000000000
108201  41.511  46.229  -11.909 0.0000000000
108779  48.086  48.645  2.154 0.0000000000
108787  48.855  48.804  0.979 0.0000000000
108790  48.998  48.619  0.269 0.0000000000
108794  48.301  48.935  -1.521 0.0000000000
108795  48.022  48.210  -1.565 0.0000000000
108802  46.879  48.253  -1.969 0.0000000000
108834  46.752  48.367  -7.684 0.0000000000
108842  47.251  47.963  -9.061 0.0000000000
108843  47.018  48.568  -8.393 0.0000000000
108844  36.703  48.574  -7.510 0.0000000000
108850  47.193  48.078  -9.753 0.0000000000
108859  46.836  48.159  -10.578 0.0000000000
108861  45.490  48.430  -11.013 0.0000000000
108868  38.038  47.514  -8.951 0.0000000000
108870  37.307  47.599  -8.606 0.0000000000
108879  46.114  48.025  -11.256 0.0000000000
108887  38.872  46.583  -10.128 0.0000000000
108898  44.924  47.154  -11.697 0.0000000000
108900  43.636  46.814  -11.546 0.0000000000
108903  40.940  46.277  -11.449 0.0000000000
108904  40.210  46.299  -11.120 0.0000000000
108905  39.460  46.348  -10.661 0.0000000000
109466  48.532  49.797  1.669 0.0000000000
109525  46.368  48.794  -7.554 0.0000000000
109528  36.467  49.683  -6.747 0.0000000000
109543  45.541  49.302  -9.098 0.0000000000
109565  38.233  48.093  -8.438 0.0000000000
109576  43.865  48.024  -10.487 0.0000000000
110124  47.863  50.309  2.509 0.0000000000
110125  47.322  50.386  2.894 0.0000000000
110148  49.027  49.976  0.555 0.0000000000
110206  44.245  50.313  -2.948 0.0000000000
110248  37.724  49.966  -8.397 0.0000000000
110885  46.138  51.843  3.419 0.0000000000
110899  48.289  51.751  1.361 0.0000000000
110918  48.824  51.059  -1.897 0.0000000000
110935  48.155  51.663  -3.394 0.0000000000
110946  47.734  51.773  -4.172 0.0000000000
110972  35.074  51.440  -5.862 0.0000000000
110979  42.618  51.716  -4.884 0.0000000000
111684  46.456  52.555  3.776 0.0000000000
111698  48.576  51.694  0.214 0.0000000000
111699  48.193  52.568  0.317 0.0000000000
111776  36.977  52.061  -6.679 0.0000000000
111806  39.604  51.872  -8.932 0.0000000000
112444  47.978  53.823  -5.074 0.0000000000
112445  47.301  53.685  -5.745 0.0000000000
112457  36.298  52.473  -5.777 0.0000000000
112468  46.370  54.200  -6.631 0.0000000000
112483  42.887  52.622  -8.007 0.0000000000
112487  39.465  53.323  -8.271 0.0000000000
113072  46.979  54.090  3.292 0.0000000000
113075  47.360  53.691  1.965 0.0000000000
113080  47.521  53.906  0.793 0.0000000000
113091  39.658  54.386  -1.980 0.0000000000
113145  47.057  54.465  -6.157 0.0000000000
113165  37.427  52.751  -6.128 0.0000000000
113760  48.076  54.882  -3.614 0.0000000000
113763  41.210  55.038  -2.417 0.0000000000
113786  40.956  55.375  -4.971 0.0000000000
113809  46.028  54.810  -6.752 0.0000000000
114376  45.170  56.841  5.220 0.0000000000
114427  46.193  56.375  1.172 0.0000000000
114463  42.206  56.476  -2.216 0.0000000000
114465  40.480  56.382  -1.737 0.0000000000
114497  47.148  55.872  -5.676 0.0000000000
114498  46.681  56.548  -5.685 0.0000000000
114508  46.234  56.100  -6.172 0.0000000000
115209  46.361  57.698  -4.926 0.0000000000
115845  45.328  59.093  4.077 0.0000000000
116507  43.718  59.326  5.222 0.0000000000
117215  44.895  60.370  4.174 0.0000000000
117254  45.607  59.848  0.892 0.0000000000
117276  46.002  59.996  -1.750 0.0000000000
117918  44.802  61.075  3.725 0.0000000000
117933  44.418  61.770  3.694 0.0000000000
118638  36.752  62.880  3.466 0.0000000000
119284  42.873  62.915  4.824 0.0000000000
119285  41.907  63.907  4.934 0.0000000000
119297  37.668  63.572  3.881 0.0000000000
119954  36.228  64.520  2.737 0.0000000000
120628  42.332  64.951  4.078 0.0000000000
120648  37.284  64.930  3.419 0.0000000000
120659  42.270  65.649  2.727 0.0000000000
120660  37.219  65.624  3.022 0.0000000000
121376  41.885  65.668  3.889 0.0000000000
121377  41.267  65.827  4.273 0.0000000000
121393  40.311  66.739  3.905 0.0000000000
121408  37.229  66.195  2.632 0.0000000000
121980  40.495  67.237  3.406 0.0000000000
121996  40.711  67.911  2.790 0.0000000000
121997  38.370  67.534  2.674 0.0000000000
122018  42.290  67.308  0.531 0.0000000000
122556  38.673  68.198  2.263 0.0000000000
122569  37.713  68.380  1.271 0.0000000000
123131  41.347  69.117  0.989 0.0000000000
123132  40.175  69.581  1.348 0.0000000000
123149  37.939  69.335  0.295 0.0000000000
123790  42.371  70.280  -6.420 0.0000000000
124318  39.410  70.983  -1.956 0.0000000000
124332  39.534  71.047  -2.621 0.0000000000
124357  41.882  70.684  -5.068 0.0000000000
133886  45.077  52.628  -6.545 0.0000000000
135638  39.301  63.377  4.222 0.0000000000
136186  43.235  60.858  5.137 0.0000000000
136738  40.970  62.734  4.735 0.0000000000
136831  44.183  42.826  3.150 0.0000000000
137638  43.208  44.830  -2.906 0.0000000000
138251  46.365  46.563  -1.465 0.0000000000
138718  40.840  69.471  1.187 0.0000000000
139461  46.897  46.744  -10.929 0.0000000000
140591  38.399  46.309  -10.400 0.0000000000
142237  48.747  51.652  -1.106 0.0000000000
143060  45.662  42.721  4.155 0.0000000000
143403  44.698  41.305  -7.989 0.0000000000
144270  43.859  49.410  -5.752 0.0000000000
144997  47.040  43.448  -7.773 0.0000000000
145184  40.791  50.491  -4.491 0.0000000000
145854  46.396  43.552  -9.450 0.0000000000
146364  35.647  52.519  -3.155 0.0000000000
146418  48.145  44.177  5.012 0.0000000000
146710  42.673  40.860  0.174 0.0000000000
147757  43.145  39.074  -0.039 0.0000000000
148780  46.767  45.292  -9.795 0.0000000000
149159  48.677  51.592  -1.745 0.0000000000
149739  44.809  40.124  -1.707 0.0000000000
149918  46.214  44.791  -10.527 0.0000000000
150760  48.079  53.130  -4.839 0.0000000000
151224  46.896  45.006  -8.719 0.0000000000
151456  35.672  67.420  -0.540 0.0000000000
152045  43.988  40.962  -2.715 0.0000000000
152456  43.139  40.497  -1.396 0.0000000000
155552  43.960  44.668  -0.690 0.0000000000
157039  47.236  56.962  -3.142 0.0000000000
157457  43.654  63.682  2.326 0.0000000000
160327  43.287  41.873  1.546 0.0000000000
160859  44.770  44.844  -2.479 0.0000000000
161362  48.720  48.982  -0.896 0.0000000000
161976  48.925  50.639  0.594 0.0000000000
162921  48.180  51.884  1.886 0.0000000000
163772  42.749  67.343  -0.809 0.0000000000
164199  45.779  46.125  -2.042 0.0000000000
