#!ascii label  , from subject sub-v1s2x0051475_ses-1 vox2ras=TkReg
973
96922  40.593  17.352  52.752 0.0000000000
95546  48.748  15.375  45.726 0.0000000000
144823  53.019  22.407  43.644 0.0000000000
93229  49.328  12.261  36.626 0.0000000000
92292  42.742  11.430  49.519 0.0000000000
99765  55.766  20.630  52.962 0.0000000000
95598  51.381  15.562  38.912 0.0000000000
97723  41.938  18.487  41.369 0.0000000000
99077  50.458  20.247  50.661 0.0000000000
96255  45.784  16.407  49.346 0.0000000000
91473  47.814  10.149  46.905 0.0000000000
99807  47.794  21.458  45.880 0.0000000000
99170  46.188  20.805  38.950 0.0000000000
97704  53.165  19.322  44.715 0.0000000000
98453  51.255  19.779  36.437 0.0000000000
97700  43.349  17.941  45.105 0.0000000000
98321  45.178  19.044  52.068 0.0000000000
96936  42.974  17.375  50.693 0.0000000000
91466  45.175  10.941  48.645 0.0000000000
127345  52.688  22.484  48.398 0.0000000000
127347  49.148  22.465  48.288 0.0000000000
145100  49.993  21.776  45.021 0.0000000000
147773  47.776  20.567  41.985 0.0000000000
99843  50.248  21.709  41.487 0.0000000000
96946  49.377  17.506  47.980 0.0000000000
97653  52.538  19.079  47.523 0.0000000000
139816  50.767  17.544  45.342 0.0000000000
94848  52.909  14.481  37.595 0.0000000000
97056  51.197  17.828  38.142 0.0000000000
95615  50.878  15.848  36.425 0.0000000000
96348  49.504  17.069  36.923 0.0000000000
150784  48.632  13.138  37.413 0.0000000000
142721  46.985  9.374  40.778 0.0000000000
94759  38.619  15.109  51.278 0.0000000000
94763  41.225  14.812  50.015 0.0000000000
100501  55.442  21.574  48.357 0.0000000000
93171  49.251  12.590  43.225 0.0000000000
95565  49.165  15.206  42.014 0.0000000000
93197  51.616  12.983  41.324 0.0000000000
149517  54.637  13.305  39.069 0.0000000000
99032  50.739  19.999  54.989 0.0000000000
98306  47.964  19.813  53.131 0.0000000000
97637  47.385  18.770  49.978 0.0000000000
96269  47.882  16.023  47.752 0.0000000000
136365  44.111  13.999  49.383 0.0000000000
93959  46.141  13.606  48.340 0.0000000000
93973  47.808  13.296  45.973 0.0000000000
91503  49.462  10.370  45.200 0.0000000000
94755  36.551  14.496  52.483 0.0000000000
100506  46.482  22.608  48.328 0.0000000000
99115  45.674  20.731  46.450 0.0000000000
98404  45.691  19.036  43.170 0.0000000000
98421  44.477  19.549  40.424 0.0000000000
151746  44.278  17.215  40.317 0.0000000000
99065  53.689  20.286  51.581 0.0000000000
98344  55.645  19.699  48.053 0.0000000000
99138  55.237  21.002  43.294 0.0000000000
97730  49.881  18.322  41.596 0.0000000000
99151  52.607  20.905  40.263 0.0000000000
100591  53.610  23.086  39.519 0.0000000000
99880  49.025  21.783  37.047 0.0000000000
97746  47.012  18.577  38.870 0.0000000000
97701  42.485  17.881  45.498 0.0000000000
98379  43.446  19.428  46.571 0.0000000000
97635  43.001  18.310  51.881 0.0000000000
96928  41.681  17.570  51.552 0.0000000000
100556  52.926  22.417  46.449 0.0000000000
127304  51.007  22.243  46.100 0.0000000000
100565  51.863  22.220  44.182 0.0000000000
142792  50.683  21.693  43.226 0.0000000000
99832  51.477  22.082  42.688 0.0000000000
96278  49.492  16.588  46.619 0.0000000000
96966  50.635  17.567  46.578 0.0000000000
96295  49.697  16.571  45.114 0.0000000000
93227  50.631  13.079  36.811 0.0000000000
95614  51.478  15.548  36.690 0.0000000000
94055  49.822  13.818  36.484 0.0000000000
94857  49.346  14.014  36.714 0.0000000000
93230  48.931  12.213  36.744 0.0000000000
91565  48.238  10.839  37.708 0.0000000000
147576  48.560  10.691  36.964 0.0000000000
142267  39.420  13.756  50.370 0.0000000000
100494  54.258  22.536  50.386 0.0000000000
100483  55.626  21.697  50.488 0.0000000000
92353  50.635  11.548  43.113 0.0000000000
131076  50.148  12.885  42.170 0.0000000000
92362  52.372  11.890  42.555 0.0000000000
93204  55.338  13.184  40.103 0.0000000000
92385  53.928  11.734  39.228 0.0000000000
146256  53.757  12.366  38.620 0.0000000000
97640  45.079  18.244  50.753 0.0000000000
97631  46.242  19.058  51.033 0.0000000000
96941  46.793  17.245  49.373 0.0000000000
96948  47.932  16.941  48.607 0.0000000000
96262  46.903  16.108  48.675 0.0000000000
93956  41.646  13.458  49.640 0.0000000000
94771  42.669  14.452  49.609 0.0000000000
93954  43.759  13.390  49.354 0.0000000000
91475  46.636  10.932  47.662 0.0000000000
146876  45.748  12.718  48.403 0.0000000000
149783  46.690  12.322  47.487 0.0000000000
93963  47.280  13.815  47.213 0.0000000000
92307  47.447  12.039  46.204 0.0000000000
92315  48.233  11.567  45.240 0.0000000000
91485  49.085  9.980  45.863 0.0000000000
90623  52.030  9.285  47.996 0.0000000000
100516  48.529  22.159  46.771 0.0000000000
128098  48.171  22.500  48.374 0.0000000000
100544  47.310  21.839  46.616 0.0000000000
136553  45.990  21.927  47.206 0.0000000000
99114  46.519  20.827  46.077 0.0000000000
98388  46.088  19.819  44.988 0.0000000000
98396  46.620  19.864  44.414 0.0000000000
99162  47.104  20.994  40.095 0.0000000000
98420  46.099  19.928  41.327 0.0000000000
98426  45.068  19.980  39.862 0.0000000000
97050  43.445  18.450  39.581 0.0000000000
97748  44.772  18.873  39.163 0.0000000000
130439  50.354  20.398  52.461 0.0000000000
127363  51.930  20.350  53.795 0.0000000000
99076  52.072  20.416  50.954 0.0000000000
97682  52.818  18.855  46.223 0.0000000000
98346  54.375  19.403  47.776 0.0000000000
98386  54.526  19.484  45.761 0.0000000000
98373  55.600  19.868  46.298 0.0000000000
98394  54.731  20.110  44.328 0.0000000000
94830  50.335  14.882  40.377 0.0000000000
97028  49.459  17.375  41.623 0.0000000000
96322  49.765  16.891  40.360 0.0000000000
129307  51.451  19.050  37.363 0.0000000000
98432  51.486  20.067  38.803 0.0000000000
99169  51.993  20.902  38.248 0.0000000000
99850  53.559  22.383  39.254 0.0000000000
99869  52.720  22.786  37.998 0.0000000000
100607  50.927  23.205  37.234 0.0000000000
99886  50.479  21.769  36.306 0.0000000000
148019  48.243  15.634  38.607 0.0000000000
139172  48.309  17.349  38.311 0.0000000000
129433  47.680  15.901  39.338 0.0000000000
95591  46.390  15.703  40.648 0.0000000000
99028  54.886  20.522  54.459 0.0000000000
96996  42.155  17.541  44.069 0.0000000000
97008  43.273  17.997  43.237 0.0000000000
97616  45.150  18.911  53.559 0.0000000000
97617  44.267  18.710  53.266 0.0000000000
97634  43.864  18.447  51.676 0.0000000000
96247  44.365  16.932  49.921 0.0000000000
92290  44.211  11.740  49.046 0.0000000000
145049  50.757  22.455  48.269 0.0000000000
127299  50.060  22.355  46.945 0.0000000000
127022  49.192  21.553  45.098 0.0000000000
134353  48.048  20.736  44.224 0.0000000000
126781  49.313  21.225  43.835 0.0000000000
99844  48.878  21.305  41.159 0.0000000000
99853  48.815  21.696  39.926 0.0000000000
98335  49.923  19.346  49.368 0.0000000000
98334  51.329  19.827  49.484 0.0000000000
97669  50.945  18.184  47.414 0.0000000000
96965  51.366  18.038  46.231 0.0000000000
97705  51.654  18.508  44.662 0.0000000000
95596  52.762  14.882  38.157 0.0000000000
96333  50.906  16.494  38.766 0.0000000000
96338  52.039  15.500  37.417 0.0000000000
97066  51.337  17.243  36.682 0.0000000000
97067  51.126  17.901  36.272 0.0000000000
97770  50.535  19.316  36.021 0.0000000000
96347  50.237  16.827  36.310 0.0000000000
95611  49.093  15.388  37.215 0.0000000000
94036  47.819  13.262  39.071 0.0000000000
142294  47.440  9.309  39.893 0.0000000000
96243  39.676  16.367  51.583 0.0000000000
96242  40.444  16.694  51.334 0.0000000000
95513  39.881  15.162  50.579 0.0000000000
93948  40.180  13.695  50.110 0.0000000000
92293  41.685  11.677  49.653 0.0000000000
127354  52.697  22.535  50.059 0.0000000000
127346  53.492  22.441  48.282 0.0000000000
100555  54.056  22.302  46.133 0.0000000000
93982  48.366  13.820  44.609 0.0000000000
95560  48.767  15.467  43.634 0.0000000000
94009  48.997  13.731  42.758 0.0000000000
94020  50.070  13.850  41.406 0.0000000000
94029  51.259  14.221  40.089 0.0000000000
93195  53.962  13.103  41.126 0.0000000000
94017  54.143  13.564  40.217 0.0000000000
94828  53.146  14.168  39.293 0.0000000000
94842  53.700  14.047  38.000 0.0000000000
92397  52.283  12.349  37.819 0.0000000000
92399  50.309  11.342  36.996 0.0000000000
91585  49.141  10.094  36.654 0.0000000000
98296  49.240  19.828  54.339 0.0000000000
99068  49.504  20.311  51.904 0.0000000000
98308  46.506  19.496  52.628 0.0000000000
98318  47.684  19.769  51.427 0.0000000000
143609  48.483  19.483  50.215 0.0000000000
97657  49.023  17.900  48.597 0.0000000000
96957  48.961  16.917  47.676 0.0000000000
95536  48.499  15.436  46.558 0.0000000000
96250  41.759  16.481  50.538 0.0000000000
96258  43.207  16.042  49.883 0.0000000000
95517  44.735  15.483  49.413 0.0000000000
142811  45.125  12.870  48.821 0.0000000000
93960  45.432  13.521  48.771 0.0000000000
95524  46.006  15.189  48.854 0.0000000000
95529  46.902  15.054  48.087 0.0000000000
94781  47.673  14.599  47.100 0.0000000000
140448  48.312  14.147  45.475 0.0000000000
93156  48.311  12.829  44.572 0.0000000000
92336  49.297  11.440  44.136 0.0000000000
91518  51.014  10.633  44.292 0.0000000000
90635  50.679  9.488  46.416 0.0000000000
91484  52.102  10.037  45.888 0.0000000000
96238  38.665  16.279  52.626 0.0000000000
95507  37.765  14.893  51.674 0.0000000000
93943  35.793  13.314  52.403 0.0000000000
100490  46.901  22.635  50.239 0.0000000000
100507  45.645  22.685  48.198 0.0000000000
98390  44.833  19.187  45.502 0.0000000000
97707  44.462  18.287  43.941 0.0000000000
97716  44.001  18.293  43.009 0.0000000000
98411  46.800  19.891  42.447 0.0000000000
97720  45.134  18.950  42.163 0.0000000000
134041  43.106  18.935  40.644 0.0000000000
99049  55.508  19.848  52.298 0.0000000000
99083  53.188  20.074  49.696 0.0000000000
99074  54.728  19.795  50.532 0.0000000000
98323  56.023  19.650  50.366 0.0000000000
99781  55.866  20.683  48.470 0.0000000000
100553  55.427  21.461  45.731 0.0000000000
100569  54.787  22.392  43.625 0.0000000000
96301  49.169  16.474  43.432 0.0000000000
97006  50.151  17.903  43.233 0.0000000000
97719  51.147  18.952  43.032 0.0000000000
97738  50.441  18.419  39.763 0.0000000000
98419  50.981  19.580  40.968 0.0000000000
138394  52.542  20.274  42.133 0.0000000000
99150  54.226  21.356  41.496 0.0000000000
100583  54.695  22.326  41.429 0.0000000000
137866  53.920  22.703  41.357 0.0000000000
100586  52.000  22.678  40.453 0.0000000000
99861  49.389  22.378  38.921 0.0000000000
99872  47.655  21.594  37.925 0.0000000000
97763  49.239  19.247  36.972 0.0000000000
97764  48.236  19.774  37.628 0.0000000000
97756  46.365  19.509  38.655 0.0000000000
97036  45.827  17.505  39.874 0.0000000000
141638  46.222  10.338  41.759 0.0000000000
96921  41.395  17.673  52.468 0.0000000000
146777  52.657  22.378  44.727 0.0000000000
144820  52.446  22.404  45.620 0.0000000000
99825  51.177  21.918  43.653 0.0000000000
100571  52.218  22.319  43.132 0.0000000000
96287  49.103  15.988  46.238 0.0000000000
96286  49.666  16.516  45.942 0.0000000000
95545  49.231  15.951  45.412 0.0000000000
93228  49.979  12.204  36.661 0.0000000000
94054  50.536  13.909  36.569 0.0000000000
135102  49.834  13.053  36.548 0.0000000000
142658  49.254  13.146  36.668 0.0000000000
92407  48.774  11.524  36.822 0.0000000000
152411  49.003  11.657  36.643 0.0000000000
99761  55.550  21.089  53.605 0.0000000000
100455  55.581  21.504  52.836 0.0000000000
100469  55.587  21.789  51.367 0.0000000000
99777  56.052  20.787  51.071 0.0000000000
92334  51.911  11.023  43.853 0.0000000000
92352  51.667  11.428  43.136 0.0000000000
92351  52.801  11.448  43.406 0.0000000000
91555  54.650  11.561  40.026 0.0000000000
91556  53.610  10.795  39.870 0.0000000000
91557  53.037  10.840  39.299 0.0000000000
97734  41.567  18.408  40.763 0.0000000000
96933  45.531  17.708  50.100 0.0000000000
96932  46.316  17.833  49.896 0.0000000000
96942  46.019  17.145  49.568 0.0000000000
96254  46.515  16.558  49.142 0.0000000000
140479  42.203  13.015  49.522 0.0000000000
93955  42.428  13.673  49.555 0.0000000000
141056  43.225  12.191  49.315 0.0000000000
90628  47.232  10.180  47.571 0.0000000000
92303  46.772  11.656  47.405 0.0000000000
91474  47.173  11.007  47.137 0.0000000000
92302  47.079  12.045  46.944 0.0000000000
91487  47.530  11.150  46.480 0.0000000000
91486  48.255  10.468  46.175 0.0000000000
90637  48.734  9.697  46.580 0.0000000000
127007  47.982  21.916  46.442 0.0000000000
99808  46.983  21.383  46.317 0.0000000000
99814  47.211  20.982  45.744 0.0000000000
99123  46.803  20.426  45.193 0.0000000000
99122  47.752  20.893  45.013 0.0000000000
99163  46.252  20.746  39.663 0.0000000000
99155  45.731  20.305  40.212 0.0000000000
99164  45.555  20.393  39.379 0.0000000000
98433  45.015  19.936  39.236 0.0000000000
99171  45.620  20.322  38.922 0.0000000000
134578  50.391  20.403  51.575 0.0000000000
99067  51.185  20.474  52.180 0.0000000000
128685  51.226  20.432  51.276 0.0000000000
97696  53.015  18.990  45.567 0.0000000000
98387  53.663  19.219  45.959 0.0000000000
98395  53.896  19.414  45.258 0.0000000000
98385  54.724  19.690  44.998 0.0000000000
129346  54.138  19.786  44.465 0.0000000000
136681  50.598  15.424  39.681 0.0000000000
147699  49.866  15.810  40.342 0.0000000000
95589  50.415  16.160  39.541 0.0000000000
98445  51.437  19.135  36.800 0.0000000000
130981  51.551  20.154  37.263 0.0000000000
99177  51.899  21.322  37.568 0.0000000000
99176  52.554  21.994  38.066 0.0000000000
99181  51.509  21.079  36.894 0.0000000000
149434  51.619  22.635  36.843 0.0000000000
99189  51.101  20.898  36.325 0.0000000000
148493  47.965  15.003  39.045 0.0000000000
94831  47.331  14.235  40.176 0.0000000000
95599  47.311  15.178  40.000 0.0000000000
96981  42.597  17.629  44.762 0.0000000000
96995  42.953  17.664  44.110 0.0000000000
97009  42.381  17.787  43.199 0.0000000000
132966  43.878  18.519  54.115 0.0000000000
97618  43.356  18.464  53.473 0.0000000000
96926  43.382  17.972  51.140 0.0000000000
97641  44.241  18.094  50.950 0.0000000000
96935  43.848  17.477  50.518 0.0000000000
127353  51.627  22.509  49.589 0.0000000000
145621  50.929  22.482  48.912 0.0000000000
127349  51.646  22.465  48.518 0.0000000000
100557  50.656  22.043  45.402 0.0000000000
100542  50.680  22.338  46.705 0.0000000000
126790  50.135  22.108  46.032 0.0000000000
100558  49.454  21.828  45.690 0.0000000000
99820  48.970  21.262  44.478 0.0000000000
99819  49.613  21.485  44.318 0.0000000000
99834  49.782  21.383  42.371 0.0000000000
143066  49.502  21.394  41.619 0.0000000000
97656  49.805  18.185  48.313 0.0000000000
97643  50.265  18.901  48.705 0.0000000000
97670  50.137  17.833  47.689 0.0000000000
96980  50.797  17.534  45.987 0.0000000000
97684  51.180  18.055  46.814 0.0000000000
97697  52.155  18.530  45.887 0.0000000000
96979  51.445  18.107  45.467 0.0000000000
95602  52.714  15.089  37.968 0.0000000000
95603  52.132  15.501  38.099 0.0000000000
95608  52.483  14.941  37.449 0.0000000000
96351  51.325  16.216  36.623 0.0000000000
141465  51.169  16.984  36.454 0.0000000000
96352  50.802  16.597  36.336 0.0000000000
131089  50.740  17.431  36.186 0.0000000000
95616  50.291  15.950  36.382 0.0000000000
130378  48.893  13.530  36.996 0.0000000000
94850  48.969  14.429  37.114 0.0000000000
94844  48.594  13.862  37.699 0.0000000000
137454  48.539  14.871  38.030 0.0000000000
94041  48.351  13.201  38.154 0.0000000000
93211  47.991  12.477  38.551 0.0000000000
139502  47.976  10.068  38.284 0.0000000000
96244  38.934  15.999  51.824 0.0000000000
95506  39.393  15.628  51.140 0.0000000000
93958  40.271  12.891  49.966 0.0000000000
93957  40.891  13.152  49.763 0.0000000000
93133  40.762  12.248  49.772 0.0000000000
100502  55.151  22.028  49.144 0.0000000000
100503  54.358  22.415  49.448 0.0000000000
145330  54.474  22.274  48.409 0.0000000000
100540  53.786  22.339  47.073 0.0000000000
146438  54.408  22.206  47.561 0.0000000000
93172  48.600  13.087  43.804 0.0000000000
93995  48.598  13.853  43.594 0.0000000000
147348  48.934  13.253  43.179 0.0000000000
93185  50.929  12.572  41.968 0.0000000000
93198  50.573  13.181  41.580 0.0000000000
94019  51.196  13.599  40.776 0.0000000000
94821  50.442  14.175  40.747 0.0000000000
94018  52.397  13.405  40.640 0.0000000000
93182  54.208  12.537  42.015 0.0000000000
93194  55.003  12.921  41.363 0.0000000000
94033  54.904  13.379  39.491 0.0000000000
94026  54.745  13.506  39.719 0.0000000000
94027  54.060  13.797  39.464 0.0000000000
94035  53.902  14.022  38.889 0.0000000000
94835  53.877  13.973  38.429 0.0000000000
94040  54.112  13.713  38.478 0.0000000000
150920  52.583  11.942  38.134 0.0000000000
92390  53.253  12.592  38.105 0.0000000000
92398  51.263  11.873  37.541 0.0000000000
91572  51.085  10.876  37.638 0.0000000000
91573  50.318  10.362  37.297 0.0000000000
98298  47.819  19.584  54.189 0.0000000000
98291  48.565  19.543  54.993 0.0000000000
98297  48.629  19.833  53.802 0.0000000000
99055  48.829  20.118  52.719 0.0000000000
98309  45.679  19.245  52.880 0.0000000000
98320  45.916  19.340  51.895 0.0000000000
98328  47.029  19.274  50.739 0.0000000000
98327  47.823  19.414  50.445 0.0000000000
98317  48.414  19.877  50.881 0.0000000000
98337  48.173  18.934  49.766 0.0000000000
97645  48.624  18.414  49.191 0.0000000000
97646  47.833  18.187  49.405 0.0000000000
96261  47.570  16.334  48.345 0.0000000000
96260  48.263  16.596  48.010 0.0000000000
96268  48.585  16.344  47.422 0.0000000000
95527  48.268  15.742  47.206 0.0000000000
96251  40.902  16.259  50.697 0.0000000000
95511  41.473  15.623  50.264 0.0000000000
94770  43.542  14.605  49.515 0.0000000000
95519  42.924  15.267  49.693 0.0000000000
95518  43.824  15.375  49.558 0.0000000000
96257  44.081  16.185  49.677 0.0000000000
94769  44.464  14.727  49.375 0.0000000000
92299  44.800  11.680  48.760 0.0000000000
93137  44.505  12.399  48.972 0.0000000000
93136  45.165  12.311  48.657 0.0000000000
93141  46.410  12.896  47.894 0.0000000000
94774  45.843  14.364  48.736 0.0000000000
94778  46.531  14.357  48.207 0.0000000000
142581  46.385  14.881  48.500 0.0000000000
93143  47.390  13.003  46.610 0.0000000000
93966  47.754  13.940  46.603 0.0000000000
94780  48.092  14.683  46.578 0.0000000000
93965  48.143  14.040  46.038 0.0000000000
93972  48.143  13.457  45.349 0.0000000000
93145  47.979  12.541  45.295 0.0000000000
92314  48.915  11.031  44.783 0.0000000000
91519  49.817  10.708  44.460 0.0000000000
91502  50.488  10.211  45.067 0.0000000000
89746  50.912  8.935  47.810 0.0000000000
130659  52.335  9.626  47.131 0.0000000000
145820  52.513  9.894  46.506 0.0000000000
96228  38.493  16.505  53.405 0.0000000000
95503  36.897  15.082  52.733 0.0000000000
94754  37.527  15.318  52.422 0.0000000000
94760  37.083  14.617  52.082 0.0000000000
100505  47.351  22.541  48.423 0.0000000000
100497  47.840  22.534  49.065 0.0000000000
100498  46.872  22.638  49.203 0.0000000000
101189  46.154  22.905  49.767 0.0000000000
100499  45.931  22.868  48.894 0.0000000000
131466  46.229  21.347  46.664 0.0000000000
99116  44.741  20.656  46.854 0.0000000000
98378  44.340  19.715  46.351 0.0000000000
98377  45.168  20.047  46.083 0.0000000000
98397  45.971  19.364  44.142 0.0000000000
98389  45.448  19.249  44.819 0.0000000000
97706  45.277  18.772  43.984 0.0000000000
97715  44.825  18.581  43.048 0.0000000000
99135  47.889  20.511  43.474 0.0000000000
98402  47.278  20.079  43.228 0.0000000000
99143  47.539  20.345  42.613 0.0000000000
147102  45.309  19.815  40.580 0.0000000000
97731  45.257  19.458  41.339 0.0000000000
97732  44.524  19.208  41.306 0.0000000000
129347  43.765  19.187  40.822 0.0000000000
97740  42.817  18.736  40.165 0.0000000000
97739  43.555  19.292  40.037 0.0000000000
97038  43.836  17.790  39.731 0.0000000000
99031  51.556  20.059  55.703 0.0000000000
99051  53.120  20.364  52.465 0.0000000000
127364  52.949  20.336  53.557 0.0000000000
127690  54.008  20.320  53.376 0.0000000000
127169  54.403  20.144  52.443 0.0000000000
98349  51.275  19.249  48.604 0.0000000000
98333  52.260  19.769  49.112 0.0000000000
98348  52.400  19.368  48.274 0.0000000000
98331  54.379  19.559  48.587 0.0000000000
98330  55.219  19.546  49.100 0.0000000000
99073  55.413  19.607  50.004 0.0000000000
98329  55.801  19.671  49.473 0.0000000000
99081  56.108  19.866  49.812 0.0000000000
99100  55.969  20.010  47.798 0.0000000000
99127  55.456  20.652  44.776 0.0000000000
139147  55.727  20.209  46.144 0.0000000000
140695  55.468  21.273  44.995 0.0000000000
100562  55.192  21.972  44.816 0.0000000000
100568  55.307  21.888  43.339 0.0000000000
95566  48.824  15.115  42.745 0.0000000000
97019  49.711  17.924  42.353 0.0000000000
97018  50.351  18.522  42.496 0.0000000000
152409  50.824  19.058  42.369 0.0000000000
96340  51.309  16.876  38.140 0.0000000000
97045  50.691  17.519  38.947 0.0000000000
97745  50.850  18.425  38.824 0.0000000000
98424  51.471  20.124  39.962 0.0000000000
98418  51.965  20.342  41.110 0.0000000000
98417  53.261  20.913  41.124 0.0000000000
99141  53.638  20.654  42.186 0.0000000000
99859  53.663  22.915  39.217 0.0000000000
99849  54.012  22.457  40.009 0.0000000000
100584  54.274  22.656  40.593 0.0000000000
142718  53.828  23.001  40.289 0.0000000000
100585  52.964  22.731  40.912 0.0000000000
153731  52.515  23.060  39.730 0.0000000000
100608  49.914  22.741  37.213 0.0000000000
100601  50.179  22.859  38.000 0.0000000000
100609  49.023  22.209  37.394 0.0000000000
99871  48.162  22.093  37.874 0.0000000000
152923  48.316  21.897  37.544 0.0000000000
97063  49.428  18.203  36.901 0.0000000000
98446  49.802  19.744  36.369 0.0000000000
97046  47.579  17.569  38.897 0.0000000000
97058  48.032  18.216  38.363 0.0000000000
97755  47.560  19.223  38.289 0.0000000000
98438  47.062  20.244  38.231 0.0000000000
97747  45.823  18.824  39.055 0.0000000000
97047  46.494  17.845  39.433 0.0000000000
95578  45.743  15.198  41.285 0.0000000000
95592  45.600  16.075  40.897 0.0000000000
91551  47.029  11.015  40.622 0.0000000000
90695  46.708  10.252  41.099 0.0000000000
97686  42.159  18.423  46.230 0.0000000000
97685  43.022  18.550  46.058 0.0000000000
98391  43.930  18.790  45.825 0.0000000000
97626  42.750  18.330  52.775 0.0000000000
96909  41.990  17.990  53.092 0.0000000000
96920  42.174  18.066  52.134 0.0000000000
96927  42.525  17.809  51.335 0.0000000000
127341  52.188  22.429  47.012 0.0000000000
144968  51.948  22.448  47.689 0.0000000000
127340  51.884  22.399  46.235 0.0000000000
127303  51.571  22.246  45.271 0.0000000000
99818  50.866  21.932  44.593 0.0000000000
99826  50.319  21.690  44.034 0.0000000000
99833  50.705  21.730  42.318 0.0000000000
99842  51.052  22.171  41.274 0.0000000000
96956  49.674  17.253  47.386 0.0000000000
96955  50.420  17.632  47.135 0.0000000000
96967  49.929  17.121  46.878 0.0000000000
96277  50.141  17.049  46.321 0.0000000000
96285  50.254  17.035  45.617 0.0000000000
94053  51.526  13.948  36.931 0.0000000000
94853  52.049  14.931  36.957 0.0000000000
94854  51.377  14.773  36.654 0.0000000000
94855  50.418  14.593  36.454 0.0000000000
134780  50.324  15.195  36.403 0.0000000000
94856  49.812  14.394  36.490 0.0000000000
94048  48.780  12.737  36.960 0.0000000000
93216  48.469  12.421  37.563 0.0000000000
92393  48.491  11.565  37.253 0.0000000000
91575  48.198  9.938  37.360 0.0000000000
94766  38.131  14.393  51.102 0.0000000000
95514  39.250  14.916  50.761 0.0000000000
140743  38.831  14.252  50.667 0.0000000000
100485  53.711  22.597  51.072 0.0000000000
100471  54.496  22.583  51.295 0.0000000000
100493  55.067  22.278  49.974 0.0000000000
92354  49.666  11.793  43.387 0.0000000000
93170  50.144  12.264  42.634 0.0000000000
92363  51.264  11.943  42.488 0.0000000000
93184  51.989  12.418  41.897 0.0000000000
94015  55.523  12.947  40.874 0.0000000000
93203  55.519  12.657  40.302 0.0000000000
92377  55.243  12.418  39.972 0.0000000000
92384  54.807  12.539  39.456 0.0000000000
93215  54.090  13.264  38.405 0.0000000000
92391  52.815  11.455  38.608 0.0000000000
127648  47.017  19.360  54.449 0.0000000000
97632  45.486  18.824  51.285 0.0000000000
97639  45.877  18.368  50.534 0.0000000000
97638  46.631  18.575  50.275 0.0000000000
97647  47.077  17.985  49.677 0.0000000000
96940  47.532  17.414  49.142 0.0000000000
96949  47.213  16.740  48.877 0.0000000000
95522  47.246  15.708  48.167 0.0000000000
140843  41.827  14.252  49.709 0.0000000000
95520  42.073  15.073  49.851 0.0000000000
141885  43.257  13.852  49.494 0.0000000000
91465  45.965  10.925  48.209 0.0000000000
92298  45.532  11.763  48.389 0.0000000000
92297  46.228  11.895  47.879 0.0000000000
93964  46.720  13.720  47.772 0.0000000000
93140  46.921  12.997  47.330 0.0000000000
93146  47.650  12.605  45.934 0.0000000000
92316  47.763  12.031  45.651 0.0000000000
92306  47.902  11.311  45.830 0.0000000000
91504  48.597  10.734  45.475 0.0000000000
90622  53.057  9.779  47.796 0.0000000000
100515  49.248  22.355  47.290 0.0000000000
100496  48.586  22.491  48.945 0.0000000000
100504  48.396  22.410  47.619 0.0000000000
151085  47.719  22.466  47.857 0.0000000000
131685  47.037  22.443  47.756 0.0000000000
127224  46.204  22.397  47.688 0.0000000000
100518  46.796  22.144  47.167 0.0000000000
145985  46.668  21.752  46.798 0.0000000000
99124  45.937  20.284  45.721 0.0000000000
99153  47.478  20.730  41.137 0.0000000000
99144  47.031  20.329  41.718 0.0000000000
99154  46.576  20.516  40.696 0.0000000000
98428  43.940  19.244  39.608 0.0000000000
98427  44.406  19.555  39.675 0.0000000000
130680  43.940  18.988  39.351 0.0000000000
97049  44.283  18.336  39.432 0.0000000000
127689  50.251  20.275  53.329 0.0000000000
99041  50.961  20.239  54.017 0.0000000000
99053  51.114  20.396  53.078 0.0000000000
99066  52.048  20.454  51.876 0.0000000000
130438  52.775  20.395  51.520 0.0000000000
97667  52.665  18.885  46.844 0.0000000000
98347  53.440  19.418  48.027 0.0000000000
98361  53.479  19.258  47.274 0.0000000000
98360  54.351  19.334  46.991 0.0000000000
98359  55.166  19.448  47.462 0.0000000000
98358  55.696  19.733  47.155 0.0000000000
140712  55.197  19.751  45.611 0.0000000000
99121  55.159  20.168  44.713 0.0000000000
99133  55.027  20.559  43.780 0.0000000000
95577  49.528  15.433  41.198 0.0000000000
96307  49.196  16.571  42.329 0.0000000000
96313  49.408  16.334  41.303 0.0000000000
97035  49.849  17.975  40.669 0.0000000000
97752  51.423  18.018  37.364 0.0000000000
97753  51.235  18.940  38.199 0.0000000000
98437  51.505  19.841  37.950 0.0000000000
99161  52.316  20.914  39.279 0.0000000000
99160  53.349  21.668  39.757 0.0000000000
99168  52.944  21.770  38.830 0.0000000000
99860  53.232  22.588  38.629 0.0000000000
99868  53.224  23.000  38.539 0.0000000000
100599  52.458  23.295  38.438 0.0000000000
99877  52.120  22.978  37.377 0.0000000000
100614  50.575  22.840  36.708 0.0000000000
99879  49.815  21.851  36.514 0.0000000000
96341  48.771  16.783  37.799 0.0000000000
97057  48.795  17.712  37.663 0.0000000000
96342  48.119  16.554  38.642 0.0000000000
96334  47.252  16.867  39.434 0.0000000000
96335  46.465  17.040  39.890 0.0000000000
95590  46.883  16.264  40.053 0.0000000000
94832  46.655  14.707  40.807 0.0000000000
99027  55.297  20.600  54.104 0.0000000000
96982  41.923  17.547  44.879 0.0000000000
97020  42.532  18.276  42.255 0.0000000000
98310  44.954  18.936  52.778 0.0000000000
97625  43.587  18.551  52.528 0.0000000000
97624  44.419  18.775  52.272 0.0000000000
97633  44.709  18.607  51.484 0.0000000000
96934  44.701  17.593  50.302 0.0000000000
96943  45.204  17.059  49.697 0.0000000000
92291  43.630  11.521  49.295 0.0000000000
91457  44.315  10.989  49.090 0.0000000000
90616  45.720  10.198  48.715 0.0000000000
90615  46.587  10.023  48.217 0.0000000000
90614  47.397  9.466  48.078 0.0000000000
90627  47.769  9.613  47.533 0.0000000000
90626  48.437  9.366  47.293 0.0000000000
127352  50.479  22.491  49.510 0.0000000000
127348  50.130  22.477  48.686 0.0000000000
127344  50.933  22.421  47.550 0.0000000000
127343  50.066  22.454  47.810 0.0000000000
100543  49.343  22.108  46.414 0.0000000000
99813  48.685  21.745  45.910 0.0000000000
130236  48.476  21.350  45.148 0.0000000000
99128  48.416  21.042  44.547 0.0000000000
99134  48.678  20.870  43.801 0.0000000000
99142  48.406  20.696  42.712 0.0000000000
133947  49.938  21.457  43.345 0.0000000000
99835  49.042  21.040  42.122 0.0000000000
99152  48.293  20.868  41.646 0.0000000000
99845  48.028  21.185  40.600 0.0000000000
99855  46.805  21.246  39.092 0.0000000000
98324  50.538  19.872  49.825 0.0000000000
143760  50.640  19.451  49.169 0.0000000000
97654  51.599  18.768  47.812 0.0000000000
97668  51.802  18.531  47.119 0.0000000000
97683  51.971  18.485  46.503 0.0000000000
140802  52.329  18.717  45.192 0.0000000000
148162  52.328  19.026  44.530 0.0000000000
95597  52.192  15.345  38.368 0.0000000000
96332  51.657  15.992  38.190 0.0000000000
96339  51.692  16.308  37.537 0.0000000000
147874  51.459  17.199  37.589 0.0000000000
95609  51.839  15.595  37.079 0.0000000000
96346  51.552  16.393  36.978 0.0000000000
97055  51.516  17.124  37.094 0.0000000000
97761  51.398  17.857  36.728 0.0000000000
97768  51.286  18.615  36.467 0.0000000000
97769  51.018  18.944  36.059 0.0000000000
98454  50.892  20.001  36.058 0.0000000000
97068  50.683  18.343  36.023 0.0000000000
97062  50.155  17.767  36.242 0.0000000000
95617  49.648  15.033  36.650 0.0000000000
95610  49.684  16.064  36.698 0.0000000000
137712  49.165  16.215  37.299 0.0000000000
94845  48.113  14.067  38.694 0.0000000000
93205  47.553  12.504  39.585 0.0000000000
91550  47.428  10.948  39.707 0.0000000000
91558  47.754  10.917  38.667 0.0000000000
90700  47.597  10.115  39.308 0.0000000000
96236  40.080  16.959  52.117 0.0000000000
96929  40.850  17.300  51.824 0.0000000000
96252  40.098  15.993  50.874 0.0000000000
95512  40.646  15.393  50.415 0.0000000000
94765  39.651  14.400  50.433 0.0000000000
94764  40.425  14.571  50.223 0.0000000000
94772  41.017  13.996  49.872 0.0000000000
93132  41.585  12.642  49.606 0.0000000000
93131  42.396  12.329  49.477 0.0000000000
127350  52.619  22.517  49.217 0.0000000000
127355  53.441  22.540  50.407 0.0000000000
127351  53.502  22.519  49.751 0.0000000000
127342  52.952  22.444  47.567 0.0000000000
100564  53.386  22.393  45.384 0.0000000000
94792  48.497  14.688  45.165 0.0000000000
95554  48.783  15.368  44.786 0.0000000000
94797  48.530  14.643  44.176 0.0000000000
94808  48.689  14.550  43.168 0.0000000000
94008  49.698  13.477  42.093 0.0000000000
94807  49.228  14.356  42.195 0.0000000000
94822  49.710  14.626  41.305 0.0000000000
148454  51.348  14.856  39.521 0.0000000000
92361  53.450  11.994  42.673 0.0000000000
93183  53.113  12.483  41.927 0.0000000000
93196  52.729  12.944  41.235 0.0000000000
94016  54.924  13.319  40.520 0.0000000000
143578  53.323  13.372  40.625 0.0000000000
94028  52.240  13.863  39.996 0.0000000000
94829  52.110  14.350  39.488 0.0000000000
94837  52.447  14.837  38.872 0.0000000000
94836  53.322  14.350  38.527 0.0000000000
94843  53.167  14.430  37.903 0.0000000000
94046  53.486  13.970  37.788 0.0000000000
93219  53.663  13.485  37.956 0.0000000000
93220  52.942  13.277  37.681 0.0000000000
94047  52.575  13.933  37.380 0.0000000000
93221  51.676  13.003  37.366 0.0000000000
93222  50.689  12.286  37.071 0.0000000000
92406  49.453  11.480  36.655 0.0000000000
136400  48.950  10.902  36.652 0.0000000000
91584  49.599  10.656  36.794 0.0000000000
99042  50.035  20.019  54.225 0.0000000000
99043  49.437  20.090  53.510 0.0000000000
99054  49.671  20.281  52.774 0.0000000000
99078  49.684  20.229  50.960 0.0000000000
128116  46.254  19.103  54.594 0.0000000000
98299  46.394  19.349  53.622 0.0000000000
129547  47.171  19.565  53.399 0.0000000000
98319  46.747  19.510  51.668 0.0000000000
98307  47.343  19.713  52.419 0.0000000000
99056  48.071  19.963  52.270 0.0000000000
99069  48.576  20.100  51.715 0.0000000000
99079  49.033  20.147  51.175 0.0000000000
98325  49.763  19.843  50.125 0.0000000000
98336  49.033  19.257  49.663 0.0000000000
97644  49.438  18.646  48.954 0.0000000000
96939  48.258  17.648  48.867 0.0000000000
96947  48.632  17.224  48.289 0.0000000000
96267  49.268  16.691  47.159 0.0000000000
96279  48.851  16.152  46.878 0.0000000000
96241  41.237  17.012  51.054 0.0000000000
96937  42.094  17.234  50.847 0.0000000000
96249  42.641  16.652  50.381 0.0000000000
95510  42.341  15.868  50.096 0.0000000000
96248  43.513  16.787  50.180 0.0000000000
96256  44.953  16.311  49.523 0.0000000000
142772  43.865  12.116  49.158 0.0000000000
93129  43.818  12.736  49.236 0.0000000000
93953  44.576  13.311  49.126 0.0000000000
94775  44.993  14.140  49.121 0.0000000000
94768  45.301  14.903  49.148 0.0000000000
95516  45.540  15.673  49.206 0.0000000000
96263  46.243  15.886  48.955 0.0000000000
95523  46.629  15.468  48.540 0.0000000000
95528  47.579  15.285  47.566 0.0000000000
94777  47.107  14.496  47.653 0.0000000000
95537  48.046  15.186  47.016 0.0000000000
94787  48.397  14.741  45.986 0.0000000000
93155  48.876  12.234  43.929 0.0000000000
92337  48.527  11.894  44.611 0.0000000000
92335  50.188  11.114  43.750 0.0000000000
91528  51.066  11.096  43.594 0.0000000000
91517  52.195  10.651  44.577 0.0000000000
90636  49.675  9.486  46.449 0.0000000000
90648  50.051  9.785  45.730 0.0000000000
127787  51.328  9.330  47.139 0.0000000000
90647  51.093  9.813  45.741 0.0000000000
91501  51.586  10.273  45.150 0.0000000000
91500  52.656  10.440  45.353 0.0000000000
96923  39.854  17.026  52.986 0.0000000000
96237  39.368  16.587  52.380 0.0000000000
96239  38.024  15.928  52.907 0.0000000000
95502  38.219  15.615  52.112 0.0000000000
94756  36.021  14.109  52.692 0.0000000000
93942  36.535  13.768  51.959 0.0000000000
93123  36.215  12.614  51.773 0.0000000000
100508  44.853  22.804  48.060 0.0000000000
100519  45.401  22.348  47.715 0.0000000000
100520  44.584  22.266  47.714 0.0000000000
97699  44.265  18.360  44.914 0.0000000000
147666  45.499  19.718  45.448 0.0000000000
97698  44.903  18.713  44.670 0.0000000000
147117  43.887  18.066  43.616 0.0000000000
97722  43.319  18.454  42.185 0.0000000000
99129  47.334  20.270  44.164 0.0000000000
98403  46.597  19.618  43.414 0.0000000000
98412  45.977  19.416  42.315 0.0000000000
97721  44.158  18.705  41.937 0.0000000000
151392  43.369  18.807  41.319 0.0000000000
127595  42.714  18.647  41.333 0.0000000000
97733  42.297  18.645  40.668 0.0000000000
97749  43.330  18.941  39.758 0.0000000000
99040  51.765  20.222  54.756 0.0000000000
99029  54.345  20.500  54.835 0.0000000000
99037  55.143  20.362  53.753 0.0000000000
99048  55.960  19.932  52.556 0.0000000000
99085  51.270  20.245  50.341 0.0000000000
99084  52.170  20.203  50.009 0.0000000000
99075  53.100  20.304  50.687 0.0000000000
98332  53.361  19.717  48.837 0.0000000000
137688  53.897  20.108  50.238 0.0000000000
150998  54.032  20.158  50.888 0.0000000000
129216  54.724  19.863  51.505 0.0000000000
98305  56.045  19.761  51.773 0.0000000000
99063  56.231  19.902  51.599 0.0000000000
135229  56.064  20.652  50.153 0.0000000000
99779  55.946  20.587  49.315 0.0000000000
99113  55.931  20.097  46.882 0.0000000000
99791  55.791  20.866  47.521 0.0000000000
100514  55.194  21.786  47.509 0.0000000000
100554  54.961  22.041  45.874 0.0000000000
100563  54.447  22.282  45.114 0.0000000000
100570  53.915  22.396  44.245 0.0000000000
95553  49.167  16.085  44.458 0.0000000000
137806  49.560  16.719  44.323 0.0000000000
96294  50.223  17.196  44.729 0.0000000000
128454  49.440  17.291  42.805 0.0000000000
97007  49.746  17.233  43.783 0.0000000000
131589  50.398  17.684  44.081 0.0000000000
97714  50.948  18.351  43.876 0.0000000000
97713  51.783  19.058  43.918 0.0000000000
97712  52.680  19.507  43.888 0.0000000000
96321  50.358  16.914  39.477 0.0000000000
97034  50.190  17.543  39.853 0.0000000000
97729  50.305  18.808  40.795 0.0000000000
98425  50.931  19.296  39.262 0.0000000000
141245  50.711  19.323  40.122 0.0000000000
98410  51.398  19.591  42.082 0.0000000000
98409  52.113  19.590  43.051 0.0000000000
98408  53.069  20.100  43.048 0.0000000000
98407  53.893  20.419  43.009 0.0000000000
99140  54.511  20.908  42.434 0.0000000000
99139  55.008  21.004  42.886 0.0000000000
99159  53.935  21.672  40.566 0.0000000000
99149  54.886  21.684  41.941 0.0000000000
99831  55.228  21.649  42.758 0.0000000000
133437  55.041  22.231  42.914 0.0000000000
132531  54.209  22.451  43.141 0.0000000000
100577  53.458  22.495  42.554 0.0000000000
100578  52.638  22.470  42.040 0.0000000000
99841  51.769  22.347  41.638 0.0000000000
99851  50.714  22.325  40.357 0.0000000000
100600  51.372  23.242  38.143 0.0000000000
100594  50.559  22.658  39.086 0.0000000000
148546  49.796  22.168  39.857 0.0000000000
99863  47.514  21.618  38.495 0.0000000000
99864  46.930  21.172  38.464 0.0000000000
98455  50.295  20.298  36.137 0.0000000000
98456  49.589  20.648  36.533 0.0000000000
99182  48.881  21.041  37.082 0.0000000000
97754  48.586  18.742  37.660 0.0000000000
98448  48.025  20.699  37.547 0.0000000000
99178  47.249  21.087  37.969 0.0000000000
99179  46.440  20.679  38.588 0.0000000000
97757  45.312  19.562  38.884 0.0000000000
97048  45.299  18.196  39.431 0.0000000000
97037  44.902  17.523  39.969 0.0000000000
96323  45.894  16.742  40.400 0.0000000000
128145  44.984  16.747  40.717 0.0000000000
91586  48.746  10.137  36.737 0.0000000000
90722  47.907  8.978  37.056 0.0000000000
90634  51.679  9.656  46.455 0.0000000000
90694  47.241  10.165  40.275 0.0000000000
90721  48.373  9.723  36.910 0.0000000000
92383  55.221  13.048  39.700 0.0000000000
92392  51.930  11.473  38.042 0.0000000000
92394  48.139  11.681  38.098 0.0000000000
93130  43.002  13.021  49.405 0.0000000000
93186  49.487  13.015  42.643 0.0000000000
93210  54.396  12.689  38.889 0.0000000000
93223  48.679  12.094  36.977 0.0000000000
94034  54.427  13.670  39.006 0.0000000000
94045  53.897  13.822  38.130 0.0000000000
94838  47.675  14.469  39.480 0.0000000000
94849  52.019  14.454  36.945 0.0000000000
95604  48.658  15.889  37.915 0.0000000000
96308  48.958  15.818  42.702 0.0000000000
96994  50.946  17.847  44.705 0.0000000000
97655  50.668  18.466  48.083 0.0000000000
97708  43.750  17.906  44.175 0.0000000000
97758  44.612  19.469  39.273 0.0000000000
97762  50.008  18.756  36.231 0.0000000000
98300  45.794  19.122  53.818 0.0000000000
98316  56.127  19.738  51.121 0.0000000000
98326  49.052  19.842  50.480 0.0000000000
98345  55.153  19.481  48.299 0.0000000000
98374  55.096  19.490  46.499 0.0000000000
98375  54.239  19.365  46.353 0.0000000000
98376  53.517  19.186  46.597 0.0000000000
98400  54.460  20.391  43.533 0.0000000000
98401  53.587  19.909  43.799 0.0000000000
98439  45.857  20.148  38.656 0.0000000000
98440  45.154  19.968  38.927 0.0000000000
98447  48.997  20.213  37.036 0.0000000000
99022  54.738  20.687  55.109 0.0000000000
99036  55.547  20.359  53.377 0.0000000000
99038  54.591  20.369  54.050 0.0000000000
99050  54.928  20.119  53.201 0.0000000000
99052  52.044  20.417  52.823 0.0000000000
99064  55.604  19.620  51.100 0.0000000000
99072  56.252  19.886  50.701 0.0000000000
99082  54.380  19.785  49.537 0.0000000000
99090  55.901  19.903  48.810 0.0000000000
99120  55.490  20.096  45.507 0.0000000000
99132  55.326  20.784  43.973 0.0000000000
99183  48.121  21.424  37.502 0.0000000000
99190  50.684  20.962  36.138 0.0000000000
99191  50.041  21.170  36.292 0.0000000000
99192  49.471  21.335  36.664 0.0000000000
99772  55.896  20.850  52.106 0.0000000000
99806  55.715  20.861  46.502 0.0000000000
99812  55.603  20.685  45.584 0.0000000000
99817  55.379  21.501  44.122 0.0000000000
99824  55.324  21.361  43.439 0.0000000000
99827  49.243  21.036  43.071 0.0000000000
99840  54.504  22.063  40.948 0.0000000000
99852  49.676  21.702  40.770 0.0000000000
99854  47.701  21.482  39.460 0.0000000000
99862  48.330  22.030  38.687 0.0000000000
99870  52.012  22.222  37.289 0.0000000000
99878  51.369  21.886  36.618 0.0000000000
99885  51.010  22.426  36.450 0.0000000000
100470  55.103  22.381  51.684 0.0000000000
100484  55.073  22.388  50.839 0.0000000000
100492  55.646  21.527  49.666 0.0000000000
100517  47.662  22.243  47.134 0.0000000000
100538  55.314  21.646  46.610 0.0000000000
100539  54.698  22.107  46.825 0.0000000000
100541  51.407  22.401  46.904 0.0000000000
100575  55.095  22.158  42.107 0.0000000000
100576  54.568  22.411  42.150 0.0000000000
100590  54.040  22.949  39.878 0.0000000000
100592  52.922  23.282  39.249 0.0000000000
100593  51.836  23.036  39.323 0.0000000000
100598  53.237  23.160  38.788 0.0000000000
100602  49.073  22.458  37.922 0.0000000000
100606  52.696  23.104  38.100 0.0000000000
100613  51.414  23.040  36.898 0.0000000000
100615  49.756  22.375  36.805 0.0000000000
100620  50.326  22.324  36.479 0.0000000000
131622  50.526  19.016  41.726 0.0000000000
136452  55.653  21.340  48.993 0.0000000000
136836  51.910  23.236  37.576 0.0000000000
138096  49.184  15.891  41.932 0.0000000000
138958  50.962  21.629  36.291 0.0000000000
139356  53.291  13.737  40.010 0.0000000000
139429  55.174  22.151  43.785 0.0000000000
142203  55.522  20.198  53.049 0.0000000000
143142  55.598  19.634  48.756 0.0000000000
144470  53.813  22.361  47.820 0.0000000000
145197  53.533  22.487  48.946 0.0000000000
145599  53.102  23.105  39.975 0.0000000000
145758  55.486  21.891  52.111 0.0000000000
145895  53.309  21.329  40.420 0.0000000000
146513  55.109  20.721  54.684 0.0000000000
146747  54.841  22.328  44.270 0.0000000000
147610  51.470  18.471  36.873 0.0000000000
147924  55.629  12.707  40.687 0.0000000000
148177  55.440  11.871  40.489 0.0000000000
151127  55.579  21.311  47.065 0.0000000000
151734  49.534  13.815  36.596 0.0000000000
153107  50.637  18.430  43.185 0.0000000000
153581  50.905  15.251  36.452 0.0000000000
