#Insight Transform File V1.0
#Transform 0
Transform: AffineTransform_float_3_3
Parameters: 0.999998 -0.000765907 -0.00176431 0.000768253 0.999999 0.00148608 0.00176281 -0.00148692 0.999997 0.0195258 -0.148736 0.458614
FixedParameters: 0 0 0

#Transform 1
Transform: AffineTransform_float_3_3
Parameters: 0.999999 -0.000652214 -0.00143933 0.000652496 1 0.000343244 0.0014401 -0.000343757 0.999998 0.00889199 -0.136816 0.389541
FixedParameters: 0 0 0

#Transform 2
Transform: AffineTransform_float_3_3
Parameters: 0.999999 -0.000648862 -0.00130339 0.000647854 1 -0.000287662 0.0013028 0.000287338 0.999999 -0.010109 -0.0295553 0.346241
FixedParameters: 0 0 0

#Transform 3
Transform: AffineTransform_float_3_3
Parameters: 0.999999 -0.000548526 -0.0014669 0.000547284 0.999999 -0.00075262 0.00146747 0.000752378 0.999998 0.00974691 -0.0503834 0.343176
FixedParameters: 0 0 0

#Transform 4
Transform: AffineTransform_float_3_3
Parameters: 0.999999 -0.000462435 -0.00149 0.000460474 0.999999 -0.00130644 0.00149069 0.00130556 0.999998 0.0259615 -0.0155748 0.284109
FixedParameters: 0 0 0

#Transform 5
Transform: AffineTransform_float_3_3
Parameters: 0.999999 -0.000451072 -0.00149306 0.000448654 0.999999 -0.00145642 0.00149385 0.00145558 0.999998 0.0169181 -0.0567329 0.260564
FixedParameters: 0 0 0

#Transform 6
Transform: AffineTransform_float_3_3
Parameters: 0.999999 -0.000537583 -0.00146969 0.000535044 0.999998 -0.00184954 0.00147089 0.00184846 0.999997 0.0162325 0.110746 0.116815
FixedParameters: 0 0 0

#Transform 7
Transform: AffineTransform_float_3_3
Parameters: 0.999999 -0.00044217 -0.000613317 0.000441536 1 -0.000517271 0.000613774 0.000516728 0.999999 -0.00730528 -0.0730978 0.151184
FixedParameters: 0 0 0

#Transform 8
Transform: AffineTransform_float_3_3
Parameters: 0.999999 -5.89046e-05 -0.000872499 5.87458e-05 1 -9.10513e-05 0.000872509 9.09486e-05 0.999999 -0.0127996 -0.1656 0.237211
FixedParameters: 0 0 0

#Transform 9
Transform: AffineTransform_float_3_3
Parameters: 0.999999 -8.9836e-05 -0.000988419 8.99309e-05 1 4.79111e-05 0.000988411 -4.80888e-05 0.999999 0.000158469 -0.054898 0.272858
FixedParameters: 0 0 0

#Transform 10
Transform: AffineTransform_float_3_3
Parameters: 0.999999 -8.94043e-05 -0.000988459 9.03631e-05 1 0.000485161 0.000988372 -0.000484839 1 0.012034 -0.118437 0.385328
FixedParameters: 0 0 0

#Transform 11
Transform: AffineTransform_float_3_3
Parameters: 0.999999 -6.65896e-05 -0.000902467 6.71076e-05 1 0.000286939 0.000902428 -0.00028706 0.999999 0.0295596 -0.0689733 0.318558
FixedParameters: 0 0 0

#Transform 12
Transform: AffineTransform_float_3_3
Parameters: 0.999999 -0.000216847 -0.000721436 0.000215435 0.999999 -0.000977905 0.000721859 0.000978094 0.999999 0.0173196 0.11113 0.0658466
FixedParameters: 0 0 0

#Transform 13
Transform: AffineTransform_float_3_3
Parameters: 1 4.29709e-05 -0.000492889 -4.28107e-05 1 0.000162088 0.000492903 -0.000162912 1 0.00950244 -0.11907 0.178777
FixedParameters: 0 0 0

#Transform 14
Transform: AffineTransform_float_3_3
Parameters: 1 9.44701e-05 -0.000301538 -9.40633e-05 1 0.00110503 0.000300781 -0.00110497 1 0.00581195 -0.15765 0.212719
FixedParameters: 0 0 0

#Transform 15
Transform: AffineTransform_float_3_3
Parameters: 1 0.000129035 -0.000172046 -0.000128602 0.999999 0.00125802 0.00017237 -0.00125798 0.999999 0.00340859 -0.0693862 0.201152
FixedParameters: 0 0 0

#Transform 16
Transform: AffineTransform_float_3_3
Parameters: 1 0.000102958 -0.000269661 -0.000102658 1 0.00103703 0.000268908 -0.00103697 1 0.00521371 -0.104457 0.238745
FixedParameters: 0 0 0

#Transform 17
Transform: AffineTransform_float_3_3
Parameters: 1 0.00012898 -0.000172088 -0.000128657 0.999999 0.000937021 0.000172329 -0.000936977 0.999999 -0.00958948 -0.102862 0.25786
FixedParameters: 0 0 0

#Transform 18
Transform: AffineTransform_float_3_3
Parameters: 1 0.000128913 -0.000172138 -0.000128724 1 0.000550022 0.000172279 -0.000549978 1 0.010601 -0.064928 0.213955
FixedParameters: 0 0 0

#Transform 19
Transform: AffineTransform_float_3_3
Parameters: 1 0.000128782 -0.000172236 -0.000128855 1 -0.000210978 0.000172181 0.000211022 1 0.0200933 0.0792005 0.0353248
FixedParameters: 0 0 0

#Transform 20
Transform: AffineTransform_float_3_3
Parameters: 1 -0.000108781 -0.000108558 0.000108818 1 0.000169988 0.000108521 -0.000170012 1 -0.00413049 -0.0116688 -0.026659
FixedParameters: 0 0 0

#Transform 21
Transform: AffineTransform_float_3_3
Parameters: 1 0.000218919 0.000165201 -0.000219373 0.999999 0.00137696 -0.000164598 -0.00137704 0.999999 -0.0141875 -0.194185 0.145676
FixedParameters: 0 0 0

#Transform 22
Transform: AffineTransform_float_3_3
Parameters: 1 0.000234789 0.000223973 -0.000235079 1 0.000646947 -0.000223669 -0.000647052 1 -0.0134716 -0.0823455 0.15712
FixedParameters: 0 0 0

#Transform 23
Transform: AffineTransform_float_3_3
Parameters: 1 0.000123004 -0.000194337 -0.000122727 0.999999 0.000711023 0.000194512 -0.000710976 0.999999 -0.00125746 -0.0979047 0.165469
FixedParameters: 0 0 0

#Transform 24
Transform: AffineTransform_float_3_3
Parameters: 1 0.000234953 0.000223801 -0.000234915 1 -8.50526e-05 -0.000223841 8.49474e-05 1 -0.00847761 0.0649553 -0.0556222
FixedParameters: 0 0 0

#Transform 25
Transform: AffineTransform_float_3_3
Parameters: 1 9.60285e-05 5.71184e-05 -9.63261e-05 1 0.000335994 -5.80197e-05 -0.000336006 1 -0.0184548 -0.0279867 0.0582323
FixedParameters: 0 0 0

#Transform 26
Transform: AffineTransform_float_3_3
Parameters: 1 0.00031791 0.00020171 -0.000318097 1 0.000463936 -0.000201415 -0.000464064 1 0.000570247 -0.176911 0.132228
FixedParameters: 0 0 0

#Transform 27
Transform: AffineTransform_float_3_3
Parameters: 1 0.000468269 -3.73255e-05 -0.000468246 1 0.000310017 3.76159e-05 -0.000309982 1 0.0156335 -0.0624577 0.127509
FixedParameters: 0 0 0

#Transform 28
Transform: AffineTransform_float_3_3
Parameters: 1 0.000399862 -9.18424e-05 -0.000399961 1 -0.000538963 9.14113e-05 0.000539036 1 0.0346637 0.0265035 -0.0477594
FixedParameters: 0 0 0

#Transform 29
Transform: AffineTransform_float_3_3
Parameters: 1 3.94333e-05 -0.000311909 -3.98244e-05 1 -0.000626987 0.000311859 0.000627012 1 0.0235191 0.0793736 -0.0691222
FixedParameters: 0 0 0

#Transform 30
Transform: AffineTransform_float_3_3
Parameters: 1 0.000361238 0.000139498 -0.000361712 0.999999 0.000767949 -0.000139909 -0.00076805 0.999999 0.00934748 -0.192954 0.0727325
FixedParameters: 0 0 0

#Transform 31
Transform: AffineTransform_float_3_3
Parameters: 0.999999 0.000594686 0.000437686 -0.000595988 0.999999 0.00149067 -0.000435911 -0.00149033 0.999998 0.0263277 -0.106088 0.081345
FixedParameters: 0 0 0

#Transform 32
Transform: AffineTransform_float_3_3
Parameters: 1 0.000485645 0.000466611 -0.000485764 0.999999 0.00116377 -0.000465739 -0.00116423 0.999999 0.0380698 0.056507 -0.0274411
FixedParameters: 0 0 0

#Transform 33
Transform: AffineTransform_float_3_3
Parameters: 1 0.000181126 0.000547837 -0.000181751 0.999999 0.0014519 -0.000547569 -0.0014521 0.999999 0.00281865 0.0135474 -0.0641386
FixedParameters: 0 0 0

#Transform 34
Transform: AffineTransform_float_3_3
Parameters: 0.999999 0.000228708 0.000760826 -0.000231558 0.999993 0.00377982 -0.000759863 -0.00378017 0.999992 -0.0227649 -0.251387 0.230924
FixedParameters: 0 0 0

#Transform 35
Transform: AffineTransform_float_3_3
Parameters: 0.999999 0.000511792 0.00120127 -0.000517545 0.99999 0.00430063 -0.0011991 -0.00430137 0.99999 -0.0135333 -0.147425 0.20864
FixedParameters: 0 0 0

#Transform 36
Transform: AffineTransform_float_3_3
Parameters: 1 0.000472434 0.000780382 -0.000476277 0.999991 0.00415863 -0.000778178 -0.00415937 0.999991 -0.00770255 -0.163898 0.181172
FixedParameters: 0 0 0

#Transform 37
Transform: AffineTransform_float_3_3
Parameters: 0.999999 0.000682776 0.000771686 -0.000684809 0.999997 0.00240347 -0.000769882 -0.00240453 0.999997 -0.00355545 -5.41641e-06 0.00224977
FixedParameters: 0 0 0

#Transform 38
Transform: AffineTransform_float_3_3
Parameters: 0.999999 0.000543153 0.000833505 -0.000545148 0.999998 0.00220155 -0.000832592 -0.00220245 0.999997 -0.0111683 -0.00868101 -0.00619727
FixedParameters: 0 0 0

#Transform 39
Transform: AffineTransform_float_3_3
Parameters: 1 0.000378458 0.00115977 -0.000381459 0.999995 0.00296081 -0.00115855 -0.00296119 0.999995 -0.0348848 -0.210111 0.121784
FixedParameters: 0 0 0

#Transform 40
Transform: AffineTransform_float_3_3
Parameters: 0.999999 0.000570544 0.00116053 -0.000573872 0.999996 0.00257158 -0.00115932 -0.00257241 0.999996 -0.0161061 -0.109599 0.0715767
FixedParameters: 0 0 0

#Transform 41
Transform: AffineTransform_float_3_3
Parameters: 0.999999 0.000454336 0.00138269 -0.000457169 0.999998 0.00207262 -0.00138158 -0.00207338 0.999997 -0.0322535 -0.0932178 0.0957694
FixedParameters: 0 0 0

#Transform 42
Transform: AffineTransform_float_3_3
Parameters: 0.999999 0.000299902 0.000850554 -0.000302615 0.999996 0.00273174 -0.000849426 -0.00273226 0.999996 -0.0194343 -0.0912593 0.16571
FixedParameters: 0 0 0

#Transform 43
Transform: AffineTransform_float_3_3
Parameters: 1 0.000311556 0.000602074 -0.000312205 0.999999 0.00134181 -0.000601495 -0.00134219 0.999999 -0.00783291 -0.0593023 0.121439
FixedParameters: 0 0 0

#Transform 44
Transform: AffineTransform_float_3_3
Parameters: 0.999999 0.000137277 0.000705439 -0.000138243 0.999999 0.0013689 -0.000705321 -0.0013691 0.999999 -0.0239986 -0.0110153 0.0876118
FixedParameters: 0 0 0

#Transform 45
Transform: AffineTransform_float_3_3
Parameters: 0.999999 0.00025017 0.000773697 -0.000251551 0.999998 0.00197281 -0.000774191 -0.00197319 0.999998 -0.0300308 -0.135912 0.184592
FixedParameters: 0 0 0

#Transform 46
Transform: AffineTransform_float_3_3
Parameters: 1 0.000198679 0.000326925 -0.000199934 0.999998 0.00192194 -0.000326159 -0.00192207 0.999998 -0.0179462 -0.0891406 0.231534
FixedParameters: 0 0 0

#Transform 47
Transform: AffineTransform_float_3_3
Parameters: 1 6.53422e-05 0.000310658 -6.59075e-05 0.999999 0.000909979 -0.000310538 -0.00091002 0.999999 -0.0172797 -0.0351363 0.203277
FixedParameters: 0 0 0

#Transform 48
Transform: AffineTransform_float_3_3
Parameters: 1 9.6599e-05 0.000341641 -9.68217e-05 1 0.000325967 -0.000341578 -0.000326033 1 -0.0234401 0.0790511 0.0614844
FixedParameters: 0 0 0

#Transform 49
Transform: AffineTransform_float_3_3
Parameters: 1 -7.46192e-05 0.000368632 7.35558e-05 0.999999 0.00144203 -0.000368846 -0.00144197 0.999999 -0.0206838 -0.0580837 0.185493
FixedParameters: 0 0 0

#Transform 50
Transform: AffineTransform_float_3_3
Parameters: 1 -0.000204532 0.000199418 0.000204029 0.999999 0.00126004 -0.000199933 -0.00125996 0.999999 -0.037772 -0.0945656 0.226523
FixedParameters: 0 0 0

#Transform 51
Transform: AffineTransform_float_3_3
Parameters: 1 8.76455e-05 0.000308843 -8.81754e-05 0.999999 0.000857972 -0.000308692 -0.000858026 0.999999 -0.0336992 0.00421752 0.258659
FixedParameters: 0 0 0

#Transform 52
Transform: AffineTransform_float_3_3
Parameters: 1 0.000130375 0.000297396 -0.000130448 1 0.000121961 -0.000297364 -0.000122039 1 -0.0229384 -0.00462344 0.25005
FixedParameters: 0 0 0

#Transform 53
Transform: AffineTransform_float_3_3
Parameters: 1 0.000192664 0.000169825 -0.000192433 1 -0.000680032 -0.000170087 0.000679967 1 0.0164306 0.0842827 0.158608
FixedParameters: 0 0 0

#Transform 54
Transform: AffineTransform_float_3_3
Parameters: 1 0.000220325 0.000273244 -0.00022016 1 -0.00030106 -0.000273376 0.00030094 1 0.0144298 -0.0124572 0.182052
FixedParameters: 0 0 0

#Transform 55
Transform: AffineTransform_float_3_3
Parameters: 1 0.000220326 0.000273243 -0.000220159 1 -0.00030506 -0.000273377 0.00030494 1 0.000508525 -0.0211638 0.217369
FixedParameters: 0 0 0

#Transform 56
Transform: AffineTransform_float_3_3
Parameters: 1 0.000233846 0.000323433 -0.000233556 1 -0.000448142 -0.000323643 0.000448857 0.999999 0.00346123 0.042295 0.14722
FixedParameters: 0 0 0

#Transform 57
Transform: AffineTransform_float_3_3
Parameters: 1 0.000280143 0.000496374 -0.000279916 1 -0.000229139 -0.000496503 0.000228861 1 0.0158857 0.143212 -0.0590937
FixedParameters: 0 0 0

#Transform 58
Transform: AffineTransform_float_3_3
Parameters: 0.999999 7.72558e-05 0.00124412 -7.90967e-05 1 0.0011279 -0.0012442 -0.0011281 0.999998 -0.0236681 0.051845 -0.066796
FixedParameters: 0 0 0

#Transform 59
Transform: AffineTransform_float_3_3
Parameters: 1 0.000133064 0.00101899 -0.000134576 0.999997 0.00216318 -0.00101919 -0.00216382 0.999997 -0.0242907 -0.140273 0.174384
FixedParameters: 0 0 0

#Transform 60
Transform: AffineTransform_float_3_3
Parameters: 0.999999 0.000454743 0.00115698 -0.000455965 0.999999 0.00178047 -0.00115613 -0.00178153 0.999997 -0.0079007 -0.0418066 0.212855
FixedParameters: 0 0 0

#Transform 61
Transform: AffineTransform_float_3_3
Parameters: 1 0.00043893 0.00109701 -0.00044065 0.999998 0.00166477 -0.00109606 -0.00166523 0.999998 -0.0195463 0.0266677 0.277328
FixedParameters: 0 0 0

#Transform 62
Transform: AffineTransform_float_3_3
Parameters: 0.999999 0.000390308 0.000911144 -0.000390851 0.999999 0.000827894 -0.000910756 -0.000828106 0.999999 -0.0196983 -0.0129929 0.325419
FixedParameters: 0 0 0

#Transform 63
Transform: AffineTransform_float_3_3
Parameters: 0.999999 0.000456952 0.000834294 -0.000456977 1 0.000593869 -0.00083401 -0.000594131 1 -0.012876 0.04369 0.323558
FixedParameters: 0 0 0

#Transform 64
Transform: AffineTransform_float_3_3
Parameters: 0.999999 0.00033327 0.000694365 -0.000332905 1 -0.000263231 -0.000694541 0.000262769 0.999999 0.0105295 0.151984 0.081709
FixedParameters: 0 0 0

#Transform 65
Transform: AffineTransform_float_3_3
Parameters: 1 0.000311673 0.000617538 -0.000312385 1 0.00114781 -0.000618046 -0.00114819 0.999999 0.0136878 0.0424802 0.0906022
FixedParameters: 0 0 0

#Transform 66
Transform: AffineTransform_float_3_3
Parameters: 0.999999 0.000295441 0.000841306 -0.000297071 0.999999 0.001543 -0.000840651 -0.001543 0.999999 -0.000134741 -0.120866 0.254573
FixedParameters: 0 0 0

#Transform 67
Transform: AffineTransform_float_3_3
Parameters: 1 0.000422656 0.00104151 -0.00042523 0.999995 0.00296681 -0.001041 -0.00296719 0.999995 0.0106816 -0.0354812 0.266073
FixedParameters: 0 0 0

#Transform 68
Transform: AffineTransform_float_3_3
Parameters: 0.999999 0.000538602 0.00147942 -0.000542808 0.999995 0.0029667 -0.00147848 -0.0029673 0.999995 -2.40609e-05 0.0422761 0.22826
FixedParameters: 0 0 0

#Transform 69
Transform: AffineTransform_float_3_3
Parameters: 1 0.000446695 0.00112385 -0.000447379 0.999999 0.0011635 -0.00112332 -0.0011645 0.999998 0.0188085 0.133815 0.0560579
FixedParameters: 0 0 0

#Transform 70
Transform: AffineTransform_float_3_3
Parameters: 1 4.41291e-05 0.00106856 -4.59038e-05 0.999999 0.00185595 -0.00106794 -0.00185605 0.999997 -0.017367 0.025206 0.143183
FixedParameters: 0 0 0

#Transform 71
Transform: AffineTransform_float_3_3
Parameters: 0.999999 0.000349747 0.00152945 -0.000353727 0.999996 0.00256496 -0.00152868 -0.00256504 0.999996 -0.00819048 -0.134044 0.214453
FixedParameters: 0 0 0

#Transform 72
Transform: AffineTransform_float_3_3
Parameters: 0.999999 0.00038323 0.00123395 -0.000385497 0.999998 0.00170177 -0.00123316 -0.00170222 0.999998 0.0124119 0.0436238 0.187907
FixedParameters: 0 0 0

#Transform 73
Transform: AffineTransform_float_3_3
Parameters: 1 0.000405847 0.000972312 -0.000406959 0.999998 0.00156586 -0.000971556 -0.00156615 0.999999 0.0219129 0.0257748 0.207334
FixedParameters: 0 0 0

#Transform 74
Transform: AffineTransform_float_3_3
Parameters: 1 0.000413248 0.000998214 -0.000413534 1 0.00111059 -0.000997813 -0.00111141 0.999999 0.021322 0.0529906 0.150654
FixedParameters: 0 0 0

#Transform 75
Transform: AffineTransform_float_3_3
Parameters: 1 0.000429664 0.00105687 -0.00042966 1 0.000454796 -0.00105674 -0.000455204 1 0.00298414 0.158535 0.0214512
FixedParameters: 0 0 0

#Transform 76
Transform: AffineTransform_float_3_3
Parameters: 1 0.000489103 0.00104126 -0.000490961 0.999998 0.00182049 -0.00104 -0.00182151 0.999998 -0.00783869 -0.0192849 0.126447
FixedParameters: 0 0 0

#Transform 77
Transform: AffineTransform_float_3_3
Parameters: 0.999999 0.000568484 0.00111542 -0.00057125 0.999998 0.00210755 -0.00111354 -0.00210745 0.999997 -0.00631327 -0.0981763 0.155435
FixedParameters: 0 0 0

#Transform 78
Transform: AffineTransform_float_3_3
Parameters: 0.999999 0.000613714 0.0013889 -0.000616023 0.999999 0.00178133 -0.00138845 -0.00178167 0.999998 0.00523862 0.0639923 0.1624
FixedParameters: 0 0 0

#Transform 79
Transform: AffineTransform_float_3_3
Parameters: 0.999999 0.000568778 0.00126632 -0.000571187 0.999998 0.00171453 -0.00126488 -0.00171547 0.999997 0.0262734 -0.0121743 0.182071
FixedParameters: 0 0 0

#Transform 80
Transform: AffineTransform_float_3_3
Parameters: 0.999999 0.000527662 0.00115085 -0.000529128 0.999999 0.000943641 -0.00115107 -0.000944357 0.999999 0.0166391 0.123759 0.0139566
FixedParameters: 0 0 0

#Transform 81
Transform: AffineTransform_float_3_3
Parameters: 0.999999 0.000416688 0.00128295 -0.000418698 1 0.00115971 -0.00128224 -0.00116029 0.999999 -0.0103273 0.0661927 0.00832211
FixedParameters: 0 0 0

#Transform 82
Transform: AffineTransform_float_3_3
Parameters: 0.999999 0.000420454 0.00129549 -0.000423593 0.999997 0.0023307 -0.0012943 -0.0023313 0.999997 -0.019636 -0.0818166 0.151451
FixedParameters: 0 0 0

#Transform 83
Transform: AffineTransform_float_3_3
Parameters: 0.999999 0.000529123 0.00144973 -0.000532115 0.999998 0.00203148 -0.00144835 -0.00203252 0.999997 -0.0193093 0.0192574 0.158058
FixedParameters: 0 0 0

#Transform 84
Transform: AffineTransform_float_3_3
Parameters: 0.999998 0.000613173 0.001509 -0.000614531 0.999999 0.00141026 -0.00150805 -0.00141074 0.999997 -0.00768944 0.104095 0.0424482
FixedParameters: 0 0 0

#Transform 85
Transform: AffineTransform_float_3_3
Parameters: 0.999999 0.000644621 0.00161336 -0.000646266 0.999999 0.00110821 -0.00161245 -0.00110979 0.999998 -0.0190469 0.164689 -0.0565273
FixedParameters: 0 0 0

#Transform 86
Transform: AffineTransform_float_3_3
Parameters: 0.999999 0.000566106 0.00132724 -0.000569372 0.999996 0.00258943 -0.0013263 -0.00258957 0.999995 -0.0338596 -0.0998339 0.12944
FixedParameters: 0 0 0

#Transform 87
Transform: AffineTransform_float_3_3
Parameters: 0.999998 0.000630528 0.00157089 -0.000634166 0.999996 0.00269626 -0.00156877 -0.00269774 0.999995 -0.0209584 0.0263526 0.090079
FixedParameters: 0 0 0

#Transform 88
Transform: AffineTransform_float_3_3
Parameters: 0.999999 0.000590121 0.00141169 -0.00059284 0.999999 0.00155535 -0.00141133 -0.00155565 0.999997 -0.0153309 0.203912 0.0101406
FixedParameters: 0 0 0

#Transform 89
Transform: AffineTransform_float_3_3
Parameters: 0.999999 0.000595814 0.00133907 -0.000599465 0.999996 0.00280838 -0.00133675 -0.00280862 0.999995 -0.019154 -0.100441 0.151947
FixedParameters: 0 0 0

#Transform 90
Transform: AffineTransform_float_3_3
Parameters: 0.999998 0.000698832 0.00148971 -0.000703322 0.999996 0.00280614 -0.00148681 -0.00280686 0.999995 -0.0122168 0.00537469 0.1408
FixedParameters: 0 0 0

#Transform 91
Transform: AffineTransform_float_3_3
Parameters: 0.999998 0.000768819 0.00151455 -0.000772215 0.999997 0.00263102 -0.00151275 -0.00263199 0.999995 0.00194092 0.0696736 0.115698
FixedParameters: 0 0 0

#Transform 92
Transform: AffineTransform_float_3_3
Parameters: 0.999998 0.000809596 0.00142308 -0.000813734 0.999996 0.00272203 -0.00142066 -0.00272297 0.999995 0.0030256 0.0693328 0.0690172
FixedParameters: 0 0 0

#Transform 93
Transform: AffineTransform_float_3_3
Parameters: 0.999999 0.00102959 0.00141892 -0.00103169 0.999998 0.00167072 -0.00141722 -0.00167228 0.999998 0.00988521 0.121994 -0.048038
FixedParameters: 0 0 0

#Transform 94
Transform: AffineTransform_float_3_3
Parameters: 0.999998 0.00107809 0.00176133 -0.00108154 0.999997 0.00227953 -0.00175866 -0.00228147 0.999996 0.0061505 -0.0132824 -0.000957909
FixedParameters: 0 0 0

#Transform 95
Transform: AffineTransform_float_3_3
Parameters: 0.999998 0.000949937 0.00127378 -0.000952924 0.999997 0.00210697 -0.00127248 -0.00210803 0.999997 0.0194222 0.00654489 0.0871317
FixedParameters: 0 0 0

#Transform 96
Transform: AffineTransform_float_3_3
Parameters: 0.999998 0.000829853 0.00179961 -0.000835733 0.999995 0.00317394 -0.00179685 -0.00317506 0.999993 -0.0081046 0.0159327 0.231796
FixedParameters: 0 0 0

#Transform 97
Transform: AffineTransform_float_3_3
Parameters: 0.999998 0.000921853 0.00128774 -0.00092493 0.999996 0.00259581 -0.00128494 -0.00259819 0.999996 0.0315993 0.0300532 0.176798
FixedParameters: 0 0 0

#Transform 98
Transform: AffineTransform_float_3_3
Parameters: 0.999998 0.000898344 0.00191855 -0.000901511 0.999998 0.00183271 -0.00191628 -0.00183429 0.999997 -0.00965631 0.134897 -0.124612
FixedParameters: 0 0 0

#Transform 99
Transform: AffineTransform_float_3_3
Parameters: 0.999997 0.000915175 0.00234587 -0.0009221 0.999995 0.00286253 -0.00234339 -0.00286447 0.999993 -0.0228686 0.071399 -0.0611661
FixedParameters: 0 0 0

#Transform 100
Transform: AffineTransform_float_3_3
Parameters: 0.999997 0.000912869 0.00227244 -0.000921908 0.99999 0.0042726 -0.00226841 -0.0042744 0.999988 -0.0177798 -0.152382 0.0821608
FixedParameters: 0 0 0

#Transform 101
Transform: AffineTransform_float_3_3
Parameters: 0.999998 0.000848769 0.00210598 -0.000854784 0.999994 0.00320196 -0.00210356 -0.00320404 0.999993 -0.0181169 0.0364108 0.0769047
FixedParameters: 0 0 0

#Transform 102
Transform: AffineTransform_float_3_3
Parameters: 0.999998 0.000979082 0.00167307 -0.000983993 0.999995 0.00283579 -0.00166976 -0.00283721 0.999995 -0.0013307 0.0454461 0.073511
FixedParameters: 0 0 0

#Transform 103
Transform: AffineTransform_float_3_3
Parameters: 0.999998 0.00105548 0.00172429 -0.00106141 0.999995 0.00297236 -0.00172122 -0.00297464 0.999994 0.0012995 0.0489436 0.0585962
FixedParameters: 0 0 0

#Transform 104
Transform: AffineTransform_float_3_3
Parameters: 0.999999 0.000792236 0.0015911 -0.000796004 0.999997 0.00262099 -0.0015892 -0.00262301 0.999996 0.00989971 0.0483142 0.0618333
FixedParameters: 0 0 0

#Transform 105
Transform: AffineTransform_float_3_3
Parameters: 0.999999 0.000787153 0.00168232 -0.000791066 0.999998 0.00223486 -0.0016808 -0.00223614 0.999996 0.0068539 0.112405 0.0254898
FixedParameters: 0 0 0

#Transform 106
Transform: AffineTransform_float_3_3
Parameters: 0.999998 0.000865161 0.00168025 -0.000869193 0.999997 0.00227279 -0.00167831 -0.00227521 0.999996 0.00705804 0.0753273 0.0533841
FixedParameters: 0 0 0

#Transform 107
Transform: AffineTransform_float_3_3
Parameters: 0.999998 0.00080962 0.00140837 -0.000813226 0.999998 0.00221804 -0.00140652 -0.00221896 0.999997 0.0174619 0.0699246 0.0495687
FixedParameters: 0 0 0

#Transform 108
Transform: AffineTransform_float_3_3
Parameters: 0.999998 0.000879074 0.00191102 -0.000881989 0.999999 0.00119975 -0.00191039 -0.00120125 0.999998 7.45248e-05 0.207055 -0.156948
FixedParameters: 0 0 0

#Transform 109
Transform: AffineTransform_float_3_3
Parameters: 0.999998 0.000890345 0.00212063 -0.000895697 0.999996 0.00256779 -0.00211856 -0.00256921 0.999994 -0.0105167 0.0541638 -0.0560779
FixedParameters: 0 0 0

#Transform 110
Transform: AffineTransform_float_3_3
Parameters: 0.999998 0.000738839 0.00179455 -0.000744181 0.999996 0.00249317 -0.00179285 -0.00249483 0.999995 -0.0208509 -0.0209782 0.0454119
FixedParameters: 0 0 0

#Transform 111
Transform: AffineTransform_float_3_3
Parameters: 0.999998 0.000801471 0.00177779 -0.00080519 0.999997 0.00206001 -0.00177648 -0.00206099 0.999996 -0.0159228 0.100552 0.0711226
FixedParameters: 0 0 0

#Transform 112
Transform: AffineTransform_float_3_3
Parameters: 0.999999 0.000677939 0.00139664 -0.000680131 0.999999 0.0017293 -0.00139603 -0.0017307 0.999998 0.00417455 0.114417 0.0742882
FixedParameters: 0 0 0

#Transform 113
Transform: AffineTransform_float_3_3
Parameters: 0.999999 0.000634979 0.00169781 -0.000638139 0.999998 0.00170742 -0.00169737 -0.00170858 0.999997 0.00755731 0.0829432 0.0546551
FixedParameters: 0 0 0

#Transform 114
Transform: AffineTransform_float_3_3
Parameters: 0.999998 0.00078905 0.00178107 -0.000792496 0.999998 0.00197909 -0.00177994 -0.00198091 0.999997 0.0168332 0.0891511 0.0214898
FixedParameters: 0 0 0

#Transform 115
Transform: AffineTransform_float_3_3
Parameters: 0.999998 0.000825498 0.00213547 -0.000828849 0.999999 0.00146292 -0.00213383 -0.00146408 0.999997 0.0163734 0.155935 -0.0725665
FixedParameters: 0 0 0

#Transform 116
Transform: AffineTransform_float_3_3
Parameters: 0.999997 0.000907601 0.00230723 -0.000912122 0.999998 0.00181665 -0.00230495 -0.00181935 0.999996 0.0163169 0.199564 -0.214319
FixedParameters: 0 0 0

#Transform 117
Transform: AffineTransform_float_3_3
Parameters: 0.999998 0.000914847 0.00215678 -0.000921395 0.999994 0.0032507 -0.00215385 -0.0032523 0.999992 0.0131291 -0.0761098 -0.00635233
FixedParameters: 0 0 0

#Transform 118
Transform: AffineTransform_float_3_3
Parameters: 0.999997 0.000982838 0.00190586 -0.000988335 0.999995 0.00282756 -0.00190377 -0.00282944 0.999994 0.0353366 0.0424039 -0.0172534
FixedParameters: 0 0 0

#Transform 119
Transform: AffineTransform_float_3_3
Parameters: 0.999997 0.000977649 0.0019591 -0.000983405 0.999995 0.00313051 -0.00195574 -0.00313249 0.999993 0.0290496 0.0977604 0.107697
FixedParameters: 0 0 0

#Transform 120
Transform: AffineTransform_float_3_3
Parameters: 0.999998 0.00129349 0.00188242 -0.00129834 0.999996 0.00269193 -0.00187893 -0.00269407 0.999995 0.0449613 0.0587415 -0.0339732
FixedParameters: 0 0 0

#Transform 121
Transform: AffineTransform_float_3_3
Parameters: 0.999998 0.00130853 0.00193153 -0.00131189 0.999998 0.00180384 -0.0019288 -0.00180616 0.999996 0.0254959 0.211309 -0.0845371
FixedParameters: 0 0 0

#Transform 122
Transform: AffineTransform_float_3_3
Parameters: 0.999998 0.00128445 0.00185322 -0.00129036 0.999994 0.00328199 -0.00184851 -0.00328402 0.999993 0.0386182 -0.0128748 0.0401463
FixedParameters: 0 0 0

#Transform 123
Transform: AffineTransform_float_3_3
Parameters: 0.999997 0.00127108 0.00179955 -0.00127622 0.999995 0.00289607 -0.00179566 -0.00289792 0.999994 0.0566781 0.0892644 0.0168986
FixedParameters: 0 0 0

#Transform 124
Transform: AffineTransform_float_3_3
Parameters: 0.999997 0.00134797 0.00209064 -0.00135418 0.999995 0.00298154 -0.00208632 -0.00298446 0.999993 0.0453474 0.07365 -0.0157225
FixedParameters: 0 0 0

#Transform 125
Transform: AffineTransform_float_3_3
Parameters: 0.999997 0.00140063 0.00228757 -0.00140615 0.999995 0.00278341 -0.00228375 -0.00278659 0.999993 0.0489465 0.0835062 -0.00709415
FixedParameters: 0 0 0

#Transform 126
Transform: AffineTransform_float_3_3
Parameters: 0.999997 0.00155312 0.00224644 -0.00155696 0.999996 0.00202906 -0.00224361 -0.00203194 0.999995 0.0512054 0.165305 -0.142715
FixedParameters: 0 0 0

#Transform 127
Transform: AffineTransform_float_3_3
Parameters: 0.999995 0.00148136 0.00259203 -0.00148848 0.999995 0.00276402 -0.00258782 -0.00276798 0.999993 0.0243816 0.0212829 -0.100591
FixedParameters: 0 0 0

#Transform 128
Transform: AffineTransform_float_3_3
Parameters: 0.999996 0.00150025 0.00266249 -0.00150738 0.999995 0.00269187 -0.00265839 -0.00269614 0.999993 0.0385664 0.0725609 -0.089648
FixedParameters: 0 0 0

#Transform 129
Transform: AffineTransform_float_3_3
Parameters: 0.999995 0.00152238 0.0027378 -0.00152807 0.999996 0.00200094 -0.00273517 -0.00200506 0.999995 0.0595371 0.182426 -0.224448
FixedParameters: 0 0 0

#Transform 130
Transform: AffineTransform_float_3_3
Parameters: 0.999996 0.00139794 0.00228921 -0.00140621 0.999991 0.00396041 -0.00228385 -0.00396359 0.999989 0.0737141 0.233394 -0.402077
FixedParameters: 0 0 0

#Transform 131
Transform: AffineTransform_float_3_3
Parameters: 0.999995 0.00113284 0.00273802 -0.00114668 0.999987 0.00490681 -0.00273239 -0.00491018 0.999984 0.0343681 0.0931406 -0.0413294
FixedParameters: 0 0 0

#Transform 132
Transform: AffineTransform_float_3_3
Parameters: 0.999994 0.00146343 0.00320141 -0.00148003 0.999986 0.00519066 -0.00319368 -0.00519534 0.999982 -0.00806495 -0.0974768 0.0341166
FixedParameters: 0 0 0

#Transform 133
Transform: AffineTransform_float_3_3
Parameters: 0.999995 0.00166318 0.00244291 -0.0016732 0.999989 0.00421573 -0.00243581 -0.00421927 0.999988 0.00985151 0.111019 0.0763639
FixedParameters: 0 0 0

#Transform 134
Transform: AffineTransform_float_3_3
Parameters: 0.999997 0.00159976 0.00175185 -0.00160499 0.999994 0.00292631 -0.00174692 -0.00292969 0.999994 0.0144176 0.107852 0.0907401
FixedParameters: 0 0 0

#Transform 135
Transform: AffineTransform_float_3_3
Parameters: 0.999997 0.00155981 0.00156396 -0.00156345 0.999996 0.00215268 -0.00156116 -0.00215532 0.999996 0.022262 0.185225 0.0896424
FixedParameters: 0 0 0

#Transform 136
Transform: AffineTransform_float_3_3
Parameters: 0.999997 0.00156577 0.00181165 -0.00156994 0.999997 0.00207253 -0.00180811 -0.00207547 0.999997 0.0186176 0.183486 0.10102
FixedParameters: 0 0 0

#Transform 137
Transform: AffineTransform_float_3_3
Parameters: 0.999997 0.00144571 0.00203845 -0.00144853 0.999998 0.00133867 -0.00203631 -0.00134133 0.999997 0.0190574 0.286384 -0.0691159
FixedParameters: 0 0 0

#Transform 138
Transform: AffineTransform_float_3_3
Parameters: 0.999996 0.00140041 0.00213793 -0.00140498 0.999997 0.00191162 -0.00213456 -0.00191438 0.999996 0.00653444 0.204013 -0.038465
FixedParameters: 0 0 0

#Transform 139
Transform: AffineTransform_float_3_3
Parameters: 0.999995 0.00151974 0.00254438 -0.00152973 0.999992 0.00370999 -0.00253855 -0.00371401 0.99999 -0.0231809 0.0530003 0.100695
FixedParameters: 0 0 0

#Transform 140
Transform: AffineTransform_float_3_3
Parameters: 0.999996 0.00160551 0.00234454 -0.00161334 0.999993 0.00335985 -0.00233894 -0.00336415 0.999992 -0.0160329 0.163706 0.0946887
FixedParameters: 0 0 0

#Transform 141
Transform: AffineTransform_float_3_3
Parameters: 0.999995 0.00152314 0.00261353 -0.00152894 0.999997 0.00211863 -0.00261054 -0.00212337 0.999994 -0.0163978 0.205963 0.126142
FixedParameters: 0 0 0

#Transform 142
Transform: AffineTransform_float_3_3
Parameters: 0.999996 0.00141707 0.00216861 -0.00142067 0.999997 0.00182354 -0.00216665 -0.00182646 0.999996 -0.00749043 0.234715 0.0595492
FixedParameters: 0 0 0

#Transform 143
Transform: AffineTransform_float_3_3
Parameters: 0.999996 0.00146614 0.00261426 -0.00147245 0.999997 0.00221503 -0.00261123 -0.00221897 0.999994 -0.0192403 0.290388 -0.0358409
FixedParameters: 0 0 0

#Transform 144
Transform: AffineTransform_float_3_3
Parameters: 0.999995 0.0014954 0.0025392 -0.00150464 0.999993 0.00343206 -0.00253316 -0.00343594 0.999991 -0.0268897 0.0840579 0.114064
FixedParameters: 0 0 0

#Transform 145
Transform: AffineTransform_float_3_3
Parameters: 0.999995 0.00167699 0.00273898 -0.00168517 0.999995 0.0029382 -0.00273432 -0.0029428 0.999992 -0.0240284 0.224892 0.103469
FixedParameters: 0 0 0

#Transform 146
Transform: AffineTransform_float_3_3
Parameters: 0.999996 0.00160439 0.00257753 -0.00160948 0.999996 0.00219773 -0.0025742 -0.00220228 0.999995 -0.0348329 0.183935 0.102126
FixedParameters: 0 0 0

#Transform 147
Transform: AffineTransform_float_3_3
Parameters: 0.999996 0.00161277 0.00258912 -0.00161679 0.999997 0.00147062 -0.00258636 -0.00147438 0.999995 -0.0369222 0.242464 0.137625
FixedParameters: 0 0 0

#Transform 148
Transform: AffineTransform_float_3_3
Parameters: 0.999996 0.00151537 0.00240298 -0.00151824 0.999998 0.00154597 -0.00240054 -0.00155003 0.999996 -0.0212737 0.255029 0.119982
FixedParameters: 0 0 0

#Transform 149
Transform: AffineTransform_float_3_3
Parameters: 0.999995 0.00132801 0.00278731 -0.0013338 0.999997 0.00185722 -0.00278462 -0.00186177 0.999994 -0.0291627 0.173082 0.132279
FixedParameters: 0 0 0
