#!ascii label  , from subject sub-v1s2x0051463_ses-1 vox2ras=TkReg
1615
30710  30.193  -59.749  28.578 0.8999999762
28867  30.032  -60.614  28.785 0.8000000119
29757  30.230  -60.392  27.868 0.8000000119
134899  29.743  -62.240  28.409 0.6999999881
27967  29.603  -62.823  27.523 0.8000000119
30694  29.707  -59.963  29.464 0.8999999762
29758  30.058  -61.008  27.161 0.8999999762
28888  29.782  -61.907  27.373 0.8000000119
27978  29.479  -62.484  26.669 0.8000000119
28899  29.608  -61.564  26.393 0.8999999762
26992  29.204  -62.971  26.160 0.8000000119
26993  28.856  -62.992  25.534 0.6999999881
143510  28.529  -63.734  25.210 0.6999999881
31675  28.833  -58.928  30.253 0.8000000119
136433  29.473  -59.074  29.720 0.8999999762
31697  29.187  -58.331  29.937 0.8999999762
31677  27.620  -57.939  30.143 0.8999999762
31712  30.343  -58.788  28.409 0.8999999762
30732  30.396  -59.505  27.664 1.0000000000
29773  29.862  -60.643  26.379 0.8999999762
30747  30.041  -59.831  26.208 1.0000000000
29785  29.589  -60.317  25.667 0.8999999762
140290  29.497  -60.990  25.817 0.8999999762
27990  29.215  -62.306  25.884 0.8000000119
144954  27.936  -63.759  24.505 0.6999999881
32741  30.004  -57.343  29.051 0.8999999762
32742  29.413  -57.638  29.638 0.8999999762
149137  28.790  -57.707  30.065 0.8999999762
31678  26.911  -58.180  29.772 0.8999999762
31696  29.874  -58.339  29.239 0.8999999762
32760  30.282  -57.965  28.579 0.8999999762
30746  30.383  -59.254  26.758 1.0000000000
29786  29.169  -60.832  25.169 0.8000000119
27991  28.750  -62.230  25.156 0.8000000119
143980  27.794  -62.923  24.180 0.8000000119
28012  27.185  -61.998  23.472 0.8000000119
27024  27.144  -62.859  23.591 0.8000000119
27025  26.511  -63.139  23.214 0.8000000119
32720  28.027  -57.295  30.195 0.8999999762
31698  26.946  -57.225  29.781 0.8999999762
32743  26.132  -56.893  29.159 0.8999999762
155003  29.517  -57.115  29.504 0.8999999762
33859  26.446  -56.418  29.635 0.8999999762
33860  25.897  -56.387  29.396 0.8000000119
31713  25.789  -57.449  28.846 0.8000000119
34930  26.119  -55.891  29.827 0.6999999881
32744  25.636  -56.961  29.103 0.6999999881
32745  24.978  -57.145  29.446 0.6999999881
33880  30.468  -57.240  28.101 0.8999999762
32721  24.469  -57.028  30.435 0.6999999881
31679  24.320  -57.692  30.186 0.6999999881
33907  30.610  -57.033  27.246 1.0000000000
147060  24.014  -56.838  30.873 0.6000000238
31731  30.524  -58.629  27.426 1.0000000000
31743  30.416  -58.290  26.472 1.0000000000
30757  30.169  -59.033  25.961 1.0000000000
30758  29.682  -59.543  25.488 1.0000000000
29794  29.263  -60.045  24.939 0.8999999762
31761  29.705  -58.776  25.327 1.0000000000
30765  29.278  -59.229  24.834 0.8999999762
136855  28.763  -59.650  24.386 0.8000000119
29795  28.622  -60.578  24.418 0.8000000119
28924  27.741  -61.645  23.852 0.8000000119
28934  27.339  -61.325  23.422 0.8000000119
28013  26.502  -62.368  23.018 0.8000000119
28942  26.058  -61.640  22.568 0.8000000119
29812  26.378  -60.806  22.615 0.8000000119
28943  25.238  -61.816  22.234 0.8000000119
136456  28.936  -56.959  29.909 0.8999999762
33841  28.899  -56.026  29.976 0.8999999762
33857  28.175  -56.385  30.184 0.8999999762
33858  27.306  -56.498  30.069 0.8999999762
33856  30.237  -56.563  28.662 0.8999999762
33861  25.230  -56.635  29.858 0.6999999881
158094  30.454  -56.598  28.145 0.8999999762
33832  24.639  -56.310  30.743 0.6000000238
153964  30.566  -56.495  27.620 1.0000000000
33846  22.727  -56.019  30.693 0.5000000000
32793  30.518  -57.302  26.520 1.0000000000
34931  22.009  -55.305  30.137 0.5000000000
137540  30.321  -56.702  25.851 1.0000000000
31760  30.130  -58.362  25.733 1.0000000000
138016  29.751  -57.994  25.224 1.0000000000
31770  29.289  -58.443  24.714 1.0000000000
158316  28.393  -59.239  23.947 0.8999999762
29796  27.853  -60.781  23.702 0.8000000119
136305  27.879  -59.177  23.484 0.8999999762
30774  27.496  -59.922  23.287 0.8000000119
29807  27.108  -60.703  23.096 0.8000000119
30782  27.185  -59.088  22.983 0.8999999762
31784  26.938  -58.386  22.818 0.8999999762
131765  25.956  -60.205  22.330 0.8000000119
143053  24.741  -60.596  21.733 0.8000000119
29825  24.331  -59.918  21.523 0.8000000119
33843  26.776  -55.871  30.065 0.8999999762
34929  29.492  -55.489  29.657 0.8999999762
155799  29.360  -54.782  29.864 0.8999999762
34915  26.328  -55.350  30.321 0.6999999881
34916  25.785  -55.554  30.375 0.8000000119
140222  30.455  -56.037  28.163 0.8999999762
34912  29.842  -54.869  29.342 0.8999999762
34904  24.230  -55.543  31.158 0.6999999881
33845  23.732  -56.201  30.996 0.6000000238
144568  23.302  -56.888  30.839 0.6000000238
35912  23.797  -54.720  31.261 0.6999999881
34918  23.346  -55.377  31.020 0.6000000238
33918  30.597  -56.331  26.686 1.0000000000
35924  22.293  -54.535  30.283 0.5000000000
139695  30.329  -55.803  25.889 1.0000000000
32810  29.691  -57.044  25.150 1.0000000000
137760  29.104  -56.933  24.532 1.0000000000
32820  29.233  -57.637  24.630 1.0000000000
31777  28.258  -58.568  23.780 0.8999999762
35012  29.282  -55.490  24.840 1.0000000000
33946  28.595  -56.408  24.165 0.8999999762
32821  28.632  -57.271  24.137 0.8999999762
158523  27.545  -57.698  23.269 0.8999999762
137356  28.066  -57.702  23.631 0.8999999762
32836  27.052  -57.640  22.897 0.8999999762
31786  25.821  -58.545  22.174 0.8999999762
30783  25.881  -59.427  22.251 0.8999999762
32829  27.531  -57.158  23.277 0.8999999762
134423  26.399  -57.203  22.489 0.8999999762
30792  25.045  -59.072  21.724 0.8999999762
32838  25.795  -57.698  22.121 0.8999999762
34913  28.782  -55.102  30.220 0.8999999762
146040  27.908  -55.090  30.396 0.8999999762
34914  27.078  -55.197  30.354 0.8999999762
35920  26.488  -54.637  30.610 1.0000000000
35921  25.663  -54.914  30.823 0.8000000119
35918  29.004  -54.245  30.211 0.8999999762
35922  24.727  -54.860  31.201 0.6999999881
34968  30.587  -55.691  27.399 0.8999999762
133382  30.238  -54.863  28.766 0.8999999762
36932  24.309  -54.052  31.307 0.6999999881
36942  23.402  -53.863  31.138 0.6999999881
35923  22.961  -54.568  30.927 0.5000000000
34983  30.493  -55.261  26.543 1.0000000000
36951  22.042  -53.831  29.743 0.5000000000
35934  21.726  -54.626  29.521 0.5000000000
154689  30.294  -55.201  25.929 1.0000000000
35998  29.641  -54.431  25.436 1.0000000000
35003  29.874  -55.184  25.436 1.0000000000
149580  28.807  -55.756  24.411 1.0000000000
36008  29.220  -54.670  24.958 1.0000000000
35013  28.298  -55.623  23.988 0.8999999762
33955  27.531  -56.370  23.323 0.8999999762
35032  27.033  -55.901  22.911 0.8999999762
30839  23.954  -59.567  18.537 0.6999999881
30840  22.795  -59.468  19.140 0.8000000119
147387  22.677  -58.762  18.944 0.8000000119
35933  29.592  -54.198  29.689 0.8999999762
36938  28.523  -53.528  30.395 1.0000000000
35919  28.224  -54.320  30.464 1.0000000000
149253  26.857  -53.029  30.703 1.0000000000
154684  26.015  -53.626  30.944 0.6999999881
144445  25.172  -54.180  31.193 0.6999999881
34943  30.450  -55.225  28.139 0.8999999762
35932  30.109  -54.238  29.082 0.8999999762
36941  24.025  -53.219  31.137 0.6999999881
36943  22.628  -53.779  30.565 0.6000000238
35977  30.419  -54.419  26.678 1.0000000000
35962  30.531  -54.776  27.351 0.8999999762
153664  30.408  -54.266  28.199 0.8999999762
36952  21.589  -54.002  28.909 0.4000000060
35997  30.193  -54.565  25.971 1.0000000000
146844  28.663  -54.087  24.626 1.0000000000
36021  28.081  -54.986  23.859 1.0000000000
146910  28.175  -54.292  24.023 1.0000000000
32865  22.925  -57.338  19.961 0.8999999762
30824  26.077  -59.987  18.854 0.6000000238
133874  24.832  -59.572  18.133 0.6000000238
31843  24.466  -58.927  18.007 0.8000000119
135506  23.418  -58.828  18.503 0.8000000119
31844  22.260  -59.061  19.509 0.8999999762
158454  22.395  -58.189  19.706 0.8999999762
36950  29.865  -53.550  29.372 0.8999999762
36937  29.275  -53.496  30.008 0.8999999762
144180  26.022  -53.018  30.923 0.8000000119
156990  24.782  -53.512  31.226 0.6999999881
37961  23.815  -52.379  30.805 0.6999999881
37963  22.433  -53.024  30.037 0.6000000238
36961  21.950  -53.131  28.998 0.4000000060
132903  30.426  -53.760  27.220 0.8999999762
37005  30.191  -53.803  26.350 1.0000000000
140612  29.732  -53.836  25.712 1.0000000000
146333  29.187  -53.910  25.171 1.0000000000
37020  28.787  -53.294  24.832 1.0000000000
37029  28.300  -53.449  24.196 1.0000000000
38039  28.090  -52.873  23.595 1.0000000000
32864  23.779  -57.168  20.399 0.8999999762
35064  23.840  -55.903  19.703 0.8999999762
33992  22.617  -56.811  19.574 0.8999999762
32898  21.998  -56.871  18.691 0.8999999762
32866  22.381  -57.352  19.488 0.8999999762
144662  27.156  -58.909  19.989 0.6000000238
30823  26.571  -59.279  19.329 0.6000000238
30838  25.456  -59.814  18.332 0.6000000238
31842  25.473  -58.965  17.872 0.8000000119
31855  23.902  -58.142  17.982 0.8000000119
32897  22.309  -57.625  18.826 0.8999999762
37957  28.808  -52.673  30.216 0.8999999762
36939  27.596  -53.509  30.599 0.8999999762
146580  26.576  -52.308  30.756 0.6999999881
37958  28.061  -52.166  30.458 0.8999999762
37959  27.412  -52.579  30.613 0.8999999762
36949  30.225  -53.656  28.717 1.0000000000
36960  30.142  -52.906  28.796 1.0000000000
141528  29.595  -52.765  29.605 1.0000000000
156002  23.687  -51.731  30.425 0.6000000238
38948  22.803  -51.784  29.297 0.5000000000
36988  30.217  -53.149  26.643 1.0000000000
36978  30.391  -53.328  28.062 1.0000000000
37993  30.322  -52.628  27.388 1.0000000000
37006  29.841  -53.151  26.001 1.0000000000
37019  29.323  -53.215  25.388 1.0000000000
138520  29.052  -52.694  25.034 1.0000000000
38027  28.649  -52.535  24.353 1.0000000000
134353  28.479  -52.027  23.488 1.0000000000
38040  27.678  -53.237  22.939 1.0000000000
145779  27.414  -54.109  22.901 1.0000000000
37058  27.354  -53.590  22.247 1.0000000000
153226  26.875  -54.527  22.134 1.0000000000
36044  26.465  -54.485  21.142 1.0000000000
36045  26.029  -55.120  20.926 0.8999999762
35046  26.291  -55.254  21.622 0.8999999762
33990  24.285  -56.428  20.257 0.8999999762
32867  22.056  -56.488  19.194 0.8999999762
34038  21.736  -56.310  18.189 0.8999999762
31810  28.511  -58.229  20.624 0.6000000238
31811  27.538  -58.261  20.174 0.6000000238
152829  26.456  -58.711  18.737 0.6000000238
30837  26.091  -59.261  18.411 0.6000000238
31854  24.966  -58.240  17.494 0.8000000119
32909  23.157  -57.359  17.908 0.8000000119
37969  28.661  -51.874  30.142 0.8999999762
38936  27.207  -51.621  30.582 0.6999999881
152123  25.075  -52.022  30.912 0.6000000238
38938  24.473  -51.724  30.733 0.6000000238
38958  29.953  -51.447  28.614 0.8999999762
38946  23.986  -51.108  30.275 0.6000000238
38947  23.385  -51.449  29.855 0.5000000000
158473  30.333  -52.781  28.128 1.0000000000
38001  30.042  -52.454  26.351 1.0000000000
38957  30.247  -51.617  27.751 0.8999999762
38016  29.547  -52.517  25.567 1.0000000000
39001  29.279  -52.040  24.958 1.0000000000
141460  29.150  -51.590  24.102 1.0000000000
39010  28.980  -51.273  23.268 1.0000000000
38053  27.960  -52.421  22.891 1.0000000000
38054  27.624  -52.793  22.294 1.0000000000
37059  26.965  -53.723  21.454 1.0000000000
36058  25.944  -54.552  20.253 1.0000000000
36075  24.846  -54.488  19.160 0.8999999762
35083  24.365  -55.180  19.456 0.8999999762
35065  22.694  -56.078  19.417 0.8999999762
35097  21.168  -55.465  18.163 0.8999999762
32863  27.915  -57.628  20.276 0.6000000238
32882  27.254  -57.578  19.504 0.6000000238
31841  26.184  -58.516  18.016 0.6000000238
32907  26.075  -57.318  17.120 0.6999999881
141134  25.385  -57.446  17.137 0.6999999881
32908  24.357  -57.412  17.431 0.6999999881
34037  22.315  -56.606  17.862 0.8000000119
141377  21.594  -55.880  17.780 0.8999999762
155554  24.056  -56.142  17.079 0.6999999881
34036  23.510  -56.565  17.411 0.8000000119
140936  22.441  -56.066  17.525 0.8999999762
39927  25.626  -50.770  30.568 0.6999999881
39928  24.762  -50.907  30.493 0.6000000238
38944  29.466  -51.307  29.323 0.8999999762
38945  28.884  -51.252  29.889 0.8000000119
39925  27.482  -50.710  30.296 0.6999999881
39953  29.626  -50.666  28.843 0.8000000119
140003  30.220  -51.692  26.817 1.0000000000
38971  30.283  -50.898  27.292 0.8000000119
38977  30.300  -50.912  26.420 0.8999999762
38992  29.913  -51.679  25.765 1.0000000000
39992  29.754  -51.275  24.849 1.0000000000
40003  29.767  -50.919  24.064 1.0000000000
153268  29.391  -51.107  23.670 1.0000000000
39019  28.321  -51.580  22.625 1.0000000000
38071  27.483  -52.302  21.621 1.0000000000
150570  27.358  -53.086  21.733 1.0000000000
37071  26.561  -53.594  20.523 1.0000000000
36074  25.498  -54.325  19.521 0.8999999762
36076  23.901  -54.593  18.947 0.8999999762
35084  23.341  -55.297  19.241 0.8999999762
36078  21.796  -54.795  18.490 0.8999999762
32894  26.846  -57.198  18.499 0.6000000238
34034  25.735  -56.854  16.847 0.6999999881
140304  20.924  -55.159  17.910 0.8999999762
33987  29.368  -56.618  20.518 0.6000000238
32862  28.612  -57.271  20.480 0.6000000238
34035  24.890  -56.564  16.911 0.6999999881
35109  23.215  -55.684  17.152 0.6999999881
39926  26.567  -50.741  30.516 0.6999999881
40960  25.066  -50.171  30.250 0.6000000238
39936  29.059  -50.488  29.488 0.8000000119
39937  28.330  -50.625  29.942 0.8000000119
39938  26.913  -49.940  30.232 0.6999999881
39939  25.961  -49.961  30.379 0.6999999881
39964  29.826  -50.058  28.375 0.6999999881
40972  29.348  -49.904  28.977 0.8000000119
150972  30.434  -50.289  26.959 0.6999999881
39973  30.599  -50.055  26.199 0.6999999881
138650  30.682  -50.021  25.274 0.8000000119
41012  30.760  -49.807  24.449 0.8000000119
39991  30.289  -50.544  24.661 0.8000000119
41023  30.770  -49.612  23.624 0.8000000119
40002  30.308  -50.292  23.863 0.8999999762
40012  29.660  -50.623  23.277 0.8999999762
40013  28.964  -50.702  22.468 1.0000000000
39039  27.859  -51.548  21.896 1.0000000000
149528  26.798  -52.745  20.462 1.0000000000
38089  26.416  -52.861  19.837 1.0000000000
40029  27.908  -50.850  21.481 1.0000000000
38087  27.132  -52.178  20.809 1.0000000000
37072  25.980  -53.688  19.645 1.0000000000
38104  25.757  -52.855  19.079 1.0000000000
37086  25.313  -53.751  18.984 0.8999999762
37087  24.388  -53.831  18.692 0.8999999762
37088  23.335  -53.959  18.534 0.8999999762
37089  22.316  -54.116  18.341 0.8999999762
34006  27.930  -56.149  19.740 0.6000000238
34007  27.409  -56.721  19.210 0.6000000238
34022  26.547  -56.879  17.594 0.6000000238
34033  26.240  -56.500  16.875 0.6999999881
37105  21.443  -54.292  17.761 0.8999999762
35126  21.543  -55.003  17.256 0.8999999762
35123  25.257  -55.723  16.589 0.6999999881
35108  24.352  -55.726  16.830 0.6999999881
35125  22.411  -54.927  17.001 0.8999999762
36114  21.774  -54.405  17.085 0.8999999762
40955  28.844  -49.732  29.358 0.6999999881
135371  27.793  -49.952  29.934 0.6000000238
40958  26.354  -49.299  29.850 0.6000000238
40959  25.318  -49.417  29.711 0.6000000238
40984  30.018  -49.362  27.972 0.6999999881
41874  28.253  -48.424  29.001 0.6000000238
40997  30.777  -49.143  26.362 0.6999999881
41006  30.863  -49.472  25.735 0.6999999881
41034  31.224  -49.005  23.281 0.8000000119
41035  30.616  -49.463  22.827 0.8000000119
41046  30.349  -49.219  22.056 0.8000000119
41036  29.792  -49.931  22.488 0.8000000119
40028  28.538  -50.417  21.692 1.0000000000
40027  29.159  -50.081  21.901 0.8000000119
40044  27.447  -50.731  20.855 1.0000000000
39059  27.057  -51.399  20.520 1.0000000000
38103  26.227  -52.052  19.476 1.0000000000
40045  26.948  -50.569  20.278 1.0000000000
39074  26.564  -51.272  19.883 1.0000000000
144987  25.622  -51.971  18.855 1.0000000000
38121  24.976  -52.068  18.406 1.0000000000
136293  24.240  -52.353  18.234 1.0000000000
38106  23.693  -53.090  18.243 0.8999999762
34021  27.114  -56.306  18.348 0.6000000238
37104  21.957  -53.618  17.775 0.8999999762
33988  28.714  -55.883  20.286 0.6000000238
157311  27.508  -56.185  19.070 0.6000000238
34032  26.727  -56.083  17.379 0.6999999881
148424  21.741  -53.609  17.302 0.8999999762
35107  26.496  -55.879  16.831 0.6999999881
36112  24.445  -54.529  16.484 0.6999999881
36113  22.831  -54.168  16.659 0.8999999762
41865  25.872  -48.640  29.219 0.5000000000
40973  28.992  -49.060  28.981 0.6000000238
41875  27.489  -47.918  28.783 0.5000000000
41891  30.098  -48.523  27.566 0.6999999881
136037  29.529  -48.737  28.315 0.6999999881
136562  30.561  -48.674  26.903 0.6999999881
41915  31.085  -48.813  25.726 0.6999999881
41908  30.846  -48.369  26.340 0.6999999881
41921  31.673  -48.201  24.277 0.6999999881
41927  31.588  -48.513  23.661 0.6999999881
41939  31.080  -48.825  22.480 0.8000000119
41951  30.799  -48.531  21.706 0.8000000119
41952  29.989  -48.833  21.342 0.8000000119
41060  29.243  -49.109  21.031 0.8000000119
41061  28.517  -49.294  20.726 0.8999999762
40043  28.034  -50.048  21.006 1.0000000000
131086  28.959  -48.786  20.517 0.8000000119
41062  27.700  -49.373  20.324 0.8999999762
41063  26.950  -49.769  20.109 1.0000000000
40055  26.347  -50.301  19.647 1.0000000000
39075  25.954  -51.170  19.257 1.0000000000
39092  24.152  -51.445  18.020 1.0000000000
39093  23.395  -52.171  17.876 0.8999999762
38122  22.654  -52.820  17.750 0.8999999762
38135  22.007  -52.707  17.219 0.8999999762
39094  22.558  -51.930  17.433 0.8999999762
38149  21.995  -52.307  16.970 0.8999999762
35080  28.325  -55.373  19.735 0.6000000238
35096  27.197  -55.473  17.908 0.6000000238
35122  25.981  -55.534  16.404 0.6999999881
37129  23.863  -53.757  16.408 0.8000000119
37146  22.508  -52.740  16.580 0.8999999762
36109  26.954  -54.800  16.624 0.6999999881
36111  25.443  -54.856  16.378 0.6999999881
37145  23.438  -52.842  16.317 0.8000000119
38163  22.304  -52.150  16.720 0.8999999762
37128  25.032  -53.972  16.269 0.6999999881
38162  22.932  -52.111  16.396 0.8999999762
152998  28.919  -48.318  28.593 0.5000000000
42833  27.473  -47.388  28.235 0.5000000000
133286  29.934  -47.720  27.403 0.6999999881
42832  28.320  -47.662  28.405 0.5000000000
41890  30.467  -47.972  26.958 0.6999999881
42882  31.223  -48.032  25.694 0.6999999881
42866  30.773  -47.570  26.277 0.6999999881
42881  31.551  -47.699  24.957 0.6999999881
42889  31.931  -47.447  24.172 0.6999999881
42910  32.086  -47.766  22.734 0.6999999881
41938  31.666  -48.414  22.967 0.6999999881
131165  31.231  -47.838  21.369 0.8000000119
42930  30.809  -47.488  20.608 0.8000000119
41964  29.594  -48.499  20.668 0.8000000119
41965  28.359  -48.728  20.162 0.8000000119
41975  27.675  -48.728  19.697 0.8999999762
41073  26.550  -49.418  19.534 1.0000000000
40056  25.703  -50.426  19.048 1.0000000000
39091  25.190  -51.080  18.545 1.0000000000
41974  29.088  -48.298  20.053 0.8000000119
41984  28.412  -48.161  19.421 0.8000000119
41083  26.159  -48.986  19.002 0.8999999762
40073  25.142  -50.008  18.604 1.0000000000
40074  24.382  -50.421  18.074 1.0000000000
41084  25.286  -49.111  18.542 0.8999999762
41086  23.682  -49.843  17.608 1.0000000000
40075  23.476  -50.687  17.597 1.0000000000
40076  22.683  -51.026  17.187 1.0000000000
39119  22.331  -51.657  16.857 0.8999999762
35106  26.888  -55.412  17.039 0.6999999881
148252  22.697  -50.509  16.932 0.8999999762
36088  27.669  -54.831  18.408 0.6000000238
135082  27.327  -54.655  17.436 0.6000000238
40098  22.698  -51.143  16.606 0.8999999762
153085  27.259  -54.194  16.772 0.6999999881
36110  26.384  -54.692  16.289 0.6999999881
37143  25.643  -53.381  16.014 0.6999999881
37144  24.557  -53.078  16.153 0.6999999881
38161  23.955  -52.053  16.096 0.8000000119
147176  25.208  -52.440  15.886 0.6999999881
142134  23.801  -51.050  16.070 0.8000000119
40112  23.069  -50.646  16.286 0.8999999762
39135  24.793  -51.479  15.813 0.6999999881
41873  29.318  -47.870  27.995 0.6000000238
42848  29.377  -47.148  27.449 0.5000000000
42847  30.122  -47.116  26.873 0.5000000000
43874  31.569  -46.784  24.826 0.6999999881
42896  32.247  -47.256  23.374 0.6999999881
156344  32.322  -46.877  22.040 0.6999999881
42920  31.997  -47.390  21.883 0.6999999881
43918  32.175  -46.589  21.482 0.6999999881
42929  31.571  -47.121  21.046 0.8000000119
41963  30.395  -48.170  20.962 0.8000000119
42939  29.877  -47.357  19.529 0.8000000119
42948  28.794  -47.540  18.796 0.8000000119
43940  30.197  -46.855  19.199 0.8000000119
43945  29.146  -46.989  18.232 0.8000000119
41985  27.613  -48.296  19.010 0.8000000119
41986  26.551  -48.605  18.741 0.8999999762
41996  25.174  -48.534  17.897 0.8999999762
41085  24.488  -49.530  18.072 1.0000000000
43956  28.816  -46.741  17.464 0.8000000119
42959  28.285  -47.346  18.004 0.8000000119
41988  23.870  -49.101  17.541 1.0000000000
37102  27.748  -54.166  18.123 0.6000000238
41093  23.213  -49.412  17.132 1.0000000000
37127  27.010  -54.128  16.242 0.6999999881
36124  26.563  -53.705  15.959 0.6999999881
40097  22.766  -50.491  16.603 0.8999999762
140471  22.885  -49.889  16.792 1.0000000000
38160  26.266  -52.788  15.758 0.6999999881
39134  25.888  -51.798  15.653 0.8000000119
40111  24.468  -50.681  15.766 0.8000000119
43887  32.088  -46.640  23.945 0.6999999881
44824  32.161  -45.893  23.602 0.6999999881
43897  32.367  -46.518  23.145 0.6999999881
43907  32.423  -46.331  22.305 0.6999999881
44849  32.431  -45.772  21.611 0.6999999881
43929  32.198  -45.925  20.841 0.6999999881
43938  31.638  -46.049  20.062 0.6999999881
44858  32.209  -45.333  20.194 0.6999999881
43939  30.888  -46.499  19.573 0.8000000119
42938  30.477  -47.138  19.891 0.8000000119
43944  29.868  -46.626  18.500 0.8000000119
43954  30.266  -46.049  18.060 0.8000000119
43955  29.552  -46.407  17.751 0.8000000119
145769  26.845  -47.799  17.581 0.8999999762
42961  25.980  -48.136  17.712 0.8999999762
42960  27.577  -47.470  17.556 0.8000000119
42973  26.075  -47.618  16.856 0.8999999762
41987  24.575  -48.914  17.937 0.8999999762
37114  27.672  -53.690  17.419 0.6000000238
43975  25.632  -47.206  16.004 0.8999999762
42974  24.879  -47.616  16.511 0.8999999762
41998  23.417  -48.691  16.974 1.0000000000
155937  28.342  -52.827  17.729 0.6000000238
42005  23.270  -48.376  16.392 0.8999999762
39133  26.951  -52.124  15.509 0.6999999881
40110  25.410  -50.862  15.533 0.8000000119
130906  23.669  -50.178  15.953 0.8999999762
41113  23.628  -49.318  15.747 0.8000000119
137867  32.402  -45.862  22.959 0.6999999881
44839  32.471  -45.444  22.387 0.6999999881
133355  32.513  -45.178  20.966 0.6999999881
146054  31.804  -45.441  19.566 0.6999999881
45823  32.239  -44.781  19.425 0.6999999881
146659  31.624  -45.228  18.906 0.6999999881
43957  28.043  -47.006  17.033 0.8000000119
42972  27.168  -47.346  16.913 0.8000000119
43983  28.109  -46.489  16.275 0.8000000119
43984  27.361  -46.543  15.737 0.8000000119
41997  24.212  -48.458  17.332 0.8999999762
37126  27.414  -53.596  16.513 0.6000000238
43974  26.718  -47.077  16.200 0.8000000119
43985  26.324  -46.644  15.470 0.8999999762
151511  24.218  -47.949  16.855 0.8999999762
42963  23.556  -48.124  16.676 0.8999999762
38134  27.804  -53.058  16.943 0.6000000238
37142  27.193  -53.395  15.930 0.6999999881
42976  23.280  -47.865  16.093 0.8999999762
40109  26.479  -51.145  15.314 0.6999999881
133719  23.196  -48.794  16.127 0.8000000119
41124  25.351  -49.399  14.824 0.6999999881
41125  24.250  -48.992  15.189 0.8000000119
135479  32.541  -44.980  21.722 0.6999999881
45813  32.548  -44.577  20.314 0.6999999881
46803  32.721  -44.002  19.657 0.6999999881
43971  29.246  -46.213  16.992 0.8000000119
44895  28.808  -46.002  16.299 0.8000000119
44906  28.177  -45.853  15.466 0.8000000119
44907  27.058  -46.033  14.878 0.8000000119
42986  24.459  -47.247  15.877 0.8999999762
38148  27.680  -52.912  16.254 0.6000000238
42975  23.845  -47.675  16.312 0.8999999762
38159  27.479  -52.656  15.712 0.6999999881
43976  23.547  -47.428  15.663 0.8999999762
40125  25.954  -50.231  15.119 0.6999999881
42030  23.344  -47.743  15.366 0.8000000119
42028  24.801  -48.640  14.497 0.6999999881
42029  23.778  -48.226  14.942 0.8000000119
42017  23.426  -48.464  15.623 0.8000000119
42040  24.289  -47.900  14.261 0.8000000119
45801  32.627  -44.338  21.191 0.6999999881
46794  32.774  -43.777  20.475 0.6000000238
38147  28.180  -52.372  15.876 0.6000000238
44908  25.851  -46.215  14.832 0.8000000119
44909  24.579  -46.154  14.976 0.8999999762
43987  23.900  -46.794  15.378 0.8999999762
39132  27.830  -51.997  15.316 0.6000000238
44910  23.367  -46.215  14.904 0.8999999762
43988  23.252  -46.932  15.110 0.8999999762
42993  23.491  -47.580  14.792 0.8000000119
42027  25.755  -48.949  14.229 0.6999999881
43008  23.600  -47.158  14.146 0.8000000119
43009  23.055  -46.556  14.316 0.8000000119
39151  27.437  -51.397  14.966 0.6999999881
44917  25.439  -45.562  14.474 0.8000000119
40123  27.816  -50.841  14.372 0.5000000000
40124  26.984  -50.576  14.732 0.6000000238
155284  27.406  -50.169  14.173 0.6000000238
41123  26.503  -49.664  14.350 0.6999999881
44919  22.992  -45.540  14.350 0.8000000119
41131  26.468  -48.866  13.684 0.6000000238
153156  25.614  -47.742  13.129 0.6000000238
43029  24.268  -47.021  13.288 0.6999999881
44020  23.434  -46.534  13.534 0.8000000119
43993  22.989  -46.298  14.495 0.8000000119
45873  25.110  -44.868  14.046 0.8000000119
45874  23.878  -44.834  14.089 0.8000000119
41130  27.418  -49.473  13.635 0.6000000238
44931  22.607  -45.508  13.506 0.8000000119
142711  22.662  -45.659  13.984 0.8000000119
151809  22.574  -45.204  13.895 0.8000000119
157483  23.666  -46.255  12.973 0.6000000238
46851  24.758  -44.148  13.696 0.8000000119
46852  23.600  -44.158  13.716 0.8000000119
42038  27.167  -48.654  13.152 0.6000000238
43006  26.348  -48.188  13.126 0.6000000238
44932  22.423  -45.097  13.546 0.8000000119
43028  25.148  -47.225  12.828 0.6000000238
44950  22.208  -45.065  13.041 0.6999999881
46853  22.768  -44.151  13.620 0.8000000119
44961  23.179  -45.196  12.177 0.6000000238
44962  22.283  -44.813  12.574 0.6000000238
46887  21.847  -43.750  12.580 0.6999999881
44018  25.549  -46.777  12.341 0.6000000238
44947  24.904  -46.132  12.079 0.6000000238
47942  26.066  -42.605  13.100 0.8000000119
46874  24.332  -43.463  13.383 0.8000000119
46873  25.475  -43.386  13.394 0.8000000119
140868  27.804  -48.227  12.916 0.5000000000
47945  22.593  -42.954  12.917 0.8000000119
46875  23.108  -43.547  13.398 0.8000000119
43026  27.242  -47.477  12.696 0.6000000238
43005  26.966  -48.048  12.818 0.6000000238
47946  21.765  -42.923  12.456 0.6000000238
43025  28.124  -47.417  12.779 0.5000000000
44017  26.742  -46.712  12.409 0.6000000238
44960  25.430  -45.436  11.840 0.6000000238
45910  22.657  -44.470  11.911 0.6000000238
139135  25.982  -46.078  12.119 0.6000000238
142935  24.341  -45.402  11.876 0.6000000238
45909  23.804  -44.685  11.620 0.6000000238
46899  22.207  -43.641  11.657 0.6000000238
47943  24.996  -42.721  13.044 0.8000000119
47944  23.814  -42.821  13.025 0.8000000119
48979  25.540  -41.969  12.693 0.8000000119
49004  24.933  -41.357  12.300 0.6999999881
48980  24.446  -42.084  12.655 0.6999999881
147122  21.536  -42.944  12.071 0.6000000238
49007  21.810  -42.003  12.068 0.6000000238
48982  22.292  -42.351  12.460 0.6999999881
44946  26.971  -45.852  12.182 0.5000000000
46913  21.900  -42.799  11.286 0.6000000238
45907  25.973  -44.650  11.683 0.5000000000
46897  24.498  -43.978  11.324 0.6000000238
46898  23.331  -43.908  11.365 0.6000000238
45906  26.944  -44.543  11.759 0.5000000000
49003  25.931  -41.246  12.355 0.6999999881
49006  22.561  -41.586  12.099 0.6000000238
49005  23.798  -41.464  12.205 0.6000000238
50058  21.562  -41.011  11.173 0.6000000238
50034  23.069  -40.840  11.663 0.6000000238
143296  25.540  -43.922  11.438 0.5000000000
46911  24.052  -43.344  10.980 0.6000000238
146086  23.073  -42.146  10.430 0.6000000238
47990  22.182  -42.182  10.695 0.6000000238
47967  21.446  -41.807  11.327 0.6000000238
46910  25.120  -43.119  11.053 0.6000000238
47989  24.191  -42.480  10.575 0.6000000238
143189  26.524  -43.841  11.452 0.5000000000
142411  26.103  -42.614  10.759 0.5000000000
46909  27.027  -42.984  10.936 0.4000000060
49036  26.075  -41.884  10.160 0.5000000000
50032  25.341  -40.692  11.920 0.6000000238
50056  24.647  -40.085  11.418 0.6000000238
49039  22.481  -41.336  10.234 0.6000000238
50081  21.465  -40.978  10.937 0.6000000238
51211  23.430  -40.131  11.181 0.6000000238
49038  23.663  -41.540  10.093 0.6000000238
49048  23.043  -40.560  9.678 0.6000000238
47988  25.307  -42.350  10.587 0.5000000000
49047  24.339  -40.973  9.667 0.6000000238
140703  25.566  -41.206  9.613 0.5000000000
158170  26.812  -41.846  9.907 0.4000000060
50079  22.278  -40.074  10.227 0.6000000238
51228  22.764  -39.630  10.403 0.5000000000
51226  25.064  -39.470  11.076 0.5000000000
50055  25.738  -40.065  11.549 0.5000000000
49050  21.851  -40.976  10.450 0.6000000238
51249  22.827  -39.357  9.791 0.5000000000
147617  23.890  -40.284  9.343 0.6000000238
50090  24.945  -40.482  9.202 0.4000000060
51225  26.126  -39.442  11.203 0.4000000060
50092  22.558  -39.763  9.709 0.6000000238
51264  23.149  -38.939  9.285 0.5000000000
50102  24.090  -39.669  8.891 0.4000000060
50091  23.195  -39.782  9.347 0.6000000238
51263  23.171  -39.114  9.073 0.6000000238
52395  23.227  -38.704  9.430 0.4000000060
50101  25.394  -39.984  8.675 0.4000000060
157330  24.721  -39.347  8.385 0.4000000060
53518  24.270  -37.944  9.447 0.4000000060
51271  23.835  -38.810  8.526 0.4000000060
52414  23.320  -38.363  9.032 0.4000000060
51272  23.416  -38.351  8.733 0.4000000060
53516  27.398  -37.600  10.143 0.4000000060
53517  25.591  -37.938  9.787 0.4000000060
53534  23.837  -37.615  8.723 0.4000000060
52434  25.074  -38.120  7.219 0.4000000060
52428  23.736  -38.193  8.191 0.4000000060
53564  24.024  -37.194  7.660 0.4000000060
53551  23.830  -37.437  8.120 0.4000000060
146374  26.571  -37.695  9.791 0.4000000060
53532  25.958  -37.356  9.243 0.4000000060
53533  24.768  -37.364  9.089 0.4000000060
53563  24.392  -37.215  7.069 0.3000000119
54636  24.346  -36.939  8.295 0.4000000060
54633  27.433  -36.535  9.218 0.4000000060
54635  25.288  -36.942  8.728 0.4000000060
152102  21.994  -59.650  19.725 0.8000000119
30811  21.924  -59.363  20.169 0.8999999762
31799  22.529  -58.621  20.339 0.8999999762
30794  22.704  -59.257  20.701 0.8999999762
144226  27.659  -55.506  23.469 0.8999999762
36022  27.692  -54.594  23.469 1.0000000000
37030  27.851  -53.739  23.540 1.0000000000
31796  25.283  -58.200  21.788 0.8999999762
33963  26.452  -56.353  22.440 0.8999999762
31797  24.477  -58.297  21.416 0.8999999762
33964  25.834  -56.854  22.029 0.8999999762
33975  25.411  -56.522  21.394 0.8999999762
35033  26.605  -55.501  22.360 1.0000000000
32849  24.110  -57.690  20.986 0.8999999762
35062  25.494  -55.402  20.463 0.8999999762
52374  24.359  -38.925  10.458 0.4000000060
52394  23.783  -38.487  9.751 0.4000000060
52373  25.490  -38.942  10.704 0.4000000060
52371  27.414  -38.577  11.009 0.4000000060
30693  29.992  -59.194  29.129 0.8999999762
29772  30.261  -60.125  26.983 1.0000000000
27009  28.394  -62.970  24.795 0.8000000119
140721  27.784  -58.655  30.341 0.8999999762
145259  30.504  -58.085  27.983 1.0000000000
28001  28.177  -62.120  24.414 0.8000000119
34928  30.165  -55.658  28.935 0.8999999762
31771  28.717  -58.088  24.197 0.8999999762
29806  28.216  -59.902  23.821 0.8000000119
30775  26.665  -59.865  22.705 0.8000000119
29813  25.499  -60.914  22.163 0.8000000119
33934  29.803  -56.087  25.306 1.0000000000
31785  26.486  -58.884  22.566 0.8999999762
29824  25.290  -60.024  21.915 0.8000000119
30793  23.856  -59.141  21.257 0.8000000119
35023  28.035  -56.142  23.704 0.8999999762
143156  25.101  -57.436  21.527 0.8999999762
143410  27.334  -54.421  30.539 1.0000000000
138827  23.079  -52.998  30.825 0.6000000238
36009  28.614  -54.980  24.403 1.0000000000
36033  27.180  -55.013  22.903 0.8999999762
29866  22.248  -60.193  19.604 0.6999999881
32896  22.830  -58.040  18.526 0.8000000119
32850  23.208  -57.899  20.439 0.8999999762
29854  25.430  -60.577  18.717 0.6000000238
32883  22.351  -57.701  19.237 0.8999999762
38937  26.170  -51.507  30.717 0.6999999881
33976  24.638  -56.893  20.919 0.8999999762
34008  21.618  -55.982  18.671 0.8999999762
34023  21.561  -56.051  18.408 0.8999999762
31853  25.795  -58.081  17.450 0.6999999881
38935  28.101  -51.378  30.271 0.8000000119
37968  29.249  -51.977  29.749 0.8999999762
39020  27.813  -52.113  22.290 1.0000000000
35047  25.717  -55.748  21.193 0.8999999762
35082  25.232  -55.008  19.736 0.8999999762
35063  24.763  -55.702  20.027 0.8999999762
33989  25.095  -56.146  20.693 0.8999999762
153998  21.876  -55.900  19.019 0.8999999762
39952  30.109  -50.807  28.130 0.8000000119
39940  24.319  -50.453  29.986 0.5000000000
36077  22.854  -54.688  18.776 0.8999999762
39963  30.234  -50.117  27.674 0.6999999881
38991  30.276  -50.786  25.523 0.8999999762
34048  25.777  -56.236  16.614 0.6999999881
37116  21.539  -54.119  17.317 0.8999999762
35124  23.679  -54.950  16.725 0.8000000119
40957  27.257  -49.243  29.815 0.6000000238
40983  30.462  -49.435  27.136 0.6999999881
149738  31.081  -49.292  25.084 0.6999999881
41011  31.273  -49.010  24.207 0.6999999881
38105  24.881  -52.952  18.550 1.0000000000
143238  21.986  -52.698  16.873 0.8999999762
41864  26.723  -48.756  29.495 0.6000000238
149792  31.383  -48.513  25.019 0.6999999881
41048  28.832  -49.733  21.340 0.8999999762
42834  26.736  -47.581  28.359 0.5000000000
42897  31.980  -47.972  23.546 0.6999999881
41950  31.563  -48.180  22.155 0.8000000119
39107  22.243  -51.751  17.058 0.8999999762
43850  28.544  -46.569  27.290 0.5000000000
43875  31.191  -47.219  25.586 0.6999999881
41976  26.940  -48.772  19.265 0.8999999762
42947  29.532  -47.204  18.941 0.8000000119
134280  28.112  -47.829  18.705 0.8000000119
145720  23.080  -49.748  16.266 0.8999999762
43849  29.359  -46.571  26.994 0.5000000000
137177  31.061  -46.535  25.475 0.6999999881
156853  31.784  -46.505  20.743 0.6999999881
43943  30.567  -46.247  18.823 0.8000000119
42949  27.457  -47.896  18.260 0.8999999762
42962  25.095  -48.063  17.190 0.8999999762
41112  24.682  -49.934  15.453 0.8000000119
44894  29.553  -45.600  16.524 0.8000000119
42987  23.394  -47.565  15.478 0.8999999762
43986  25.123  -46.696  15.437 0.8999999762
46750  32.440  -43.790  21.867 0.6000000238
43007  24.733  -47.565  13.519 0.6999999881
44918  24.158  -45.506  14.537 0.8999999762
44021  23.025  -45.982  13.253 0.6999999881
44019  24.421  -46.572  12.695 0.6000000238
44948  23.739  -45.890  12.525 0.6000000238
46876  22.096  -43.819  13.216 0.8000000119
45911  21.925  -44.103  12.316 0.6000000238
48981  23.261  -42.199  12.597 0.6999999881
47991  21.565  -42.118  10.957 0.6000000238
50057  22.346  -40.486  11.093 0.6000000238
52391  26.751  -38.202  10.356 0.4000000060
52393  24.881  -38.417  10.146 0.4000000060
54621  27.857  -36.947  9.937 0.4000000060
54655  24.188  -36.821  7.586 0.4000000060
31798  23.479  -58.483  20.870 0.8999999762
132623  28.690  -67.767  31.565 0.4000000060
22987  27.627  -67.137  31.866 0.4000000060
22988  26.667  -67.133  31.968 0.4000000060
145156  29.466  -67.047  30.515 0.4000000060
23915  28.042  -66.399  31.719 0.4000000060
23916  27.120  -66.441  31.693 0.4000000060
23935  29.608  -66.439  30.029 0.3000000119
23914  28.819  -66.391  31.400 0.4000000060
145703  29.626  -66.614  29.105 0.4000000060
23955  29.481  -66.762  28.165 0.4000000060
156537  29.093  -66.397  26.859 0.4000000060
137249  28.744  -66.231  26.173 0.4000000060
24873  27.555  -65.689  31.651 0.5000000000
24874  26.680  -65.740  31.477 0.4000000060
24886  29.457  -65.475  30.338 0.4000000060
24871  29.056  -65.597  31.145 0.4000000060
135550  29.633  -65.755  29.378 0.5000000000
24916  29.449  -65.339  27.798 0.4000000060
24927  29.160  -65.557  26.793 0.4000000060
24928  28.696  -65.370  25.861 0.5000000000
24942  28.211  -65.171  25.008 0.5000000000
24959  27.586  -65.333  24.407 0.6000000238
23996  27.295  -66.056  24.294 0.5000000000
24973  26.287  -65.396  23.495 0.4000000060
133796  27.944  -64.926  31.649 0.5000000000
140669  27.098  -64.961  31.598 0.5000000000
153084  25.725  -65.236  30.900 0.5000000000
25913  25.223  -64.994  30.415 0.5000000000
25910  29.424  -64.510  30.215 0.6000000238
152271  28.627  -65.018  31.367 0.6000000238
24899  29.591  -64.919  29.532 0.5000000000
25926  29.554  -64.236  29.575 0.6000000238
24907  29.596  -65.150  28.700 0.5000000000
25952  29.545  -64.544  28.094 0.5000000000
25968  29.359  -64.666  27.201 0.4000000060
25969  29.072  -64.667  26.336 0.6000000238
25984  28.632  -64.517  25.555 0.6000000238
155180  28.252  -64.368  24.925 0.6000000238
26012  27.362  -64.184  23.994 0.6000000238
141408  26.809  -63.745  23.529 0.6000000238
27026  26.029  -63.718  23.029 0.6000000238
25998  27.331  -64.844  24.026 0.6000000238
26013  26.743  -64.634  23.602 0.6000000238
26014  25.864  -64.640  23.136 0.6000000238
27027  25.160  -64.071  22.624 0.6000000238
145740  27.464  -64.173  31.544 0.5000000000
26913  26.568  -64.281  31.373 0.5000000000
25912  25.858  -64.557  30.934 0.5000000000
143344  25.455  -64.210  30.471 0.5000000000
25911  29.095  -63.942  30.712 0.6000000238
25898  28.443  -64.194  31.339 0.6000000238
25939  29.613  -64.398  28.910 0.6000000238
27934  29.470  -62.970  29.742 0.6000000238
26966  29.513  -63.787  27.586 0.5000000000
26950  29.599  -63.615  29.156 0.6000000238
145625  29.295  -64.050  26.757 0.6000000238
26981  29.067  -63.764  26.001 0.6000000238
27035  25.422  -63.215  22.550 0.6000000238
27036  24.477  -63.433  22.177 0.6999999881
26900  26.911  -63.428  31.414 0.6000000238
26914  25.958  -63.603  30.982 0.5000000000
26934  25.293  -63.537  30.130 0.5000000000
26912  29.119  -63.161  30.441 0.6000000238
26898  28.595  -63.328  31.022 0.6000000238
26899  27.825  -63.376  31.406 0.6000000238
27935  25.102  -62.760  29.540 0.5000000000
27936  24.607  -62.790  28.653 0.5000000000
27914  29.146  -62.283  30.231 0.6000000238
26980  29.372  -63.314  26.766 0.6000000238
28023  24.898  -62.593  22.207 0.6999999881
27898  27.302  -62.666  31.265 0.6000000238
27916  26.436  -62.690  31.083 0.6000000238
27917  25.662  -62.734  30.453 0.6000000238
151745  28.116  -62.675  31.114 0.6000000238
143653  26.063  -61.929  30.578 0.6000000238
144653  25.433  -61.944  29.759 0.6000000238
27949  24.936  -61.897  28.736 0.6000000238
28839  28.103  -61.394  30.725 0.6000000238
27968  24.432  -61.872  27.609 0.5000000000
150417  29.566  -62.207  29.396 0.6000000238
28889  24.276  -60.284  26.577 0.6000000238
147922  24.502  -62.018  21.939 0.6999999881
28828  26.867  -61.944  30.991 0.6000000238
28842  25.777  -61.145  29.908 0.6000000238
29712  28.444  -60.751  30.530 0.6000000238
28840  27.303  -61.277  30.834 0.6000000238
28841  26.489  -61.172  30.578 0.6000000238
28855  25.369  -61.108  28.896 0.6000000238
148325  24.874  -60.737  27.706 0.6000000238
28838  28.862  -61.435  30.382 0.6000000238
29740  25.146  -59.874  27.366 0.6000000238
28854  29.403  -61.459  29.814 0.6000000238
28887  30.008  -61.276  28.108 0.6000000238
29814  23.655  -60.791  21.446 0.6999999881
153656  22.487  -60.628  20.946 0.6999999881
29711  29.198  -60.599  30.114 0.6000000238
29715  26.088  -60.342  30.022 0.6999999881
145821  25.619  -60.300  29.077 0.6999999881
29725  29.666  -60.816  29.464 0.6000000238
29714  26.989  -60.375  30.553 0.6999999881
30672  29.112  -59.676  30.177 0.6999999881
29713  27.878  -60.117  30.598 0.6999999881
29726  26.480  -59.659  29.990 0.6999999881
29727  25.862  -59.475  29.196 0.6999999881
146602  25.265  -60.255  28.184 0.6000000238
144321  25.348  -59.345  28.041 0.6999999881
30711  25.096  -58.596  27.704 0.6000000238
29759  24.802  -59.006  27.295 0.5000000000
154489  21.609  -59.959  20.072 0.8000000119
30673  28.278  -59.380  30.468 0.6999999881
30674  27.223  -59.304  30.278 0.6999999881
30675  26.349  -58.795  29.452 0.6999999881
30695  25.591  -58.611  28.502 0.6999999881
30734  24.382  -58.954  27.159 0.5000000000
31699  26.055  -57.994  28.898 0.6999999881
31700  25.301  -58.051  28.306 0.6000000238
31714  24.923  -57.990  28.241 0.6000000238
44915  27.842  -45.303  14.654 0.6999999881
44872  30.988  -45.598  18.395 0.6999999881
44878  29.963  -45.768  17.295 0.6999999881
45830  31.962  -44.640  18.552 0.6000000238
44871  31.462  -45.048  18.288 0.6000000238
44905  29.134  -45.356  15.760 0.6999999881
45870  28.716  -45.001  14.984 0.6999999881
44916  27.061  -45.337  14.422 0.6999999881
45872  26.365  -44.912  14.085 0.6999999881
133384  32.510  -44.134  18.852 0.6000000238
45835  31.578  -44.563  17.761 0.6000000238
131505  30.219  -45.237  16.791 0.6999999881
45862  29.515  -44.590  15.362 0.6999999881
46810  32.916  -43.501  19.047 0.6000000238
45871  27.453  -44.680  14.175 0.6999999881
46850  25.908  -44.118  13.698 0.6999999881
45829  32.295  -44.065  18.097 0.6000000238
46817  32.005  -43.780  17.359 0.6000000238
46836  31.293  -43.215  16.023 0.6000000238
45861  30.284  -44.220  15.755 0.6999999881
45869  29.088  -44.136  14.612 0.6999999881
46848  28.020  -43.908  13.915 0.6999999881
46849  27.000  -44.054  13.725 0.6999999881
46872  26.524  -43.300  13.453 0.6999999881
134888  32.690  -43.633  18.436 0.6000000238
46816  32.633  -43.337  17.807 0.6000000238
47909  31.823  -42.728  16.263 0.5000000000
46837  30.659  -43.338  15.504 0.6000000238
46846  30.206  -43.092  14.865 0.5000000000
133012  28.774  -43.554  14.134 0.6999999881
47940  28.004  -42.453  13.305 0.6999999881
47941  27.062  -42.517  13.188 0.6999999881
51268  27.497  -39.337  7.869 0.3000000119
51276  26.861  -39.015  7.478 0.3000000119
137224  25.687  -39.449  8.144 0.3000000119
22975  27.224  -67.836  32.198 0.4000000060
22976  26.204  -67.793  32.550 0.3000000119
22977  25.119  -67.523  32.503 0.4000000060
22087  29.130  -68.180  31.243 0.3000000119
22989  25.689  -67.121  31.956 0.4000000060
23012  29.562  -67.414  28.722 0.4000000060
23917  26.096  -66.458  31.542 0.4000000060
23019  29.380  -67.482  27.893 0.4000000060
23020  29.088  -67.639  27.178 0.4000000060
23980  28.373  -66.926  25.656 0.4000000060
144384  28.280  -66.052  25.371 0.5000000000
138568  26.955  -66.855  24.132 0.4000000060
24887  25.346  -65.765  30.681 0.4000000060
24974  25.528  -65.520  23.128 0.5000000000
25914  24.670  -65.118  29.838 0.5000000000
158447  24.070  -64.425  22.238 0.6000000238
25927  24.861  -64.345  29.810 0.5000000000
26935  24.736  -63.536  29.331 0.5000000000
26951  24.268  -63.571  28.589 0.5000000000
28024  23.859  -62.650  21.717 0.6000000238
26967  24.189  -62.908  28.037 0.5000000000
27969  23.772  -61.447  26.549 0.4000000060
29827  21.862  -60.946  20.404 0.6999999881
29760  24.328  -59.380  26.777 0.5000000000
29843  21.627  -60.511  20.099 0.8000000119
29856  21.708  -60.816  19.960 0.6999999881
29761  23.377  -59.383  26.823 0.5000000000
30712  24.619  -58.570  27.722 0.6000000238
44807  31.635  -45.862  24.391 0.6000000238
47900  33.039  -42.376  17.677 0.5000000000
141341  32.409  -42.164  16.528 0.5000000000
157299  31.566  -41.566  15.377 0.5000000000
47920  30.676  -42.551  15.051 0.5000000000
48969  29.416  -41.560  13.652 0.5000000000
48976  28.505  -41.654  13.187 0.5000000000
49002  27.267  -41.224  12.566 0.5000000000
53550  28.347  -38.073  7.608 0.3000000119
52427  27.525  -38.666  7.404 0.3000000119
51277  25.927  -38.899  7.574 0.3000000119
28868  29.812  -61.437  29.041 0.6000000238
149870  29.641  -62.847  29.020 0.6000000238
138622  29.637  -63.203  28.352 0.6000000238
151260  26.325  -57.488  29.216 0.8000000119
28022  25.721  -62.440  22.556 0.6999999881
143373  24.620  -61.317  21.814 0.6999999881
29826  23.088  -59.944  21.117 0.6999999881
44893  30.809  -44.942  17.264 0.6999999881
48978  26.615  -41.787  12.721 0.6000000238
133811  21.949  -60.073  20.460 0.8000000119
28991  22.091  -61.853  19.907 0.6999999881
45850  29.917  -44.975  16.075 0.6999999881
22986  28.448  -67.129  31.632 0.4000000060
23928  29.310  -66.362  30.839 0.4000000060
23004  29.635  -67.394  29.756 0.3000000119
24875  25.922  -65.762  31.171 0.5000000000
23981  27.757  -66.733  24.825 0.3000000119
23998  26.032  -66.845  23.611 0.4000000060
24888  24.804  -65.745  30.117 0.5000000000
30733  24.729  -58.694  27.443 0.6000000238
145187  28.302  -44.522  14.414 0.6999999881
45848  31.292  -44.220  16.935 0.6999999881
46827  31.653  -43.465  16.621 0.6000000238
45849  30.583  -44.584  16.496 0.6999999881
46838  29.884  -43.764  15.080 0.6999999881
46826  32.416  -42.923  16.993 0.6000000238
47919  31.263  -42.631  15.629 0.5000000000
46870  28.382  -43.078  13.704 0.6999999881
157466  32.726  -42.315  17.029 0.5000000000
48946  31.825  -41.927  15.817 0.5000000000
47925  29.480  -42.398  14.051 0.5000000000
47939  28.830  -42.355  13.599 0.5000000000
49001  28.085  -40.914  12.679 0.5000000000
48977  27.614  -41.786  12.883 0.6999999881
48931  33.226  -41.353  17.550 0.5000000000
48958  31.327  -41.230  14.936 0.5000000000
48967  30.790  -41.055  14.436 0.5000000000
50022  28.987  -40.825  13.122 0.5000000000
28956  22.000  -61.729  20.366 0.6000000238
140281  21.731  -61.299  20.105 0.6000000238
28989  24.409  -61.913  19.209 0.5000000000
29855  22.952  -61.047  19.478 0.6000000238
28987  25.869  -61.522  19.576 0.5000000000
144085  24.762  -61.186  18.865 0.5000000000
154460  24.034  -60.862  19.003 0.6000000238
31680  23.481  -58.284  30.527 0.5000000000
29865  23.455  -60.241  19.076 0.6000000238
28971  26.588  -61.107  20.133 0.5000000000
151744  25.455  -61.174  19.074 0.5000000000
29841  27.477  -60.619  20.614 0.5000000000
152471  22.725  -58.396  30.678 0.4000000060
33847  22.400  -56.959  30.505 0.4000000060
29853  26.099  -60.709  19.384 0.5000000000
30809  28.086  -59.798  20.804 0.5000000000
29842  26.712  -60.421  20.030 0.5000000000
33862  21.752  -56.154  30.028 0.4000000060
138033  27.832  -58.986  20.534 0.5000000000
30810  27.131  -59.695  20.207 0.5000000000
34932  21.378  -55.426  29.270 0.4000000060
39941  23.672  -50.774  29.581 0.4000000060
38959  23.203  -51.194  29.166 0.4000000060
38960  22.738  -51.374  28.523 0.4000000060
37978  22.255  -52.242  28.498 0.3000000119
42851  26.924  -46.920  27.700 0.4000000060
133612  26.002  -47.295  27.825 0.4000000060
40975  24.484  -49.402  29.156 0.4000000060
39954  23.978  -50.070  29.286 0.4000000060
43852  26.773  -46.426  27.040 0.4000000060
41878  24.441  -48.829  28.496 0.4000000060
39955  23.319  -50.578  28.628 0.4000000060
41893  24.481  -48.143  27.911 0.4000000060
40976  23.765  -49.592  28.364 0.4000000060
39956  22.689  -50.892  27.809 0.4000000060
42835  25.925  -47.914  28.512 0.4000000060
41877  25.151  -48.304  28.566 0.4000000060
43851  27.541  -46.458  27.191 0.4000000060
43853  26.041  -46.660  27.195 0.4000000060
42852  25.223  -46.999  27.280 0.4000000060
41892  25.176  -47.635  27.930 0.4000000060
42853  24.501  -47.530  27.292 0.4000000060
42854  23.971  -48.096  27.310 0.4000000060
42869  23.735  -47.622  26.640 0.4000000060
41909  23.364  -48.598  26.893 0.4000000060
39965  23.106  -50.147  27.733 0.4000000060
43860  29.786  -46.319  26.485 0.4000000060
43863  27.069  -45.878  26.464 0.4000000060
134032  26.220  -46.232  26.663 0.4000000060
42867  25.365  -46.368  26.551 0.4000000060
43859  30.572  -46.686  26.086 0.5000000000
44784  29.553  -45.682  26.018 0.4000000060
43861  28.865  -45.973  26.609 0.4000000060
44786  28.058  -45.587  26.270 0.4000000060
44787  25.987  -45.835  26.148 0.4000000060
43876  25.252  -45.838  25.951 0.4000000060
42868  24.496  -46.876  26.662 0.4000000060
43864  24.498  -46.170  25.965 0.4000000060
44790  31.196  -46.065  25.100 0.5000000000
44791  30.492  -45.919  25.614 0.5000000000
45733  29.859  -45.119  25.417 0.5000000000
44792  28.995  -45.099  25.627 0.4000000060
44793  28.240  -45.161  25.719 0.4000000060
44794  27.439  -45.265  25.771 0.4000000060
44795  26.499  -45.356  25.684 0.4000000060
44808  30.812  -45.288  24.888 0.5000000000
45735  28.464  -44.752  25.318 0.4000000060
45737  26.938  -44.821  25.193 0.4000000060
152769  30.084  -44.508  24.849 0.4000000060
143325  28.864  -44.046  24.555 0.4000000060
45747  28.224  -44.326  24.775 0.4000000060
45736  27.792  -44.769  25.286 0.4000000060
45749  26.623  -44.304  24.479 0.4000000060
146375  29.786  -43.233  23.814 0.4000000060
46733  29.094  -42.855  23.441 0.4000000060
46734  28.505  -43.277  23.710 0.4000000060
47809  28.210  -42.837  23.180 0.4000000060
47810  27.470  -42.876  22.946 0.4000000060
137577  31.810  -45.307  23.852 0.5000000000
46731  31.388  -43.628  23.316 0.5000000000
46732  30.537  -43.334  23.681 0.4000000060
47828  28.655  -42.397  22.721 0.4000000060
47829  26.929  -42.668  22.321 0.3000000119
45784  32.382  -44.540  22.408 0.5000000000
46721  30.168  -43.817  24.301 0.5000000000
45746  29.498  -44.096  24.592 0.4000000060
46723  28.334  -43.722  24.207 0.4000000060
46725  26.866  -43.660  23.792 0.4000000060
46722  29.177  -43.550  24.128 0.4000000060
46735  27.700  -43.364  23.604 0.4000000060
47824  31.564  -42.963  22.691 0.5000000000
47807  30.900  -42.775  23.166 0.5000000000
47808  30.019  -42.724  23.365 0.4000000060
48865  29.016  -41.986  22.382 0.4000000060
138713  27.855  -42.460  22.500 0.3000000119
47845  32.368  -42.840  21.558 0.5000000000
47826  30.304  -42.229  22.802 0.4000000060
48864  29.686  -41.800  22.389 0.4000000060
133154  29.073  -41.591  21.873 0.4000000060
47847  28.322  -41.934  22.003 0.3000000119
157753  27.132  -41.966  21.307 0.3000000119
47849  26.706  -42.270  21.472 0.3000000119
141529  32.011  -42.037  21.581 0.5000000000
47869  32.796  -42.964  20.729 0.4000000060
48880  30.607  -41.240  21.803 0.3000000119
48863  30.527  -41.667  22.300 0.4000000060
48882  28.496  -41.469  21.419 0.3000000119
48883  27.708  -41.648  21.227 0.3000000119
48892  26.792  -41.794  20.759 0.3000000119
143669  32.479  -42.123  20.986 0.4000000060
47868  32.943  -42.304  20.233 0.4000000060
46809  33.201  -42.918  19.092 0.4000000060
47892  33.028  -43.049  18.434 0.4000000060
49935  30.133  -40.815  21.374 0.3000000119
48881  29.848  -41.318  21.859 0.3000000119
49936  29.136  -41.023  21.227 0.3000000119
49948  27.946  -40.726  20.067 0.3000000119
48891  27.451  -41.280  20.387 0.3000000119
136393  26.109  -41.750  20.199 0.3000000119
48893  25.400  -41.954  20.087 0.3000000119
49934  31.086  -40.886  21.423 0.3000000119
48902  26.655  -41.374  19.885 0.3000000119
48917  25.242  -41.215  18.709 0.3000000119
48879  31.938  -41.279  21.149 0.3000000119
48889  32.603  -41.480  20.432 0.3000000119
149751  33.039  -41.737  19.831 0.3000000119
48916  33.332  -41.598  18.315 0.4000000060
48932  32.907  -41.739  16.966 0.4000000060
48957  31.921  -41.162  15.499 0.4000000060
143595  29.943  -41.877  14.198 0.4000000060
48904  24.811  -41.714  19.360 0.3000000119
49944  31.496  -40.457  20.820 0.3000000119
49945  30.587  -40.339  20.904 0.3000000119
49943  32.232  -40.655  20.459 0.3000000119
49952  32.830  -40.146  19.217 0.3000000119
141373  33.331  -40.889  18.109 0.3000000119
49975  33.328  -40.497  17.527 0.4000000060
49990  33.289  -40.056  16.869 0.3000000119
48944  33.133  -40.884  16.876 0.4000000060
49991  32.913  -40.321  16.280 0.4000000060
50002  31.777  -40.497  15.075 0.4000000060
50012  31.224  -40.518  14.505 0.4000000060
50013  30.596  -40.534  14.047 0.4000000060
48968  30.207  -41.231  14.056 0.4000000060
50021  29.847  -40.552  13.516 0.4000000060
136375  32.416  -40.179  19.913 0.3000000119
51159  33.139  -39.651  16.358 0.3000000119
51177  32.764  -39.619  15.717 0.3000000119
51188  31.650  -39.739  14.588 0.4000000060
51200  30.504  -39.869  13.649 0.4000000060
52341  29.836  -38.981  12.795 0.4000000060
51208  29.245  -39.514  12.689 0.4000000060
50030  28.058  -40.149  12.317 0.4000000060
145121  27.267  -40.527  12.221 0.5000000000
51158  33.285  -39.268  16.809 0.3000000119
134755  32.864  -38.829  15.566 0.3000000119
51187  32.379  -39.122  14.983 0.3000000119
141677  31.772  -38.901  14.344 0.4000000060
155000  31.464  -38.707  13.887 0.4000000060
52339  31.024  -38.468  13.454 0.4000000060
134939  30.431  -39.127  13.332 0.4000000060
52340  30.343  -38.538  12.966 0.3000000119
52353  29.211  -38.737  12.315 0.4000000060
51223  27.978  -38.972  11.565 0.3000000119
51210  27.638  -39.743  11.852 0.3000000119
50031  26.305  -40.610  12.020 0.4000000060
51224  27.094  -39.274  11.340 0.3000000119
52321  33.171  -38.151  15.834 0.3000000119
53453  32.995  -37.485  15.252 0.3000000119
52333  32.289  -38.455  14.577 0.3000000119
53469  31.838  -38.169  13.979 0.3000000119
53483  31.381  -37.587  13.345 0.3000000119
53484  30.595  -37.887  12.843 0.3000000119
52352  29.888  -38.237  12.465 0.3000000119
52354  28.656  -38.604  11.832 0.3000000119
52370  28.315  -38.145  11.251 0.3000000119
52369  29.237  -37.799  11.743 0.3000000119
54547  33.091  -36.637  15.593 0.3000000119
53468  32.528  -37.731  14.557 0.3000000119
54577  31.764  -36.743  13.276 0.3000000119
53495  30.925  -37.024  12.649 0.3000000119
53496  30.102  -37.468  12.243 0.3000000119
53506  29.720  -37.032  11.664 0.3000000119
156579  28.724  -37.593  11.244 0.3000000119
153440  27.687  -38.016  10.664 0.3000000119
154940  29.103  -37.067  11.149 0.3000000119
52390  28.276  -37.442  10.671 0.3000000119
54632  28.269  -36.276  9.660 0.3000000119
45744  31.379  -45.078  24.301 0.5000000000
28945  23.039  -62.196  21.327 0.6000000238
151357  22.150  -62.338  20.334 0.5000000000
28972  21.985  -62.107  20.131 0.5000000000
28059  23.935  -62.637  19.397 0.5000000000
28060  22.750  -62.739  19.675 0.5000000000
28970  27.271  -61.529  20.654 0.5000000000
28042  25.629  -62.341  19.742 0.5000000000
28058  24.855  -62.468  19.353 0.5000000000
32761  25.287  -57.530  28.776 0.6000000238
31701  24.759  -57.658  29.073 0.6000000238
30676  24.147  -58.398  29.951 0.5000000000
136242  23.555  -58.968  30.336 0.5000000000
31681  22.923  -59.150  30.625 0.5000000000
32724  21.998  -57.882  30.404 0.4000000060
33863  21.465  -57.023  29.869 0.4000000060
33881  20.984  -56.242  29.178 0.4000000060
36962  21.528  -53.584  28.168 0.3000000119
37979  21.745  -52.905  28.076 0.3000000119
38972  22.275  -51.672  27.735 0.4000000060
40998  22.835  -49.311  26.739 0.4000000060
42870  23.000  -48.087  26.202 0.4000000060
44796  25.642  -45.412  25.527 0.4000000060
131093  23.792  -46.837  26.062 0.4000000060
42883  23.036  -46.784  25.470 0.4000000060
44797  24.854  -45.535  25.422 0.4000000060
45738  26.070  -44.857  25.064 0.4000000060
44810  24.443  -45.137  24.807 0.4000000060
46752  26.888  -43.181  23.081 0.4000000060
45762  26.020  -43.902  23.802 0.4000000060
149080  26.295  -43.479  23.265 0.4000000060
149655  26.076  -42.672  21.833 0.3000000119
47870  25.930  -42.275  20.889 0.3000000119
131482  25.042  -42.425  20.685 0.3000000119
28969  28.099  -61.283  21.123 0.5000000000
140193  21.307  -54.213  28.221 0.4000000060
41910  22.758  -48.747  26.341 0.4000000060
44809  25.246  -44.995  24.926 0.4000000060
35935  21.313  -54.710  28.711 0.4000000060
29864  24.594  -60.307  18.544 0.5000000000
42850  27.921  -46.961  27.837 0.4000000060
44823  32.216  -45.115  23.204 0.5000000000
46793  33.045  -43.147  19.822 0.5000000000
43862  28.011  -46.057  26.791 0.4000000060
48945  32.521  -41.244  16.225 0.4000000060
50029  28.700  -40.146  12.686 0.4000000060
51201  29.855  -39.693  13.170 0.4000000060
28990  23.340  -61.950  19.428 0.6000000238
28988  25.168  -61.791  19.186 0.5000000000
135555  26.446  -61.905  20.225 0.5000000000
41894  23.873  -48.785  27.735 0.4000000060
40985  23.315  -49.403  27.417 0.4000000060
40986  22.840  -49.854  27.131 0.4000000060
156654  30.132  -46.128  26.080 0.5000000000
44785  28.740  -45.479  26.063 0.4000000060
44798  24.057  -45.692  25.297 0.4000000060
131181  23.242  -47.410  25.984 0.4000000060
45734  29.144  -44.527  25.065 0.4000000060
45745  30.847  -44.496  24.392 0.5000000000
46724  27.542  -43.942  24.302 0.4000000060
45785  31.981  -44.305  23.088 0.5000000000
45760  31.538  -44.553  23.744 0.5000000000
45761  30.923  -43.932  23.947 0.5000000000
47846  31.781  -42.444  22.119 0.5000000000
153956  32.081  -43.129  22.202 0.5000000000
47825  31.125  -42.232  22.562 0.4000000060
48862  31.342  -41.643  21.901 0.4000000060
48901  32.835  -40.936  19.728 0.3000000119
47881  33.194  -42.365  19.474 0.4000000060
49951  33.203  -40.873  18.834 0.3000000119
50001  32.392  -40.470  15.637 0.4000000060
51178  32.215  -39.889  15.189 0.4000000060
51120  32.233  -39.456  19.593 0.3000000119
51199  31.155  -39.272  13.872 0.4000000060
51176  33.164  -38.996  16.135 0.3000000119
51209  28.502  -39.400  12.194 0.4000000060
52322  32.758  -38.298  15.118 0.3000000119
53482  32.195  -37.245  13.887 0.3000000119
55608  32.167  -35.933  13.306 0.3000000119
54620  28.609  -36.664  10.381 0.3000000119
43877  23.731  -46.266  25.596 0.4000000060
28890  23.479  -60.196  26.014 0.4000000060
28900  23.531  -59.512  26.256 0.4000000060
134552  22.266  -59.573  26.038 0.4000000060
29762  22.472  -59.587  26.351 0.3000000119
30735  23.762  -59.341  26.686 0.4000000060
29742  23.180  -59.985  27.531 0.3000000119
26016  24.185  -65.265  22.451 0.5000000000
30697  24.141  -58.909  28.457 0.5000000000
29741  23.601  -59.633  28.269 0.3000000119
143361  23.166  -64.434  21.746 0.5000000000
30696  24.482  -58.292  28.798 0.5000000000
30677  23.851  -59.129  29.757 0.4000000060
28025  22.786  -62.869  21.281 0.5000000000
26025  22.628  -64.749  21.408 0.5000000000
26032  22.438  -64.035  21.070 0.3000000119
27038  22.484  -63.535  21.127 0.4000000060
27044  22.314  -63.504  20.560 0.4000000060
135791  22.397  -65.025  20.771 0.3000000119
26042  22.355  -64.210  20.567 0.3000000119
25013  23.098  -64.974  20.111 0.3000000119
27071  22.338  -63.989  20.225 0.3000000119
27055  24.461  -63.875  19.764 0.3000000119
26049  23.726  -64.247  19.772 0.3000000119
27069  23.496  -63.511  19.598 0.4000000060
27056  22.255  -63.452  20.259 0.4000000060
31702  21.129  -58.464  30.033 0.3000000119
27053  26.046  -63.682  20.470 0.4000000060
27054  25.182  -63.467  19.909 0.4000000060
27068  24.552  -63.143  19.540 0.4000000060
32746  21.142  -57.685  29.801 0.3000000119
34944  20.952  -55.262  28.511 0.3000000119
39966  22.579  -50.469  27.131 0.3000000119
143347  22.427  -49.971  26.555 0.3000000119
41007  22.316  -49.299  26.075 0.3000000119
41916  22.310  -48.460  25.738 0.3000000119
43889  22.531  -46.331  24.781 0.3000000119
44811  23.642  -45.314  24.665 0.3000000119
44812  22.853  -45.576  24.462 0.3000000119
43890  21.783  -46.665  24.417 0.3000000119
45750  25.653  -44.440  24.401 0.3000000119
45763  25.204  -44.058  23.757 0.3000000119
45752  24.020  -44.700  24.216 0.3000000119
44825  23.224  -44.903  24.059 0.3000000119
46736  25.535  -43.545  23.067 0.3000000119
45764  24.419  -44.182  23.683 0.3000000119
45765  23.608  -44.298  23.572 0.3000000119
46755  24.805  -43.443  22.584 0.3000000119
46738  24.060  -43.719  22.969 0.3000000119
46756  23.485  -43.422  22.288 0.3000000119
46753  26.188  -43.116  22.614 0.3000000119
46754  25.445  -43.102  22.224 0.3000000119
150458  24.207  -43.330  22.243 0.3000000119
26015  24.960  -64.955  22.692 0.5000000000
154057  25.174  -62.892  19.639 0.4000000060
33864  20.617  -57.177  29.196 0.3000000119
45751  24.827  -44.571  24.316 0.3000000119
44813  22.067  -45.873  24.216 0.3000000119
46737  24.802  -43.769  23.225 0.3000000119
29716  23.398  -59.994  30.086 0.3000000119
149745  23.311  -59.524  30.349 0.3000000119
30679  22.192  -59.604  30.623 0.3000000119
22998  24.299  -67.055  30.087 0.4000000060
23005  23.983  -66.878  29.552 0.4000000060
23937  23.874  -66.313  29.203 0.4000000060
23946  22.639  -66.413  28.142 0.4000000060
24909  22.394  -65.638  27.669 0.3000000119
25929  23.719  -65.468  28.735 0.4000000060
24908  23.069  -65.658  28.116 0.4000000060
143860  23.335  -64.929  28.120 0.4000000060
25940  23.858  -64.386  28.481 0.4000000060
26969  22.873  -63.314  26.830 0.3000000119
26983  22.443  -62.242  26.032 0.3000000119
25953  23.247  -64.107  27.622 0.4000000060
27980  21.856  -61.066  25.563 0.3000000119
132950  21.491  -62.108  25.560 0.3000000119
28902  21.807  -60.056  25.779 0.3000000119
145546  23.401  -63.230  27.293 0.4000000060
27979  22.783  -60.932  25.829 0.3000000119
143303  23.515  -67.031  29.089 0.4000000060
23945  23.325  -66.367  28.602 0.4000000060
29763  21.748  -59.861  25.995 0.3000000119
23929  25.490  -66.258  31.040 0.3000000119
28893  20.462  -60.698  25.921 0.3000000119
22089  28.070  -67.810  31.919 0.4000000060
22985  29.148  -67.241  31.182 0.4000000060
22997  29.469  -67.800  30.592 0.3000000119
23039  28.417  -67.740  26.012 0.4000000060
23930  24.863  -66.471  30.552 0.4000000060
23936  24.388  -66.386  29.804 0.5000000000
23956  29.236  -66.924  27.343 0.4000000060
23965  29.340  -66.162  27.552 0.4000000060
23966  28.821  -67.098  26.541 0.4000000060
23997  26.595  -66.108  23.789 0.4000000060
24014  25.943  -66.038  23.454 0.4000000060
24872  28.390  -65.660  31.549 0.4000000060
24900  24.304  -65.663  29.477 0.4000000060
24917  22.818  -64.933  27.648 0.3000000119
24943  27.840  -65.872  24.779 0.5000000000
24960  27.026  -65.413  23.859 0.6000000238
25014  22.472  -64.567  20.385 0.3000000119
25897  29.097  -64.782  30.918 0.6000000238
25899  26.293  -65.082  31.273 0.5000000000
25928  24.292  -64.860  29.249 0.4000000060
25997  27.783  -64.610  24.485 0.6000000238
26041  23.492  -64.868  20.051 0.3000000119
26050  22.846  -64.267  19.890 0.3000000119
26933  29.450  -63.733  30.018 0.6000000238
26952  23.787  -63.496  27.919 0.4000000060
26968  23.817  -62.614  27.357 0.4000000060
26982  23.261  -62.394  26.581 0.4000000060
27037  23.318  -63.641  21.694 0.5000000000
27070  22.450  -63.491  19.925 0.3000000119
27897  27.687  -62.005  30.966 0.6000000238
27915  28.702  -62.710  30.718 0.6000000238
27981  21.036  -60.785  25.497 0.3000000119
28002  27.615  -62.310  23.897 0.8000000119
28014  26.073  -62.994  22.812 0.6999999881
28033  22.326  -62.889  20.690 0.5000000000
28043  25.656  -63.016  20.050 0.5000000000
28044  22.213  -62.819  20.248 0.5000000000
28061  22.172  -62.999  19.792 0.4000000060
28901  22.721  -59.629  25.922 0.4000000060
28903  21.017  -60.384  25.820 0.3000000119
28913  29.177  -61.567  25.518 0.8999999762
28914  28.703  -61.447  24.800 0.8000000119
28923  28.238  -61.321  24.221 0.8000000119
28935  26.781  -61.478  23.006 0.8000000119
28944  23.735  -61.739  21.576 0.6999999881
28946  22.581  -61.976  21.190 0.6000000238
29728  23.372  -60.249  29.472 0.3000000119
29774  22.938  -59.533  26.239 0.4000000060
29815  22.604  -61.455  21.065 0.6000000238
30713  23.841  -58.844  27.299 0.5000000000
30766  28.782  -58.874  24.320 0.8999999762
30825  21.798  -59.407  19.986 0.8999999762
31676  28.368  -58.257  30.272 0.8999999762
31682  22.069  -58.814  30.530 0.3000000119
31732  24.906  -58.392  27.725 0.6000000238
31778  27.558  -58.318  23.265 0.8999999762
31812  22.093  -58.746  19.997 0.8999999762
31825  26.884  -58.434  19.428 0.6000000238
31826  26.627  -58.025  18.643 0.6000000238
31827  22.218  -58.649  19.697 0.8999999762
32722  23.765  -57.437  30.698 0.6000000238
32723  22.967  -57.675  30.758 0.4000000060
32781  30.575  -57.767  27.305 1.0000000000
32809  30.238  -57.626  25.795 1.0000000000
32828  28.090  -56.836  23.663 0.8999999762
32837  26.409  -58.046  22.508 0.8999999762
32851  22.546  -58.024  20.042 0.8999999762
32881  27.879  -56.953  20.018 0.6000000238
32884  21.903  -56.704  18.960 0.8999999762
32895  26.348  -57.716  17.775 0.6999999881
32910  22.325  -57.130  18.382 0.8999999762
33842  27.592  -55.791  30.247 0.8999999762
33844  25.504  -56.073  30.180 0.6999999881
33945  29.242  -56.285  24.702 1.0000000000
33962  26.984  -56.755  22.873 0.8999999762
33974  26.018  -56.024  21.877 0.8999999762
33991  23.374  -56.653  19.862 0.8999999762
34047  26.207  -55.937  16.592 0.6999999881
34917  25.125  -55.585  30.858 0.6000000238
34919  22.648  -55.158  30.643 0.5000000000
35061  28.892  -55.215  20.210 0.6000000238
35081  27.654  -55.588  18.930 0.6000000238
35085  22.291  -55.381  18.942 0.8999999762
35110  21.932  -55.457  17.381 0.8999999762
35111  21.104  -55.201  17.646 0.8999999762
35121  26.496  -55.401  16.572 0.6999999881
36089  20.986  -54.911  18.094 0.8999999762
36100  21.006  -54.840  17.700 0.8999999762
36115  21.261  -54.749  17.444 0.8999999762
36125  25.893  -54.160  16.131 0.6999999881
36940  25.482  -53.520  31.107 0.6999999881
37090  21.519  -54.356  18.103 0.8999999762
37103  22.754  -53.488  18.168 0.8999999762
37115  21.759  -53.114  17.052 0.8999999762
37130  22.006  -53.465  16.836 0.8999999762
37960  24.907  -52.676  31.061 0.6999999881
37962  23.001  -52.197  30.190 0.6000000238
37970  22.465  -52.460  29.420 0.5000000000
37976  30.200  -52.236  28.324 1.0000000000
37977  29.858  -52.089  29.130 0.8999999762
38072  27.089  -52.956  21.066 1.0000000000
38088  26.705  -52.091  20.158 1.0000000000
38978  22.247  -51.235  27.062 0.3000000119
39038  28.303  -51.016  22.039 1.0000000000
39058  27.471  -51.493  21.214 1.0000000000
39136  23.099  -51.418  16.313 0.8000000119
39137  22.617  -51.662  16.585 0.8999999762
40011  30.254  -49.998  23.206 0.8000000119
40086  22.959  -50.164  17.188 1.0000000000
40087  22.487  -51.068  16.892 0.8999999762
40956  28.189  -49.218  29.536 0.6000000238
40974  25.029  -48.859  29.097 0.4000000060
41047  29.569  -49.493  21.674 0.8000000119
41072  27.151  -49.196  19.809 0.8999999762
41074  25.867  -49.670  19.088 1.0000000000
41100  23.190  -49.131  16.588 1.0000000000
41863  27.449  -48.583  29.343 0.6000000238
41876  26.688  -48.209  28.974 0.5000000000
41973  29.899  -47.781  20.190 0.8000000119
41995  25.958  -48.595  18.400 0.8999999762
42018  23.180  -48.070  15.915 0.8000000119
42039  25.459  -48.267  13.744 0.6000000238
42849  28.703  -47.202  27.834 0.5000000000
42909  32.347  -47.054  22.571 0.6999999881
42940  29.262  -47.730  19.487 0.8000000119
42950  26.661  -48.258  18.228 0.8999999762
42994  23.189  -47.046  14.929 0.8000000119
43027  26.230  -47.481  12.690 0.6000000238
43888  23.279  -45.947  25.094 0.4000000060
43930  31.204  -46.806  20.309 0.8000000119
43972  28.611  -46.495  16.805 0.8000000119
43973  27.508  -46.903  16.417 0.8000000119
44006  22.711  -46.105  13.957 0.8000000119
44867  31.247  -45.842  19.220 0.6999999881
44877  30.587  -45.494  17.686 0.6999999881
44949  22.702  -45.443  12.866 0.6999999881
44959  26.413  -45.306  11.957 0.5000000000
45748  27.437  -44.433  24.804 0.4000000060
45875  22.896  -44.793  13.938 0.8000000119
45876  22.362  -44.661  13.572 0.8000000119
45889  22.033  -44.520  13.169 0.6999999881
45899  21.940  -44.479  12.815 0.6999999881
45908  24.960  -44.703  11.596 0.6000000238
46751  32.026  -43.715  22.622 0.5000000000
46777  32.656  -43.544  21.177 0.4000000060
46828  30.965  -43.848  16.216 0.6999999881
46847  29.529  -43.202  14.438 0.5000000000
46869  29.021  -42.919  13.964 0.5000000000
46871  27.510  -43.213  13.551 0.6999999881
46900  21.614  -43.286  11.961 0.6000000238
46912  22.978  -42.950  10.986 0.6000000238
47827  29.435  -42.324  22.849 0.4000000060
47848  27.469  -42.164  21.803 0.3000000119
47850  25.316  -42.712  21.451 0.3000000119
47891  33.277  -42.355  18.679 0.4000000060
47924  30.091  -42.491  14.517 0.5000000000
47966  21.571  -42.275  11.808 0.6000000238
47974  21.567  -42.355  11.494 0.6000000238
47975  21.369  -41.697  10.876 0.6000000238
47987  26.896  -42.242  10.324 0.4000000060
47992  21.513  -41.367  10.795 0.6000000238
48890  28.250  -41.135  20.788 0.3000000119
48900  33.251  -41.629  19.177 0.4000000060
48959  30.609  -41.772  14.625 0.5000000000
49008  21.522  -41.654  11.479 0.6000000238
49025  21.352  -41.339  11.074 0.6000000238
49037  24.896  -41.708  10.184 0.5000000000
49040  21.895  -41.634  10.598 0.6000000238
49041  21.363  -41.218  10.898 0.6000000238
49049  22.324  -40.522  9.930 0.6000000238
50028  29.319  -40.136  13.046 0.4000000060
50033  24.252  -40.772  11.771 0.6000000238
50035  22.118  -41.457  11.812 0.6000000238
50054  26.722  -39.971  11.676 0.4000000060
50080  21.801  -40.735  10.649 0.6000000238
50093  22.077  -40.525  10.333 0.6000000238
50094  21.603  -40.947  10.688 0.6000000238
51189  31.047  -39.993  14.107 0.4000000060
51227  23.884  -39.514  10.753 0.4000000060
51269  26.685  -39.526  7.912 0.3000000119
51270  24.646  -38.679  7.891 0.4000000060
52372  26.484  -38.849  10.825 0.4000000060
52375  23.226  -38.971  10.068 0.4000000060
52392  25.869  -38.494  10.370 0.4000000060
52435  24.110  -37.783  7.701 0.4000000060
52436  23.678  -37.758  8.231 0.4000000060
53519  23.416  -38.137  9.101 0.4000000060
53531  26.983  -37.206  9.467 0.4000000060
53552  23.506  -37.968  8.626 0.4000000060
131586  21.602  -60.097  20.010 0.8000000119
132056  31.099  -45.149  17.869 0.6999999881
134131  27.057  -48.384  18.697 0.8999999762
134854  21.510  -55.437  18.514 0.8999999762
135658  26.957  -53.026  15.635 0.6999999881
136192  21.184  -55.602  17.987 0.8999999762
136723  27.622  -46.907  12.608 0.5000000000
136887  28.468  -50.005  29.662 0.6999999881
138054  28.459  -62.087  30.703 0.6000000238
138879  22.872  -53.377  16.505 0.8999999762
139469  23.975  -61.412  19.171 0.6000000238
139705  28.645  -60.110  30.438 0.6999999881
139924  28.476  -56.556  20.299 0.6000000238
140268  24.401  -64.153  29.103 0.5000000000
140359  22.170  -41.008  11.529 0.6000000238
142036  27.386  -50.064  20.552 1.0000000000
142412  31.218  -41.953  15.228 0.5000000000
143973  29.604  -63.911  28.416 0.6000000238
144018  26.605  -53.784  30.763 1.0000000000
144489  28.093  -52.892  30.505 0.8999999762
144654  22.685  -64.111  21.386 0.5000000000
145951  25.662  -52.178  30.878 0.6999999881
146151  22.441  -58.343  19.091 0.8999999762
146251  29.552  -65.960  28.455 0.4000000060
146397  26.502  -60.026  19.561 0.6000000238
147472  25.291  -51.500  30.743 0.6999999881
147766  26.070  -43.280  11.186 0.5000000000
147926  27.118  -62.200  20.692 0.5000000000
148354  26.393  -45.637  14.503 0.6999999881
148861  29.670  -56.459  29.395 0.8999999762
151032  24.595  -49.866  29.728 0.5000000000
152116  29.353  -37.299  11.523 0.3000000119
152682  27.435  -63.502  23.937 0.8000000119
153686  25.913  -54.134  30.952 0.6999999881
154086  26.687  -41.076  12.390 0.6000000238
154693  24.655  -59.932  26.953 0.5000000000
155428  24.681  -55.180  16.593 0.6999999881
155451  28.553  -44.037  14.256 0.6999999881
155660  30.395  -45.376  17.250 0.6999999881
155939  32.529  -44.429  21.797 0.6999999881
156165  28.283  -55.686  30.248 0.8999999762
156166  28.332  -58.826  30.387 0.8999999762
156352  23.203  -51.415  17.608 1.0000000000
156877  23.700  -59.584  29.282 0.4000000060
157222  23.726  -54.359  16.555 0.8000000119
157261  27.743  -60.794  30.696 0.6000000238
157720  26.345  -64.181  23.344 0.6000000238
157825  25.342  -52.482  18.687 1.0000000000
158308  29.553  -49.442  28.545 0.6999999881
158310  20.982  -55.680  28.841 0.4000000060
