#!ascii label  , from subject sub-v1s2x0051488_ses-1 vox2ras=TkReg
1541
24102  35.080  -58.766  21.653 0.6000000238
24080  36.260  -58.128  21.883 0.5000000000
24960  34.843  -57.907  22.585 0.6999999881
24949  34.429  -57.501  23.377 0.6000000238
24961  33.899  -57.905  22.663 0.6000000238
24950  33.448  -57.322  23.439 0.6000000238
105302  35.715  -57.792  22.540 0.6999999881
24082  34.434  -58.506  22.088 0.5000000000
24083  33.397  -58.503  22.367 0.5000000000
24962  32.932  -57.820  22.745 0.6000000238
25835  32.908  -56.813  23.659 0.6000000238
24101  35.744  -58.698  21.429 0.5000000000
23187  34.592  -59.132  21.712 0.6000000238
24951  32.535  -57.206  23.187 0.6000000238
24120  37.139  -58.818  20.670 0.5000000000
24119  37.744  -58.638  20.491 0.5000000000
25812  34.089  -55.985  25.247 0.6000000238
117849  33.392  -56.076  24.616 0.6999999881
24933  36.005  -57.127  23.915 0.6000000238
24934  35.019  -57.147  24.081 0.6999999881
25825  34.633  -56.602  24.739 0.6000000238
120207  33.915  -56.535  24.639 0.6000000238
25826  33.435  -56.702  24.118 0.6000000238
115179  36.052  -57.459  23.136 0.6000000238
24948  35.341  -57.512  23.275 0.6999999881
105592  37.073  -57.763  22.109 0.5000000000
24947  36.692  -57.235  23.372 0.5000000000
25836  32.324  -56.450  23.329 0.6000000238
24981  36.950  -58.166  21.536 0.5000000000
25837  31.710  -56.423  22.682 0.6000000238
24099  37.344  -58.407  21.068 0.5000000000
25846  31.210  -56.508  21.973 0.6000000238
112156  31.548  -55.754  21.558 0.6999999881
26783  31.542  -55.706  20.620 0.6999999881
25862  31.052  -56.349  21.107 0.6000000238
25877  31.056  -56.376  20.204 0.6000000238
25005  31.169  -57.211  19.025 0.6000000238
25006  30.743  -57.079  19.825 0.6000000238
24150  35.612  -59.724  15.168 0.5000000000
24155  36.022  -59.156  14.251 0.6999999881
25032  35.907  -58.847  13.952 0.8000000119
23237  35.243  -59.938  14.545 0.6999999881
26732  33.902  -55.191  25.534 0.6000000238
26745  33.377  -55.365  25.045 0.6999999881
25824  35.581  -56.620  24.688 0.6999999881
25811  35.151  -56.043  25.326 0.6000000238
26746  32.918  -55.492  24.314 0.6999999881
25834  36.788  -56.846  23.969 0.6000000238
25823  36.469  -56.497  24.537 0.6000000238
110765  32.643  -54.857  23.830 0.8000000119
25832  38.448  -56.419  23.569 0.5000000000
25833  37.495  -56.808  23.625 0.5000000000
105924  32.418  -54.993  23.017 0.8000000119
26752  32.515  -55.628  23.567 0.6000000238
24959  37.955  -57.469  22.298 0.5000000000
24946  37.274  -57.361  22.859 0.5000000000
26753  32.050  -55.729  22.866 0.6000000238
24098  38.172  -58.141  21.026 0.5000000000
26761  32.074  -55.154  22.143 0.8000000119
26777  32.052  -55.067  21.140 0.8000000119
26762  31.659  -55.888  22.269 0.6999999881
26782  32.203  -55.100  20.187 0.6999999881
26794  32.378  -55.940  18.651 0.6999999881
26789  32.567  -55.198  19.300 0.6999999881
25894  33.049  -56.238  17.871 0.6000000238
25890  31.698  -56.570  18.804 0.6000000238
26790  31.711  -55.847  19.563 0.6000000238
25893  33.756  -56.633  17.161 0.6999999881
25013  32.656  -57.739  17.630 0.6999999881
25889  32.406  -56.801  18.083 0.6000000238
25898  34.793  -57.298  16.374 0.6999999881
25018  33.744  -58.324  16.822 0.6000000238
25028  36.109  -59.246  14.676 0.8000000119
25022  35.768  -58.670  15.404 0.8000000119
25023  34.800  -58.498  16.110 0.6000000238
25026  37.127  -58.010  13.966 0.8999999762
25034  33.872  -57.950  14.491 0.6999999881
25031  36.539  -58.464  13.955 0.8000000119
25033  35.156  -59.050  14.139 0.6999999881
27577  33.788  -53.856  26.014 0.6000000238
27586  33.388  -54.478  25.449 0.6999999881
111498  33.204  -53.558  25.598 0.6999999881
26731  34.694  -55.298  25.649 0.6000000238
28388  32.770  -53.047  25.126 0.6000000238
116138  36.558  -54.737  25.471 0.4000000060
26729  36.594  -55.337  25.321 0.6000000238
27584  35.118  -54.523  25.913 0.6000000238
27597  32.889  -54.707  24.650 0.6999999881
26744  36.980  -55.805  24.911 0.6000000238
27598  32.620  -54.067  24.114 0.8000000119
26742  38.543  -55.688  24.191 0.4000000060
25821  37.940  -56.240  24.122 0.5000000000
25822  37.253  -56.347  24.324 0.6000000238
27606  32.602  -54.211  23.272 0.8000000119
27612  32.573  -54.359  22.447 0.8000000119
25844  38.646  -56.850  22.743 0.4000000060
27626  32.540  -54.425  21.599 0.8000000119
24979  38.833  -57.573  21.230 0.5000000000
27639  32.914  -54.535  19.860 0.8000000119
27644  33.866  -54.567  18.742 0.8000000119
27645  33.215  -54.690  19.161 0.6999999881
27634  32.662  -54.451  20.714 0.8000000119
26798  33.685  -55.835  17.683 0.8000000119
26793  33.254  -55.339  18.469 0.6999999881
26797  35.056  -55.381  17.116 0.8999999762
25892  34.390  -56.046  17.071 0.8999999762
26802  35.334  -56.418  16.343 0.8999999762
25905  36.769  -57.874  14.933 0.8999999762
26819  34.495  -56.615  14.287 0.8000000119
25913  33.643  -56.838  14.608 0.8000000119
111647  34.809  -57.827  14.130 0.8000000119
117530  35.847  -57.621  13.805 0.8000000119
28378  33.601  -53.118  26.079 0.6999999881
29217  32.774  -52.190  25.369 0.6000000238
27585  34.196  -54.579  25.882 0.6000000238
28377  34.140  -53.332  26.273 0.5000000000
29222  32.534  -52.438  24.560 0.6999999881
28385  36.309  -53.395  25.678 0.4000000060
28386  35.449  -53.699  26.030 0.5000000000
28399  32.593  -53.259  24.361 0.6999999881
27596  37.437  -54.759  25.058 0.5000000000
28412  32.603  -53.437  23.546 0.6999999881
112241  38.174  -54.005  24.538 0.5000000000
26741  39.193  -54.970  23.986 0.4000000060
28428  33.323  -53.243  21.481 0.8000000119
28429  32.899  -53.762  21.927 0.8000000119
26750  39.782  -55.295  23.288 0.4000000060
28441  33.097  -53.858  21.161 0.8000000119
25843  39.415  -56.574  22.373 0.3000000119
27637  34.341  -54.028  19.036 0.8000000119
28446  34.521  -53.453  19.586 0.8000000119
27633  33.358  -53.973  20.373 0.8000000119
28452  34.978  -53.713  18.834 0.8000000119
27638  33.731  -54.095  19.556 0.8000000119
27649  35.686  -54.724  17.370 0.8999999762
27650  34.945  -54.691  17.783 0.8999999762
109446  36.460  -54.715  16.965 0.8999999762
26796  36.217  -55.721  16.305 0.8999999762
27656  37.180  -55.139  16.272 0.8999999762
26809  37.136  -56.938  15.191 0.8999999762
25906  33.509  -55.863  14.826 0.8000000119
26811  32.606  -56.129  15.157 0.8000000119
26808  38.165  -56.734  14.586 0.8999999762
111177  38.244  -57.156  14.006 0.8999999762
26817  36.275  -56.681  13.689 0.8000000119
25911  37.845  -57.335  13.841 0.8000000119
114205  33.733  -51.848  26.383 0.6000000238
29216  33.366  -52.381  26.048 0.6000000238
30010  32.599  -51.230  25.277 0.6000000238
29207  34.161  -52.555  26.422 0.6000000238
29214  36.579  -52.500  25.615 0.4000000060
29215  35.779  -52.867  26.106 0.4000000060
28376  34.862  -53.128  26.317 0.5000000000
29235  32.521  -52.658  23.750 0.6999999881
27582  36.846  -53.962  25.324 0.4000000060
105964  32.663  -52.899  23.110 0.6999999881
115934  37.874  -52.534  24.646 0.5000000000
28384  37.098  -53.007  25.193 0.4000000060
29240  32.851  -52.721  22.493 0.6999999881
28397  38.401  -53.073  24.265 0.5000000000
30034  33.410  -52.046  21.520 0.8000000119
29243  33.038  -53.189  22.084 0.8000000119
109367  34.904  -52.778  19.796 0.8000000119
28440  33.650  -53.342  20.757 0.8000000119
28451  35.785  -53.418  18.558 0.8000000119
28458  36.345  -53.946  17.721 0.8999999762
27642  35.382  -54.131  18.155 0.8999999762
27648  37.200  -54.286  16.931 0.8999999762
26800  38.355  -55.598  15.365 0.8999999762
26807  39.097  -56.124  14.348 1.0000000000
26810  34.351  -55.507  14.633 0.8000000119
25902  39.149  -56.225  13.832 1.0000000000
27675  35.425  -55.585  14.208 0.8000000119
26820  38.750  -56.226  13.532 1.0000000000
26816  37.467  -56.813  13.536 0.8000000119
27674  36.677  -55.587  13.731 0.8000000119
30009  33.124  -51.574  25.920 0.6000000238
29999  34.556  -51.548  26.603 0.6000000238
108958  32.474  -50.299  25.195 0.6999999881
29205  36.079  -52.037  26.082 0.4000000060
29998  35.598  -51.527  26.450 0.4000000060
29206  35.176  -52.297  26.428 0.4000000060
106641  32.589  -52.178  23.051 0.6999999881
30016  38.254  -51.596  24.662 0.5000000000
29996  37.254  -50.936  25.911 0.4000000060
30031  32.528  -51.193  22.987 0.8000000119
29251  33.722  -52.591  21.061 0.8000000119
30850  32.891  -50.896  22.141 0.8000000119
29261  34.819  -52.066  20.165 0.8000000119
29250  34.311  -52.878  20.345 0.8000000119
29267  36.047  -52.668  18.934 0.8000000119
28445  35.313  -53.083  19.254 0.8000000119
107500  37.898  -54.691  16.197 0.8999999762
28457  37.438  -53.496  17.463 0.8999999762
27655  38.896  -54.674  15.632 1.0000000000
27665  39.387  -55.324  14.773 1.0000000000
27664  39.774  -55.330  14.146 1.0000000000
108217  35.693  -54.681  14.558 0.8000000119
27668  33.516  -55.145  15.168 0.8000000119
27672  39.004  -55.735  13.575 1.0000000000
27673  37.531  -55.029  13.681 0.8000000119
26815  38.093  -55.946  13.474 0.8000000119
30826  34.366  -50.586  26.825 0.6000000238
30000  33.664  -51.074  26.447 0.6000000238
30836  32.911  -50.688  25.913 0.6000000238
30838  32.345  -50.892  24.404 0.6999999881
31709  32.370  -49.885  24.379 0.6999999881
124268  35.971  -51.088  26.471 0.4000000060
30842  32.411  -50.313  23.501 0.8000000119
31715  32.433  -49.492  23.680 0.8000000119
30008  36.894  -51.667  25.641 0.4000000060
30851  32.641  -50.353  22.660 0.8000000119
30823  37.565  -50.274  26.364 0.4000000060
30038  33.840  -51.780  21.041 0.8000000119
110229  33.380  -51.351  21.563 0.8000000119
30036  34.332  -51.603  20.612 0.8000000119
29260  35.464  -52.345  19.538 0.8000000119
29266  36.845  -52.252  18.602 0.8000000119
28456  38.245  -54.027  16.613 1.0000000000
28468  39.398  -53.913  15.864 1.0000000000
28455  38.642  -53.136  16.866 1.0000000000
27654  40.013  -54.558  14.865 1.0000000000
28479  39.046  -54.338  13.744 1.0000000000
27666  36.754  -54.433  14.229 0.8999999762
27657  34.017  -54.508  15.386 0.8000000119
28477  34.955  -54.124  15.334 0.8999999762
28480  37.917  -54.297  13.881 1.0000000000
28476  37.215  -53.587  14.617 1.0000000000
119887  36.013  -53.723  15.198 1.0000000000
29291  39.022  -52.716  14.141 1.0000000000
29290  39.977  -52.196  13.862 1.0000000000
104471  38.047  -52.245  14.936 1.0000000000
30073  37.740  -51.608  15.234 1.0000000000
30075  39.740  -51.131  14.084 1.0000000000
30893  38.549  -50.903  14.516 1.0000000000
31699  33.185  -49.273  26.349 0.6999999881
121372  32.800  -49.076  25.824 0.6999999881
32587  32.723  -48.476  25.500 0.6999999881
31697  34.222  -49.757  27.023 0.6000000238
31698  33.692  -49.372  26.792 0.6000000238
106151  32.504  -49.273  25.130 0.6999999881
30815  35.020  -50.082  27.136 0.6000000238
31696  35.913  -50.158  27.085 0.5000000000
120359  32.505  -48.897  23.540 0.8000000119
118995  33.385  -50.618  21.597 0.8000000119
30033  33.963  -50.931  20.982 0.8000000119
30858  34.770  -51.037  20.317 0.8000000119
30042  36.172  -51.868  19.217 0.6999999881
30043  35.451  -51.503  19.731 0.8000000119
107386  37.610  -52.640  17.878 0.8999999762
30050  36.854  -51.447  18.767 0.8000000119
112487  38.455  -52.238  17.448 0.8999999762
30049  37.653  -51.867  18.218 1.0000000000
30060  38.330  -51.509  17.616 1.0000000000
28467  39.923  -53.252  15.795 1.0000000000
30059  39.046  -51.886  17.001 1.0000000000
30880  39.080  -51.219  16.742 1.0000000000
110656  40.561  -53.391  14.922 1.0000000000
30888  38.978  -50.238  16.193 1.0000000000
30067  40.471  -51.911  14.955 1.0000000000
30886  40.128  -51.240  14.368 1.0000000000
30074  40.156  -51.670  14.078 1.0000000000
29292  36.713  -53.009  15.367 1.0000000000
122462  35.212  -53.437  15.884 1.0000000000
30895  39.924  -51.001  14.136 1.0000000000
109158  37.710  -52.833  14.871 1.0000000000
29287  36.975  -52.264  15.662 1.0000000000
30069  36.719  -51.469  15.950 1.0000000000
30897  38.962  -50.048  13.904 1.0000000000
30894  37.328  -50.796  15.320 1.0000000000
32577  33.051  -48.566  26.155 0.6999999881
32595  32.519  -48.363  24.737 0.6999999881
32561  34.760  -48.546  27.472 0.5000000000
32576  33.556  -48.722  26.723 0.6999999881
107447  32.429  -49.027  24.234 0.6999999881
31685  34.829  -49.344  27.348 0.6000000238
117356  36.245  -49.485  27.401 0.5000000000
31684  35.499  -49.631  27.344 0.5000000000
31725  32.647  -49.366  22.823 0.8000000119
31735  33.311  -49.173  21.931 0.8000000119
31734  33.775  -49.913  21.328 0.6999999881
108817  33.878  -49.027  21.342 0.8000000119
31741  34.955  -50.129  20.212 0.8000000119
106444  34.440  -49.380  20.717 0.8000000119
30860  36.116  -50.897  19.361 0.6999999881
31748  35.589  -50.030  19.650 0.6999999881
124219  36.675  -50.015  18.649 0.8999999762
117498  35.477  -48.106  19.150 0.8000000119
32650  35.947  -48.546  18.653 0.8000000119
34440  35.764  -46.667  18.472 0.8000000119
106368  37.232  -50.087  18.103 0.8999999762
31759  36.451  -49.344  18.509 0.8000000119
33526  35.900  -47.663  18.364 0.8000000119
30881  38.203  -50.648  17.437 1.0000000000
32649  36.436  -48.447  17.992 0.8999999762
33539  36.280  -46.951  17.780 0.8000000119
31770  37.080  -49.130  17.619 0.8999999762
31758  37.948  -49.706  17.111 1.0000000000
30887  39.793  -51.137  15.486 1.0000000000
30071  40.443  -51.988  14.322 1.0000000000
30892  39.728  -50.492  15.069 1.0000000000
31779  39.710  -50.464  14.086 1.0000000000
30889  36.314  -50.639  15.996 1.0000000000
32665  38.977  -48.904  14.485 1.0000000000
31785  39.164  -49.635  14.124 1.0000000000
31782  36.754  -50.021  15.172 1.0000000000
109564  38.833  -48.689  14.003 1.0000000000
105052  38.625  -48.328  13.752 1.0000000000
120915  37.217  -49.304  14.326 1.0000000000
34335  34.686  -46.979  27.144 0.6999999881
33449  34.110  -47.383  26.857 0.6999999881
34352  33.614  -47.010  26.217 0.6999999881
33462  32.734  -47.623  25.219 0.6999999881
33432  34.725  -47.680  27.402 0.6000000238
33473  32.554  -47.553  24.365 0.6999999881
33431  35.501  -48.070  27.813 0.5000000000
33478  32.644  -47.474  23.509 0.6999999881
32559  36.497  -48.635  27.835 0.5000000000
33487  32.872  -47.748  22.808 0.8000000119
32613  33.030  -48.407  22.426 0.6999999881
110007  34.157  -48.315  20.952 0.6999999881
32627  33.564  -48.342  21.699 0.6999999881
32634  34.677  -48.675  20.358 0.6999999881
31749  35.057  -49.307  19.988 0.6999999881
31747  36.255  -49.998  19.101 0.6999999881
35297  34.814  -45.942  19.814 0.8000000119
35296  35.320  -45.427  19.311 0.8000000119
34429  35.305  -46.298  19.168 0.8000000119
35308  35.790  -45.784  18.613 0.8000000119
32661  37.020  -48.280  17.185 1.0000000000
34439  36.329  -46.144  17.955 0.8000000119
122571  36.733  -47.096  17.184 1.0000000000
34456  36.873  -46.472  17.232 0.8000000119
32660  37.727  -48.840  16.675 1.0000000000
31774  39.125  -49.473  15.162 1.0000000000
32666  38.496  -48.611  15.438 1.0000000000
32671  38.908  -47.952  14.226 1.0000000000
111334  36.269  -49.480  14.926 1.0000000000
31776  35.734  -49.844  15.820 1.0000000000
32678  38.891  -47.476  13.370 1.0000000000
32679  38.191  -47.494  12.963 1.0000000000
34351  34.281  -46.612  26.601 0.6999999881
34361  33.814  -46.203  25.936 0.6999999881
34363  32.706  -46.945  24.713 0.6000000238
34373  32.628  -46.754  24.045 0.6000000238
119399  32.773  -46.683  23.433 0.6000000238
34381  32.968  -47.037  22.884 0.6999999881
33502  33.759  -47.644  21.432 0.6999999881
33486  33.317  -47.506  22.170 0.6999999881
33511  34.621  -47.915  20.307 0.6999999881
35285  34.408  -45.611  20.544 0.8000000119
32641  35.087  -48.456  19.803 0.6999999881
33518  35.012  -47.610  19.715 0.8000000119
36177  35.436  -44.569  19.527 0.8000000119
36190  35.895  -44.932  18.783 0.8000000119
35307  36.481  -45.327  18.144 0.8000000119
35321  37.080  -45.687  17.409 0.8000000119
33544  37.845  -47.393  15.971 1.0000000000
34464  37.357  -46.880  16.565 1.0000000000
35320  37.910  -45.265  16.877 0.6999999881
34463  38.352  -46.687  15.605 1.0000000000
34455  37.901  -46.020  16.410 0.8999999762
33550  38.730  -47.244  14.848 1.0000000000
33549  39.143  -46.985  13.726 1.0000000000
35350  39.355  -45.640  14.329 1.0000000000
107881  35.004  -49.436  15.771 1.0000000000
33553  38.535  -46.915  12.809 1.0000000000
32680  37.544  -48.355  13.526 1.0000000000
31783  35.516  -49.259  15.042 1.0000000000
34362  33.139  -46.717  25.390 0.6999999881
35258  33.209  -45.575  22.743 0.6000000238
35274  33.562  -45.876  21.836 0.6999999881
34408  34.030  -46.216  21.072 0.6999999881
34409  33.672  -46.831  21.604 0.6999999881
116379  34.626  -47.208  20.179 0.6999999881
36178  34.853  -45.070  20.017 0.6999999881
36159  34.983  -44.210  20.274 0.6999999881
36176  36.098  -44.105  19.026 0.6999999881
37022  36.914  -43.684  18.534 0.6999999881
36188  37.604  -44.115  17.801 0.6999999881
36200  38.367  -44.561  16.945 0.8000000119
34462  39.076  -45.862  15.212 0.8999999762
34470  39.195  -46.432  14.429 1.0000000000
35339  39.561  -45.155  14.947 1.0000000000
31784  34.701  -48.993  15.046 1.0000000000
34476  39.212  -46.257  13.626 1.0000000000
32672  36.256  -48.847  14.091 1.0000000000
33557  37.671  -47.024  12.550 1.0000000000
35223  33.448  -45.776  25.164 0.6000000238
34372  32.910  -46.200  24.549 0.6000000238
35231  33.286  -45.287  24.329 0.6000000238
36111  33.576  -44.561  23.993 0.6000000238
35232  32.896  -45.927  23.662 0.6000000238
35243  33.251  -44.986  23.460 0.6000000238
36140  33.428  -44.726  22.773 0.6000000238
36150  33.569  -44.961  22.068 0.6000000238
35273  33.951  -45.275  21.287 0.6000000238
36149  34.051  -44.402  21.563 0.6999999881
116975  35.238  -43.411  20.604 0.6999999881
37904  35.863  -42.934  20.093 0.6999999881
37006  35.617  -43.736  19.789 0.6999999881
37903  36.591  -42.482  19.578 0.6999999881
37920  37.202  -42.865  18.784 0.6999999881
43668  43.133  -36.225  19.696 0.3000000119
37036  38.752  -43.743  17.218 0.6999999881
37021  37.955  -43.307  18.069 0.6999999881
44695  43.204  -35.607  19.143 0.3000000119
30870  31.205  -50.542  18.307 0.8999999762
35340  39.059  -45.085  15.917 1.0000000000
31773  32.461  -49.697  17.599 1.0000000000
116741  34.290  -49.260  16.043 1.0000000000
31777  33.451  -49.168  16.393 1.0000000000
35358  39.217  -45.591  13.893 1.0000000000
34485  37.128  -46.948  12.627 1.0000000000
34484  38.063  -46.789  12.680 1.0000000000
106394  36.480  -48.167  13.315 1.0000000000
32673  35.284  -48.798  14.296 1.0000000000
33558  36.616  -47.208  12.784 1.0000000000
36095  34.545  -44.807  25.270 0.6000000238
124300  33.661  -44.799  24.465 0.6000000238
36947  34.610  -43.787  24.185 0.6000000238
36126  34.002  -44.056  23.894 0.6000000238
36962  35.032  -43.192  23.759 0.6000000238
37861  34.748  -42.967  22.990 0.6999999881
37874  34.707  -42.949  22.221 0.6999999881
36139  33.797  -44.185  22.365 0.6000000238
36984  34.306  -43.618  21.883 0.6999999881
38782  40.540  -41.445  22.772 0.3000000119
36990  34.595  -43.872  21.069 0.6999999881
43645  42.585  -36.739  20.380 0.3000000119
43646  41.621  -36.596  20.608 0.4000000060
43669  42.107  -35.966  20.009 0.4000000060
44697  41.574  -35.449  19.349 0.4000000060
124988  29.917  -50.824  18.591 0.6999999881
30872  29.527  -50.112  18.700 0.6999999881
45814  40.958  -34.739  16.738 0.3000000119
44696  42.466  -35.488  19.331 0.3000000119
37937  39.112  -42.879  17.517 0.6999999881
31761  31.552  -49.610  17.980 0.8999999762
45813  41.554  -34.219  17.136 0.3000000119
44721  41.191  -35.053  18.594 0.3000000119
36199  39.541  -44.124  16.232 0.8000000119
32662  32.034  -48.988  17.345 0.8999999762
45794  40.957  -34.736  17.721 0.3000000119
36218  39.735  -44.317  15.315 0.8000000119
36236  39.340  -44.948  14.431 1.0000000000
32675  33.687  -48.772  15.121 1.0000000000
114193  38.594  -45.795  13.625 1.0000000000
32681  35.549  -48.322  13.522 1.0000000000
32674  34.488  -48.510  13.798 1.0000000000
116230  37.670  -46.354  13.286 1.0000000000
32685  36.006  -47.645  13.077 1.0000000000
34486  35.984  -47.263  13.004 1.0000000000
37860  35.465  -42.569  23.318 0.6999999881
37873  35.290  -42.422  22.542 0.6999999881
38765  39.837  -42.160  23.194 0.3000000119
38766  39.076  -41.723  23.448 0.4000000060
37883  35.306  -42.445  21.760 0.6999999881
36983  34.893  -43.110  21.416 0.6999999881
39749  40.321  -40.343  22.696 0.4000000060
37889  36.203  -42.195  20.446 0.6999999881
39750  39.345  -40.028  22.745 0.5000000000
38804  36.524  -41.458  20.739 0.6999999881
38815  36.832  -41.653  19.848 0.6999999881
40652  40.882  -39.640  22.302 0.5000000000
41571  40.986  -38.227  21.728 0.4000000060
41573  39.401  -38.173  21.373 0.6000000238
42572  40.369  -37.336  21.115 0.5000000000
37902  37.476  -42.018  19.023 0.6999999881
116323  41.507  -37.257  21.108 0.3000000119
37919  38.295  -42.444  18.276 0.6999999881
42648  39.041  -37.275  16.459 0.4000000060
42593  40.196  -36.847  20.491 0.4000000060
124834  29.240  -49.132  18.794 0.6999999881
43730  39.857  -36.869  15.864 0.4000000060
43670  41.196  -35.949  19.995 0.4000000060
117796  40.461  -36.205  19.853 0.4000000060
31764  28.550  -49.656  18.973 0.6000000238
44765  40.663  -35.666  16.038 0.3000000119
43716  40.066  -36.091  16.574 0.3000000119
44698  40.777  -35.597  19.258 0.4000000060
43648  39.796  -36.619  19.647 0.4000000060
37035  39.779  -43.269  16.614 0.6999999881
37918  39.465  -41.974  17.674 0.6999999881
123785  30.325  -49.693  18.497 0.6999999881
43717  39.603  -36.654  16.965 0.4000000060
113828  40.076  -36.012  19.095 0.4000000060
43690  39.653  -36.632  18.781 0.4000000060
37051  40.147  -43.524  15.815 0.8000000119
44739  40.423  -35.359  17.170 0.3000000119
43689  40.405  -35.467  18.313 0.3000000119
120093  39.891  -36.118  18.362 0.4000000060
36217  40.039  -43.625  15.488 0.8000000119
36229  39.643  -44.200  15.060 0.8999999762
35359  38.736  -45.183  14.226 1.0000000000
32686  34.963  -47.867  13.007 1.0000000000
34478  36.302  -46.728  13.358 1.0000000000
35360  37.638  -45.579  14.281 1.0000000000
34487  34.910  -47.222  12.950 1.0000000000
33560  34.493  -47.441  12.730 1.0000000000
34479  35.267  -46.938  13.160 1.0000000000
110955  34.519  -46.917  12.850 1.0000000000
37859  36.325  -42.349  23.609 0.6000000238
38769  36.893  -41.679  23.277 0.6000000238
37872  35.949  -41.920  22.885 0.6999999881
37858  37.702  -41.954  23.696 0.5000000000
38767  38.294  -41.455  23.453 0.6000000238
38786  35.836  -41.829  22.147 0.6999999881
38783  39.688  -41.064  23.046 0.5000000000
39722  38.820  -40.830  23.143 0.4000000060
38796  35.927  -41.951  21.300 0.6999999881
39723  37.985  -40.809  22.997 0.6000000238
38795  36.416  -41.369  21.585 0.6999999881
40653  40.051  -39.403  22.462 0.6000000238
40654  39.381  -39.265  22.281 0.6000000238
38803  37.135  -40.887  20.152 0.6999999881
41549  39.769  -38.696  21.990 0.5000000000
41574  38.680  -38.503  20.919 0.6000000238
40689  38.292  -39.093  20.477 0.6000000238
38814  37.718  -41.140  19.241 0.6000000238
41641  37.921  -38.538  16.572 0.4000000060
43647  40.848  -36.449  20.429 0.4000000060
42573  39.748  -37.487  20.976 0.4000000060
41592  39.151  -37.885  20.543 0.5000000000
40690  37.950  -39.630  20.161 0.6000000238
42649  38.368  -37.829  16.224 0.4000000060
42594  39.503  -37.239  20.141 0.5000000000
38830  38.577  -41.563  18.425 0.6999999881
42639  38.909  -37.955  17.114 0.5000000000
42612  39.424  -37.259  19.198 0.4000000060
31762  30.777  -49.101  18.169 0.8999999762
31763  29.971  -49.081  18.576 0.6999999881
43703  39.948  -36.022  17.566 0.4000000060
42627  39.548  -37.429  18.286 0.4000000060
37034  40.312  -42.852  16.193 0.6999999881
37936  40.033  -42.441  16.923 0.6999999881
43704  39.698  -36.735  17.909 0.4000000060
32669  32.246  -48.652  16.545 0.8999999762
32668  32.827  -48.704  15.944 0.8999999762
35351  37.715  -44.848  14.842 1.0000000000
34471  36.337  -46.062  14.559 1.0000000000
32687  34.076  -47.919  12.844 1.0000000000
32682  33.296  -48.303  13.673 1.0000000000
34466  33.629  -46.208  15.257 0.8999999762
34465  34.202  -46.048  15.661 1.0000000000
34472  34.420  -46.442  14.798 1.0000000000
34480  33.883  -46.679  12.871 1.0000000000
33561  33.842  -47.381  12.519 1.0000000000
34473  33.806  -46.472  14.021 1.0000000000
34489  33.246  -46.590  12.446 0.8999999762
34467  33.137  -46.215  14.607 1.0000000000
34481  33.118  -46.209  13.232 0.8999999762
38768  37.618  -41.345  23.275 0.6000000238
38784  37.231  -41.029  22.741 0.6999999881
39753  36.948  -40.832  21.926 0.6999999881
39752  37.621  -40.445  22.300 0.6999999881
39763  37.398  -40.275  21.450 0.6999999881
40655  38.712  -39.497  22.179 0.6000000238
40656  37.962  -39.805  21.854 0.6000000238
39764  36.891  -40.793  21.060 0.6999999881
40681  38.343  -39.175  21.404 0.6999999881
40682  37.774  -39.634  21.010 0.6000000238
39770  37.455  -40.244  20.533 0.6000000238
39777  37.952  -40.255  19.518 0.6000000238
42650  37.565  -38.362  15.606 0.3000000119
40680  39.013  -38.833  21.754 0.6000000238
41642  36.909  -38.689  15.709 0.4000000060
41593  38.726  -38.445  20.040 0.6000000238
123946  38.339  -39.725  19.464 0.6000000238
40698  38.577  -39.205  19.486 0.5000000000
39793  38.792  -40.707  18.557 0.6000000238
41605  39.055  -38.586  19.086 0.4000000060
41630  38.832  -38.652  17.394 0.5000000000
41618  39.343  -38.050  18.632 0.4000000060
38829  39.539  -41.187  17.815 0.6000000238
37935  40.173  -42.291  16.483 0.6000000238
41629  39.452  -38.124  17.845 0.4000000060
41619  39.304  -38.868  18.164 0.4000000060
32663  31.395  -48.867  17.659 0.8999999762
37064  39.986  -43.366  15.456 0.8999999762
37050  40.308  -43.125  15.725 0.8000000119
32670  31.591  -48.369  16.825 0.8999999762
32677  32.028  -48.330  15.556 0.8999999762
33551  31.423  -47.919  14.733 0.8999999762
32676  32.781  -48.526  14.879 0.8999999762
35352  36.665  -45.327  15.154 1.0000000000
35353  35.086  -46.057  15.442 1.0000000000
32688  33.424  -47.707  12.717 1.0000000000
33562  33.237  -47.071  12.322 0.8999999762
35354  32.563  -45.784  14.432 1.0000000000
35361  32.395  -45.369  13.111 1.0000000000
35364  32.629  -45.968  12.465 0.8999999762
35355  32.065  -45.245  14.412 1.0000000000
35365  32.191  -45.269  12.255 0.8999999762
41652  37.315  -38.667  14.507 0.3000000119
106148  36.426  -39.259  16.337 0.3000000119
40733  37.604  -39.097  16.718 0.5000000000
119482  36.984  -39.764  16.436 0.4000000060
121320  39.040  -39.233  18.614 0.5000000000
39792  39.368  -40.550  17.950 0.5000000000
40710  39.263  -39.769  18.080 0.5000000000
39805  38.153  -39.939  17.094 0.5000000000
38844  40.065  -41.675  17.114 0.6000000238
40720  39.016  -39.468  17.598 0.5000000000
38859  40.101  -41.953  16.511 0.6999999881
39819  38.836  -40.730  16.906 0.5000000000
39804  39.297  -40.486  17.614 0.5000000000
37948  39.867  -42.254  15.984 0.6000000238
37065  39.240  -43.554  15.251 0.8999999762
36230  38.813  -44.329  14.778 0.8999999762
120807  36.772  -44.693  15.447 0.8999999762
35344  33.613  -45.686  16.160 0.8999999762
35343  34.416  -45.544  16.245 0.8999999762
109604  35.790  -45.559  15.473 1.0000000000
33554  32.656  -47.792  12.989 0.8999999762
32683  32.232  -48.241  14.153 0.8999999762
33565  32.679  -46.438  12.344 0.8999999762
35345  32.808  -45.771  15.671 0.8000000119
35346  32.148  -45.411  15.290 0.6999999881
33563  32.248  -47.143  12.527 0.8999999762
34493  32.284  -45.760  12.196 0.8999999762
34490  31.900  -46.421  12.334 0.8999999762
107564  36.837  -38.411  15.109 0.3000000119
41643  36.601  -38.441  15.885 0.3000000119
104464  36.236  -39.034  16.524 0.3000000119
40721  35.965  -39.748  16.627 0.4000000060
40734  36.362  -40.009  16.501 0.4000000060
39776  38.875  -39.884  18.718 0.6000000238
39820  37.394  -40.388  16.636 0.5000000000
38828  39.659  -41.119  17.500 0.5000000000
39803  39.835  -41.246  17.050 0.5000000000
38860  39.405  -41.519  16.494 0.5000000000
38861  37.971  -41.185  16.531 0.5000000000
37949  38.495  -42.075  16.094 0.6000000238
37959  39.486  -42.818  15.586 0.6000000238
37950  37.147  -42.434  16.197 0.6999999881
37053  36.961  -43.347  15.873 0.6999999881
37066  38.163  -43.646  15.353 0.6999999881
36219  36.348  -44.183  15.891 0.8000000119
36231  37.442  -44.160  15.366 0.8000000119
33555  31.698  -47.754  13.520 0.8999999762
35342  35.240  -45.299  16.111 0.8999999762
35341  35.991  -44.927  15.788 0.8999999762
33564  31.247  -47.086  13.123 0.8999999762
34494  31.698  -45.679  12.165 0.8999999762
36232  31.735  -44.587  13.783 1.0000000000
40711  35.946  -39.309  17.382 0.3000000119
40712  35.673  -40.053  17.594 0.3000000119
39821  36.622  -40.813  16.564 0.4000000060
39806  35.921  -40.389  16.656 0.4000000060
39807  35.637  -40.820  17.304 0.4000000060
119608  35.989  -40.908  16.721 0.4000000060
38845  35.765  -41.441  17.035 0.4000000060
38862  37.085  -41.630  16.445 0.4000000060
119226  36.318  -41.302  16.664 0.4000000060
37054  35.819  -43.616  16.451 0.6000000238
36220  35.488  -44.467  16.362 0.8000000119
35322  33.834  -45.084  16.874 0.6999999881
35324  32.076  -45.051  16.352 0.6999999881
35368  32.066  -45.218  12.023 0.8999999762
35366  30.782  -45.544  12.486 0.8999999762
37072  31.597  -43.836  12.749 0.8999999762
37077  31.530  -43.876  12.095 0.8000000119
35369  31.580  -44.923  12.054 0.8000000119
37073  31.312  -43.114  13.121 0.6999999881
37968  31.138  -42.259  12.427 0.8000000119
41621  35.758  -39.242  18.573 0.3000000119
39794  35.281  -40.684  18.352 0.3000000119
38831  35.194  -41.478  17.958 0.5000000000
38863  36.274  -41.951  16.675 0.5000000000
37938  35.418  -42.250  17.298 0.5000000000
37921  34.665  -42.272  18.116 0.5000000000
37951  36.089  -42.752  16.549 0.5000000000
37939  34.801  -42.828  17.673 0.5000000000
37037  35.295  -43.150  17.128 0.5000000000
36202  34.999  -43.972  16.964 0.6000000238
36221  34.684  -44.794  16.705 0.6999999881
36203  34.171  -44.327  17.318 0.6999999881
36205  32.481  -44.547  17.325 0.6999999881
36206  31.781  -44.273  17.103 0.6999999881
122677  31.436  -44.353  16.145 0.6999999881
120072  31.339  -43.773  16.785 0.6999999881
36233  31.310  -43.844  13.837 0.8000000119
37068  30.870  -43.330  14.686 0.6999999881
41620  36.125  -38.700  18.315 0.3000000119
41606  35.987  -38.329  19.180 0.3000000119
40699  35.334  -39.019  19.415 0.4000000060
39778  35.317  -39.904  18.925 0.3000000119
39779  34.625  -40.527  19.281 0.4000000060
39795  34.787  -41.125  18.737 0.4000000060
38832  34.440  -41.704  18.720 0.4000000060
38816  34.235  -41.182  19.193 0.3000000119
37905  33.866  -42.320  18.712 0.5000000000
37023  34.046  -43.016  18.185 0.6000000238
37922  33.357  -42.818  18.583 0.3000000119
37024  33.301  -43.353  18.290 0.5000000000
106454  32.684  -43.044  18.456 0.4000000060
37038  34.513  -43.516  17.560 0.6999999881
37039  33.676  -43.799  17.851 0.6999999881
36191  32.805  -43.871  17.970 0.6000000238
36204  33.299  -44.534  17.441 0.6999999881
35323  32.978  -45.219  16.778 0.6999999881
113134  32.159  -43.987  17.706 0.6999999881
37040  31.665  -43.469  17.565 0.6000000238
40700  34.669  -39.635  19.631 0.3000000119
38817  33.649  -41.620  19.179 0.3000000119
39780  33.668  -40.786  19.557 0.3000000119
38818  32.911  -41.352  19.339 0.3000000119
39782  32.282  -40.263  19.251 0.3000000119
37923  32.968  -42.224  18.932 0.3000000119
38833  32.258  -41.796  19.003 0.4000000060
37025  32.235  -43.495  18.071 0.5000000000
125288  32.305  -42.447  18.678 0.5000000000
37924  31.787  -42.161  18.435 0.5000000000
37940  31.446  -42.564  17.682 0.6000000238
37952  31.040  -42.978  16.734 0.6000000238
42614  35.823  -37.482  19.609 0.4000000060
41594  35.303  -38.113  19.717 0.3000000119
41595  34.549  -38.709  19.902 0.3000000119
40691  33.968  -39.436  19.907 0.3000000119
125032  33.317  -39.317  19.842 0.3000000119
106585  33.427  -39.991  19.783 0.3000000119
40701  32.704  -39.667  19.543 0.3000000119
40702  32.015  -39.664  18.986 0.3000000119
38834  31.741  -41.330  18.565 0.4000000060
39796  31.747  -40.384  18.626 0.4000000060
38846  31.375  -41.690  17.778 0.6000000238
40722  31.332  -39.945  17.757 0.4000000060
38847  30.962  -41.186  17.032 0.5000000000
37941  30.980  -42.035  16.953 0.6000000238
109386  30.681  -41.882  13.590 0.6999999881
37971  31.115  -42.539  11.768 0.8000000119
42595  35.212  -37.248  19.961 0.4000000060
42596  34.628  -37.766  20.002 0.3000000119
107706  34.049  -38.114  20.036 0.3000000119
41608  32.890  -38.712  19.611 0.3000000119
40713  32.296  -39.079  19.194 0.3000000119
40714  31.796  -38.955  18.590 0.4000000060
40723  30.940  -39.534  17.026 0.4000000060
39808  30.949  -40.351  17.050 0.4000000060
114795  30.677  -41.520  16.335 0.5000000000
113441  30.665  -39.938  16.428 0.4000000060
37953  30.644  -42.229  15.928 0.6000000238
39822  30.564  -40.706  16.150 0.4000000060
113550  30.539  -42.009  14.755 0.6999999881
38866  30.486  -41.402  15.431 0.4000000060
39827  30.380  -40.598  14.894 0.4000000060
38869  30.482  -41.295  14.173 0.6000000238
121062  30.424  -40.552  13.433 0.5000000000
38874  30.675  -41.345  12.750 0.6000000238
38878  30.741  -41.580  11.905 0.6999999881
44678  36.248  -35.808  20.017 0.3000000119
42597  33.945  -37.309  19.987 0.3000000119
124498  33.252  -37.304  19.657 0.3000000119
42616  32.794  -37.805  19.388 0.3000000119
41622  32.268  -38.355  18.973 0.3000000119
41623  31.656  -38.072  18.134 0.4000000060
41632  31.338  -39.005  17.706 0.3000000119
41644  31.199  -38.167  17.182 0.3000000119
41633  30.926  -38.823  16.904 0.3000000119
41645  30.772  -38.264  16.276 0.3000000119
112665  30.433  -39.901  15.580 0.4000000060
40735  30.605  -39.193  16.192 0.3000000119
118134  30.490  -38.677  15.558 0.3000000119
40741  30.383  -39.235  15.271 0.3000000119
107974  30.312  -39.713  14.272 0.3000000119
40744  30.099  -39.168  13.246 0.4000000060
39830  30.287  -39.888  12.780 0.5000000000
39833  30.434  -40.630  12.148 0.5000000000
39838  30.368  -41.037  11.801 0.5000000000
44680  34.778  -35.691  20.316 0.3000000119
43651  34.309  -36.439  20.094 0.3000000119
43673  33.429  -36.459  19.705 0.3000000119
112940  32.740  -36.962  19.259 0.3000000119
42652  31.079  -37.488  16.637 0.3000000119
42653  30.772  -37.541  15.928 0.3000000119
41654  30.511  -38.008  15.335 0.3000000119
107606  30.276  -38.704  14.515 0.3000000119
39834  30.188  -39.932  12.020 0.5000000000
40747  30.078  -39.451  12.320 0.5000000000
39839  30.116  -40.229  11.793 0.5000000000
44681  33.963  -35.594  20.028 0.3000000119
43674  32.721  -36.122  19.153 0.3000000119
43693  32.242  -36.611  18.478 0.3000000119
42630  31.840  -37.233  18.080 0.3000000119
42641  31.461  -37.385  17.423 0.3000000119
43721  30.976  -36.865  16.095 0.3000000119
41672  29.795  -38.855  12.406 0.4000000060
40751  29.821  -39.368  12.046 0.4000000060
41675  29.430  -38.472  12.036 0.4000000060
40752  29.448  -39.503  12.015 0.4000000060
45762  35.846  -34.312  20.474 0.3000000119
115815  35.301  -34.974  20.473 0.3000000119
44723  32.681  -35.352  18.903 0.3000000119
115757  32.391  -35.859  18.528 0.3000000119
43708  31.723  -36.640  17.643 0.3000000119
43720  31.348  -36.741  16.875 0.3000000119
41664  30.209  -37.790  14.352 0.3000000119
42670  30.173  -37.075  14.208 0.3000000119
41665  29.953  -38.347  13.351 0.4000000060
42679  29.552  -38.022  12.419 0.3000000119
116597  34.469  -34.825  20.304 0.3000000119
45774  33.624  -34.633  19.831 0.3000000119
44701  33.220  -35.494  19.516 0.3000000119
44741  32.339  -35.269  18.122 0.3000000119
44742  31.916  -35.288  17.393 0.3000000119
115360  31.618  -35.998  17.128 0.3000000119
43733  31.302  -36.100  16.328 0.3000000119
44754  31.566  -35.352  16.644 0.3000000119
42662  30.558  -37.116  15.171 0.3000000119
45764  34.213  -33.941  20.257 0.3000000119
45775  32.977  -34.818  19.269 0.3000000119
46788  33.041  -34.090  19.246 0.3000000119
45796  32.622  -34.549  18.530 0.3000000119
45817  32.260  -34.626  17.656 0.3000000119
43734  30.873  -36.238  15.521 0.3000000119
43740  30.400  -36.309  14.521 0.3000000119
46787  33.572  -33.671  19.800 0.3000000119
107596  33.553  -32.991  19.771 0.3000000119
46803  32.721  -33.655  18.543 0.3000000119
46802  33.131  -33.263  19.235 0.4000000060
106313  32.456  -34.027  17.927 0.3000000119
45818  31.854  -34.643  16.929 0.3000000119
110775  31.552  -34.755  16.274 0.3000000119
46820  32.526  -33.331  17.718 0.4000000060
47768  32.883  -32.703  18.467 0.4000000060
45837  32.213  -33.954  17.204 0.4000000060
47756  33.348  -32.495  19.366 0.3000000119
48636  32.920  -31.850  17.979 0.4000000060
106755  39.433  -54.891  13.761 1.0000000000
29294  39.842  -53.582  13.879 1.0000000000
110431  38.553  -55.064  13.627 0.8999999762
36222  31.665  -44.877  15.223 0.6999999881
37965  30.782  -42.567  13.947 0.8000000119
37960  30.629  -42.630  15.084 0.6999999881
24935  34.143  -57.046  24.138 0.6000000238
25827  32.901  -56.205  23.955 0.6000000238
24980  37.606  -57.936  21.594 0.5000000000
24958  38.261  -57.679  21.619 0.5000000000
26730  35.773  -55.230  25.615 0.6000000238
117239  36.216  -56.887  15.655 0.8999999762
27583  36.016  -54.275  25.703 0.5000000000
26751  39.116  -55.766  23.749 0.4000000060
27595  38.406  -54.823  24.472 0.5000000000
25831  39.281  -56.212  23.165 0.4000000060
28418  32.747  -53.521  22.701 0.6999999881
27643  34.611  -54.362  18.423 0.8999999762
30017  32.466  -51.701  24.721 0.6999999881
28398  37.646  -53.565  24.857 0.5000000000
27605  38.977  -53.803  23.930 0.5000000000
30030  32.905  -51.862  22.189 0.8000000119
26760  39.909  -55.953  22.749 0.4000000060
28447  33.927  -53.540  20.125 0.8000000119
30024  32.398  -51.731  23.885 0.6999999881
29213  37.358  -52.042  25.072 0.4000000060
28450  36.673  -53.056  18.253 0.8000000119
27667  34.815  -54.854  14.817 0.8000000119
30827  33.485  -50.092  26.525 0.6000000238
30824  36.487  -50.687  26.536 0.4000000060
30007  37.804  -51.212  25.257 0.4000000060
31724  33.005  -50.041  22.030 0.8000000119
27663  40.242  -54.465  14.354 1.0000000000
31695  36.865  -49.964  26.960 0.5000000000
30825  35.404  -50.822  26.753 0.5000000000
28475  38.520  -53.542  14.062 1.0000000000
32575  34.057  -48.201  27.114 0.6999999881
30068  39.815  -51.875  16.087 1.0000000000
28478  40.346  -53.638  14.372 1.0000000000
31781  37.910  -50.065  14.433 1.0000000000
31786  38.444  -49.210  14.038 1.0000000000
31760  35.689  -49.116  19.276 0.8000000119
116327  38.348  -47.850  15.376 1.0000000000
32667  37.661  -48.072  16.273 1.0000000000
36160  34.431  -44.718  20.771 0.6999999881
34477  38.794  -46.403  13.130 1.0000000000
112324  39.499  -44.989  14.587 1.0000000000
36127  33.723  -44.194  23.237 0.6000000238
42570  41.737  -38.008  21.432 0.4000000060
30885  32.005  -50.361  18.048 1.0000000000
31778  32.710  -49.098  16.879 1.0000000000
42592  40.903  -36.954  20.940 0.4000000060
104771  35.329  -46.533  14.196 1.0000000000
40679  41.465  -38.961  21.817 0.4000000060
42571  40.953  -37.580  21.406 0.5000000000
41548  40.556  -38.783  22.043 0.5000000000
42638  39.426  -37.382  17.489 0.4000000060
109740  34.572  -46.693  13.497 1.0000000000
41604  39.165  -37.861  19.614 0.5000000000
36237  31.940  -44.601  12.506 0.8000000119
37052  38.249  -42.951  15.670 0.6999999881
37067  31.199  -44.176  14.976 0.6999999881
37055  31.009  -43.634  15.922 0.6999999881
25014  31.841  -57.404  18.342 0.5000000000
24146  32.149  -58.308  18.014 0.5000000000
105357  33.174  -57.150  17.352 0.5000000000
23214  30.942  -59.726  19.354 0.5000000000
24137  31.723  -58.765  18.405 0.5000000000
24121  30.275  -58.576  20.813 0.5000000000
25015  30.762  -57.884  19.383 0.5000000000
24138  31.059  -58.736  18.995 0.5000000000
24086  30.740  -58.024  22.045 0.4000000060
24998  30.489  -57.714  21.344 0.5000000000
24085  31.203  -58.308  22.400 0.4000000060
24965  30.870  -57.296  21.988 0.5000000000
24084  32.541  -58.283  22.572 0.5000000000
24964  31.408  -57.091  22.490 0.5000000000
29280  30.320  -52.916  17.634 0.6999999881
29282  28.347  -52.888  17.280 0.6999999881
126274  31.325  -53.648  17.109 0.8000000119
28470  33.445  -53.972  16.231 0.8000000119
28461  31.995  -53.761  17.004 0.8000000119
28469  34.368  -53.592  16.167 0.8999999762
29281  29.304  -52.910  17.507 0.6999999881
28460  32.933  -53.560  16.961 0.8999999762
29278  32.438  -52.970  17.565 0.8999999762
28459  33.735  -53.263  16.891 0.8999999762
29288  35.013  -52.884  16.500 0.8999999762
29270  29.861  -52.230  18.200 0.6000000238
29269  30.907  -52.243  18.172 0.8000000119
110907  33.236  -52.880  17.411 0.8999999762
29276  34.744  -52.237  16.992 0.8999999762
29275  35.474  -52.154  16.608 0.8999999762
30070  35.879  -51.393  16.474 0.8999999762
36093  36.725  -44.520  25.621 0.5000000000
35221  34.977  -45.253  25.922 0.5000000000
36094  35.397  -44.656  25.542 0.5000000000
35207  35.386  -45.664  26.590 0.6000000238
35208  34.566  -45.885  26.323 0.5000000000
35222  34.160  -45.469  25.620 0.5000000000
34350  35.010  -46.349  26.968 0.6000000238
30053  29.320  -51.380  18.525 0.6000000238
30051  31.410  -51.433  18.266 0.8999999762
104906  32.957  -52.034  17.777 0.8999999762
29268  31.912  -52.200  18.018 0.8999999762
30063  33.689  -51.310  17.546 0.8999999762
30062  34.451  -51.468  17.243 0.8999999762
30890  35.447  -50.624  16.514 0.8999999762
36945  36.381  -43.533  24.601 0.5000000000
36946  35.460  -43.603  24.448 0.5000000000
111838  36.972  -44.157  24.974 0.5000000000
36108  35.994  -44.117  25.170 0.5000000000
36109  35.021  -44.216  24.857 0.5000000000
36107  37.784  -44.308  24.727 0.5000000000
123861  31.722  -50.879  18.179 0.8999999762
30052  30.436  -51.329  18.474 0.6999999881
30869  32.252  -51.198  18.019 0.8999999762
30064  33.007  -51.059  17.760 0.8999999762
30882  34.219  -50.563  17.189 0.8999999762
119187  34.815  -50.783  16.922 0.8999999762
37841  35.870  -42.964  24.040 0.5000000000
36944  37.311  -43.651  24.513 0.5000000000
36943  38.112  -43.929  24.256 0.5000000000
30884  32.683  -50.431  17.766 0.8999999762
30883  33.406  -50.354  17.476 0.8999999762
31771  33.943  -49.735  16.916 0.8999999762
37840  36.811  -42.898  24.227 0.5000000000
37839  37.733  -42.875  24.122 0.5000000000
112211  37.106  -42.307  23.844 0.5000000000
36961  38.547  -43.404  23.889 0.5000000000
37857  38.444  -42.324  23.757 0.4000000060
32652  29.413  -48.276  18.601 0.6000000238
114012  28.627  -47.764  18.880 0.6000000238
32651  30.259  -48.340  18.161 0.8000000119
33527  29.800  -47.724  18.094 0.6999999881
33528  29.160  -47.379  18.359 0.6999999881
34441  28.952  -46.587  18.013 0.6999999881
34442  28.135  -46.048  18.375 0.6999999881
33540  30.371  -47.631  17.418 0.8000000119
32664  30.920  -48.367  17.579 0.8000000119
33541  29.606  -47.115  17.649 0.6999999881
34457  29.380  -46.408  17.194 0.6999999881
34458  28.750  -45.866  17.527 0.6999999881
35325  29.102  -45.895  16.758 0.6999999881
35326  28.610  -45.292  16.863 0.6999999881
33552  30.738  -47.465  15.279 0.8000000119
34468  30.153  -46.933  15.752 0.8000000119
33546  31.267  -47.835  15.938 0.8000000119
35347  29.006  -45.731  15.849 0.6999999881
34475  29.648  -46.476  15.062 0.6999999881
34483  29.606  -46.225  14.160 0.6999999881
34492  30.071  -46.034  13.351 0.8000000119
36238  29.170  -44.923  13.437 0.6000000238
34482  30.258  -46.792  13.888 0.8000000119
35367  29.905  -45.302  12.943 0.6000000238
36244  29.156  -44.075  12.972 0.6000000238
122575  30.752  -43.966  11.811 0.6000000238
37079  30.141  -43.498  11.935 0.6000000238
34491  30.907  -46.347  12.770 0.8000000119
37080  29.281  -43.188  12.475 0.6000000238
36242  30.740  -44.722  12.199 0.6999999881
36246  31.108  -43.237  11.602 0.6000000238
37970  29.725  -42.352  11.907 0.6000000238
37972  30.594  -42.642  11.595 0.6000000238
38879  30.496  -41.755  11.685 0.6000000238
36245  31.405  -44.005  11.879 0.6999999881
37082  31.367  -43.281  11.807 0.6999999881
118382  32.579  -58.951  22.467 0.4000000060
24963  31.890  -57.720  22.665 0.5000000000
24952  31.932  -56.990  22.940 0.5000000000
25878  30.638  -56.994  20.729 0.5000000000
106475  30.443  -57.784  20.319 0.5000000000
120595  35.904  -52.781  16.000 0.8999999762
37856  39.144  -42.781  23.549 0.3000000119
119192  31.002  -47.862  16.866 0.8000000119
24130  30.516  -58.668  19.837 0.5000000000
24103  30.453  -58.619  21.674 0.5000000000
29279  31.391  -53.071  17.597 0.8000000119
36070  35.757  -45.041  26.182 0.5000000000
33547  30.615  -47.407  16.349 0.8000000119
33548  29.996  -46.936  16.793 0.6999999881
34474  30.282  -47.077  14.827 0.8000000119
35356  29.116  -45.808  14.742 0.6999999881
35362  29.345  -45.657  13.825 0.6999999881
31683  37.176  -49.321  27.387 0.4000000060
32534  38.076  -48.199  28.046 0.4000000060
32558  37.575  -48.698  27.738 0.4000000060
33430  36.337  -47.574  28.043 0.5000000000
122144  38.565  -47.762  28.269 0.4000000060
34333  36.459  -46.669  27.751 0.5000000000
35188  35.862  -46.148  27.212 0.5000000000
33429  37.146  -47.131  28.160 0.5000000000
34316  37.879  -46.826  28.167 0.4000000060
34315  39.037  -47.185  28.347 0.4000000060
124661  38.350  -47.197  28.308 0.4000000060
33410  37.855  -47.521  28.246 0.4000000060
33408  39.821  -47.498  28.605 0.4000000060
35206  36.212  -45.461  26.758 0.5000000000
34330  39.050  -46.364  28.138 0.4000000060
35173  39.761  -45.983  28.007 0.4000000060
35170  42.019  -45.969  28.056 0.4000000060
35171  41.170  -46.081  28.214 0.4000000060
35172  40.422  -46.330  28.291 0.4000000060
34329  42.895  -45.966  27.905 0.4000000060
35187  36.730  -45.887  27.353 0.5000000000
35186  37.589  -45.657  27.369 0.5000000000
34332  37.328  -46.374  27.810 0.4000000060
34389  45.483  -46.169  22.023 0.3000000119
34331  38.250  -46.133  27.833 0.4000000060
35239  45.407  -45.420  23.421 0.3000000119
35183  40.506  -45.550  27.802 0.4000000060
35238  46.162  -45.709  23.917 0.3000000119
35229  45.303  -45.292  24.729 0.3000000119
35220  44.819  -45.171  25.487 0.3000000119
35203  43.757  -44.929  26.581 0.3000000119
36050  42.952  -44.808  26.807 0.4000000060
35182  41.411  -45.383  27.677 0.4000000060
35201  45.138  -45.811  26.066 0.3000000119
35202  44.530  -45.390  26.334 0.3000000119
35180  43.336  -45.434  27.279 0.4000000060
35205  37.034  -45.274  26.807 0.4000000060
35204  37.863  -45.084  26.777 0.4000000060
36054  39.379  -45.046  27.250 0.4000000060
35185  38.401  -45.410  27.326 0.4000000060
35253  45.026  -45.627  22.544 0.3000000119
35240  43.368  -45.328  22.604 0.3000000119
36120  44.974  -45.059  23.902 0.3000000119
36103  44.574  -44.814  24.527 0.3000000119
106385  44.074  -44.558  25.154 0.3000000119
36063  42.612  -44.443  26.130 0.4000000060
36051  42.222  -44.679  26.735 0.4000000060
36052  41.512  -44.762  27.042 0.4000000060
36085  44.196  -44.753  25.904 0.3000000119
124919  43.218  -44.622  26.365 0.3000000119
107067  41.987  -44.842  23.561 0.3000000119
106056  41.429  -44.688  24.006 0.3000000119
123950  41.279  -44.322  25.376 0.4000000060
105352  40.661  -44.446  24.775 0.4000000060
36089  40.644  -44.329  25.646 0.4000000060
36055  38.746  -44.874  26.793 0.4000000060
36122  43.122  -44.801  23.531 0.3000000119
36104  42.130  -44.448  24.608 0.3000000119
36088  41.981  -44.335  25.417 0.4000000060
36065  40.597  -44.531  26.603 0.4000000060
36066  39.610  -44.650  26.655 0.4000000060
105635  43.087  -44.446  24.603 0.3000000119
36087  42.687  -44.355  25.329 0.4000000060
36064  41.574  -44.380  26.173 0.4000000060
36053  40.124  -44.913  27.281 0.4000000060
36121  44.111  -44.852  23.624 0.3000000119
112518  40.839  -44.924  27.352 0.4000000060
36106  38.521  -44.414  24.488 0.4000000060
36105  39.257  -44.605  24.132 0.4000000060
36092  37.515  -44.540  25.429 0.4000000060
36068  37.294  -44.803  26.177 0.4000000060
119507  39.986  -44.693  24.003 0.3000000119
36090  39.077  -44.495  25.053 0.4000000060
36067  38.109  -44.694  26.081 0.4000000060
110177  40.703  -44.724  23.943 0.4000000060
118041  39.875  -44.457  24.898 0.4000000060
107407  39.791  -44.411  25.842 0.4000000060
105590  38.944  -44.508  25.974 0.4000000060
35357  28.687  -45.255  15.251 0.6000000238
36223  28.426  -44.922  16.062 0.6000000238
36239  28.460  -44.466  13.967 0.5000000000
35363  28.758  -45.180  14.387 0.5000000000
37074  28.379  -43.628  13.505 0.5000000000
38880  29.795  -41.595  11.797 0.5000000000
114474  30.053  -40.977  11.687 0.4000000060
45849  30.869  -34.913  14.969 0.3000000119
45861  30.529  -34.600  13.988 0.3000000119
44787  29.997  -35.198  13.105 0.3000000119
45838  31.808  -33.975  16.317 0.3000000119
110666  31.387  -34.474  15.612 0.3000000119
45848  31.158  -34.025  14.718 0.3000000119
46872  30.690  -33.763  13.598 0.3000000119
108872  30.195  -34.276  12.854 0.3000000119
46885  30.297  -33.437  12.301 0.3000000119
47796  32.263  -33.098  16.758 0.3000000119
46841  31.833  -33.149  15.841 0.3000000119
105233  31.564  -33.778  15.509 0.3000000119
46858  31.536  -33.228  14.956 0.3000000119
119446  31.176  -33.311  14.167 0.3000000119
46871  30.858  -32.939  13.210 0.3000000119
47837  30.488  -32.472  12.023 0.3000000119
47853  30.111  -31.977  11.136 0.3000000119
47782  32.624  -32.515  17.464 0.3000000119
47813  32.180  -32.390  16.078 0.3000000119
47814  31.820  -32.468  15.215 0.3000000119
48674  31.793  -31.897  14.606 0.3000000119
47826  31.436  -32.532  14.129 0.3000000119
48660  32.501  -31.684  16.376 0.3000000119
48673  32.214  -31.614  15.411 0.3000000119
48686  31.983  -31.197  14.343 0.3000000119
114719  31.567  -31.680  13.625 0.3000000119
49521  31.643  -30.920  13.182 0.3000000119
119029  32.963  -31.152  17.585 0.3000000119
107792  32.795  -31.078  16.831 0.3000000119
49499  32.659  -30.913  16.000 0.3000000119
49520  32.142  -30.329  13.866 0.3000000119
124784  33.058  -30.599  17.257 0.3000000119
111762  32.875  -29.998  15.698 0.3000000119
116681  32.992  -30.343  16.614 0.3000000119
50378  33.174  -29.543  16.561 0.3000000119
116454  33.223  -29.168  17.210 0.3000000119
34313  40.404  -47.006  28.713 0.4000000060
31682  38.090  -49.211  27.297 0.4000000060
32557  38.457  -48.777  27.697 0.4000000060
33409  39.291  -47.966  28.414 0.4000000060
34311  42.520  -46.500  28.374 0.4000000060
34312  41.728  -46.693  28.685 0.4000000060
105247  41.064  -47.191  29.074 0.4000000060
34379  46.712  -46.260  23.577 0.3000000119
35228  46.036  -45.781  24.735 0.3000000119
35219  45.608  -45.846  25.475 0.3000000119
35179  44.167  -45.740  27.038 0.3000000119
35252  45.967  -45.815  22.979 0.3000000119
35254  44.130  -45.602  22.273 0.3000000119
36137  42.147  -45.344  22.592 0.3000000119
108115  43.264  -45.972  21.592 0.3000000119
36942  38.759  -44.286  23.918 0.4000000060
122777  39.326  -44.445  23.684 0.4000000060
36125  39.717  -44.589  23.645 0.4000000060
36123  40.888  -45.081  23.213 0.3000000119
35241  41.173  -45.316  22.534 0.3000000119
35309  28.052  -45.263  17.681 0.6000000238
116989  33.227  -31.126  18.368 0.3000000119
49486  33.192  -30.490  17.920 0.3000000119
50369  33.230  -29.889  17.375 0.3000000119
50362  33.224  -29.217  17.940 0.3000000119
108089  39.774  -45.405  27.615 0.4000000060
116081  44.540  -45.232  23.043 0.3000000119
36091  38.303  -44.539  25.240 0.4000000060
124400  32.460  -32.300  16.760 0.3000000119
47836  31.079  -32.117  12.841 0.3000000119
49510  32.436  -30.684  15.041 0.3000000119
109660  32.621  -29.976  14.730 0.3000000119
52157  32.868  -27.736  18.047 0.3000000119
31694  37.815  -49.674  26.843 0.3000000119
31693  38.561  -49.548  26.901 0.3000000119
25029  32.867  -58.024  15.019 0.6000000238
25907  32.956  -57.085  14.886 0.6999999881
25024  30.704  -57.433  16.161 0.6999999881
31665  39.141  -48.993  27.859 0.3000000119
120971  40.315  -54.439  22.866 0.3000000119
27604  39.753  -54.168  23.363 0.3000000119
119848  30.315  -55.461  16.266 0.6999999881
30835  38.366  -50.495  25.708 0.3000000119
26804  30.086  -56.044  16.380 0.6999999881
25899  30.518  -56.575  16.165 0.6999999881
30814  39.082  -49.724  26.820 0.3000000119
31681  38.849  -49.290  27.319 0.3000000119
25909  31.182  -56.698  15.768 0.6999999881
31680  39.254  -49.595  27.569 0.3000000119
31649  39.935  -49.167  29.069 0.3000000119
31664  39.497  -49.401  28.349 0.3000000119
32515  40.585  -48.581  29.330 0.3000000119
32532  39.927  -48.277  28.860 0.3000000119
28410  39.797  -53.051  23.225 0.3000000119
29221  38.690  -52.037  24.120 0.4000000060
27660  30.184  -54.871  16.387 0.6999999881
30834  39.125  -50.635  25.399 0.3000000119
30006  38.759  -50.862  24.946 0.3000000119
26803  30.971  -55.265  15.999 0.6999999881
26812  31.557  -55.987  15.596 0.6999999881
30821  39.177  -50.294  26.154 0.3000000119
30813  39.421  -50.322  27.180 0.3000000119
30804  39.525  -50.166  28.205 0.3000000119
113698  39.466  -48.679  28.444 0.3000000119
31648  40.656  -49.572  29.549 0.3000000119
28411  39.198  -52.570  23.674 0.4000000060
27661  29.441  -54.487  16.608 0.6999999881
30005  39.503  -50.966  24.839 0.3000000119
30015  39.130  -51.288  24.345 0.3000000119
120024  39.515  -50.818  26.474 0.3000000119
115525  32.280  -54.754  15.847 0.6999999881
27670  31.924  -55.344  15.632 0.6999999881
33407  40.491  -47.734  29.056 0.3000000119
121509  41.839  -48.121  29.368 0.3000000119
33394  41.189  -47.964  29.342 0.3000000119
118780  30.771  -54.656  16.333 0.6999999881
29995  39.645  -50.895  25.597 0.3000000119
28471  32.616  -54.205  16.360 0.6999999881
29204  39.864  -51.546  26.410 0.3000000119
27658  33.089  -54.637  15.693 0.6999999881
33405  42.628  -47.250  28.800 0.3000000119
125255  40.056  -51.333  25.594 0.3000000119
33406  41.798  -47.475  29.155 0.3000000119
36959  39.805  -44.385  23.320 0.3000000119
113152  34.401  -60.141  14.741 0.5000000000
116727  30.483  -58.227  16.433 0.6999999881
108112  32.297  -58.568  15.364 0.6000000238
24152  31.372  -58.562  15.891 0.6000000238
24158  33.317  -59.333  14.930 0.6000000238
26806  28.967  -55.576  16.960 0.6999999881
26805  29.592  -55.319  16.566 0.6999999881
27662  28.925  -54.751  16.804 0.6999999881
29233  40.013  -52.098  23.205 0.4000000060
28463  29.312  -53.944  16.690 0.6999999881
30014  39.931  -51.320  24.201 0.4000000060
29234  39.548  -51.720  23.773 0.4000000060
28462  30.677  -53.583  17.101 0.6999999881
30004  40.252  -51.287  24.814 0.3000000119
29220  40.902  -51.640  24.199 0.3000000119
29212  40.743  -51.926  24.883 0.3000000119
30822  38.519  -49.937  26.406 0.3000000119
28472  31.184  -54.151  16.658 0.6999999881
25030  31.696  -57.642  15.572 0.6000000238
29203  40.387  -52.008  25.747 0.3000000119
30013  40.505  -51.447  24.035 0.3000000119
24136  32.552  -59.438  17.775 0.5000000000
24151  34.840  -60.314  15.494 0.5000000000
23227  34.228  -60.842  16.197 0.5000000000
24145  33.102  -58.820  17.336 0.4000000060
21229  26.405  -61.448  20.732 0.4000000060
21230  25.651  -61.114  20.847 0.5000000000
24144  34.156  -59.673  16.515 0.4000000060
23233  34.463  -61.002  15.195 0.5000000000
21231  23.343  -60.651  19.773 0.4000000060
21218  23.373  -60.662  21.469 0.4000000060
114874  23.358  -59.635  20.259 0.4000000060
21208  23.445  -61.176  22.881 0.4000000060
22229  23.692  -59.906  19.405 0.4000000060
22216  26.421  -60.623  21.282 0.5000000000
22227  24.584  -60.184  19.954 0.4000000060
22225  27.983  -60.469  19.882 0.5000000000
23215  28.336  -59.810  19.030 0.4000000060
24159  32.493  -59.529  15.401 0.5000000000
118511  30.163  -59.373  16.794 0.4000000060
23229  29.536  -59.240  17.177 0.4000000060
24153  30.697  -59.062  16.413 0.4000000060
22190  23.284  -60.962  23.290 0.4000000060
22206  19.835  -60.237  22.149 0.4000000060
23209  23.761  -59.325  19.498 0.4000000060
23196  20.992  -58.691  21.252 0.4000000060
22217  25.473  -60.190  21.060 0.5000000000
23192  24.500  -59.275  20.211 0.4000000060
23195  22.079  -58.337  21.088 0.4000000060
23190  27.129  -59.926  21.537 0.5000000000
24985  23.136  -57.572  21.173 0.4000000060
24108  22.297  -58.001  20.887 0.4000000060
23207  27.659  -60.191  20.804 0.5000000000
24131  28.395  -58.747  19.485 0.5000000000
24970  23.723  -57.056  21.830 0.4000000060
111062  23.169  -56.283  22.286 0.4000000060
23206  28.151  -59.515  20.223 0.5000000000
24139  28.546  -58.939  18.408 0.6000000238
24147  29.185  -58.434  17.294 0.6000000238
24154  29.879  -58.534  16.850 0.5000000000
123931  21.289  -60.359  23.168 0.4000000060
22205  21.374  -59.836  22.506 0.4000000060
22203  23.252  -60.271  22.197 0.4000000060
23180  21.844  -59.068  21.585 0.4000000060
116202  25.410  -59.447  21.288 0.5000000000
106462  23.015  -58.302  20.713 0.4000000060
23176  26.836  -59.279  22.019 0.5000000000
24984  23.771  -57.911  20.995 0.4000000060
24107  23.049  -57.984  20.703 0.4000000060
23189  27.793  -59.208  21.258 0.5000000000
25007  28.529  -57.890  18.800 0.5000000000
111571  24.120  -56.078  22.415 0.4000000060
108408  28.710  -58.240  17.837 0.6000000238
25019  29.423  -57.885  17.043 0.6000000238
23193  23.864  -58.964  19.742 0.4000000060
120781  22.810  -58.811  21.064 0.4000000060
117403  23.660  -58.507  20.417 0.4000000060
24105  27.572  -58.534  21.809 0.5000000000
24969  24.437  -57.431  21.782 0.4000000060
24122  28.246  -58.559  20.566 0.5000000000
25849  24.807  -56.677  22.283 0.4000000060
25025  29.931  -57.663  16.684 0.6000000238
25020  28.959  -57.692  17.374 0.6000000238
22191  23.000  -60.536  23.208 0.4000000060
22204  22.809  -59.684  22.235 0.4000000060
24088  26.588  -58.571  22.216 0.5000000000
23178  24.968  -58.755  21.172 0.5000000000
24090  24.646  -58.076  21.453 0.5000000000
24089  25.641  -58.306  22.006 0.5000000000
24968  25.365  -57.415  22.215 0.5000000000
24982  28.336  -57.698  20.910 0.5000000000
24966  27.210  -58.090  22.249 0.5000000000
106814  27.186  -57.176  22.369 0.5000000000
125295  25.510  -56.744  22.417 0.4000000060
24999  28.431  -57.846  19.924 0.6000000238
112531  25.625  -56.093  22.522 0.5000000000
118261  24.906  -55.866  22.482 0.4000000060
25895  29.309  -57.112  16.986 0.6000000238
114753  28.839  -57.044  17.456 0.6000000238
25879  28.453  -57.001  20.284 0.6000000238
25864  28.288  -56.814  21.222 0.5000000000
25848  26.244  -56.768  22.505 0.5000000000
25886  28.554  -56.907  18.709 0.6000000238
25865  27.753  -56.585  21.943 0.5000000000
25891  28.637  -56.577  17.900 0.6000000238
25896  28.920  -56.389  17.242 0.6000000238
28448  27.354  -53.807  18.845 0.5000000000
27647  27.798  -54.225  18.182 0.6000000238
28442  27.279  -53.790  19.807 0.5000000000
27646  28.396  -55.032  17.974 0.6000000238
27641  27.773  -54.391  19.400 0.6000000238
27636  27.665  -54.397  20.453 0.5000000000
27614  26.488  -54.627  22.195 0.5000000000
111988  28.479  -56.453  19.541 0.6000000238
121614  28.057  -56.030  21.420 0.5000000000
121703  27.520  -55.695  21.917 0.5000000000
26764  26.082  -55.302  22.499 0.5000000000
27615  25.521  -54.555  22.392 0.5000000000
27653  27.710  -53.632  17.508 0.5000000000
28465  27.316  -53.013  17.459 0.5000000000
115517  28.859  -53.503  17.020 0.6000000238
27652  28.323  -54.272  17.265 0.6000000238
27635  28.203  -55.047  20.081 0.6000000238
27613  27.239  -54.849  21.841 0.5000000000
116213  28.677  -55.051  17.270 0.6000000238
27640  28.266  -55.040  18.984 0.6000000238
22257  34.153  -61.340  15.282 0.4000000060
23239  33.732  -60.452  15.037 0.4000000060
24156  35.693  -59.660  14.487 0.5000000000
23238  34.591  -60.826  14.973 0.4000000060
26795  28.498  -55.917  18.626 0.6000000238
115302  33.545  -59.888  17.040 0.5000000000
21260  33.518  -62.045  16.108 0.5000000000
22252  34.015  -61.555  15.654 0.5000000000
21228  27.060  -60.814  20.901 0.5000000000
24109  21.362  -58.160  21.063 0.4000000060
25850  22.789  -57.018  21.715 0.4000000060
23194  23.549  -58.872  20.189 0.4000000060
24106  24.183  -58.531  20.435 0.4000000060
26791  28.399  -55.681  19.576 0.6000000238
23181  20.515  -59.435  21.631 0.3000000119
24987  21.667  -57.764  21.206 0.3000000119
25866  21.937  -57.128  21.744 0.3000000119
24110  20.321  -58.434  21.147 0.3000000119
24988  20.713  -57.836  21.295 0.3000000119
22226  27.490  -60.928  20.350 0.4000000060
22259  32.793  -60.646  15.478 0.4000000060
23177  25.975  -59.080  21.877 0.5000000000
23179  23.132  -59.338  21.129 0.4000000060
23191  26.296  -59.836  21.698 0.5000000000
23203  37.477  -59.217  20.214 0.5000000000
23204  36.770  -59.245  20.658 0.5000000000
23208  23.848  -59.539  19.414 0.4000000060
23228  33.394  -60.620  17.174 0.5000000000
23232  35.092  -60.270  14.835 0.4000000060
24081  35.338  -58.300  21.969 0.6000000238
24087  27.146  -58.757  22.109 0.5000000000
24104  28.046  -58.329  21.329 0.5000000000
24148  28.909  -59.117  17.651 0.4000000060
24157  34.157  -59.132  14.527 0.6999999881
24160  35.732  -59.491  14.207 0.6999999881
24967  26.403  -57.739  22.385 0.5000000000
24983  27.896  -57.616  21.803 0.5000000000
24986  22.484  -57.652  21.133 0.4000000060
25016  28.641  -57.397  17.957 0.6000000238
25021  36.370  -58.588  14.914 0.8000000119
25027  36.556  -58.480  14.317 0.6999999881
25810  36.118  -56.000  25.186 0.6999999881
25845  37.965  -57.063  23.057 0.5000000000
25847  27.070  -56.241  22.385 0.5000000000
25861  38.801  -57.239  21.968 0.4000000060
25863  30.766  -56.951  21.464 0.5000000000
25885  31.209  -56.579  19.462 0.6000000238
25897  35.893  -57.647  15.603 0.8999999762
25900  29.961  -56.836  16.513 0.6000000238
25901  29.437  -56.210  16.755 0.6000000238
25903  38.727  -56.724  14.045 1.0000000000
25904  37.501  -57.635  14.259 0.8999999762
25908  32.105  -56.866  15.323 0.6999999881
25910  38.557  -56.790  13.809 1.0000000000
25912  37.008  -57.699  13.715 0.8000000119
25914  38.812  -56.420  13.655 1.0000000000
25915  38.359  -56.686  13.597 1.0000000000
26743  37.790  -55.632  24.584 0.5000000000
26763  26.850  -55.411  22.315 0.5000000000
26784  28.351  -56.004  20.514 0.6000000238
26785  27.875  -55.164  21.142 0.6000000238
26792  34.213  -55.120  17.883 0.8999999762
26799  28.655  -55.760  17.620 0.6999999881
26801  37.383  -56.033  15.563 0.8999999762
26813  30.751  -55.963  15.987 0.6999999881
26814  39.075  -56.094  13.632 1.0000000000
26818  35.215  -56.371  14.058 0.8000000119
27576  34.555  -53.881  26.149 0.6000000238
27587  32.820  -53.873  24.935 0.6999999881
27627  27.411  -54.414  21.233 0.5000000000
27628  26.856  -54.099  21.600 0.5000000000
27651  28.790  -54.044  16.825 0.6000000238
27659  31.484  -54.754  16.081 0.6999999881
27669  32.801  -55.300  15.376 0.8000000119
27671  39.959  -54.664  14.018 1.0000000000
28387  33.116  -52.870  25.668 0.6000000238
28453  27.103  -53.389  17.993 0.5000000000
28464  28.104  -53.422  17.203 0.5000000000
28473  30.136  -54.159  16.602 0.6999999881
28474  40.451  -54.025  14.666 1.0000000000
29242  33.228  -52.632  21.802 0.8000000119
29277  33.922  -52.341  17.352 0.8999999762
29285  40.363  -52.607  15.447 1.0000000000
29286  39.404  -52.498  16.494 1.0000000000
29289  40.625  -52.652  14.565 1.0000000000
29293  40.286  -52.497  14.138 1.0000000000
29997  36.387  -51.330  26.172 0.4000000060
30023  40.305  -51.612  23.571 0.3000000119
30037  34.218  -52.191  20.628 0.8000000119
30061  35.141  -51.450  16.873 0.8999999762
30072  38.939  -51.801  14.334 1.0000000000
30794  39.787  -49.929  28.920 0.3000000119
30828  32.793  -49.787  25.865 0.6999999881
30861  35.369  -50.724  19.834 0.8000000119
30867  37.550  -51.061  18.263 1.0000000000
30868  36.781  -50.597  18.744 0.8999999762
30871  30.377  -50.401  18.500 0.6999999881
30891  34.795  -49.969  16.534 1.0000000000
30896  39.698  -50.456  14.180 1.0000000000
31686  34.133  -48.996  27.167 0.6000000238
31772  33.177  -49.626  17.193 1.0000000000
31775  38.441  -49.375  16.132 1.0000000000
31780  39.252  -49.683  14.285 1.0000000000
32533  38.874  -48.374  28.053 0.4000000060
32535  37.220  -47.984  28.152 0.4000000060
32560  35.534  -48.981  27.614 0.5000000000
32603  32.479  -48.270  23.910 0.6999999881
32614  32.647  -48.354  23.154 0.6999999881
32684  37.119  -47.546  12.874 1.0000000000
33450  33.444  -47.888  26.443 0.6999999881
33451  32.945  -47.985  25.862 0.6999999881
33461  33.154  -47.437  25.832 0.6999999881
33501  34.187  -47.232  20.837 0.6999999881
33517  35.383  -47.192  19.106 0.8000000119
33525  36.510  -47.664  17.554 0.8999999762
33545  37.097  -47.552  16.822 1.0000000000
33556  30.858  -47.462  14.192 0.8000000119
33559  35.461  -47.392  12.935 1.0000000000
34314  39.747  -46.735  28.357 0.4000000060
34334  35.469  -47.031  27.574 0.6000000238
34380  32.969  -46.323  23.021 0.6999999881
34390  33.281  -46.521  22.375 0.6999999881
34422  34.486  -46.498  20.357 0.6999999881
34430  34.896  -46.788  19.705 0.8000000119
34469  29.549  -46.387  16.239 0.6999999881
34488  33.976  -47.038  12.564 1.0000000000
35181  42.354  -45.235  27.398 0.4000000060
35184  39.072  -45.631  27.666 0.4000000060
35230  33.807  -45.035  24.948 0.6000000238
35270  44.368  -46.080  21.687 0.3000000119
36069  36.510  -44.902  26.253 0.5000000000
36086  43.434  -44.468  25.774 0.4000000060
36110  34.128  -44.431  24.534 0.6000000238
36189  36.668  -44.501  18.321 0.6999999881
36201  37.298  -44.900  17.605 0.8000000119
36241  31.772  -44.688  12.156 0.8000000119
36243  29.937  -44.450  12.528 0.6000000238
36963  34.334  -43.579  23.464 0.6000000238
36973  34.222  -43.548  22.688 0.6000000238
37005  36.348  -43.301  19.306 0.6999999881
37026  31.964  -42.917  18.273 0.5000000000
37056  30.762  -42.967  15.747 0.6999999881
37078  31.500  -43.065  12.088 0.6999999881
37947  40.310  -42.566  16.046 0.6999999881
37969  29.951  -42.908  11.759 0.6000000238
38785  36.518  -41.389  22.446 0.6999999881
38819  32.234  -40.985  19.204 0.3000000119
39751  38.411  -40.207  22.586 0.6999999881
39781  32.849  -40.536  19.553 0.3000000119
41572  40.231  -37.977  21.612 0.5000000000
41607  33.688  -38.725  19.946 0.3000000119
42591  42.204  -37.330  20.922 0.3000000119
42615  33.436  -37.998  19.786 0.3000000119
42629  32.257  -37.504  18.728 0.3000000119
43649  35.791  -36.605  19.928 0.4000000060
43707  32.002  -35.930  17.884 0.3000000119
44720  41.983  -34.937  18.737 0.3000000119
46780  34.017  -33.123  20.198 0.3000000119
48648  32.700  -31.768  17.159 0.3000000119
51264  33.209  -28.484  18.503 0.3000000119
51265  33.065  -28.522  17.588 0.3000000119
105158  41.390  -44.443  24.714 0.3000000119
107120  31.354  -58.013  18.647 0.5000000000
109376  36.501  -57.608  22.630 0.5000000000
109979  29.342  -38.791  11.998 0.4000000060
111121  40.946  -46.629  28.661 0.4000000060
111726  29.733  -53.505  17.018 0.6999999881
111792  35.531  -42.643  20.940 0.6999999881
112439  28.498  -57.216  19.453 0.6000000238
112899  27.294  -59.161  21.825 0.5000000000
112973  43.830  -44.589  24.282 0.3000000119
114102  34.735  -59.406  15.996 0.6000000238
114475  31.357  -40.816  17.811 0.4000000060
115267  34.643  -37.054  20.091 0.3000000119
117500  33.951  -57.501  16.750 0.6000000238
117736  31.174  -57.663  22.333 0.5000000000
117990  39.435  -55.561  13.820 1.0000000000
118518  34.070  -40.090  19.736 0.3000000119
119246  26.408  -55.943  22.500 0.5000000000
119799  25.361  -55.370  22.512 0.4000000060
119823  39.009  -46.790  13.170 1.0000000000
120045  36.194  -52.026  16.268 0.8999999762
120503  32.944  -49.993  17.555 1.0000000000
120892  31.924  -54.362  16.400 0.6999999881
121119  30.856  -49.858  18.310 0.8999999762
121163  40.162  -42.841  15.710 0.8000000119
121276  38.900  -45.227  27.285 0.4000000060
121499  31.618  -39.591  18.349 0.4000000060
121778  38.497  -46.725  28.211 0.4000000060
121962  45.612  -45.397  24.161 0.3000000119
122120  41.504  -48.842  29.562 0.3000000119
122944  36.071  -44.607  25.778 0.5000000000
123903  32.366  -51.033  23.694 0.8000000119
124005  40.285  -36.297  15.907 0.3000000119
124833  40.281  -53.869  15.189 1.0000000000
125542  34.372  -52.900  16.851 0.8999999762
125589  34.391  -50.274  20.703 0.8000000119
