#Insight Transform File V1.0
#Transform 0
Transform: AffineTransform_float_3_3
Parameters: 0.999999 0.00124797 0.000535409 -0.00124813 1 0.000153015 -0.000535026 -0.000153985 1 -0.0587757 -0.052319 0.200347
FixedParameters: 0 0 0

#Transform 1
Transform: AffineTransform_float_3_3
Parameters: 0.999999 0.00119621 0.000444318 -0.00119713 0.999999 0.000747469 -0.000443493 -0.000748532 1 -0.0577222 -0.101433 0.136718
FixedParameters: 0 0 0

#Transform 2
Transform: AffineTransform_float_3_3
Parameters: 0.999999 0.0012358 0.000514649 -0.00123629 0.999997 0.00184836 -0.000512528 -0.00184963 0.999998 -0.0691808 -0.127138 0.139732
FixedParameters: 0 0 0

#Transform 3
Transform: AffineTransform_float_3_3
Parameters: 0.999998 0.00133851 0.001006 -0.00133908 0.999998 0.00111252 -0.0010045 -0.00111348 0.999998 -0.0480603 -0.0291023 0.0418199
FixedParameters: 0 0 0

#Transform 4
Transform: AffineTransform_float_3_3
Parameters: 0.999999 0.0013244 0.000852398 -0.00132641 0.999997 0.00201181 -0.000849512 -0.0020132 0.999998 -0.0535161 -0.195022 0.11149
FixedParameters: 0 0 0

#Transform 5
Transform: AffineTransform_float_3_3
Parameters: 0.999998 0.00137464 0.000995942 -0.0013754 0.999999 0.000736564 -0.000995139 -0.000738436 0.999999 -0.0465484 0.0120851 0.0633053
FixedParameters: 0 0 0

#Transform 6
Transform: AffineTransform_float_3_3
Parameters: 0.999999 0.00133999 0.000584168 -0.00134065 0.999999 0.000943151 -0.00058383 -0.00094385 1 -0.0520621 -0.0771266 0.0791612
FixedParameters: 0 0 0

#Transform 7
Transform: AffineTransform_float_3_3
Parameters: 1 0.0011276 0.000291181 -0.00112739 0.999998 0.00207336 -0.000288955 -0.00207364 0.999997 -0.0704519 -0.228794 0.084338
FixedParameters: 0 0 0

#Transform 8
Transform: AffineTransform_float_3_3
Parameters: 1 0.000996241 0.000366401 -0.000996177 0.999999 0.000877636 -0.000365876 -0.000878366 1 -0.070712 -0.0495757 0.0687984
FixedParameters: 0 0 0

#Transform 9
Transform: AffineTransform_float_3_3
Parameters: 0.999999 0.000680053 0.000559778 -0.000680908 0.999999 0.00139562 -0.000559103 -0.00139638 0.999999 -0.0577028 -0.0829897 0.0600837
FixedParameters: 0 0 0

#Transform 10
Transform: AffineTransform_float_3_3
Parameters: 1 0.000856421 0.000496533 -0.000857515 0.999998 0.00181751 -0.000494642 -0.00181749 0.999998 -0.0615026 -0.198014 0.0677211
FixedParameters: 0 0 0

#Transform 11
Transform: AffineTransform_float_3_3
Parameters: 1 0.0006801 -1.88955e-05 -0.000680314 0.999999 0.00116501 1.95145e-05 -0.00116499 1 -0.0578373 -0.062608 0.0483136
FixedParameters: 0 0 0

#Transform 12
Transform: AffineTransform_float_3_3
Parameters: 0.999999 0.000759294 0.000210982 -0.000759747 0.999999 0.00046084 -0.000211248 -0.00046116 1 -0.0529418 -0.0512222 0.0435961
FixedParameters: 0 0 0

#Transform 13
Transform: AffineTransform_float_3_3
Parameters: 1 0.000600885 0.000284404 -0.000601147 0.999999 0.000460829 -0.00028385 -0.00046117 1 -0.0280422 -0.0171092 0.0337289
FixedParameters: 0 0 0

#Transform 14
Transform: AffineTransform_float_3_3
Parameters: 1 0.000273594 9.05068e-05 -0.000273769 0.999999 0.000971974 -8.99748e-05 -0.000972024 0.999999 -0.0306598 -0.107625 0.0542051
FixedParameters: 0 0 0

#Transform 15
Transform: AffineTransform_float_3_3
Parameters: 1 0.00026278 4.9836e-05 -0.000262842 1 0.000623987 -4.9508e-05 -0.000624013 1 -0.0427264 -0.0979903 0.0950878
FixedParameters: 0 0 0

#Transform 16
Transform: AffineTransform_float_3_3
Parameters: 1 -2.41821e-05 0.00012652 2.39556e-05 0.999999 0.000895002 -0.000126563 -0.000894996 0.999999 -0.0412829 -0.0369797 0.0067376
FixedParameters: 0 0 0

#Transform 17
Transform: AffineTransform_float_3_3
Parameters: 1 0.000141985 8.21721e-05 -0.000142156 1 0.00103999 -8.18766e-05 -0.00104001 1 -0.0246011 -0.145391 0.0314001
FixedParameters: 0 0 0

#Transform 18
Transform: AffineTransform_float_3_3
Parameters: 1 -7.3417e-05 0.000139696 7.32451e-05 1 0.00061501 -0.000139786 -0.00061499 1 -0.0273158 -0.083168 0.0410374
FixedParameters: 0 0 0

#Transform 19
Transform: AffineTransform_float_3_3
Parameters: 1 0.000267682 6.82085e-05 -0.000267775 0.999999 0.000686981 -6.78406e-05 -0.000687018 1 -0.0079969 -0.0513574 0.0879763
FixedParameters: 0 0 0

#Transform 20
Transform: AffineTransform_float_3_3
Parameters: 1 1.80247e-06 0.00016516 -1.8137e-06 1 3.39997e-05 -0.00016516 -3.40003e-05 1 -0.00121212 0.0263509 0.00783136
FixedParameters: 0 0 0

#Transform 21
Transform: AffineTransform_float_3_3
Parameters: 1 0.00027406 9.25869e-05 -0.000274598 0.999999 0.00151097 -9.27238e-05 -0.00151102 0.999999 -0.00800547 -0.242607 0.10331
FixedParameters: 0 0 0

#Transform 22
Transform: AffineTransform_float_3_3
Parameters: 1 0.000240471 4.84783e-06 -0.00024021 1 -0.000341001 -4.04582e-06 0.000340999 1 -0.00605655 0.0785986 -0.0339251
FixedParameters: 0 0 0

#Transform 23
Transform: AffineTransform_float_3_3
Parameters: 1 0.00042457 0.000222092 -0.000424382 0.999999 0.00116691 -0.000222327 -0.0011671 1 -0.0137582 -0.181591 0.0548467
FixedParameters: 0 0 0

#Transform 24
Transform: AffineTransform_float_3_3
Parameters: 1 0.000304233 -0.000228507 -0.000304206 1 5.90695e-05 0.000228543 -5.89305e-05 1 -0.0178537 0.00433508 0.0450339
FixedParameters: 0 0 0

#Transform 25
Transform: AffineTransform_float_3_3
Parameters: 1 0.000570574 -0.000200426 -0.000570521 1 0.000131114 0.000200575 -0.000130886 1 -0.00527759 0.0170931 0.0252749
FixedParameters: 0 0 0

#Transform 26
Transform: AffineTransform_float_3_3
Parameters: 1 0.000444676 3.33653e-05 -0.000444726 0.999999 0.000757985 -3.26912e-05 -0.000758014 0.999999 0.000413378 -0.0897432 0.0788533
FixedParameters: 0 0 0

#Transform 27
Transform: AffineTransform_float_3_3
Parameters: 0.999999 -0.000785314 0.000580527 0.000784718 1 -0.000541795 -0.000580384 0.000542206 0.999999 -0.00666073 0.0804695 -0.0561522
FixedParameters: 0 0 0

#Transform 28
Transform: AffineTransform_float_3_3
Parameters: 0.999999 -0.000639598 0.000467184 0.000640255 1 -0.000980702 -0.000466894 0.0009813 1 -0.0127814 -0.0140102 -0.0355833
FixedParameters: 0 0 0

#Transform 29
Transform: AffineTransform_float_3_3
Parameters: 0.999999 -0.000730332 0.000310662 0.000730904 0.999999 -0.00133977 -0.00030967 0.00134023 0.999999 -0.0107267 -0.0540984 0.0390473
FixedParameters: 0 0 0

#Transform 30
Transform: AffineTransform_float_3_3
Parameters: 1 -0.000532251 0.000250531 0.000532198 1 -0.000410867 -0.00025106 0.000411134 1 0.000737969 -0.0616129 -0.0434895
FixedParameters: 0 0 0

#Transform 31
Transform: AffineTransform_float_3_3
Parameters: 1 -0.000369223 -7.17153e-05 0.000369153 1 -0.000492026 7.20785e-05 0.000491973 1 -0.000168197 -0.072455 -0.00607188
FixedParameters: 0 0 0

#Transform 32
Transform: AffineTransform_float_3_3
Parameters: 1 -0.000328623 -6.71347e-05 0.000328578 1 -0.000330022 6.73516e-05 0.000329978 1 0.0165062 -0.0336526 -0.0447269
FixedParameters: 0 0 0

#Transform 33
Transform: AffineTransform_float_3_3
Parameters: 1 -0.000467711 -2.96991e-05 0.000467676 0.999999 -0.000586014 3.02473e-05 0.000585986 1 0.0173635 -0.0708959 -0.0122485
FixedParameters: 0 0 0

#Transform 34
Transform: AffineTransform_float_3_3
Parameters: 1 -0.000577153 -7.49825e-05 0.000577099 1 -0.000361043 7.53992e-05 0.000360956 1 0.0298235 -0.0883852 -0.00685395
FixedParameters: 0 0 0

#Transform 35
Transform: AffineTransform_float_3_3
Parameters: 1 -0.000531091 -7.70382e-05 0.000531051 1 -0.000264108 7.73191e-05 0.000264892 1 0.0135418 -0.0445408 -0.00463129
FixedParameters: 0 0 0

#Transform 36
Transform: AffineTransform_float_3_3
Parameters: 0.999999 -0.000759913 -0.000118678 0.000759681 0.999999 -0.000975091 0.00012016 0.00097491 1 0.0246313 0.0982396 -0.0519877
FixedParameters: 0 0 0

#Transform 37
Transform: AffineTransform_float_3_3
Parameters: 0.999999 -0.000836513 -0.000311606 0.000836079 1 -0.000695578 0.000312769 0.000695422 0.999999 0.045693 -0.0491331 -0.0227998
FixedParameters: 0 0 0

#Transform 38
Transform: AffineTransform_float_3_3
Parameters: 0.999999 -0.000759945 -2.72111e-05 0.000759943 0.999999 -3.80207e-05 2.72689e-05 3.79793e-05 1 0.02864 -0.134313 0.0106262
FixedParameters: 0 0 0

#Transform 39
Transform: AffineTransform_float_3_3
Parameters: 1 -0.00103767 3.0575e-05 0.00103747 0.999999 -0.000953969 -2.95612e-05 0.000954032 1 0.027461 0.0464332 -0.0795193
FixedParameters: 0 0 0

#Transform 40
Transform: AffineTransform_float_3_3
Parameters: 0.999999 -0.000726274 9.85039e-05 0.000726321 0.999999 -0.000238928 -9.81567e-05 0.000239071 1 0.0251264 -0.131525 -0.0228375
FixedParameters: 0 0 0

#Transform 41
Transform: AffineTransform_float_3_3
Parameters: 1 -0.0011965 -0.000144264 0.00119696 0.999999 -0.00087149 0.000145125 0.00087151 0.999999 0.016436 0.0593247 -0.11856
FixedParameters: 0 0 0

#Transform 42
Transform: AffineTransform_float_3_3
Parameters: 0.999999 -0.000921329 -5.66814e-05 0.000920967 0.999999 -0.000905302 5.73828e-05 0.000904697 0.999999 0.019107 -0.01616 -0.0968227
FixedParameters: 0 0 0

#Transform 43
Transform: AffineTransform_float_3_3
Parameters: 0.999999 -0.000909873 -0.000110812 0.000909492 1 -0.000554351 0.000110854 0.00055365 1 0.0319399 -0.0685198 -0.0962742
FixedParameters: 0 0 0

#Transform 44
Transform: AffineTransform_float_3_3
Parameters: 0.999999 -0.00125053 -0.000259924 0.00124943 0.999998 -0.00111639 0.000260783 0.00111661 0.999999 0.029564 0.0715631 -0.153249
FixedParameters: 0 0 0

#Transform 45
Transform: AffineTransform_float_3_3
Parameters: 0.999998 -0.00165606 -0.000151111 0.00165527 0.999999 -0.000908569 0.000152188 0.000908433 1 0.0210404 -0.015419 -0.152532
FixedParameters: 0 0 0

#Transform 46
Transform: AffineTransform_float_3_3
Parameters: 0.999999 -0.0013723 -0.000208783 0.00137263 0.999999 -0.000907355 0.000210049 0.000907646 1 0.0234311 -0.0900305 -0.108668
FixedParameters: 0 0 0

#Transform 47
Transform: AffineTransform_float_3_3
Parameters: 0.999999 -0.00126301 -0.000182821 0.00126227 0.999998 -0.00129523 0.000185125 0.00129477 0.999999 0.00849755 0.0201221 -0.166573
FixedParameters: 0 0 0

#Transform 48
Transform: AffineTransform_float_3_3
Parameters: 0.999999 -0.00120461 -0.000471604 0.00120399 0.999999 -0.000661636 0.000473197 0.000661364 1 0.00036413 -0.110999 -0.130572
FixedParameters: 0 0 0

#Transform 49
Transform: AffineTransform_float_3_3
Parameters: 0.999999 -0.00132652 -0.000857691 0.00132598 0.999998 -0.00113827 0.00085826 0.00113773 0.999998 -0.0160407 0.0431509 -0.156269
FixedParameters: 0 0 0

#Transform 50
Transform: AffineTransform_float_3_3
Parameters: 0.999998 -0.00139444 -0.00100324 0.0013942 0.999998 -0.000954467 0.00100441 0.000952533 0.999999 -0.0203476 0.00480601 -0.194663
FixedParameters: 0 0 0

#Transform 51
Transform: AffineTransform_float_3_3
Parameters: 0.999998 -0.00132401 -0.00133329 0.00132339 0.999999 -0.000499832 0.00133338 0.000497168 0.999999 -0.0156207 -0.108096 -0.182386
FixedParameters: 0 0 0

#Transform 52
Transform: AffineTransform_float_3_3
Parameters: 0.999998 -0.00154472 -0.00126091 0.00154342 0.999998 -0.00107783 0.00126178 0.00107617 0.999999 -0.00706865 -0.0312338 -0.169733
FixedParameters: 0 0 0

#Transform 53
Transform: AffineTransform_float_3_3
Parameters: 0.999998 -0.0017156 -0.0011794 0.00171498 0.999998 -0.000560908 0.0011801 0.000559093 1 -0.00506363 -0.0448619 -0.228439
FixedParameters: 0 0 0

#Transform 54
Transform: AffineTransform_float_3_3
Parameters: 0.999998 -0.00176329 -0.00147994 0.00176302 0.999998 -8.94934e-05 0.00148025 8.65062e-05 0.999999 -0.000543909 -0.108565 -0.200907
FixedParameters: 0 0 0

#Transform 55
Transform: AffineTransform_float_3_3
Parameters: 0.999997 -0.00173 -0.00158387 0.00172828 0.999998 -0.00106944 0.00158608 0.00106756 0.999998 -0.000671097 0.037952 -0.216923
FixedParameters: 0 0 0

#Transform 56
Transform: AffineTransform_float_3_3
Parameters: 0.999998 -0.00149583 -0.00122666 0.00149439 0.999998 -0.000875652 0.00122805 0.000873348 0.999999 0.00377186 -0.0124925 -0.203364
FixedParameters: 0 0 0

#Transform 57
Transform: AffineTransform_float_3_3
Parameters: 0.999997 -0.00189688 -0.00148497 0.00189619 0.999998 -0.000470768 0.00148553 0.000468232 0.999999 -0.0097699 -0.0624615 -0.210952
FixedParameters: 0 0 0

#Transform 58
Transform: AffineTransform_float_3_3
Parameters: 0.999997 -0.00196725 -0.00158808 0.0019661 0.999998 -0.000584142 0.00158915 0.000581857 0.999998 -0.00444064 0.018856 -0.228875
FixedParameters: 0 0 0

#Transform 59
Transform: AffineTransform_float_3_3
Parameters: 0.999997 -0.00186884 -0.00146173 0.00186742 0.999998 -0.000969934 0.0014629 0.000967068 0.999998 -0.00530071 0.0304812 -0.223839
FixedParameters: 0 0 0

#Transform 60
Transform: AffineTransform_float_3_3
Parameters: 0.999997 -0.0021888 -0.00160702 0.00218835 0.999997 -0.000141535 0.00160763 0.000138464 0.999998 0.0125558 -0.000127823 -0.345258
FixedParameters: 0 0 0

#Transform 61
Transform: AffineTransform_float_3_3
Parameters: 0.999996 -0.00259675 -0.00100104 0.00259524 0.999995 -0.00132912 0.00100452 0.00132688 0.999998 -0.0250269 -0.0862178 -0.231102
FixedParameters: 0 0 0

#Transform 62
Transform: AffineTransform_float_3_3
Parameters: 0.999995 -0.00290146 -0.0014045 0.0029001 0.999995 -0.00098748 0.00140777 0.000984518 0.999999 -0.0165265 0.0130636 -0.228538
FixedParameters: 0 0 0

#Transform 63
Transform: AffineTransform_float_3_3
Parameters: 0.999995 -0.00287751 -0.00128137 0.00287859 0.999996 0.000595729 0.00128012 -0.000599271 0.999999 -0.0212216 -0.133016 -0.183181
FixedParameters: 0 0 0

#Transform 64
Transform: AffineTransform_float_3_3
Parameters: 0.999994 -0.00294307 -0.00152095 0.00294288 0.999996 -6.38113e-05 0.00152131 5.91881e-05 0.999999 -0.00719753 0.0368137 -0.240818
FixedParameters: 0 0 0

#Transform 65
Transform: AffineTransform_float_3_3
Parameters: 0.999993 -0.00333188 -0.00158453 0.00333315 0.999994 0.000316002 0.00158338 -0.000320997 0.999999 -0.0242405 -0.0509606 -0.24223
FixedParameters: 0 0 0

#Transform 66
Transform: AffineTransform_float_3_3
Parameters: 0.999993 -0.00332307 -0.00137091 0.00332359 0.999994 0.000443795 0.00136917 -0.000448205 0.999999 -0.0222387 -0.0819114 -0.18951
FixedParameters: 0 0 0

#Transform 67
Transform: AffineTransform_float_3_3
Parameters: 0.999993 -0.00342703 -0.00154102 0.00342623 0.999994 -0.000178 0.00154125 0.000173 0.999999 -0.00646513 0.0519738 -0.266153
FixedParameters: 0 0 0

#Transform 68
Transform: AffineTransform_float_3_3
Parameters: 0.999994 -0.00320622 -0.00140209 0.00320669 0.999995 0.000418604 0.00140062 -0.000423395 0.999998 -0.0058191 -0.0356022 -0.273151
FixedParameters: 0 0 0

#Transform 69
Transform: AffineTransform_float_3_3
Parameters: 0.999993 -0.00328905 -0.00171654 0.00328971 0.999995 0.000113635 0.00171674 -0.000119366 0.999998 -0.00135354 -0.0529239 -0.257808
FixedParameters: 0 0 0

#Transform 70
Transform: AffineTransform_float_3_3
Parameters: 0.999994 -0.00311369 -0.00160015 0.00311308 0.999995 -0.000191384 0.00160133 0.000186613 0.999999 0.0128524 0.00710509 -0.298304
FixedParameters: 0 0 0

#Transform 71
Transform: AffineTransform_float_3_3
Parameters: 0.999992 -0.00351332 -0.00193901 0.00351366 0.999994 8.46518e-05 0.00193839 -9.13468e-05 0.999998 -0.00471843 -0.0710417 -0.257224
FixedParameters: 0 0 0

#Transform 72
Transform: AffineTransform_float_3_3
Parameters: 0.999993 -0.00334095 -0.00171982 0.00334031 0.999994 -0.000392466 0.00172119 0.000386533 0.999998 -0.00317224 -0.024383 -0.211539
FixedParameters: 0 0 0

#Transform 73
Transform: AffineTransform_float_3_3
Parameters: 0.999992 -0.0033937 -0.002077 0.00339226 0.999994 -0.000520586 0.00207929 0.000513412 0.999997 0.0117712 -0.0046742 -0.278583
FixedParameters: 0 0 0

#Transform 74
Transform: AffineTransform_float_3_3
Parameters: 0.999992 -0.00338217 -0.00208002 0.0033806 0.999994 -0.000549505 0.00208248 0.000541492 0.999998 0.00208404 0.0127466 -0.282152
FixedParameters: 0 0 0

#Transform 75
Transform: AffineTransform_float_3_3
Parameters: 0.999993 -0.00347651 -0.00183163 0.00347652 0.999994 9.63832e-08 0.00183161 -5.90357e-06 0.999999 0.00993038 -0.0423968 -0.270105
FixedParameters: 0 0 0

#Transform 76
Transform: AffineTransform_float_3_3
Parameters: 0.999992 -0.003252 -0.00211469 0.00325093 0.999995 -0.000651416 0.00211742 0.000644583 0.999997 0.0132307 0.0226137 -0.211847
FixedParameters: 0 0 0

#Transform 77
Transform: AffineTransform_float_3_3
Parameters: 0.999993 -0.00302164 -0.00195354 0.00302079 0.999996 -0.000402123 0.00195473 0.000396877 0.999998 0.0263527 -0.0301016 -0.277524
FixedParameters: 0 0 0

#Transform 78
Transform: AffineTransform_float_3_3
Parameters: 0.999994 -0.00271155 -0.00217098 0.00271088 0.999996 -9.67878e-05 0.00217052 9.12131e-05 0.999998 0.035178 -0.014731 -0.260502
FixedParameters: 0 0 0

#Transform 79
Transform: AffineTransform_float_3_3
Parameters: 0.999993 -0.00294963 -0.00225275 0.00294813 0.999996 -0.000706616 0.00225541 0.000700384 0.999998 0.0191482 0.0926618 -0.285274
FixedParameters: 0 0 0

#Transform 80
Transform: AffineTransform_float_3_3
Parameters: 0.999993 -0.00304821 -0.00225939 0.00304886 0.999996 0.000141893 0.00225851 -0.000149104 0.999997 0.0324756 -0.0576961 -0.258285
FixedParameters: 0 0 0

#Transform 81
Transform: AffineTransform_float_3_3
Parameters: 0.999993 -0.00279752 -0.00248661 0.00279662 0.999996 -0.00052161 0.00248802 0.000514391 0.999997 0.0384568 0.0354292 -0.271448
FixedParameters: 0 0 0

#Transform 82
Transform: AffineTransform_float_3_3
Parameters: 0.999993 -0.00313927 -0.00195752 0.0031388 0.999995 0.000124638 0.00195698 -0.000130363 0.999998 0.0255379 -0.0121017 -0.270761
FixedParameters: 0 0 0

#Transform 83
Transform: AffineTransform_float_3_3
Parameters: 0.99999 -0.00354744 -0.00267027 0.00354732 0.999994 0.000153359 0.00266941 -0.000162641 0.999996 0.0332876 -0.0191609 -0.293642
FixedParameters: 0 0 0

#Transform 84
Transform: AffineTransform_float_3_3
Parameters: 0.99999 -0.00374523 -0.00266937 0.00374253 0.999993 -0.000775169 0.00267268 0.000764829 0.999997 0.0619391 0.0786462 -0.301829
FixedParameters: 0 0 0

#Transform 85
Transform: AffineTransform_float_3_3
Parameters: 0.99999 -0.00397294 -0.00235068 0.00397199 0.999992 -0.000358077 0.00235227 0.000348921 0.999997 0.0488187 0.0507542 -0.325617
FixedParameters: 0 0 0

#Transform 86
Transform: AffineTransform_float_3_3
Parameters: 0.999988 -0.00432421 -0.00237581 0.00432426 0.99999 6.92261e-06 0.00237571 -1.70771e-05 0.999997 0.0650006 0.0309072 -0.286756
FixedParameters: 0 0 0

#Transform 87
Transform: AffineTransform_float_3_3
Parameters: 0.999988 -0.0043841 -0.00249831 0.00438352 0.999991 -0.00059908 0.0025008 0.000587923 0.999996 0.062658 0.104635 -0.287797
FixedParameters: 0 0 0

#Transform 88
Transform: AffineTransform_float_3_3
Parameters: 0.999989 -0.00417465 -0.0024298 0.00417462 0.999992 -0.000157949 0.00242985 0.000148054 0.999997 0.0772174 -0.0625434 -0.221578
FixedParameters: 0 0 0

#Transform 89
Transform: AffineTransform_float_3_3
Parameters: 0.99999 -0.00397555 -0.00231786 0.00397432 0.999992 -0.000365885 0.00231854 0.000356116 0.999997 0.0643792 0.0304378 -0.26842
FixedParameters: 0 0 0

#Transform 90
Transform: AffineTransform_float_3_3
Parameters: 0.999988 -0.00423185 -0.00215521 0.00423044 0.999991 -0.000271107 0.0021565 0.00026189 0.999998 0.0587555 0.0279875 -0.295523
FixedParameters: 0 0 0

#Transform 91
Transform: AffineTransform_float_3_3
Parameters: 0.999987 -0.00444857 -0.00218176 0.00444879 0.99999 0.000207992 0.00218109 -0.000218009 0.999997 0.0523933 -0.0695414 -0.266717
FixedParameters: 0 0 0

#Transform 92
Transform: AffineTransform_float_3_3
Parameters: 0.999985 -0.00463897 -0.00264661 0.00463743 0.999989 -0.000247215 0.00264788 0.000234782 0.999996 0.0540375 0.0806992 -0.343798
FixedParameters: 0 0 0

#Transform 93
Transform: AffineTransform_float_3_3
Parameters: 0.999986 -0.00454862 -0.00262493 0.0045466 0.999989 -0.000609881 0.00262701 0.000598121 0.999996 0.0633904 -0.0101359 -0.278592
FixedParameters: 0 0 0

#Transform 94
Transform: AffineTransform_float_3_3
Parameters: 0.999986 -0.00457106 -0.00271336 0.00457029 0.99999 -0.000279343 0.00271463 0.000266657 0.999996 0.0648534 -0.0150052 -0.288834
FixedParameters: 0 0 0

#Transform 95
Transform: AffineTransform_float_3_3
Parameters: 0.999986 -0.00451291 -0.0027279 0.0045113 0.99999 -0.000560185 0.00273044 0.000546814 0.999996 0.0751574 0.0188265 -0.277233
FixedParameters: 0 0 0

#Transform 96
Transform: AffineTransform_float_3_3
Parameters: 0.999985 -0.00458535 -0.00275665 0.00458297 0.999989 -0.000949402 0.0027604 0.000937601 0.999996 0.0808261 0.0218091 -0.278748
FixedParameters: 0 0 0

#Transform 97
Transform: AffineTransform_float_3_3
Parameters: 0.999986 -0.00455472 -0.00264267 0.00455278 0.999989 -0.000954982 0.00264738 0.000943016 0.999996 0.0720997 0.0429262 -0.254174
FixedParameters: 0 0 0

#Transform 98
Transform: AffineTransform_float_3_3
Parameters: 0.999984 -0.00465184 -0.00300249 0.00464847 0.999988 -0.00103848 0.00300718 0.00102452 0.999995 0.0754385 0.0264418 -0.282636
FixedParameters: 0 0 0

#Transform 99
Transform: AffineTransform_float_3_3
Parameters: 0.999985 -0.00450232 -0.00313485 0.00449852 0.999989 -0.00133131 0.00314038 0.00131669 0.999995 0.0825893 0.0772283 -0.316098
FixedParameters: 0 0 0

#Transform 100
Transform: AffineTransform_float_3_3
Parameters: 0.999983 -0.00493765 -0.00310006 0.00493311 0.999987 -0.00142321 0.00310669 0.0014078 0.999994 0.0678366 0.0343543 -0.28999
FixedParameters: 0 0 0

#Transform 101
Transform: AffineTransform_float_3_3
Parameters: 0.999982 -0.00508487 -0.0029775 0.00508062 0.999986 -0.00143229 0.00298463 0.00141671 0.999995 0.0823887 0.0262189 -0.276959
FixedParameters: 0 0 0

#Transform 102
Transform: AffineTransform_float_3_3
Parameters: 0.999982 -0.00510793 -0.00320282 0.00510133 0.999985 -0.00202915 0.00321243 0.00201385 0.999993 0.095436 0.101142 -0.275935
FixedParameters: 0 0 0

#Transform 103
Transform: AffineTransform_float_3_3
Parameters: 0.999982 -0.0052061 -0.00314983 0.00519887 0.999984 -0.00216144 0.00316122 0.00214556 0.999993 0.0988055 0.0789403 -0.278979
FixedParameters: 0 0 0

#Transform 104
Transform: AffineTransform_float_3_3
Parameters: 0.999982 -0.00515978 -0.0029891 0.00515505 0.999985 -0.00150657 0.0029972 0.00149042 0.999995 0.112754 -0.0433141 -0.218794
FixedParameters: 0 0 0

#Transform 105
Transform: AffineTransform_float_3_3
Parameters: 0.99998 -0.00548913 -0.00293427 0.00548558 0.999984 -0.00133464 0.00294148 0.00131836 0.999995 0.109339 0.0267307 -0.187139
FixedParameters: 0 0 0

#Transform 106
Transform: AffineTransform_float_3_3
Parameters: 0.999981 -0.00530625 -0.00288911 0.00530259 0.999984 -0.00137255 0.00289625 0.00135745 0.999995 0.0972368 0.0464875 -0.228668
FixedParameters: 0 0 0

#Transform 107
Transform: AffineTransform_float_3_3
Parameters: 0.99998 -0.00556905 -0.00315687 0.0055648 0.999984 -0.00161626 0.00316593 0.00159874 0.999993 0.0901944 0.0444436 -0.296512
FixedParameters: 0 0 0

#Transform 108
Transform: AffineTransform_float_3_3
Parameters: 0.999989 -0.00397087 -0.002404 0.00396743 0.999991 -0.00130529 0.00240943 0.00129571 0.999996 0.069421 -0.0394555 -0.242154
FixedParameters: 0 0 0

#Transform 109
Transform: AffineTransform_float_3_3
Parameters: 0.99999 -0.00395288 -0.00203638 0.00394744 0.999988 -0.00271898 0.00204804 0.00271101 0.999994 0.0686204 0.0616624 -0.202158
FixedParameters: 0 0 0

#Transform 110
Transform: AffineTransform_float_3_3
Parameters: 0.999988 -0.00418774 -0.00225526 0.00418295 0.99999 -0.00194651 0.0022632 0.00193749 0.999995 0.0681038 -0.0712976 -0.206164
FixedParameters: 0 0 0

#Transform 111
Transform: AffineTransform_float_3_3
Parameters: 0.99999 -0.0039687 -0.00239793 0.00396456 0.999991 -0.00175026 0.00240443 0.00174074 0.999995 0.0624676 0.0121507 -0.189243
FixedParameters: 0 0 0

#Transform 112
Transform: AffineTransform_float_3_3
Parameters: 0.999986 -0.0046944 -0.00270194 0.00468715 0.999986 -0.00265164 0.0027145 0.00263836 0.999993 0.0695895 0.126309 -0.240455
FixedParameters: 0 0 0

#Transform 113
Transform: AffineTransform_float_3_3
Parameters: 0.999985 -0.00470316 -0.00271791 0.00469923 0.999988 -0.0016848 0.00272608 0.0016722 0.999995 0.0699451 0.00526871 -0.222736
FixedParameters: 0 0 0

#Transform 114
Transform: AffineTransform_float_3_3
Parameters: 0.999983 -0.00467168 -0.00334846 0.00466226 0.999985 -0.00289698 0.0033624 0.00288102 0.99999 0.0713663 0.0724149 -0.222903
FixedParameters: 0 0 0

#Transform 115
Transform: AffineTransform_float_3_3
Parameters: 0.999983 -0.00476808 -0.00332248 0.00475906 0.999985 -0.00285925 0.00333662 0.00284375 0.99999 0.0889902 0.0243858 -0.195771
FixedParameters: 0 0 0

#Transform 116
Transform: AffineTransform_float_3_3
Parameters: 0.999979 -0.00539195 -0.00360588 0.00538301 0.999982 -0.00245712 0.00361852 0.00243788 0.999991 0.0909859 0.00566359 -0.169753
FixedParameters: 0 0 0

#Transform 117
Transform: AffineTransform_float_3_3
Parameters: 0.999981 -0.00485096 -0.00362849 0.00484097 0.999984 -0.00285082 0.00364178 0.00283318 0.999989 0.0903944 0.0617309 -0.169425
FixedParameters: 0 0 0

#Transform 118
Transform: AffineTransform_float_3_3
Parameters: 0.999981 -0.00489332 -0.00378225 0.00488213 0.999983 -0.00298823 0.0037959 0.00296978 0.999989 0.0944018 0.0976612 -0.227051
FixedParameters: 0 0 0

#Transform 119
Transform: AffineTransform_float_3_3
Parameters: 0.99998 -0.0052278 -0.00369316 0.00521731 0.999983 -0.00260991 0.00370659 0.00259009 0.999989 0.0838736 0.0770163 -0.236244
FixedParameters: 0 0 0

#Transform 120
Transform: AffineTransform_float_3_3
Parameters: 0.999978 -0.00554892 -0.00360783 0.00554071 0.999982 -0.00225776 0.00362026 0.00223824 0.999991 0.0858398 0.0325422 -0.220831
FixedParameters: 0 0 0

#Transform 121
Transform: AffineTransform_float_3_3
Parameters: 0.999977 -0.00557759 -0.00401036 0.00556642 0.99998 -0.00293793 0.00402724 0.00291507 0.999987 0.0917859 0.129311 -0.222338
FixedParameters: 0 0 0

#Transform 122
Transform: AffineTransform_float_3_3
Parameters: 0.999976 -0.00551655 -0.00419128 0.00550234 0.999979 -0.00325718 0.00421009 0.00323381 0.999986 0.0973333 0.108186 -0.24349
FixedParameters: 0 0 0

#Transform 123
Transform: AffineTransform_float_3_3
Parameters: 0.999974 -0.00595579 -0.0040719 0.00594254 0.999977 -0.00328902 0.00409175 0.00326497 0.999986 0.0970833 0.111541 -0.227231
FixedParameters: 0 0 0

#Transform 124
Transform: AffineTransform_float_3_3
Parameters: 0.999977 -0.00546855 -0.00401475 0.00545561 0.99998 -0.0032412 0.00403308 0.00321879 0.999987 0.0907087 0.0440931 -0.191722
FixedParameters: 0 0 0

#Transform 125
Transform: AffineTransform_float_3_3
Parameters: 0.999976 -0.00551538 -0.00419281 0.0055028 0.99998 -0.00297918 0.00420978 0.00295581 0.999986 0.0971453 0.0970467 -0.183075
FixedParameters: 0 0 0

#Transform 126
Transform: AffineTransform_float_3_3
Parameters: 0.999976 -0.00568537 -0.00414235 0.00566863 0.999976 -0.00393869 0.00416509 0.00391531 0.999984 0.0903818 0.216669 -0.216036
FixedParameters: 0 0 0

#Transform 127
Transform: AffineTransform_float_3_3
Parameters: 0.999976 -0.00551787 -0.00418954 0.00550243 0.999978 -0.00357218 0.00420937 0.00354882 0.999985 0.1132 0.16095 -0.209749
FixedParameters: 0 0 0

#Transform 128
Transform: AffineTransform_float_3_3
Parameters: 0.999976 -0.00554419 -0.00429766 0.00553114 0.999981 -0.00304295 0.00431428 0.00301905 0.999986 0.14737 0.0919104 -0.18896
FixedParameters: 0 0 0

#Transform 129
Transform: AffineTransform_float_3_3
Parameters: 0.999976 -0.00557198 -0.00425427 0.00556031 0.999981 -0.00271676 0.0042689 0.00269224 0.999987 0.114885 0.0301308 -0.12425
FixedParameters: 0 0 0

#Transform 130
Transform: AffineTransform_float_3_3
Parameters: 0.999972 -0.00568314 -0.00485525 0.0056669 0.999979 -0.00339585 0.00487468 0.00336815 0.999983 0.122209 0.148209 -0.204321
FixedParameters: 0 0 0

#Transform 131
Transform: AffineTransform_float_3_3
Parameters: 0.99997 -0.00582199 -0.005088 0.00580488 0.999978 -0.00339676 0.00510714 0.00336724 0.999981 0.117576 0.132707 -0.198453
FixedParameters: 0 0 0

#Transform 132
Transform: AffineTransform_float_3_3
Parameters: 0.999973 -0.00524535 -0.00513479 0.00522962 0.999982 -0.00311923 0.00515055 0.00309178 0.999982 0.114152 0.128554 -0.184503
FixedParameters: 0 0 0

#Transform 133
Transform: AffineTransform_float_3_3
Parameters: 0.99997 -0.00534341 -0.0054895 0.00532546 0.99998 -0.00338526 0.00550792 0.00335574 0.999979 0.125278 0.172512 -0.173178
FixedParameters: 0 0 0

#Transform 134
Transform: AffineTransform_float_3_3
Parameters: 0.999971 -0.00575744 -0.00511727 0.00573945 0.999977 -0.00355628 0.00513754 0.00352672 0.999981 0.113925 0.155828 -0.181342
FixedParameters: 0 0 0

#Transform 135
Transform: AffineTransform_float_3_3
Parameters: 0.99997 -0.00572199 -0.00512586 0.00570245 0.999977 -0.00379515 0.00514835 0.00376584 0.99998 0.125329 0.171212 -0.182205
FixedParameters: 0 0 0

#Transform 136
Transform: AffineTransform_float_3_3
Parameters: 0.99997 -0.00569312 -0.00513445 0.00567433 0.999977 -0.00362305 0.00515503 0.00359395 0.99998 0.135109 0.11137 -0.191782
FixedParameters: 0 0 0

#Transform 137
Transform: AffineTransform_float_3_3
Parameters: 0.999969 -0.00555329 -0.00547023 0.00553649 0.99998 -0.00302837 0.00548687 0.00299763 0.99998 0.145921 0.0462348 -0.197665
FixedParameters: 0 0 0

#Transform 138
Transform: AffineTransform_float_3_3
Parameters: 0.999969 -0.00583915 -0.00537304 0.00581823 0.999975 -0.00397201 0.00539575 0.00393999 0.999977 0.134373 0.175333 -0.192027
FixedParameters: 0 0 0

#Transform 139
Transform: AffineTransform_float_3_3
Parameters: 0.999966 -0.00613209 -0.00551185 0.0061095 0.999973 -0.00400039 0.00553625 0.00396661 0.999977 0.146404 0.132002 -0.237675
FixedParameters: 0 0 0

#Transform 140
Transform: AffineTransform_float_3_3
Parameters: 0.999968 -0.0058013 -0.00560546 0.00578379 0.999979 -0.00316872 0.00562373 0.00313629 0.999979 0.161596 0.0415448 -0.225997
FixedParameters: 0 0 0

#Transform 141
Transform: AffineTransform_float_3_3
Parameters: 0.999968 -0.00569844 -0.00563378 0.00568115 0.999979 -0.00306998 0.00565151 0.00303802 0.99998 0.157038 0.0298552 -0.205232
FixedParameters: 0 0 0

#Transform 142
Transform: AffineTransform_float_3_3
Parameters: 0.999965 -0.00604615 -0.00568822 0.00602688 0.999976 -0.00340148 0.00570838 0.00336753 0.999978 0.160979 0.135818 -0.252142
FixedParameters: 0 0 0

#Transform 143
Transform: AffineTransform_float_3_3
Parameters: 0.999965 -0.00619776 -0.00549969 0.00618226 0.999977 -0.00278467 0.00551648 0.00275033 0.999981 0.152941 0.0669074 -0.245082
FixedParameters: 0 0 0

#Transform 144
Transform: AffineTransform_float_3_3
Parameters: 0.999966 -0.0062298 -0.00549087 0.006214 0.999976 -0.00281586 0.00550823 0.00278214 0.999981 0.139664 0.0273229 -0.195895
FixedParameters: 0 0 0

#Transform 145
Transform: AffineTransform_float_3_3
Parameters: 0.999961 -0.006524 -0.00584678 0.00650405 0.999973 -0.00334775 0.00586848 0.00330924 0.999977 0.148244 0.150387 -0.277052
FixedParameters: 0 0 0

#Transform 146
Transform: AffineTransform_float_3_3
Parameters: 0.999965 -0.00629109 -0.005473 0.00627416 0.999976 -0.00307941 0.00549253 0.00304559 0.99998 0.141432 0.0955041 -0.250092
FixedParameters: 0 0 0

#Transform 147
Transform: AffineTransform_float_3_3
Parameters: 0.999966 -0.00625355 -0.0054856 0.0062388 0.999977 -0.00257221 0.00550152 0.00253779 0.999981 0.136073 0.0653352 -0.254854
FixedParameters: 0 0 0

#Transform 148
Transform: AffineTransform_float_3_3
Parameters: 0.999964 -0.00655413 -0.00529403 0.00653303 0.99997 -0.00406525 0.00532044 0.00403074 0.999977 0.129478 0.198288 -0.2723
FixedParameters: 0 0 0

#Transform 149
Transform: AffineTransform_float_3_3
Parameters: 0.999963 -0.00635359 -0.00570891 0.00633294 0.999974 -0.00371782 0.00573244 0.00368219 0.999977 0.170466 0.153472 -0.280721
FixedParameters: 0 0 0
