#!ascii label  , from subject sub-v1s2x0051465_ses-1 vox2ras=TkReg
828
122484  -33.119  -5.145  -22.439 0.4285714328
137729  -33.457  -3.655  -22.982 0.2857142985
58060  -34.016  -3.826  -22.380 0.4285714328
60107  -34.512  -2.954  -22.305 0.4285714328
60127  -33.734  -2.396  -23.484 0.2857142985
60128  -34.372  -2.276  -22.894 0.4285714328
60108  -35.003  -2.184  -22.208 0.4285714328
62117  -34.036  -1.078  -23.954 0.4285714328
145010  -34.517  -1.009  -23.457 0.4285714328
62136  -34.036  -0.362  -24.435 0.4285714328
63155  -34.349  0.501  -24.677 0.4285714328
63166  -33.341  1.197  -25.453 0.5714285970
64184  -33.926  0.834  -25.242 0.5714285970
64186  -35.232  1.797  -24.455 0.2857142985
64199  -33.975  1.572  -25.612 0.7142857313
64185  -34.605  1.419  -25.058 0.7142857313
65217  -35.217  2.894  -25.424 0.7142857313
66179  -35.640  3.410  -24.853 0.4285714328
65216  -34.545  2.307  -25.710 0.7142857313
137417  -35.040  2.185  -25.099 0.5714285970
67132  -35.594  4.531  -25.824 0.5714285970
66191  -34.813  3.331  -26.155 0.5714285970
67131  -35.213  4.118  -26.200 0.5714285970
68102  -35.187  5.009  -26.389 0.5714285970
67138  -34.597  4.260  -26.469 0.5714285970
68076  -35.936  5.007  -25.266 0.4285714328
69047  -35.688  6.025  -26.529 0.5714285970
69048  -36.208  6.877  -26.369 0.5714285970
132400  -34.175  5.785  -26.776 0.7142857313
144413  -35.793  6.661  -26.792 0.7142857313
132106  -36.561  7.593  -25.931 0.5714285970
124515  -34.907  5.798  -26.793 0.5714285970
68099  -32.694  5.762  -26.705 0.5714285970
122891  -35.256  6.610  -27.020 0.8571428657
70032  -36.277  7.779  -26.523 0.7142857313
71065  -36.741  8.342  -25.994 0.5714285970
70030  -34.563  7.115  -27.213 0.7142857313
70029  -33.754  6.989  -27.065 0.5714285970
140221  -36.438  9.453  -26.725 0.7142857313
72035  -36.851  9.167  -26.162 0.5714285970
134850  -35.171  7.287  -27.224 0.7142857313
71082  -36.351  8.637  -26.604 0.7142857313
139681  -36.652  10.218  -26.853 0.5714285970
71081  -35.801  8.157  -27.000 0.7142857313
73008  -37.195  10.443  -26.315 0.5714285970
70044  -34.723  7.807  -27.389 0.5714285970
71098  -35.060  8.602  -27.388 0.7142857313
73020  -35.976  9.884  -27.221 0.7142857313
73007  -37.076  10.971  -26.915 0.7142857313
72061  -35.214  9.580  -27.468 0.7142857313
73019  -35.465  10.280  -27.576 0.7142857313
122156  -36.207  10.775  -27.440 0.7142857313
74856  -36.543  12.597  -27.513 0.7142857313
73941  -36.764  11.665  -27.269 0.5714285970
123218  -33.485  9.078  -27.592 0.5714285970
145640  -36.896  13.251  -27.396 0.5714285970
125305  -37.119  13.798  -27.349 0.5714285970
121585  -35.250  10.925  -27.867 0.8571428657
73018  -34.705  10.253  -27.748 0.8571428657
75861  -36.426  13.482  -27.758 0.7142857313
75860  -35.544  13.181  -28.025 0.7142857313
73939  -34.928  11.731  -28.085 0.8571428657
74855  -35.632  12.429  -27.959 0.7142857313
131086  -35.642  15.109  -28.684 0.8571428657
76946  -36.511  15.104  -28.400 0.5714285970
75875  -34.659  13.522  -28.200 0.8571428657
74854  -34.685  12.593  -28.166 0.8571428657
77989  -34.756  15.365  -28.735 0.8571428657
78890  -34.940  16.347  -29.088 0.8571428657
78889  -33.984  16.670  -28.745 0.8571428657
77988  -33.949  15.680  -28.591 0.8571428657
130797  -33.093  15.790  -28.228 1.0000000000
76943  -33.690  14.714  -28.367 0.8571428657
78888  -32.948  16.623  -28.056 1.0000000000
138818  -33.091  15.098  -28.323 1.0000000000
79747  -32.648  17.508  -27.966 1.0000000000
79745  -30.428  17.383  -27.683 0.7142857313
78872  -31.853  16.595  -27.733 1.0000000000
79746  -31.496  17.478  -27.676 1.0000000000
81540  -31.042  20.071  -27.904 1.0000000000
81527  -29.999  19.686  -27.560 0.8571428657
83491  -29.924  21.324  -27.804 0.8571428657
85445  -29.491  23.550  -28.419 0.8571428657
84485  -29.948  22.798  -28.395 0.8571428657
84465  -29.374  22.072  -27.826 1.0000000000
86368  -29.209  24.860  -28.736 0.8571428657
86385  -29.678  24.725  -29.367 0.8571428657
87229  -29.185  25.436  -29.120 0.7142857313
86367  -28.499  24.790  -28.331 0.5714285970
88091  -28.683  26.126  -28.904 0.7142857313
87222  -26.399  25.781  -27.598 0.5714285970
87223  -27.082  25.349  -27.827 0.5714285970
88965  -27.024  27.345  -27.919 0.4285714328
88966  -27.450  27.328  -28.482 0.4285714328
88082  -24.916  26.141  -26.680 0.2857142985
88952  -24.958  26.971  -26.634 0.2857142985
88083  -25.510  26.217  -27.106 0.2857142985
137678  -33.931  -3.077  -23.006 0.2857142985
68093  -35.769  5.356  -25.879 0.5714285970
76930  -36.796  14.420  -27.872 0.5714285970
73940  -35.927  11.658  -27.783 0.7142857313
145016  -36.053  12.917  -27.842 0.7142857313
76945  -35.790  14.190  -28.214 0.8571428657
77990  -36.276  15.742  -28.844 0.8571428657
143359  -35.541  15.788  -28.989 0.8571428657
80621  -31.012  18.353  -27.663 0.8571428657
90653  -24.759  28.579  -26.193 0.1428571492
59055  -33.231  -3.102  -23.414 0.2857142985
60126  -32.976  -2.362  -23.786 0.2857142985
61108  -34.198  -1.662  -23.464 0.4285714328
62118  -35.027  -0.401  -23.250 0.4285714328
62116  -33.384  -1.027  -24.335 0.2857142985
135066  -33.755  0.195  -24.903 0.4285714328
61107  -33.531  -1.713  -23.912 0.4285714328
63135  -34.699  0.096  -23.988 0.4285714328
63154  -33.014  0.506  -25.140 0.5714285970
65215  -33.236  2.526  -26.077 0.2857142985
129771  -33.835  2.157  -25.965 0.7142857313
66192  -35.467  3.708  -25.692 0.4285714328
66197  -33.955  3.634  -26.467 0.5714285970
69010  -36.606  6.399  -24.559 0.4285714328
67137  -33.751  4.513  -26.614 0.7142857313
68101  -34.395  5.107  -26.657 0.7142857313
137935  -36.207  6.089  -25.657 0.5714285970
70031  -35.773  7.261  -26.968 0.7142857313
69045  -33.484  6.229  -26.814 0.5714285970
69046  -34.384  6.412  -26.966 0.5714285970
124237  -37.518  11.198  -26.211 0.5714285970
72036  -37.252  9.834  -25.747 0.5714285970
72047  -35.816  9.043  -27.084 0.7142857313
71097  -34.149  8.482  -27.523 0.8571428657
122158  -33.728  13.871  -28.246 1.0000000000
79756  -33.605  17.405  -28.675 1.0000000000
77987  -32.226  14.976  -28.243 1.0000000000
80620  -29.994  18.735  -27.569 0.7142857313
80638  -31.939  19.091  -28.181 1.0000000000
135103  -31.001  19.324  -27.753 1.0000000000
82475  -30.512  20.624  -27.840 0.8571428657
84484  -28.934  22.879  -27.874 0.8571428657
83508  -30.446  22.064  -28.339 1.0000000000
88088  -26.755  26.591  -27.710 0.7142857313
86366  -27.550  24.628  -27.991 0.5714285970
88090  -27.965  26.058  -28.252 0.7142857313
130177  -25.977  24.936  -27.464 0.4285714328
132756  -26.269  27.120  -27.473 0.2857142985
88967  -28.058  26.839  -28.795 0.4285714328
89849  -27.092  28.091  -28.505 0.4285714328
88962  -25.559  27.277  -27.082 0.2857142985
89841  -26.694  27.914  -27.763 0.4285714328
135344  -33.367  3.178  -26.311 0.4285714328
66196  -32.960  3.922  -26.434 0.4285714328
88084  -26.079  26.213  -27.432 0.4285714328
87227  -27.154  26.141  -27.886 0.7142857313
58059  -33.274  -4.344  -22.694 0.4285714328
59039  -32.780  -3.836  -23.157 0.2857142985
59025  -34.766  -3.593  -21.771 0.4285714328
138405  -34.465  -0.555  -23.828 0.4285714328
62135  -33.209  -0.324  -24.744 0.4285714328
64198  -33.204  1.816  -25.757 0.2857142985
66190  -34.001  2.810  -26.211 0.5714285970
68077  -36.257  5.568  -24.914 0.4285714328
70012  -36.565  7.036  -25.407 0.5714285970
68100  -33.575  5.369  -26.716 0.7142857313
70043  -33.956  7.702  -27.363 0.7142857313
72060  -34.282  9.437  -27.625 0.8571428657
76944  -34.717  14.460  -28.437 0.8571428657
79744  -29.971  17.963  -27.642 0.8571428657
86369  -29.718  24.192  -28.864 0.8571428657
125509  -29.067  24.229  -28.394 0.8571428657
87228  -28.651  25.476  -28.600 0.7142857313
145455  -28.006  25.299  -28.185 0.5714285970
87221  -25.506  25.346  -27.152 0.4285714328
88089  -27.459  26.758  -28.123 0.4285714328
88074  -24.436  26.122  -26.272 0.2857142985
89828  -25.133  27.593  -26.658 0.2857142985
90654  -24.906  28.385  -26.367 0.1428571492
61106  -32.790  -1.613  -24.150 0.2857142985
90693  -25.928  29.769  -30.437 0.2857142985
91504  -25.781  30.087  -30.098 0.1428571492
90680  -26.856  29.317  -29.883 0.2857142985
90694  -26.707  29.170  -30.961 0.2857142985
90679  -26.135  29.763  -29.315 0.1428571492
89848  -26.459  28.637  -28.086 0.1428571492
89851  -26.715  29.037  -28.929 0.2857142985
90675  -26.132  29.412  -28.426 0.1428571492
89861  -27.434  28.391  -31.405 0.2857142985
88134  -28.050  25.296  -34.261 0.2857142985
133973  -27.699  26.901  -32.700 0.2857142985
91503  -25.916  30.255  -29.158 0.1428571492
89852  -27.352  28.515  -29.478 0.2857142985
88109  -28.619  25.976  -31.110 0.2857142985
142245  -27.821  27.935  -30.809 0.2857142985
87274  -29.223  23.856  -33.082 0.1428571492
127250  -28.008  26.319  -32.109 0.2857142985
88992  -27.821  27.446  -31.676 0.2857142985
88973  -28.336  27.161  -30.794 0.2857142985
131569  -27.437  28.628  -30.382 0.2857142985
87275  -30.621  25.108  -33.027 0.1428571492
86410  -30.127  23.638  -33.588 0.1428571492
87265  -28.705  24.851  -32.267 0.4285714328
129970  -28.603  26.601  -30.158 0.2857142985
85460  -30.930  22.669  -31.268 0.2857142985
86394  -29.793  24.290  -30.543 0.4285714328
88095  -28.969  25.913  -29.866 0.2857142985
144556  -32.023  22.327  -32.058 0.1428571492
85467  -30.618  22.762  -32.239 0.2857142985
87257  -29.181  25.080  -30.867 0.4285714328
86395  -30.398  23.336  -30.892 0.5714285970
87241  -29.426  25.156  -29.868 0.7142857313
84502  -32.458  21.970  -31.514 0.1428571492
84501  -31.819  21.849  -31.293 0.1428571492
84503  -33.078  21.664  -30.924 0.2857142985
83520  -32.592  20.949  -30.633 0.7142857313
86386  -30.179  23.931  -29.692 0.7142857313
83509  -30.966  21.373  -28.371 0.8571428657
84495  -31.663  21.743  -30.178 0.8571428657
85453  -30.755  23.101  -30.097 0.5714285970
83529  -33.863  20.793  -30.536 0.2857142985
83528  -33.346  21.045  -30.791 0.2857142985
126026  -30.930  22.555  -29.313 0.7142857313
83522  -34.161  21.128  -29.920 0.1428571492
82504  -34.310  20.417  -30.187 0.1428571492
131229  -30.476  13.838  -28.579 0.5714285970
78887  -31.097  15.760  -28.139 0.8571428657
77985  -30.484  15.046  -28.562 0.4285714328
78871  -30.819  16.601  -27.816 0.5714285970
132385  -32.689  18.894  -28.734 0.8571428657
82489  -31.634  20.674  -28.560 0.8571428657
141841  -34.203  19.793  -30.338 0.2857142985
143830  -32.631  19.848  -29.829 0.8571428657
82502  -32.208  20.729  -29.782 0.8571428657
84486  -31.240  21.889  -28.998 0.8571428657
82491  -35.028  20.148  -28.835 0.4285714328
81559  -33.410  20.088  -30.606 0.7142857313
82503  -32.717  20.217  -30.303 0.7142857313
74871  -29.805  13.208  -28.308 0.2857142985
131385  -30.767  14.317  -28.609 0.5714285970
127099  -32.084  15.736  -28.002 0.8571428657
80622  -32.210  18.311  -28.072 0.8571428657
81542  -32.582  19.550  -29.143 0.8571428657
81541  -31.841  19.868  -28.364 0.8571428657
80651  -34.628  18.934  -30.100 0.4285714328
81551  -33.791  19.441  -30.349 0.8571428657
81550  -33.009  19.651  -30.137 0.8571428657
81552  -35.270  18.946  -29.781 0.4285714328
72058  -31.809  9.845  -27.536 0.7142857313
127095  -31.421  10.771  -27.710 0.4285714328
73016  -33.088  10.366  -27.768 0.7142857313
73953  -33.194  11.449  -28.112 0.8571428657
73951  -31.578  11.999  -28.116 0.5714285970
74872  -30.578  12.912  -28.271 0.5714285970
74853  -30.166  12.408  -28.038 0.4285714328
74875  -32.813  12.183  -28.271 0.8571428657
134679  -31.572  12.931  -28.353 0.5714285970
137218  -30.339  13.459  -28.448 0.5714285970
76942  -32.541  14.300  -28.317 0.7142857313
135271  -31.032  13.786  -28.569 0.5714285970
124204  -35.513  17.121  -29.417 0.7142857313
79757  -34.736  17.334  -29.535 0.7142857313
79767  -34.152  17.803  -29.565 0.7142857313
80639  -33.324  18.292  -28.856 0.8571428657
79748  -36.087  18.035  -28.500 0.2857142985
80640  -35.696  18.517  -29.309 0.4285714328
79769  -35.282  18.269  -29.935 0.5714285970
70042  -33.143  7.587  -27.186 0.4285714328
71095  -32.136  8.965  -27.442 0.4285714328
73954  -34.166  11.041  -27.995 0.7142857313
74876  -33.867  11.946  -28.240 0.7142857313
129615  -32.778  13.573  -28.319 0.8571428657
78891  -35.907  16.376  -29.124 0.7142857313
141694  -36.275  17.408  -28.765 0.2857142985
79759  -36.188  16.978  -29.049 0.5714285970
70028  -32.306  7.445  -27.012 0.5714285970
144060  -32.860  8.841  -27.505 0.5714285970
72059  -32.743  9.638  -27.616 0.5714285970
77972  -37.098  15.263  -27.986 0.4285714328
78873  -37.024  16.106  -28.052 0.4285714328
144900  -36.423  17.415  -28.142 0.4285714328
79749  -36.573  16.849  -28.416 0.4285714328
122069  -32.882  4.866  -26.620 0.5714285970
71066  -37.179  9.019  -25.368 0.4285714328
72999  -37.552  10.658  -25.637 0.4285714328
125191  -37.433  13.839  -26.689 0.4285714328
74857  -37.162  12.314  -27.008 0.4285714328
76918  -37.443  14.493  -26.313 0.4285714328
76931  -37.235  14.631  -27.205 0.4285714328
63136  -35.269  0.476  -23.481 0.1428571492
124703  -37.773  11.944  -26.042 0.4285714328
74833  -37.761  12.647  -25.802 0.4285714328
75837  -37.737  13.241  -25.619 0.4285714328
64171  -35.495  1.483  -23.707 0.1428571492
65178  -35.664  2.256  -23.844 0.1428571492
67118  -36.189  4.855  -24.389 0.2857142985
71038  -37.561  8.583  -23.538 0.2857142985
72976  -38.045  10.728  -23.399 0.2857142985
72009  -37.643  9.405  -23.860 0.2857142985
69994  -36.855  7.287  -24.585 0.4285714328
73893  -38.023  11.153  -24.165 0.2857142985
72975  -37.770  10.266  -24.223 0.2857142985
71051  -37.375  8.727  -24.475 0.2857142985
73910  -38.036  11.634  -24.800 0.2857142985
126064  -35.750  1.027  -23.084 0.1428571492
64153  -35.949  1.848  -23.117 0.1428571492
64170  -35.002  0.963  -24.149 0.1428571492
66165  -35.796  3.114  -23.970 0.2857142985
66166  -36.300  3.594  -23.318 0.2857142985
68986  -37.175  5.854  -22.868 0.2857142985
140256  -37.431  7.178  -22.939 0.2857142985
69987  -37.067  7.051  -23.693 0.2857142985
68999  -36.884  6.135  -23.552 0.2857142985
124791  -37.471  7.783  -23.251 0.2857142985
67083  -37.341  4.507  -22.254 0.2857142985
66144  -36.732  3.137  -22.559 0.2857142985
125925  -36.894  4.746  -22.802 0.2857142985
68035  -36.780  5.322  -23.269 0.2857142985
62095  -35.669  -0.683  -22.475 0.1428571492
63118  -35.694  0.192  -22.777 0.1428571492
58045  -33.789  -4.770  -22.163 0.2857142985
57062  -34.280  -5.272  -21.658 0.2857142985
57061  -33.578  -5.610  -22.021 0.2857142985
61068  -35.643  -1.529  -22.048 0.2857142985
57063  -34.982  -4.937  -21.258 0.1428571492
57078  -33.000  -5.825  -22.293 0.2857142985
56121  -33.242  -6.470  -21.909 0.1428571492
65179  -36.119  2.700  -23.171 0.1428571492
68036  -37.276  5.251  -22.518 0.2857142985
130934  -37.580  10.129  -25.088 0.4285714328
72993  -37.847  10.878  -24.924 0.2857142985
74822  -38.105  12.359  -24.585 0.2857142985
73936  -31.928  11.299  -27.938 0.7142857313
74821  -37.959  12.876  -25.144 0.4285714328
75873  -31.741  13.529  -28.433 0.5714285970
75862  -37.244  13.078  -26.958 0.4285714328
77991  -36.824  15.739  -28.459 0.4285714328
121488  -36.632  16.904  -27.435 0.2857142985
80624  -36.229  17.817  -27.304 0.2857142985
79758  -35.866  17.729  -29.432 0.5714285970
83490  -28.812  21.231  -27.628 0.7142857313
79768  -34.749  18.047  -30.103 0.7142857313
85443  -28.124  24.034  -28.089 0.4285714328
85444  -28.715  23.578  -28.081 0.5714285970
85446  -30.264  23.441  -29.044 0.7142857313
81544  -35.419  19.369  -28.911 0.2857142985
83510  -31.718  21.315  -29.290 0.8571428657
82511  -33.083  20.686  -30.805 0.5714285970
88970  -28.242  27.167  -29.682 0.2857142985
84500  -31.414  22.334  -31.938 0.4285714328
90674  -25.739  29.725  -28.012 0.1428571492
87273  -28.636  24.606  -33.626 0.2857142985
86409  -29.769  23.417  -33.362 0.1428571492
58046  -34.485  -4.417  -21.739 0.1428571492
60090  -35.174  -2.861  -21.714 0.1428571492
61087  -34.887  -1.370  -22.796 0.2857142985
64136  -36.711  1.325  -22.071 0.1428571492
65142  -37.133  1.873  -21.808 0.1428571492
67117  -35.827  4.232  -25.068 0.2857142985
67102  -36.474  4.522  -23.474 0.2857142985
139240  -37.662  7.610  -22.482 0.2857142985
71024  -37.739  8.365  -22.654 0.2857142985
71094  -31.289  9.133  -27.276 0.2857142985
73911  -38.148  11.840  -24.135 0.2857142985
75822  -38.054  13.141  -24.350 0.2857142985
73015  -32.288  10.513  -27.751 0.7142857313
73938  -33.401  10.841  -27.920 0.5714285970
120983  -30.526  11.582  -27.811 0.4285714328
129380  -31.237  11.550  -27.925 0.5714285970
75871  -29.248  13.764  -28.429 0.2857142985
75821  -37.839  13.698  -25.063 0.2857142985
74840  -37.513  12.487  -26.454 0.4285714328
74874  -31.925  12.391  -28.255 0.7142857313
76940  -29.825  13.942  -28.587 0.2857142985
77941  -37.382  15.166  -25.877 0.1428571492
78841  -37.061  15.728  -26.455 0.4285714328
77957  -37.093  15.466  -27.308 0.4285714328
78840  -36.752  16.635  -26.248 0.1428571492
79729  -36.463  17.367  -26.571 0.1428571492
139350  -35.747  18.756  -28.444 0.2857142985
144854  -33.836  19.916  -30.551 0.7142857313
123342  -34.614  20.747  -29.196 0.2857142985
83512  -34.219  21.513  -28.979 0.1428571492
89840  -26.187  28.114  -27.432 0.2857142985
81560  -33.890  20.280  -30.564 0.4285714328
83521  -33.651  21.405  -30.407 0.1428571492
83527  -32.746  21.390  -31.092 0.1428571492
84494  -31.336  22.333  -30.759 0.5714285970
84508  -31.617  22.608  -32.344 0.1428571492
87266  -29.462  24.083  -31.884 0.2857142985
86411  -30.840  23.287  -33.293 0.1428571492
87276  -31.060  23.965  -33.231 0.1428571492
145484  -30.593  23.681  -33.500 0.1428571492
88123  -28.115  25.345  -33.060 0.2857142985
87282  -28.731  24.974  -34.286 0.1428571492
87283  -29.473  24.517  -33.956 0.1428571492
59014  -35.867  -3.811  -20.914 0.1428571492
62096  -36.288  -0.067  -22.113 0.1428571492
71989  -37.866  9.313  -22.820 0.2857142985
80623  -35.831  18.575  -27.532 0.2857142985
88149  -29.808  25.149  -33.913 0.1428571492
88147  -28.150  25.675  -34.989 0.2857142985
132661  -32.458  -4.752  -22.808 0.2857142985
58047  -35.200  -4.146  -21.324 0.1428571492
59026  -35.392  -3.454  -21.375 0.1428571492
128567  -35.610  -2.242  -21.680 0.1428571492
144109  -35.379  0.991  -23.602 0.1428571492
65199  -35.434  2.603  -24.628 0.2857142985
71050  -36.983  7.973  -25.162 0.4285714328
122184  -33.496  9.771  -27.668 0.5714285970
129147  -33.356  8.310  -27.425 0.4285714328
73017  -33.860  10.290  -27.777 0.7142857313
124768  -33.516  12.901  -28.292 0.7142857313
77986  -31.314  14.957  -28.397 0.8571428657
143734  -33.142  14.101  -28.259 0.8571428657
88094  -28.545  26.561  -29.417 0.2857142985
88969  -27.625  27.613  -29.175 0.2857142985
68056  -36.497  5.573  -24.065 0.2857142985
73921  -37.820  11.421  -25.508 0.4285714328
76941  -31.525  14.252  -28.476 0.5714285970
89013  -27.685  26.023  -33.515 0.2857142985
90678  -25.865  29.906  -28.650 0.1428571492
143492  -28.298  25.594  -32.113 0.2857142985
88972  -27.911  27.909  -30.031 0.2857142985
86408  -29.324  24.076  -33.742 0.1428571492
139076  -30.305  24.199  -33.641 0.1428571492
84507  -31.098  22.656  -32.671 0.1428571492
127422  -30.029  23.437  -31.718 0.4285714328
85469  -31.690  22.733  -32.442 0.1428571492
83526  -32.123  21.977  -31.721 0.1428571492
86402  -29.879  23.217  -32.743 0.2857142985
85474  -30.501  22.971  -33.117 0.2857142985
133370  -32.279  21.491  -30.973 0.4285714328
140474  -32.097  21.195  -30.254 0.7142857313
82512  -33.538  20.589  -30.671 0.5714285970
82490  -32.313  20.165  -29.307 0.8571428657
78886  -30.213  15.904  -28.354 0.4285714328
130700  -30.094  14.433  -28.652 0.4285714328
80649  -33.270  19.075  -29.625 0.8571428657
81543  -34.835  19.741  -29.735 0.5714285970
80650  -34.062  18.585  -29.946 0.7142857313
73937  -32.702  11.044  -27.961 0.7142857313
73952  -32.331  11.736  -28.116 0.7142857313
73950  -30.895  12.217  -28.107 0.5714285970
75872  -30.958  13.292  -28.434 0.5714285970
73935  -29.662  11.759  -27.652 0.2857142985
75874  -32.321  12.881  -28.346 0.7142857313
132454  -35.288  17.693  -29.904 0.5714285970
71096  -32.565  8.221  -27.282 0.5714285970
72028  -37.506  9.524  -24.717 0.2857142985
75847  -37.556  13.186  -26.228 0.4285714328
133070  -37.610  13.816  -25.898 0.4285714328
77958  -37.275  15.091  -26.654 0.4285714328
122807  -37.962  12.152  -25.337 0.4285714328
67101  -36.036  3.959  -24.183 0.2857142985
143570  -36.467  5.075  -23.785 0.2857142985
69995  -37.249  7.898  -24.132 0.2857142985
63119  -36.248  0.741  -22.393 0.1428571492
64154  -36.247  1.418  -22.611 0.1428571492
68987  -37.306  6.524  -22.913 0.2857142985
65160  -36.586  2.141  -22.444 0.1428571492
67082  -36.819  4.039  -22.696 0.2857142985
137369  -34.771  -5.736  -21.115 0.1428571492
56122  -34.048  -6.118  -21.529 0.1428571492
78856  -36.851  16.142  -27.112 0.2857142985
58029  -35.660  -4.640  -20.827 0.1428571492
60091  -35.940  -2.864  -21.172 0.1428571492
89847  -25.931  28.986  -27.733 0.1428571492
84464  -28.087  22.036  -27.525 0.5714285970
82473  -28.344  20.498  -27.614 0.4285714328
83507  -27.548  20.201  -27.852 0.4285714328
81526  -28.337  19.652  -27.671 0.4285714328
80637  -29.151  18.089  -27.787 0.4285714328
80619  -28.958  18.949  -27.667 0.4285714328
81539  -28.083  18.847  -28.059 0.4285714328
142657  -29.136  19.658  -27.550 0.5714285970
82474  -29.294  20.390  -27.575 0.5714285970
145200  -30.015  16.659  -28.029 0.5714285970
73877  -38.288  11.122  -22.552 0.1428571492
73894  -38.195  11.562  -23.420 0.1428571492
74802  -38.200  12.486  -23.597 0.1428571492
63165  -32.459  1.340  -25.422 0.2857142985
72958  -37.868  9.998  -23.381 0.1428571492
73830  -38.760  11.125  -20.734 0.1428571492
72939  -38.446  10.596  -21.621 0.1428571492
73855  -38.831  12.077  -20.693 0.1428571492
73854  -38.501  11.580  -21.620 0.1428571492
74733  -39.417  12.624  -19.968 0.1428571492
63153  -31.973  0.635  -25.081 0.2857142985
71004  -37.871  8.051  -21.863 0.1428571492
144955  -38.289  9.154  -21.220 0.1428571492
144019  -38.478  10.084  -21.279 0.1428571492
73809  -39.932  11.341  -19.427 0.1428571492
72912  -38.651  10.340  -20.772 0.1428571492
145754  -42.134  13.344  -20.388 0.1428571492
73810  -40.610  11.926  -19.544 0.1428571492
74734  -41.750  12.955  -20.123 0.1428571492
62133  -31.382  0.133  -24.658 0.2857142985
68037  -37.628  6.012  -22.119 0.1428571492
68967  -38.143  6.762  -21.458 0.1428571492
68966  -37.632  6.910  -22.284 0.1428571492
144336  -37.862  7.389  -21.859 0.1428571492
71944  -38.621  9.027  -20.401 0.1428571492
71005  -38.240  8.440  -21.155 0.1428571492
71945  -39.340  9.445  -19.710 0.1428571492
73793  -40.065  10.720  -19.402 0.1428571492
73811  -41.552  11.379  -19.869 0.1428571492
73833  -42.324  12.126  -20.291 0.1428571492
124528  -41.432  12.231  -19.859 0.1428571492
62134  -32.296  -0.133  -24.796 0.2857142985
62114  -31.621  -0.693  -24.375 0.2857142985
139968  -37.729  4.321  -21.662 0.1428571492
67068  -38.340  4.553  -20.998 0.1428571492
68016  -38.320  5.717  -21.138 0.1428571492
68946  -38.659  6.520  -20.649 0.1428571492
69932  -39.559  7.768  -19.658 0.1428571492
145794  -38.549  7.195  -20.785 0.1428571492
70976  -40.097  8.705  -19.458 0.1428571492
72894  -41.325  10.521  -19.703 0.1428571492
71921  -40.287  9.580  -19.451 0.1428571492
74736  -43.488  13.015  -20.853 0.1428571492
120890  -43.126  12.440  -20.608 0.1428571492
66145  -37.396  3.649  -21.977 0.1428571492
67067  -37.935  3.829  -21.371 0.1428571492
130364  -38.829  5.212  -20.458 0.1428571492
144593  -38.859  4.657  -20.438 0.1428571492
68925  -40.773  6.382  -19.441 0.1428571492
69908  -40.407  7.156  -19.458 0.1428571492
68947  -39.213  6.424  -20.021 0.1428571492
69933  -40.501  7.966  -19.381 0.1428571492
72895  -41.991  10.673  -20.115 0.1428571492
71922  -41.160  9.781  -19.598 0.1428571492
73834  -43.241  11.738  -20.575 0.1428571492
72914  -42.544  11.177  -20.332 0.1428571492
65123  -38.344  2.773  -20.822 0.1428571492
65143  -37.273  2.651  -21.894 0.1428571492
67022  -39.780  4.281  -19.589 0.1428571492
145194  -39.554  3.615  -19.739 0.1428571492
66127  -38.404  3.558  -20.847 0.1428571492
67990  -39.463  5.644  -19.854 0.1428571492
67044  -39.319  4.812  -20.007 0.1428571492
69909  -41.428  6.949  -19.555 0.1428571492
69934  -41.336  7.727  -19.474 0.1428571492
124926  -42.004  8.358  -19.896 0.1428571492
71923  -41.892  10.003  -20.054 0.1428571492
128649  -41.143  8.511  -19.486 0.1428571492
66080  -40.288  3.704  -19.295 0.1428571492
66079  -39.857  2.996  -19.458 0.1428571492
66101  -39.034  3.056  -20.230 0.1428571492
134229  -41.455  4.847  -19.380 0.1428571492
67023  -40.729  4.459  -19.256 0.1428571492
68926  -41.597  6.237  -19.603 0.1428571492
135277  -41.061  5.816  -19.407 0.1428571492
70977  -41.762  9.189  -19.877 0.1428571492
69935  -42.250  7.515  -20.064 0.1428571492
67973  -40.050  5.031  -19.474 0.1428571492
68924  -39.900  6.385  -19.556 0.1428571492
125478  -38.984  7.133  -20.144 0.1428571492
74737  -43.837  12.311  -20.863 0.1428571492
74763  -44.239  12.979  -21.222 0.1428571492
72893  -39.545  10.764  -19.638 0.1428571492
72878  -40.653  11.029  -19.492 0.1428571492
72959  -38.143  10.242  -22.603 0.1428571492
127512  -38.331  12.043  -22.573 0.1428571492
62115  -32.566  -0.892  -24.484 0.2857142985
130330  -42.474  9.600  -20.502 0.1428571492
71947  -42.680  10.316  -20.507 0.1428571492
75769  -44.568  13.700  -21.707 0.1428571492
143235  -29.408  17.237  -28.018 0.4285714328
75747  -43.093  13.668  -20.864 0.1428571492
74735  -42.637  13.037  -20.513 0.1428571492
74713  -40.148  12.682  -19.552 0.1428571492
74784  -38.303  12.979  -22.555 0.1428571492
85428  -27.782  23.130  -27.683 0.4285714328
88159  -28.225  26.185  -35.412 0.1428571492
88146  -27.850  26.356  -35.367 0.1428571492
68015  -37.758  5.060  -21.774 0.1428571492
76907  -37.601  14.464  -25.459 0.1428571492
73831  -39.290  11.523  -19.914 0.1428571492
72913  -39.058  10.634  -20.132 0.1428571492
71990  -38.264  9.705  -21.779 0.1428571492
74762  -38.524  12.534  -21.619 0.1428571492
74732  -38.843  13.054  -20.740 0.1428571492
73832  -39.797  12.030  -19.521 0.1428571492
69956  -38.219  7.624  -21.252 0.1428571492
71974  -37.984  8.850  -21.906 0.1428571492
71975  -38.505  9.702  -20.915 0.1428571492
126220  -38.851  9.890  -20.216 0.1428571492
74714  -40.914  12.775  -19.688 0.1428571492
69931  -38.676  7.952  -20.381 0.1428571492
70975  -39.158  8.572  -19.805 0.1428571492
70937  -39.792  10.160  -19.504 0.1428571492
128780  -38.870  5.902  -20.410 0.1428571492
71946  -40.914  9.147  -19.501 0.1428571492
66126  -37.858  3.079  -21.355 0.1428571492
67043  -39.024  4.071  -20.275 0.1428571492
133186  -39.566  6.971  -19.705 0.1428571492
127443  -40.325  5.749  -19.452 0.1428571492
69910  -42.129  6.721  -19.881 0.1428571492
123738  -42.508  8.256  -20.686 0.1428571492
67974  -40.884  5.231  -19.304 0.1428571492
56130  -31.542  -6.200  -22.291 0.1428571492
132526  -31.964  -5.532  -22.606 0.1428571492
57077  -32.587  -5.512  -22.505 0.1428571492
58058  -31.556  -4.790  -22.803 0.1428571492
59038  -31.935  -3.993  -23.143 0.1428571492
59054  -32.291  -3.057  -23.513 0.1428571492
59053  -31.328  -3.314  -23.280 0.1428571492
60125  -31.434  -2.534  -23.603 0.1428571492
126041  -32.156  -2.133  -23.891 0.1428571492
60124  -30.670  -2.756  -23.327 0.1428571492
127605  -30.778  -2.175  -23.608 0.1428571492
61105  -31.304  -1.728  -23.892 0.1428571492
144098  -31.454  -1.201  -24.107 0.1428571492
62112  -29.910  -0.852  -23.749 0.1428571492
63134  -29.966  -0.030  -23.961 0.1428571492
63151  -30.531  0.458  -24.437 0.1428571492
63152  -31.119  0.907  -24.853 0.2857142985
140349  -31.631  1.261  -25.208 0.1428571492
64183  -30.920  1.712  -25.147 0.2857142985
66189  -32.593  3.096  -26.146 0.2857142985
68098  -31.748  5.754  -26.594 0.4285714328
132349  -32.943  6.864  -26.933 0.4285714328
126546  -28.647  16.859  -28.573 0.2857142985
81537  -26.430  19.357  -28.398 0.2857142985
82488  -26.635  20.143  -28.136 0.2857142985
139170  -27.785  21.025  -27.674 0.2857142985
83489  -26.933  21.463  -27.641 0.4285714328
129526  -30.274  1.243  -24.660 0.1428571492
65214  -32.318  2.270  -25.761 0.1428571492
126438  -31.044  -4.072  -22.928 0.1428571492
63150  -29.674  0.799  -24.229 0.1428571492
65212  -30.561  2.433  -25.291 0.2857142985
65213  -31.331  2.368  -25.530 0.2857142985
136081  -30.836  3.045  -25.572 0.2857142985
66188  -31.704  3.033  -25.862 0.2857142985
67136  -32.145  4.487  -26.442 0.4285714328
133242  -32.169  5.166  -26.594 0.4285714328
68097  -30.901  5.670  -26.381 0.2857142985
77984  -29.600  15.262  -28.699 0.2857142985
78884  -28.676  15.952  -28.831 0.2857142985
78885  -29.390  16.282  -28.510 0.2857142985
133452  -28.093  16.701  -28.774 0.2857142985
133884  -28.660  17.579  -28.293 0.2857142985
80636  -28.367  18.212  -28.227 0.2857142985
80634  -26.898  18.554  -28.587 0.2857142985
80633  -26.116  18.732  -28.397 0.2857142985
129714  -28.934  15.056  -28.816 0.2857142985
137149  -27.413  17.058  -28.697 0.2857142985
134648  -27.301  17.860  -28.676 0.2857142985
79755  -27.987  17.521  -28.650 0.2857142985
77982  -27.210  16.330  -28.579 0.2857142985
78882  -26.775  16.990  -28.510 0.2857142985
139238  -32.001  -1.395  -24.182 0.1428571492
67130  -32.002  3.740  -26.206 0.4285714328
81538  -27.347  19.280  -28.252 0.2857142985
80635  -27.635  18.359  -28.497 0.2857142985
64197  -31.721  1.777  -25.438 0.1428571492
62113  -30.781  -0.288  -24.260 0.1428571492
128057  -30.848  -0.982  -23.992 0.1428571492
61104  -30.409  -1.593  -23.685 0.1428571492
61103  -29.516  -1.579  -23.429 0.1428571492
65198  -29.895  2.076  -24.885 0.2857142985
143324  -31.490  4.266  -26.207 0.4285714328
125394  -30.699  7.839  -26.746 0.2857142985
70027  -31.425  7.245  -26.779 0.2857142985
90736  -26.438  30.482  -35.101 0.1428571492
145557  -27.284  29.919  -35.147 0.1428571492
89889  -27.373  28.273  -34.342 0.1428571492
89027  -27.523  27.133  -34.730 0.1428571492
88133  -27.596  26.038  -34.685 0.1428571492
91554  -26.485  31.208  -35.891 0.1428571492
89873  -27.332  28.032  -33.626 0.1428571492
90703  -26.958  28.972  -32.368 0.1428571492
91529  -25.777  30.591  -32.386 0.1428571492
71080  -31.606  8.203  -27.071 0.2857142985
71079  -30.792  8.576  -26.986 0.2857142985
90737  -27.696  29.220  -35.390 0.1428571492
89906  -27.739  28.052  -34.949 0.1428571492
89038  -27.825  27.117  -35.341 0.1428571492
89012  -27.525  26.926  -33.721 0.1428571492
90722  -26.218  30.123  -34.158 0.1428571492
91538  -25.381  30.854  -33.864 0.1428571492
90710  -26.266  29.962  -32.987 0.1428571492
90702  -26.128  29.838  -31.588 0.1428571492
136262  -27.481  27.800  -32.561 0.1428571492
69044  -32.161  6.549  -26.786 0.2857142985
90723  -27.186  29.318  -34.620 0.1428571492
90711  -26.823  29.073  -33.710 0.1428571492
91546  -25.580  31.445  -35.409 0.1428571492
77983  -27.700  15.625  -28.612 0.1428571492
131131  -28.304  15.523  -28.768 0.1428571492
78883  -27.900  16.199  -28.808 0.1428571492
79754  -26.643  17.819  -28.532 0.1428571492
144899  -24.673  17.939  -27.455 0.1428571492
138163  -24.978  18.427  -27.810 0.1428571492
79743  -25.777  18.182  -28.167 0.1428571492
80617  -24.490  19.240  -27.638 0.1428571492
81525  -24.925  19.909  -27.916 0.1428571492
145286  -24.667  20.675  -27.767 0.2857142985
144362  -30.976  11.204  -27.777 0.2857142985
73013  -29.902  10.922  -27.477 0.1428571492
75859  -28.889  13.211  -28.149 0.1428571492
76939  -28.229  14.872  -28.561 0.1428571492
77970  -27.028  15.688  -28.263 0.1428571492
82487  -25.913  20.564  -28.083 0.1428571492
82486  -25.304  20.479  -27.992 0.1428571492
82472  -25.435  21.185  -27.896 0.2857142985
83488  -25.806  21.839  -27.702 0.2857142985
86351  -24.817  23.920  -26.926 0.2857142985
124758  -24.411  23.387  -27.055 0.2857142985
87220  -24.808  24.575  -26.755 0.2857142985
88072  -24.252  26.720  -25.796 0.1428571492
84463  -26.823  22.370  -27.435 0.2857142985
85427  -27.057  23.810  -27.729 0.2857142985
85426  -25.887  23.491  -27.357 0.2857142985
85425  -24.754  23.031  -27.361 0.2857142985
86353  -26.467  24.406  -27.615 0.2857142985
126727  -24.979  23.394  -27.245 0.2857142985
135140  -24.860  25.320  -26.692 0.1428571492
86344  -24.105  24.032  -26.647 0.2857142985
89829  -25.391  27.920  -26.779 0.1428571492
90655  -25.184  28.451  -26.597 0.1428571492
85424  -24.374  23.083  -27.202 0.1428571492
86350  -24.387  23.969  -26.750 0.2857142985
87216  -24.370  24.678  -26.531 0.2857142985
132662  -24.047  25.553  -25.973 0.1428571492
81523  -23.762  19.626  -27.227 0.2857142985
86343  -23.777  24.439  -26.260 0.1428571492
88057  -24.294  27.043  -25.420 0.1428571492
87203  -23.798  25.173  -25.902 0.1428571492
81494  -22.887  18.561  -24.973 0.1428571492
82476  -34.779  20.701  -28.199 0.1428571492
137829  -35.925  18.461  -26.637 0.1428571492
75857  -27.502  13.791  -27.745 0.1428571492
82477  -35.054  20.090  -27.737 0.1428571492
76929  -27.569  14.506  -28.095 0.1428571492
77956  -25.627  15.476  -27.220 0.1428571492
143863  -25.866  16.123  -27.548 0.1428571492
124135  -26.465  16.424  -28.087 0.1428571492
78868  -24.876  17.242  -27.203 0.1428571492
134202  -23.900  18.803  -27.203 0.1428571492
81536  -25.660  19.568  -28.219 0.1428571492
81524  -24.319  20.276  -27.603 0.2857142985
83487  -24.883  21.832  -27.680 0.1428571492
121590  -25.224  22.394  -27.584 0.2857142985
143984  -25.198  22.901  -27.417 0.1428571492
86334  -23.612  24.925  -25.822 0.1428571492
87215  -24.020  24.872  -26.242 0.1428571492
88058  -24.147  26.444  -25.448 0.1428571492
88073  -24.252  26.174  -26.232 0.1428571492
81528  -35.516  19.300  -27.689 0.1428571492
88951  -24.483  26.919  -26.197 0.1428571492
133943  -25.275  24.540  -27.040 0.2857142985
121564  -29.329  12.539  -27.896 0.1428571492
135688  -29.527  14.572  -28.689 0.1428571492
80605  -36.226  18.016  -26.177 0.1428571492
143101  -27.022  20.750  -27.904 0.1428571492
83506  -26.267  20.982  -27.941 0.1428571492
77971  -27.492  15.139  -28.336 0.1428571492
78869  -25.669  16.853  -27.616 0.1428571492
77969  -26.379  15.604  -27.721 0.1428571492
128420  -26.936  15.017  -27.895 0.1428571492
133394  -25.373  17.678  -27.739 0.1428571492
79742  -24.359  18.467  -27.416 0.1428571492
80618  -25.298  19.008  -28.115 0.1428571492
126501  -29.073  14.360  -28.605 0.1428571492
139166  -25.980  20.007  -28.217 0.1428571492
75870  -28.391  13.968  -28.234 0.1428571492
82471  -24.756  21.245  -27.734 0.2857142985
84462  -25.821  22.678  -27.432 0.2857142985
86352  -25.505  24.101  -27.239 0.2857142985
85414  -24.178  23.613  -26.858 0.1428571492
88939  -24.336  27.281  -25.753 0.1428571492
121666  -26.650  23.109  -27.442 0.2857142985
135057  -24.348  25.376  -26.352 0.1428571492
90664  -25.442  28.847  -26.962 0.1428571492
88059  -24.099  26.026  -25.741 0.1428571492
65196  -28.434  2.735  -24.420 0.1428571492
65211  -29.893  3.021  -25.227 0.1428571492
66187  -30.382  3.731  -25.605 0.1428571492
66177  -27.781  3.438  -24.401 0.1428571492
67116  -28.247  4.176  -24.857 0.1428571492
68075  -27.810  4.780  -24.907 0.1428571492
66186  -29.601  3.879  -25.335 0.1428571492
68090  -27.800  5.531  -25.159 0.1428571492
67127  -29.459  4.587  -25.495 0.1428571492
67129  -31.184  3.704  -25.917 0.1428571492
125254  -28.711  5.785  -25.618 0.1428571492
68092  -30.139  5.535  -26.125 0.1428571492
67135  -31.405  4.984  -26.361 0.1428571492
69042  -30.314  6.213  -26.380 0.1428571492
69030  -28.955  6.594  -25.835 0.1428571492
70025  -29.866  7.518  -26.465 0.1428571492
72046  -30.446  9.270  -27.096 0.1428571492
64181  -28.990  2.058  -24.419 0.1428571492
65195  -27.692  2.719  -24.071 0.1428571492
134715  -23.854  23.814  -26.581 0.1428571492
72057  -30.973  10.003  -27.382 0.1428571492
69043  -31.179  6.403  -26.579 0.1428571492
65197  -29.219  2.664  -24.766 0.1428571492
67128  -30.748  4.431  -25.964 0.1428571492
70026  -30.533  6.991  -26.536 0.1428571492
66178  -28.884  3.448  -24.867 0.1428571492
67115  -27.364  4.262  -24.522 0.1428571492
66185  -28.965  4.203  -25.164 0.1428571492
67126  -28.627  4.908  -25.297 0.1428571492
68091  -29.430  5.300  -25.724 0.1428571492
134208  -30.082  4.891  -25.840 0.1428571492
121140  -30.053  4.307  -25.643 0.1428571492
69031  -29.526  6.015  -26.058 0.1428571492
69029  -27.975  6.401  -25.450 0.1428571492
69009  -26.971  5.814  -24.755 0.1428571492
65177  -28.084  2.080  -24.072 0.1428571492
70045  -35.335  7.794  -27.236 0.7142857313
72048  -36.901  9.816  -26.375 0.5714285970
72877  -40.552  10.292  -19.466 0.1428571492
73929  -37.375  11.758  -26.687 0.4285714328
74873  -31.227  12.645  -28.260 0.5714285970
75745  -41.754  13.706  -20.263 0.1428571492
76928  -26.835  14.276  -27.580 0.1428571492
78870  -26.158  17.341  -28.120 0.1428571492
78892  -36.601  16.307  -28.751 0.4285714328
85468  -31.215  22.808  -32.930 0.1428571492
134721  -30.655  5.113  -26.137 0.1428571492
135762  -39.282  10.178  -19.798 0.1428571492
142402  -34.173  17.329  -29.173 0.8571428657
143447  -32.820  6.357  -26.799 0.4285714328
144307  -30.382  -0.541  -23.988 0.1428571492
145666  -36.060  5.498  -25.453 0.7142857313
145961  -37.389  9.624  -25.232 0.4285714328
