#!ascii label  , from subject sub-v1s2x0051465_ses-1 vox2ras=TkReg
699
76537  19.059  2.791  -25.668 0.2500000000
76555  19.845  2.612  -26.248 0.2500000000
75685  20.187  1.674  -26.396 0.7500000000
78380  18.698  4.597  -25.773 0.2500000000
77389  18.792  3.790  -25.834 0.2500000000
75684  21.114  1.543  -26.936 0.8750000000
78393  19.280  4.229  -26.297 0.3750000000
77405  19.474  3.454  -26.248 0.3750000000
77419  20.427  3.336  -26.695 0.8750000000
76569  22.313  2.386  -27.764 1.0000000000
126173  21.486  2.347  -27.215 1.0000000000
147153  21.132  2.978  -27.027 0.8750000000
75702  21.933  1.655  -27.447 1.0000000000
76554  20.705  2.424  -26.724 0.8750000000
147739  22.250  1.183  -27.615 1.0000000000
79406  19.306  5.025  -26.293 0.2500000000
78392  20.001  4.665  -26.742 0.7500000000
78409  20.615  4.176  -27.031 0.8750000000
77418  21.193  3.638  -27.269 0.8750000000
77404  19.927  3.972  -26.627 0.7500000000
76583  22.875  2.822  -28.207 1.0000000000
141214  21.729  3.067  -27.512 1.0000000000
147013  24.431  1.306  -28.489 1.0000000000
75716  23.230  2.128  -28.264 1.0000000000
75701  22.652  1.521  -27.865 1.0000000000
79394  18.136  5.095  -25.197 0.1250000000
135760  21.300  4.336  -27.500 1.0000000000
76582  23.710  2.903  -28.713 1.0000000000
145744  22.347  3.144  -27.934 1.0000000000
77417  21.970  3.870  -27.906 1.0000000000
75715  24.321  1.977  -28.668 1.0000000000
75713  25.669  1.398  -28.542 1.0000000000
145647  17.784  7.601  -25.205 0.2500000000
79407  18.708  5.371  -25.694 0.2500000000
126200  19.371  5.863  -26.252 0.3750000000
79405  20.078  5.531  -26.807 1.0000000000
79421  20.861  5.059  -27.354 1.0000000000
78421  22.742  4.484  -28.547 1.0000000000
78408  21.869  4.893  -27.958 1.0000000000
76581  24.725  2.702  -29.173 1.0000000000
77431  24.354  3.340  -29.203 1.0000000000
77445  24.892  3.373  -29.442 1.0000000000
75725  25.626  2.145  -28.936 1.0000000000
77430  26.040  3.207  -29.132 1.0000000000
76579  26.034  2.535  -28.847 1.0000000000
82202  18.780  8.314  -25.957 0.5000000000
81297  18.374  7.584  -25.554 0.3750000000
81282  17.876  7.025  -25.169 0.3750000000
80368  19.295  6.702  -26.149 0.5000000000
80367  20.116  6.553  -26.815 0.8750000000
134646  20.771  6.046  -27.382 1.0000000000
142566  20.792  6.816  -27.420 1.0000000000
149754  22.406  5.081  -28.407 1.0000000000
79420  21.509  5.755  -27.858 1.0000000000
129058  24.827  4.734  -29.823 1.0000000000
78420  23.740  4.836  -29.308 1.0000000000
78430  26.093  4.055  -29.405 1.0000000000
77443  25.904  3.495  -29.419 1.0000000000
82192  18.185  8.270  -25.482 0.5000000000
81296  19.109  7.594  -26.116 0.5000000000
147794  19.605  7.950  -26.547 0.6250000000
81311  20.499  7.490  -27.211 0.6250000000
143829  22.418  6.808  -28.645 1.0000000000
79455  25.810  6.091  -30.276 1.0000000000
80400  24.875  6.216  -30.249 1.0000000000
129617  24.330  5.578  -29.898 1.0000000000
79445  23.429  5.882  -29.337 1.0000000000
79454  26.417  5.786  -30.049 1.0000000000
139701  25.590  4.679  -29.937 1.0000000000
127806  26.577  5.718  -29.641 0.8750000000
134922  26.301  4.972  -29.772 1.0000000000
147984  26.325  4.259  -28.878 0.8750000000
82201  19.406  8.432  -26.449 0.5000000000
82200  20.095  8.305  -26.929 0.8750000000
81339  23.177  7.946  -29.203 1.0000000000
81322  22.480  7.534  -28.730 1.0000000000
80409  25.353  6.773  -30.270 1.0000000000
81338  23.927  7.492  -29.725 1.0000000000
143463  25.358  7.474  -30.106 1.0000000000
80388  26.677  6.469  -29.273 1.0000000000
80399  26.619  6.435  -29.871 1.0000000000
81336  25.821  7.613  -29.850 1.0000000000
144085  26.605  7.007  -29.581 1.0000000000
132699  19.070  9.071  -26.221 0.5000000000
135536  20.454  9.062  -27.310 0.8750000000
149003  22.661  9.494  -28.940 1.0000000000
128182  22.537  8.325  -28.788 1.0000000000
142248  21.463  8.955  -28.163 1.0000000000
83138  25.304  9.215  -29.515 1.0000000000
83139  24.742  9.054  -29.637 1.0000000000
83137  25.605  9.304  -29.264 1.0000000000
82234  25.257  8.273  -29.723 1.0000000000
144655  26.191  8.043  -28.564 1.0000000000
82233  25.554  8.428  -29.409 1.0000000000
126313  26.544  7.294  -28.719 0.8750000000
85909  20.750  12.367  -27.397 1.0000000000
85910  20.233  12.138  -26.920 0.3750000000
85014  21.246  11.837  -27.805 0.8750000000
84088  21.596  10.586  -28.406 1.0000000000
84101  25.183  10.028  -29.720 1.0000000000
136001  24.540  9.891  -29.655 1.0000000000
86781  20.853  13.219  -27.268 0.8750000000
132210  21.391  12.602  -27.741 1.0000000000
85922  21.868  12.074  -28.227 1.0000000000
85921  22.614  12.269  -28.551 1.0000000000
84104  22.957  10.632  -29.232 1.0000000000
84102  24.726  10.450  -29.776 1.0000000000
85042  24.573  11.141  -29.808 1.0000000000
135337  25.635  10.680  -29.781 1.0000000000
86780  21.649  13.392  -27.663 0.7500000000
85029  23.126  11.788  -29.064 1.0000000000
132515  25.033  11.922  -29.746 1.0000000000
85936  24.058  11.985  -29.495 1.0000000000
86791  22.862  13.013  -28.403 1.0000000000
85920  23.409  12.475  -28.885 1.0000000000
91034  22.497  18.268  -26.092 0.1250000000
91782  22.750  19.266  -25.988 0.1250000000
90207  22.955  17.821  -26.863 0.2500000000
91033  23.213  18.713  -26.672 0.1250000000
90215  23.895  17.819  -27.944 0.3750000000
91788  23.908  19.017  -27.200 0.2500000000
91038  24.190  18.513  -27.911 0.2500000000
128868  24.421  18.084  -28.583 0.3750000000
91787  24.633  19.215  -27.723 0.2500000000
91786  25.328  19.602  -28.382 0.2500000000
91795  24.747  18.823  -28.580 0.2500000000
131347  25.256  19.228  -29.346 0.2500000000
78381  18.442  4.332  -25.436 0.1250000000
74759  24.555  0.664  -28.336 1.0000000000
82213  20.942  8.400  -27.633 0.8750000000
82236  23.933  8.480  -29.579 1.0000000000
76538  18.674  2.144  -25.172 0.1250000000
74737  19.601  1.276  -25.969 0.6250000000
74735  21.074  0.596  -26.856 0.7500000000
74748  21.923  0.087  -27.353 1.0000000000
77390  18.666  3.483  -25.443 0.1250000000
125542  22.685  0.639  -27.730 1.0000000000
74747  23.711  0.156  -28.010 1.0000000000
74757  25.599  0.456  -28.249 1.0000000000
127852  18.165  5.841  -25.238 0.3750000000
80369  18.468  6.721  -25.507 0.2500000000
131862  26.470  4.920  -28.347 0.8750000000
78419  26.180  3.452  -28.825 0.8750000000
80377  26.639  6.518  -28.221 0.8750000000
133592  19.716  11.930  -26.374 0.1250000000
144386  19.279  11.673  -25.976 0.1250000000
83105  18.690  9.534  -25.812 0.3750000000
83117  20.448  9.857  -27.353 0.6250000000
82225  25.899  8.739  -28.809 1.0000000000
85016  20.045  11.271  -26.743 0.3750000000
84076  20.548  10.745  -27.355 0.8750000000
84100  25.660  10.018  -29.533 1.0000000000
125659  26.088  10.697  -29.493 1.0000000000
85908  22.095  12.792  -28.098 1.0000000000
85041  25.410  11.263  -29.854 1.0000000000
87639  22.125  14.274  -27.626 0.8750000000
87648  23.150  13.906  -28.113 1.0000000000
85919  24.062  12.722  -29.191 1.0000000000
91027  21.997  18.813  -25.377 0.1250000000
90201  21.656  17.931  -25.566 0.1250000000
90216  22.999  16.878  -27.157 0.6250000000
141685  23.423  17.574  -27.426 0.6250000000
90228  24.316  17.282  -28.378 0.5000000000
91048  25.078  18.324  -29.321 0.5000000000
91781  23.469  19.665  -26.553 0.2500000000
92544  25.477  20.008  -29.474 0.2500000000
91807  25.458  19.887  -30.212 0.2500000000
134386  25.602  18.883  -29.989 0.3750000000
92560  25.618  20.745  -30.832 0.2500000000
124784  18.873  1.934  -25.358 0.1250000000
75686  19.412  1.946  -25.819 0.3750000000
148405  20.622  1.143  -26.641 0.7500000000
136419  21.806  0.942  -27.354 1.0000000000
75700  23.641  1.185  -28.222 1.0000000000
139141  25.142  2.177  -29.041 1.0000000000
77433  22.860  3.519  -28.382 1.0000000000
75714  25.087  1.463  -28.708 1.0000000000
74758  25.266  0.787  -28.430 1.0000000000
142152  18.800  6.074  -25.712 0.3750000000
76592  25.464  2.732  -29.254 1.0000000000
77432  23.637  3.846  -28.963 1.0000000000
77446  24.525  4.013  -29.439 1.0000000000
78432  25.385  4.044  -29.658 1.0000000000
81295  19.802  7.436  -26.626 0.6250000000
80378  21.358  6.582  -27.839 1.0000000000
81323  21.840  7.127  -28.307 1.0000000000
79433  22.850  5.340  -28.789 1.0000000000
79434  22.204  5.594  -28.342 1.0000000000
80390  21.980  6.334  -28.306 1.0000000000
78431  25.959  4.227  -29.704 1.0000000000
134796  26.463  4.921  -29.296 0.8750000000
77416  26.309  2.947  -27.875 0.8750000000
81310  21.221  7.422  -27.773 1.0000000000
80408  26.355  6.480  -30.143 1.0000000000
79444  25.269  5.372  -30.174 1.0000000000
80401  24.028  6.519  -29.834 1.0000000000
79432  26.611  5.710  -28.813 0.8750000000
130762  21.783  8.118  -28.318 1.0000000000
80402  23.156  6.904  -29.170 1.0000000000
82235  24.683  7.981  -29.891 1.0000000000
81335  26.394  7.057  -29.954 1.0000000000
82214  19.822  9.291  -26.770 0.6250000000
82226  22.177  9.095  -28.640 1.0000000000
83128  21.520  9.737  -28.361 1.0000000000
82237  23.086  8.948  -29.103 1.0000000000
83127  22.294  10.061  -28.829 1.0000000000
83141  23.119  9.840  -29.231 1.0000000000
83140  23.901  9.442  -29.509 1.0000000000
84075  21.112  11.072  -27.876 1.0000000000
85015  20.647  11.589  -27.378 0.7500000000
84087  22.248  10.930  -28.815 1.0000000000
84103  23.909  10.388  -29.591 1.0000000000
85031  21.708  11.355  -28.329 1.0000000000
85030  22.380  11.600  -28.686 1.0000000000
85043  23.552  11.210  -29.471 1.0000000000
85044  22.814  11.244  -29.116 1.0000000000
138566  25.172  10.718  -29.852 1.0000000000
86790  23.681  13.220  -28.714 1.0000000000
86779  22.358  13.458  -27.965 1.0000000000
91039  23.562  18.253  -27.377 0.2500000000
75657  18.287  1.116  -25.039 0.1250000000
75670  18.256  1.392  -25.006 0.1250000000
74736  20.170  0.762  -26.345 0.7500000000
85002  19.505  11.357  -26.239 0.5000000000
83104  19.278  9.898  -26.313 0.6250000000
83116  20.965  9.393  -27.802 0.8750000000
84077  19.951  10.315  -26.797 0.7500000000
84089  20.978  10.251  -27.936 0.8750000000
87647  24.078  14.010  -28.703 1.0000000000
86797  25.153  13.410  -29.709 1.0000000000
90208  22.146  17.227  -26.335 0.3750000000
89416  23.553  16.229  -27.614 0.7500000000
136540  23.767  17.023  -27.746 0.7500000000
137832  25.808  20.141  -30.736 0.2500000000
91815  25.913  19.416  -30.528 0.3750000000
70834  21.588  -3.240  -26.410 0.7500000000
70818  22.703  -3.881  -26.107 0.7500000000
70835  20.787  -2.941  -26.131 0.7500000000
71806  20.592  -2.178  -26.155 0.7500000000
70832  23.037  -3.368  -26.457 0.7500000000
71805  21.311  -2.476  -26.500 0.7500000000
71788  23.714  -2.977  -26.537 0.7500000000
71803  22.933  -2.800  -26.892 0.7500000000
71804  22.080  -2.717  -26.771 0.7500000000
73721  20.610  -0.791  -26.416 0.7500000000
131657  20.603  0.038  -26.530 0.6250000000
134081  21.811  -1.987  -26.886 0.7500000000
72747  21.513  -1.183  -26.931 0.8750000000
134219  23.612  -2.485  -27.093 0.7500000000
71814  23.182  -2.122  -27.303 0.7500000000
72746  22.481  -1.490  -27.309 0.8750000000
73734  21.993  -0.709  -27.289 0.8750000000
72745  24.642  -1.796  -27.296 0.7500000000
72758  23.949  -1.976  -27.412 0.7500000000
127932  23.511  -1.413  -27.592 0.8750000000
146705  22.901  -0.519  -27.623 0.8750000000
72757  25.170  -1.055  -27.600 0.7500000000
130230  24.369  -1.316  -27.696 0.8750000000
73742  24.447  -0.134  -28.136 0.8750000000
145250  25.670  -0.474  -27.624 0.8750000000
73731  25.439  -0.323  -28.042 0.8750000000
74746  25.879  0.118  -27.881 0.8750000000
75699  25.943  0.911  -28.162 0.8750000000
75668  26.959  1.891  -25.396 0.3750000000
75683  26.446  1.437  -26.581 0.6250000000
75698  26.201  1.459  -27.768 0.7500000000
75712  26.001  1.700  -28.542 0.7500000000
76536  26.651  2.440  -26.224 0.5000000000
137927  26.478  2.914  -26.841 0.7500000000
76553  26.383  2.198  -27.258 0.7500000000
77372  27.639  3.417  -24.891 0.1250000000
147480  27.261  3.424  -25.455 0.3750000000
77388  26.826  3.367  -26.046 0.6250000000
78407  26.292  4.057  -27.879 0.6250000000
77351  28.718  3.698  -23.631 0.1250000000
137906  28.198  3.919  -24.298 0.1250000000
137592  27.344  4.068  -25.498 0.1250000000
134464  27.689  4.884  -25.103 0.1250000000
134794  26.695  4.771  -26.569 0.6250000000
79404  26.792  5.406  -26.652 0.6250000000
79419  26.646  5.730  -27.601 0.7500000000
78366  28.181  4.732  -24.466 0.1250000000
134933  28.585  6.132  -24.224 0.1250000000
79403  27.210  5.910  -26.106 0.1250000000
136088  26.919  6.039  -26.754 0.5000000000
80366  26.840  6.576  -27.168 0.7500000000
79364  29.055  5.098  -23.497 0.1250000000
80355  27.524  6.740  -25.681 0.5000000000
81293  27.187  7.328  -26.580 0.5000000000
81294  26.699  7.284  -27.591 0.7500000000
87640  21.230  14.070  -27.214 0.6250000000
88551  21.479  14.942  -27.071 0.5000000000
82199  27.287  8.813  -26.899 0.6250000000
82211  26.765  8.701  -27.585 0.6250000000
82191  27.633  8.810  -26.105 0.5000000000
83103  27.119  9.511  -27.460 0.6250000000
83115  26.435  9.275  -28.146 0.7500000000
84086  26.114  9.892  -28.949 0.8750000000
85040  25.974  11.314  -29.736 0.8750000000
132817  25.748  11.966  -29.729 0.8750000000
129043  26.803  10.155  -28.138 0.7500000000
85028  26.430  11.417  -29.287 0.8750000000
131993  26.284  12.038  -29.523 0.8750000000
83089  28.082  9.599  -25.750 0.3750000000
84061  27.586  9.600  -26.622 0.5000000000
84998  27.477  10.543  -27.264 0.5000000000
132007  27.054  10.880  -28.112 0.6250000000
84045  28.379  10.546  -25.714 0.2500000000
84060  27.895  10.300  -26.334 0.3750000000
88550  22.342  15.343  -27.308 0.6250000000
88549  23.263  15.467  -27.628 0.7500000000
87638  22.937  14.749  -27.728 0.7500000000
85935  24.728  12.657  -29.561 0.8750000000
86796  25.943  13.509  -29.985 0.7500000000
85933  26.218  12.753  -29.814 0.8750000000
84085  26.560  10.791  -28.795 0.6250000000
85027  27.010  11.580  -28.542 0.7500000000
84997  28.070  11.168  -26.442 0.3750000000
141805  27.729  11.423  -27.216 0.5000000000
85917  27.272  12.474  -28.707 0.7500000000
89417  22.875  16.032  -27.305 0.6250000000
88560  23.808  14.842  -28.126 0.8750000000
87657  24.732  14.089  -29.411 0.8750000000
134791  24.480  14.785  -28.946 0.7500000000
86788  26.837  13.657  -29.806 0.7500000000
85896  28.656  12.641  -26.437 0.2500000000
85907  28.202  12.747  -27.295 0.5000000000
84983  28.658  11.396  -25.690 0.2500000000
89404  22.210  16.252  -26.869 0.5000000000
88548  23.920  15.665  -27.918 0.7500000000
88574  24.837  15.498  -29.424 0.7500000000
88559  24.335  15.533  -28.536 0.7500000000
88573  25.621  15.117  -30.096 0.7500000000
137534  25.023  14.742  -29.568 0.7500000000
134497  25.336  15.873  -29.998 0.7500000000
87655  26.311  14.385  -30.180 0.7500000000
87654  27.137  14.671  -30.071 0.7500000000
86786  28.056  13.873  -28.251 0.5000000000
144009  27.804  14.033  -28.901 0.3750000000
142175  27.544  14.238  -29.420 0.6250000000
86770  28.627  13.411  -26.925 0.2500000000
86777  28.236  13.418  -27.590 0.3750000000
89415  24.231  16.361  -28.207 0.6250000000
89446  24.978  16.300  -29.521 0.7500000000
88585  25.947  15.942  -30.437 0.7500000000
88572  26.560  15.287  -30.438 0.7500000000
88571  27.281  15.586  -30.141 0.6250000000
87646  28.060  14.658  -28.745 0.3750000000
87653  27.715  15.096  -29.551 0.3750000000
87636  28.990  14.787  -27.376 0.1250000000
87637  28.434  14.553  -27.957 0.2500000000
89429  24.709  16.768  -28.892 0.6250000000
90241  25.202  16.993  -29.500 0.7500000000
89445  25.522  16.506  -30.066 0.6250000000
88584  26.737  16.231  -30.508 0.7500000000
88547  28.647  15.372  -28.093 0.2500000000
88558  28.143  15.511  -28.880 0.3750000000
136578  30.744  15.430  -26.477 0.1250000000
88535  30.251  15.885  -27.022 0.1250000000
138580  29.908  14.340  -26.307 0.1250000000
89459  26.095  16.711  -30.464 0.3750000000
89457  27.106  16.933  -30.365 0.3750000000
89443  28.186  16.897  -29.187 0.2500000000
88570  27.848  16.084  -29.503 0.3750000000
89413  29.805  16.388  -27.548 0.1250000000
89428  28.551  16.343  -28.572 0.3750000000
88546  29.427  15.595  -27.424 0.1250000000
91066  25.681  17.982  -30.027 0.3750000000
90242  24.818  17.535  -29.042 0.3750000000
90251  25.681  17.207  -30.053 0.3750000000
90249  26.785  17.611  -30.547 0.3750000000
90250  26.179  17.468  -30.452 0.3750000000
90240  27.441  17.648  -30.158 0.3750000000
89458  26.589  16.975  -30.555 0.3750000000
90239  28.134  17.624  -29.496 0.3750000000
89444  27.659  16.918  -29.813 0.3750000000
148420  31.142  17.681  -28.227 0.1250000000
89427  29.308  16.853  -28.079 0.1250000000
90227  28.787  17.430  -28.715 0.2500000000
89411  31.436  16.751  -27.343 0.1250000000
91814  26.642  19.304  -30.635 0.2500000000
91064  27.093  18.403  -30.461 0.2500000000
91058  28.685  18.275  -29.277 0.1250000000
91059  27.910  18.432  -29.916 0.3750000000
149087  30.992  18.536  -29.345 0.1250000000
91065  26.241  18.407  -30.495 0.3750000000
91806  27.536  19.198  -30.363 0.2500000000
91805  28.542  19.182  -29.910 0.1250000000
91804  29.397  19.384  -29.934 0.1250000000
91812  28.953  19.924  -30.569 0.1250000000
91055  31.562  18.242  -29.558 0.1250000000
143845  30.487  19.359  -30.534 0.1250000000
92556  28.449  20.688  -31.470 0.1250000000
92555  29.377  20.338  -31.486 0.1250000000
91062  31.600  18.549  -30.609 0.1250000000
73733  23.983  -0.717  -27.929 0.8750000000
74745  26.159  0.673  -27.388 0.6250000000
130060  27.387  8.181  -26.483 0.6250000000
87656  25.501  14.210  -29.841 0.7500000000
86778  27.805  13.005  -28.103 0.5000000000
86787  27.511  13.406  -29.022 0.7500000000
91046  29.976  18.245  -28.634 0.1250000000
91811  29.804  19.650  -30.595 0.1250000000
91063  30.965  18.924  -29.951 0.1250000000
78379  26.816  4.194  -26.284 0.5000000000
78391  26.480  4.316  -26.958 0.6250000000
81281  27.663  7.891  -25.719 0.3750000000
84031  28.672  9.958  -25.081 0.2500000000
85918  26.837  12.726  -29.412 0.7500000000
91047  29.259  18.091  -28.742 0.1250000000
69740  21.454  -4.526  -25.732 0.7500000000
142132  20.125  -3.388  -25.665 0.7500000000
71789  20.075  -2.464  -25.799 0.7500000000
69739  22.324  -4.491  -25.679 0.7500000000
70819  21.913  -3.948  -26.185 0.7500000000
69722  23.856  -3.872  -25.179 0.7500000000
72748  21.018  -1.693  -26.497 0.7500000000
70816  24.191  -3.249  -25.701 0.6250000000
71787  24.524  -2.637  -26.245 0.7500000000
71801  24.783  -2.143  -26.731 0.6250000000
73719  25.708  -0.823  -26.970 0.6250000000
74734  26.032  -0.116  -27.150 0.5000000000
74719  26.510  0.158  -25.443 0.3750000000
74733  26.340  0.456  -26.399 0.5000000000
75655  27.469  1.688  -24.543 0.1250000000
76518  28.159  2.956  -24.079 0.1250000000
77350  29.281  3.562  -23.024 0.1250000000
79363  29.576  5.249  -22.872 0.1250000000
80325  29.192  6.036  -23.477 0.1250000000
80339  29.198  6.960  -23.667 0.1250000000
80340  28.635  6.980  -24.328 0.1250000000
81280  28.142  8.082  -25.077 0.1250000000
82190  28.066  8.707  -25.409 0.2500000000
88537  21.637  15.689  -26.822 0.5000000000
84982  29.328  11.675  -25.164 0.1250000000
84044  28.996  10.826  -25.078 0.2500000000
85885  29.687  12.550  -25.295 0.1250000000
87612  29.651  13.850  -26.138 0.1250000000
87625  30.505  14.717  -26.174 0.1250000000
87624  31.148  15.033  -26.081 0.1250000000
89402  31.963  16.271  -26.899 0.1250000000
88534  31.686  15.588  -26.334 0.1250000000
90212  31.731  17.262  -28.007 0.1250000000
90238  32.344  17.571  -29.425 0.1250000000
92558  26.749  20.230  -31.038 0.2500000000
92557  27.429  20.931  -31.569 0.1250000000
128769  30.261  19.861  -31.559 0.1250000000
91810  31.057  19.258  -30.989 0.1250000000
91054  32.185  17.922  -30.356 0.1250000000
91071  31.482  18.731  -31.700 0.1250000000
82212  26.306  8.548  -28.168 0.7500000000
81309  26.468  7.975  -27.891 0.7500000000
73741  25.081  0.072  -28.278 0.8750000000
73720  21.289  -0.331  -26.888 0.7500000000
76568  26.209  2.108  -28.159 0.7500000000
133203  26.492  4.877  -27.303 0.6250000000
86789  24.397  13.345  -29.242 0.8750000000
85934  25.499  12.691  -29.798 0.8750000000
92559  26.015  20.586  -31.234 0.1250000000
135506  26.147  19.923  -30.866 0.2500000000
70820  21.059  -3.781  -26.039 0.7500000000
69738  23.125  -4.252  -25.490 0.7500000000
70817  23.427  -3.614  -25.943 0.7500000000
150439  20.090  -1.953  -25.895 0.7500000000
72732  20.251  -1.511  -26.053 0.7500000000
70833  22.377  -3.360  -26.520 0.7500000000
144653  22.496  -2.254  -27.089 0.7500000000
73705  19.898  -0.041  -26.115 0.6250000000
71802  24.214  -2.379  -26.976 0.7500000000
73732  24.789  -0.643  -28.031 0.8750000000
145642  27.007  1.242  -24.888 0.2500000000
75656  26.680  0.986  -25.588 0.5000000000
76535  27.159  2.838  -25.440 0.5000000000
76519  27.551  2.495  -24.734 0.2500000000
76498  27.913  2.147  -24.174 0.1250000000
148413  27.804  4.204  -24.838 0.2500000000
77403  26.460  3.635  -26.943 0.6250000000
78350  28.644  4.527  -23.841 0.1250000000
78349  29.259  4.368  -23.187 0.1250000000
79393  27.133  5.004  -25.892 0.5000000000
79392  27.640  5.744  -25.384 0.1250000000
79380  28.137  5.536  -24.683 0.1250000000
79379  28.599  5.344  -24.015 0.1250000000
80341  28.079  6.406  -24.870 0.1250000000
81268  28.041  7.331  -25.000 0.1250000000
81308  27.033  8.046  -27.171 0.6250000000
146283  26.747  12.056  -29.133 0.7500000000
85013  27.380  11.307  -27.777 0.5000000000
85897  28.153  11.981  -26.906 0.3750000000
136623  27.644  12.078  -27.789 0.5000000000
86769  29.164  13.374  -26.289 0.1250000000
85895  29.219  12.822  -25.886 0.1250000000
134420  28.451  11.892  -26.200 0.2500000000
85886  28.951  12.182  -25.739 0.1250000000
144069  24.582  16.101  -28.935 0.7500000000
87627  28.545  14.046  -27.432 0.3750000000
87626  29.215  14.131  -26.717 0.1250000000
88536  29.841  14.998  -26.755 0.1250000000
148817  27.347  16.329  -30.136 0.3750000000
89414  29.122  16.122  -27.900 0.2500000000
89403  31.122  16.166  -26.812 0.1250000000
148198  25.297  17.610  -29.591 0.3750000000
89412  30.616  16.631  -27.325 0.1250000000
90214  30.111  17.145  -27.756 0.1250000000
90213  30.921  17.289  -27.701 0.1250000000
90225  30.445  17.742  -28.161 0.1250000000
91045  30.909  18.186  -28.778 0.1250000000
90224  31.664  17.737  -28.745 0.1250000000
90226  29.616  17.608  -28.277 0.1250000000
148030  27.170  19.673  -30.691 0.2500000000
91057  29.459  18.762  -29.270 0.1250000000
91813  27.848  20.070  -30.661 0.1250000000
91803  30.145  19.222  -29.824 0.1250000000
91056  30.422  18.681  -29.247 0.1250000000
69741  20.541  -4.344  -25.604 0.7500000000
131427  19.726  -0.802  -25.825 0.5000000000
147850  25.525  -1.617  -26.063 0.6250000000
73718  26.131  -0.381  -26.226 0.5000000000
81266  29.134  7.694  -24.007 0.1250000000
81256  29.702  7.643  -23.335 0.1250000000
86758  29.710  13.331  -25.728 0.1250000000
90223  32.217  17.354  -28.618 0.1250000000
149069  19.384  -3.359  -25.194 0.7500000000
72733  19.450  -1.648  -25.520 0.5000000000
68592  21.935  -5.908  -24.599 0.6250000000
68591  22.587  -5.509  -24.544 0.6250000000
69709  24.166  -4.959  -23.944 0.3750000000
134150  23.592  -4.551  -24.725 0.6250000000
131519  24.808  -4.472  -23.843 0.2500000000
132755  24.339  -4.196  -24.435 0.3750000000
69724  21.930  -5.229  -25.206 0.6250000000
71786  25.222  -2.117  -25.980 0.5000000000
68577  23.647  -5.622  -23.648 0.5000000000
69710  23.314  -5.208  -24.319 0.6250000000
142168  25.796  -1.140  -26.116 0.5000000000
67471  21.261  -6.386  -24.469 0.6250000000
72721  18.668  -1.986  -24.839 0.3750000000
68593  21.318  -5.721  -24.935 0.6250000000
69725  20.952  -5.147  -25.344 0.6250000000
69742  19.687  -4.086  -25.266 0.6250000000
67452  23.883  -6.092  -23.143 0.3750000000
68578  23.028  -5.718  -23.983 0.5000000000
72734  18.467  -1.068  -24.922 0.2500000000
68563  24.397  -5.602  -23.216 0.3750000000
70789  25.033  -3.856  -24.110 0.2500000000
74720  19.369  0.640  -25.749 0.3750000000
70802  25.301  -3.200  -24.488 0.2500000000
126423  25.555  -2.304  -25.223 0.3750000000
71771  26.012  -2.146  -24.554 0.2500000000
73704  26.294  -0.774  -25.220 0.2500000000
81269  16.459  6.822  -24.123 0.1250000000
83090  18.129  9.021  -25.395 0.2500000000
74708  26.838  0.657  -24.890 0.2500000000
84062  19.445  10.730  -26.288 0.3750000000
85900  20.354  12.793  -27.012 0.2500000000
80356  17.663  6.371  -24.934 0.2500000000
71790  19.404  -2.630  -25.327 0.5000000000
69723  22.796  -4.858  -24.988 0.6250000000
129936  26.925  -0.068  -24.512 0.2500000000
143495  18.997  -0.762  -25.374 0.3750000000
72731  25.835  -1.658  -25.410 0.2500000000
69708  25.506  -4.322  -23.390 0.2500000000
70803  24.619  -3.522  -24.867 0.3750000000
71773  25.014  -2.827  -25.338 0.3750000000
67453  23.149  -6.286  -23.457 0.3750000000
68579  22.493  -6.063  -24.049 0.5000000000
71772  25.566  -2.674  -24.755 0.2500000000
72720  26.308  -1.450  -24.689 0.2500000000
80357  17.107  6.293  -24.324 0.1250000000
67473  19.767  -6.318  -24.516 0.5000000000
67454  22.382  -6.673  -23.659 0.2500000000
66430  22.143  -7.250  -23.434 0.3750000000
67455  21.701  -6.922  -23.908 0.5000000000
68594  20.468  -5.824  -24.864 0.5000000000
67474  18.835  -6.053  -24.290 0.3750000000
68596  18.568  -5.101  -24.423 0.5000000000
68595  19.469  -5.497  -24.737 0.5000000000
69727  19.166  -4.609  -24.843 0.3750000000
69726  20.030  -4.953  -25.193 0.5000000000
67459  17.926  -6.683  -23.463 0.1250000000
146177  18.169  -6.207  -23.853 0.3750000000
70804  18.935  -3.742  -24.803 0.2500000000
66416  18.049  -8.058  -22.874 0.1250000000
66433  19.350  -7.482  -23.777 0.3750000000
136625  20.907  -7.792  -23.589 0.3750000000
67456  20.888  -7.180  -24.062 0.5000000000
66417  16.822  -7.091  -22.727 0.1250000000
67458  18.685  -6.773  -23.840 0.3750000000
66432  20.251  -7.721  -23.799 0.3750000000
68581  17.202  -5.061  -23.347 0.1250000000
70790  17.723  -3.750  -23.660 0.1250000000
83073  28.431  9.241  -25.081 0.1250000000
67470  21.961  -6.404  -24.158 0.3750000000
71774  18.785  -2.887  -24.770 0.2500000000
67436  22.877  -7.175  -23.026 0.2500000000
67457  20.015  -7.048  -24.213 0.5000000000
67472  20.484  -6.568  -24.463 0.5000000000
66431  21.523  -7.536  -23.523 0.3750000000
145663  19.335  -6.754  -24.168 0.3750000000
69728  18.387  -4.188  -24.340 0.1250000000
67437  17.143  -6.512  -23.111 0.1250000000
129863  17.490  -5.952  -23.507 0.1250000000
68564  16.986  -5.827  -23.096 0.1250000000
68580  17.977  -5.505  -23.934 0.1250000000
142426  17.284  -7.720  -22.700 0.1250000000
66435  17.608  -7.247  -23.053 0.1250000000
66434  18.439  -7.408  -23.378 0.3750000000
65415  21.326  -8.179  -23.160 0.2500000000
69711  17.840  -4.642  -23.845 0.1250000000
65418  18.926  -8.188  -23.274 0.2500000000
65416  20.560  -8.320  -23.354 0.2500000000
73707  18.348  -0.245  -25.046 0.2500000000
66415  22.167  -7.867  -22.951 0.2500000000
65417  19.770  -8.304  -23.454 0.2500000000
65400  20.159  -8.980  -23.093 0.1250000000
74722  17.830  0.271  -24.653 0.1250000000
87641  20.616  13.945  -26.868 0.1250000000
87628  20.737  14.706  -26.730 0.1250000000
88539  20.224  15.359  -26.183 0.1250000000
89405  21.307  16.406  -26.239 0.1250000000
88538  20.944  15.546  -26.515 0.1250000000
89406  20.459  16.165  -25.873 0.1250000000
90209  21.299  17.198  -25.724 0.1250000000
89396  20.632  16.917  -25.518 0.1250000000
90203  20.154  17.471  -24.923 0.1250000000
85901  19.852  12.792  -26.470 0.1250000000
86771  20.226  13.452  -26.752 0.1250000000
83091  17.660  9.270  -24.956 0.1250000000
73693  17.694  -0.456  -24.389 0.1250000000
84049  18.416  10.815  -25.363 0.1250000000
87629  20.033  14.381  -26.436 0.1250000000
88527  19.824  16.087  -25.503 0.1250000000
90204  19.705  17.514  -24.535 0.1250000000
90194  20.112  18.221  -24.126 0.1250000000
90202  20.832  17.712  -25.162 0.1250000000
75669  18.988  1.297  -25.492 0.1250000000
73706  19.127  -0.094  -25.525 0.1250000000
84063  18.840  10.350  -25.818 0.1250000000
74721  18.463  0.566  -25.168 0.1250000000
74709  17.203  0.550  -24.185 0.1250000000
147861  20.091  16.715  -25.353 0.1250000000
88528  19.433  15.756  -25.399 0.1250000000
91029  20.484  18.246  -24.354 0.1250000000
67434  24.494  -6.283  -22.715 0.1250000000
68562  25.243  -5.723  -22.683 0.1250000000
68576  24.980  -5.033  -23.350 0.1250000000
143838  25.630  -5.018  -22.889 0.1250000000
70788  25.691  -3.511  -23.762 0.1250000000
71761  25.878  -2.841  -24.121 0.1250000000
71745  27.572  -2.531  -22.831 0.1250000000
71759  27.154  -2.094  -23.416 0.1250000000
72705  27.323  -1.354  -23.667 0.1250000000
73680  26.808  -0.986  -24.305 0.1250000000
141316  27.896  -1.002  -23.434 0.1250000000
73679  27.427  -0.591  -23.848 0.1250000000
65397  22.576  -8.426  -22.348 0.1250000000
131702  22.906  -7.850  -22.556 0.1250000000
66414  23.620  -7.572  -22.359 0.1250000000
67433  25.155  -6.499  -22.345 0.1250000000
128537  26.821  -4.876  -22.162 0.1250000000
70773  26.911  -4.009  -22.504 0.1250000000
134615  26.316  -3.137  -23.491 0.1250000000
71744  27.979  -3.013  -22.338 0.1250000000
72686  28.010  -1.741  -23.037 0.1250000000
139615  27.558  0.115  -23.906 0.1250000000
74689  28.064  0.635  -23.626 0.1250000000
73678  28.160  -0.280  -23.427 0.1250000000
74707  27.406  0.823  -24.319 0.1250000000
67435  23.763  -6.749  -22.812 0.1250000000
69697  26.205  -4.576  -22.715 0.1250000000
72706  26.636  -1.719  -24.018 0.1250000000
65398  21.803  -8.644  -22.620 0.1250000000
66413  24.557  -7.122  -22.246 0.1250000000
68561  26.194  -5.430  -22.337 0.1250000000
70787  26.218  -3.820  -23.127 0.1250000000
71760  26.457  -2.439  -23.763 0.1250000000
71746  26.895  -2.787  -23.155 0.1250000000
72685  28.446  -0.986  -23.047 0.1250000000
64402  22.258  -9.044  -22.125 0.1250000000
65396  23.277  -8.211  -22.104 0.1250000000
68546  26.766  -6.069  -21.823 0.1250000000
74665  28.832  0.367  -22.997 0.1250000000
72684  29.070  -0.950  -22.629 0.1250000000
72744  25.283  -1.575  -26.751 0.6250000000
73654  28.762  -0.428  -22.924 0.1250000000
76580  25.843  2.112  -28.889 0.7500000000
76591  25.827  2.789  -29.163 1.0000000000
77444  25.721  3.406  -29.426 1.0000000000
79443  26.026  5.141  -30.086 1.0000000000
80365  27.138  6.523  -26.421 0.6250000000
80389  22.667  6.145  -28.754 1.0000000000
81283  17.272  7.050  -24.669 0.2500000000
81321  26.134  7.692  -29.354 1.0000000000
81337  24.690  7.082  -30.104 1.0000000000
81348  25.967  6.966  -30.222 1.0000000000
84987  19.050  11.107  -25.849 0.5000000000
145930  26.706  -3.385  -22.955 0.1250000000
146114  18.578  8.859  -25.777 0.2500000000
147554  28.883  6.524  -23.923 0.1250000000
