#!ascii label  , from subject sub-v1s2x0051474_ses-1 vox2ras=TkReg
884
30159  33.727  -61.372  2.371 0.6000000238
30081  30.465  -62.312  8.323 0.6999999881
29011  31.732  -63.293  6.882 0.6999999881
27771  34.143  -64.126  5.872 0.8999999762
29030  34.401  -63.300  5.184 0.8000000119
29041  34.352  -63.116  4.056 0.8000000119
30160  33.557  -62.227  1.826 0.6000000238
31268  33.697  -61.320  1.648 0.6999999881
31284  33.948  -60.965  0.969 0.6999999881
30082  30.010  -61.645  8.572 0.6999999881
30058  29.281  -61.806  9.287 0.6999999881
30096  31.297  -62.081  7.077 0.6999999881
153659  31.832  -61.986  5.811 0.6000000238
165634  32.305  -63.452  6.148 0.6999999881
27773  32.757  -64.135  5.713 0.6999999881
29042  32.896  -63.578  4.399 0.8000000119
27806  33.272  -63.814  3.650 0.8000000119
27805  33.719  -63.942  3.994 0.8000000119
27821  34.015  -63.631  3.649 0.8000000119
29069  33.500  -63.472  2.034 0.6000000238
30186  33.104  -62.030  0.404 0.6000000238
30195  33.241  -61.440  -0.284 0.6999999881
146270  34.812  -60.643  0.805 0.6999999881
148971  29.460  -60.844  8.681 0.5000000000
168261  28.713  -61.612  9.629 0.6000000238
31204  30.359  -60.685  7.375 0.4000000060
30108  30.883  -61.240  7.036 0.6000000238
30107  31.371  -61.531  6.430 0.5000000000
30119  31.997  -61.877  5.089 0.6000000238
29043  32.371  -62.723  4.354 0.8000000119
29059  32.609  -63.416  3.331 0.6999999881
29070  32.343  -63.786  2.204 0.6999999881
27840  32.096  -64.018  1.370 0.6999999881
29093  32.124  -62.692  0.188 0.5000000000
157814  32.674  -62.058  -0.193 0.6000000238
31308  32.832  -61.195  -0.743 0.6000000238
151448  33.982  -60.768  -0.224 0.6000000238
31298  35.340  -60.604  0.015 0.5000000000
32295  29.064  -59.302  8.956 0.5000000000
31178  28.106  -60.206  9.851 0.6000000238
150867  27.135  -60.816  10.381 0.6000000238
31193  29.131  -60.038  8.747 0.5000000000
31244  31.617  -60.922  4.853 0.5000000000
31255  31.468  -60.891  3.921 0.6000000238
31269  31.213  -61.030  2.983 0.6000000238
29072  31.116  -62.434  1.366 0.6000000238
29082  30.915  -62.428  0.494 0.5000000000
29095  30.861  -62.251  -0.273 0.5000000000
164595  31.695  -61.963  -0.822 0.6000000238
147341  32.403  -60.963  -0.813 0.6000000238
149852  34.159  -60.277  -0.667 0.5000000000
32401  34.671  -59.850  -0.764 0.5000000000
163946  35.809  -59.667  -0.543 0.5000000000
32400  35.369  -60.002  -0.650 0.5000000000
31194  28.542  -59.804  9.423 0.5000000000
31158  26.744  -60.085  10.478 0.5000000000
32308  29.893  -59.394  7.417 0.5000000000
32307  30.286  -59.301  6.598 0.4000000060
33402  30.626  -58.660  6.273 0.3000000119
32331  30.997  -59.384  5.138 0.4000000060
147742  31.031  -58.880  4.453 0.3000000119
33414  31.017  -58.626  5.281 0.3000000119
31245  31.227  -60.104  4.522 0.5000000000
31256  30.948  -60.118  3.420 0.5000000000
31271  29.829  -60.395  1.766 0.5000000000
30174  30.442  -61.695  0.980 0.5000000000
30187  30.344  -61.716  0.227 0.5000000000
148032  30.822  -61.185  -0.580 0.6000000238
32404  31.466  -60.433  -0.518 0.6000000238
32403  32.677  -59.890  -0.618 0.5000000000
155359  33.447  -59.336  -0.546 0.5000000000
33482  35.152  -59.341  -0.657 0.5000000000
33365  28.554  -59.023  9.700 0.5000000000
33364  29.225  -58.607  9.295 0.5000000000
33377  30.028  -58.408  8.019 0.5000000000
143763  30.493  -57.924  7.507 0.4000000060
33388  30.159  -58.675  7.154 0.5000000000
34443  31.110  -58.066  5.882 0.4000000060
34455  31.355  -57.885  4.902 0.3000000119
33439  30.760  -58.755  3.401 0.3000000119
32357  30.116  -59.093  2.377 0.4000000060
31285  29.254  -60.473  1.159 0.5000000000
31299  29.140  -60.359  0.792 0.4000000060
33486  31.773  -59.158  -0.074 0.5000000000
33485  32.706  -58.756  -0.125 0.5000000000
143882  34.903  -58.347  -0.373 0.5000000000
147994  34.178  -58.126  -0.229 0.4000000060
33483  34.292  -59.078  -0.609 0.5000000000
33346  28.824  -58.272  10.146 0.5000000000
34405  29.570  -57.894  9.693 0.5000000000
34418  30.405  -57.712  8.356 0.5000000000
35541  31.022  -57.205  7.815 0.4000000060
34430  31.290  -57.509  6.403 0.4000000060
34454  31.602  -57.375  5.528 0.3000000119
34470  31.323  -57.561  3.861 0.3000000119
33440  30.007  -58.408  2.311 0.4000000060
33451  29.045  -58.929  1.767 0.4000000060
33452  28.144  -58.715  1.407 0.4000000060
32371  29.341  -59.632  1.758 0.4000000060
31286  28.386  -60.123  1.046 0.4000000060
32397  28.354  -59.652  0.714 0.5000000000
32406  29.042  -59.633  0.398 0.5000000000
157302  30.521  -60.407  -0.245 0.6000000238
34527  31.908  -58.054  0.122 0.4000000060
34526  32.805  -57.725  0.080 0.5000000000
34384  30.045  -57.235  10.101 0.4000000060
143856  31.341  -56.645  8.356 0.4000000060
35530  30.840  -57.054  8.746 0.4000000060
35552  32.069  -56.305  6.812 0.4000000060
35565  32.358  -56.047  5.896 0.4000000060
34469  31.695  -57.094  4.528 0.4000000060
35577  31.185  -56.128  3.266 0.4000000060
34481  30.644  -57.907  3.110 0.4000000060
34482  29.873  -57.677  2.260 0.4000000060
35606  29.065  -57.224  1.788 0.4000000060
149905  27.755  -59.124  1.107 0.5000000000
34528  28.503  -58.241  0.633 0.5000000000
34516  29.225  -57.743  0.499 0.6000000238
34514  30.979  -57.452  0.278 0.5000000000
154097  30.523  -56.920  0.399 0.4000000060
35496  30.452  -56.509  10.410 0.4000000060
36712  31.842  -55.995  8.448 0.4000000060
35516  30.702  -56.818  9.607 0.4000000060
36724  32.209  -55.791  7.524 0.4000000060
36754  32.410  -55.616  4.956 0.4000000060
35591  30.253  -56.131  2.648 0.4000000060
156507  29.947  -56.918  2.357 0.4000000060
34498  28.366  -57.904  1.403 0.4000000060
34510  28.218  -57.624  1.127 0.5000000000
34517  28.438  -57.267  0.955 0.4000000060
34515  30.011  -57.286  0.452 0.6000000238
36697  31.706  -55.350  9.776 0.4000000060
36711  32.107  -55.328  9.013 0.4000000060
145131  32.366  -55.249  8.165 0.4000000060
36738  32.488  -55.414  6.623 0.4000000060
36770  32.030  -55.008  4.144 0.4000000060
37851  31.065  -54.495  3.591 0.5000000000
36787  30.578  -55.330  3.101 0.4000000060
36788  29.509  -55.345  2.579 0.3000000119
35592  29.138  -56.152  2.099 0.4000000060
36805  28.680  -55.952  1.583 0.4000000060
37902  28.627  -55.426  1.393 0.4000000060
36817  29.318  -56.096  0.903 0.5000000000
35480  30.043  -56.073  11.029 0.4000000060
37821  32.659  -54.590  6.914 0.4000000060
151333  32.594  -53.987  5.767 0.4000000060
38896  32.130  -53.489  5.251 0.3000000119
37850  31.749  -54.029  4.375 0.3000000119
37865  29.869  -54.550  3.083 0.3000000119
36789  28.635  -55.331  2.201 0.3000000119
37888  27.953  -54.521  1.571 0.4000000060
38960  28.298  -54.012  1.362 0.4000000060
37779  32.192  -54.686  9.573 0.3000000119
37795  32.484  -54.644  8.730 0.3000000119
168715  32.696  -53.983  7.174 0.3000000119
148936  32.685  -53.983  6.465 0.3000000119
38910  31.279  -53.197  4.587 0.3000000119
157291  30.984  -53.675  3.966 0.4000000060
39933  29.596  -52.424  4.098 0.4000000060
38912  29.555  -53.231  3.737 0.3000000119
38924  28.966  -53.825  3.174 0.3000000119
38938  27.450  -53.909  2.135 0.3000000119
38949  27.504  -53.900  1.821 0.4000000060
38950  27.314  -53.371  1.700 0.4000000060
39978  28.043  -53.389  1.483 0.4000000060
38911  30.387  -53.109  4.107 0.4000000060
40950  29.173  -51.547  4.331 0.4000000060
38913  28.664  -52.965  3.565 0.4000000060
39947  27.832  -52.678  3.318 0.3000000119
38926  27.103  -53.192  2.289 0.4000000060
40966  26.863  -51.782  2.816 0.4000000060
40977  26.908  -51.577  2.380 0.4000000060
39969  27.001  -52.878  1.812 0.4000000060
39968  27.523  -52.763  1.672 0.4000000060
161218  28.259  -51.334  4.101 0.4000000060
40951  27.450  -51.517  3.567 0.5000000000
146332  26.733  -50.903  3.164 0.4000000060
155095  26.629  -51.066  2.701 0.4000000060
40986  27.980  -51.923  1.745 0.3000000119
42049  26.805  -50.255  2.252 0.3000000119
30148  33.805  -62.566  2.667 0.6999999881
27788  33.328  -64.154  5.092 0.8000000119
29080  33.163  -62.994  1.129 0.6000000238
27823  33.041  -63.999  2.672 0.6999999881
27854  32.958  -64.003  1.537 0.6999999881
31306  34.456  -60.437  -0.441 0.6000000238
31215  30.795  -60.493  6.458 0.4000000060
31230  31.153  -60.234  5.479 0.4000000060
30149  31.677  -61.784  3.367 0.6999999881
30161  31.391  -61.859  2.644 0.6999999881
27856  32.046  -63.615  0.799 0.6999999881
33389  29.763  -58.957  7.816 0.5000000000
30162  30.723  -61.408  1.971 0.5000000000
32356  30.654  -59.394  3.183 0.4000000060
31310  29.207  -60.162  0.453 0.6000000238
33487  30.617  -59.400  0.028 0.5000000000
33476  30.137  -58.237  0.329 0.6000000238
36771  31.443  -55.405  3.574 0.3000000119
35607  28.776  -56.513  1.612 0.4000000060
37752  31.667  -54.666  10.405 0.4000000060
37866  28.812  -54.654  2.590 0.3000000119
38925  27.792  -53.363  2.841 0.3000000119
39935  27.442  -52.170  3.290 0.3000000119
40976  27.205  -51.150  1.992 0.3000000119
28942  32.149  -62.858  11.466 0.6000000238
27693  32.193  -63.198  11.948 0.6000000238
30013  34.440  -61.605  12.123 0.6000000238
31139  35.161  -60.040  11.641 0.6000000238
158542  30.190  -66.363  11.663 0.5000000000
26502  31.460  -64.190  11.712 0.6000000238
27719  31.739  -63.917  10.340 0.6999999881
27708  31.798  -63.278  10.964 0.6999999881
26479  31.881  -63.934  12.122 0.6000000238
30043  32.674  -61.603  10.834 0.6000000238
30030  32.787  -61.782  11.563 0.6000000238
155139  33.485  -60.075  10.877 0.6000000238
31140  34.120  -59.987  11.539 0.6000000238
33344  34.313  -58.551  10.744 0.6000000238
34382  35.379  -57.336  10.664 0.6999999881
25320  30.272  -65.430  10.864 0.6000000238
26530  31.334  -65.521  9.554 0.6999999881
25310  29.913  -65.887  11.212 0.5000000000
26518  30.774  -65.180  10.474 0.6999999881
158861  30.912  -64.771  11.336 0.6999999881
28969  32.491  -62.806  9.720 0.6999999881
142351  32.622  -61.887  9.971 0.6999999881
31156  33.256  -60.253  10.176 0.5000000000
33362  34.083  -58.198  9.872 0.6000000238
34403  34.475  -57.505  9.481 0.6000000238
34402  35.006  -56.962  9.973 0.6999999881
35528  34.945  -56.762  8.310 0.6999999881
36696  35.930  -55.567  9.095 0.6999999881
36710  35.664  -55.734  8.332 0.6999999881
153886  43.429  -51.081  6.051 0.4000000060
38877  39.974  -52.766  6.322 0.5000000000
38894  38.837  -53.788  6.108 0.6000000238
38880  37.910  -53.908  7.081 0.6000000238
37820  36.886  -54.827  7.081 0.6999999881
23027  29.164  -67.805  6.353 0.5000000000
23004  29.811  -68.046  7.101 0.5000000000
24185  31.483  -67.339  7.476 0.6000000238
24186  29.141  -67.355  8.398 0.5000000000
25330  32.273  -66.103  8.334 0.6999999881
24160  30.675  -66.801  8.628 0.5000000000
25331  30.605  -65.842  9.737 0.6000000238
26528  32.743  -65.094  8.524 0.6999999881
26529  31.930  -64.848  9.504 0.6999999881
162888  32.880  -63.276  8.957 0.6999999881
31176  33.317  -60.610  9.289 0.6999999881
33363  33.875  -58.777  9.292 0.6000000238
140850  34.164  -58.105  9.080 0.6000000238
164116  34.838  -57.021  7.474 0.6999999881
35539  35.298  -56.270  7.887 0.6999999881
36736  36.435  -55.370  6.598 0.6999999881
37819  37.497  -54.429  6.737 0.6000000238
36735  37.060  -55.016  6.250 0.6000000238
25362  29.186  -66.071  6.520 0.5000000000
25381  28.311  -66.769  5.497 0.4000000060
24206  30.473  -67.759  6.163 0.5000000000
25370  29.035  -66.977  5.751 0.5000000000
24199  30.581  -68.045  6.508 0.5000000000
25360  31.340  -66.805  6.527 0.6000000238
24198  31.674  -67.138  6.881 0.6000000238
25358  32.663  -66.188  6.919 0.6999999881
24183  32.507  -66.521  7.327 0.6000000238
25343  32.846  -65.922  7.583 0.6999999881
27736  33.164  -64.202  8.456 0.6999999881
30080  33.395  -61.432  8.664 0.6999999881
142150  33.702  -60.024  8.791 0.6999999881
32281  33.556  -59.626  9.531 0.6999999881
32292  34.189  -58.642  8.361 0.6999999881
140914  34.645  -57.730  6.953 0.6999999881
34441  34.895  -57.064  6.444 0.8000000119
35551  35.878  -55.863  6.199 0.6999999881
143123  39.260  -54.216  5.380 0.5000000000
36750  38.131  -55.144  5.229 0.6000000238
36752  36.563  -55.562  5.782 0.6000000238
26578  27.321  -65.178  6.094 0.4000000060
25344  29.372  -65.564  7.175 0.6000000238
25361  30.454  -67.000  6.243 0.6000000238
26546  30.556  -65.491  7.307 0.6000000238
163435  31.996  -65.969  6.578 0.6000000238
26564  32.282  -65.381  6.526 0.6000000238
26544  33.533  -64.991  6.941 0.6999999881
27735  33.660  -64.287  7.687 0.6999999881
161497  33.918  -63.148  7.539 0.6999999881
150951  33.624  -62.303  8.101 0.6999999881
29010  34.087  -62.281  7.310 0.8000000119
30094  34.280  -61.285  7.019 0.8000000119
31202  34.331  -60.233  7.181 0.6000000238
33401  34.537  -58.578  6.671 0.6000000238
34452  34.992  -57.232  5.513 0.8000000119
146398  35.390  -56.541  5.898 0.6999999881
37831  39.978  -53.889  5.041 0.5000000000
37849  38.894  -54.897  4.929 0.6000000238
35575  37.195  -56.281  4.376 0.6999999881
37848  39.664  -54.646  4.642 0.6000000238
26549  27.759  -64.112  8.563 0.5000000000
27760  26.412  -63.891  7.464 0.4000000060
27775  25.898  -63.519  6.700 0.4000000060
26548  28.635  -64.582  8.246 0.5000000000
26566  28.072  -64.889  7.490 0.5000000000
27737  30.662  -64.462  7.773 0.6000000238
27759  31.247  -63.829  7.518 0.6000000238
27758  31.849  -64.398  6.857 0.6000000238
26589  33.137  -64.398  5.674 0.6999999881
29009  34.279  -63.227  6.813 0.8000000119
149029  34.488  -62.471  5.563 0.8000000119
164915  34.425  -61.456  6.024 0.6000000238
32330  34.435  -59.532  5.165 0.6000000238
33413  34.550  -58.697  5.665 0.6999999881
34453  34.645  -57.903  5.078 0.6999999881
34480  36.798  -57.523  3.335 0.6999999881
36768  38.513  -55.575  4.527 0.6000000238
35589  37.487  -56.837  3.704 0.6000000238
34495  38.684  -57.746  2.768 0.6000000238
36767  39.330  -55.374  4.263 0.6000000238
35588  38.556  -56.927  3.435 0.6000000238
28971  28.559  -62.998  9.703 0.5000000000
164458  27.646  -63.585  9.280 0.5000000000
27739  26.249  -63.633  8.269 0.5000000000
146160  24.903  -63.330  7.833 0.5000000000
28970  29.281  -62.849  9.434 0.5000000000
26532  28.258  -64.009  8.949 0.5000000000
28992  30.551  -63.224  8.285 0.6000000238
30118  34.434  -61.565  4.965 0.6999999881
151057  34.196  -61.160  4.119 0.6000000238
32346  34.367  -59.351  4.119 0.6000000238
32355  34.506  -59.208  3.217 0.6000000238
33425  35.179  -57.997  3.604 0.6999999881
33438  34.912  -58.655  3.140 0.6000000238
33449  36.627  -58.422  2.752 0.6000000238
34479  37.835  -57.584  3.140 0.6999999881
36784  40.569  -55.568  3.186 0.5000000000
146601  39.509  -57.893  2.214 0.4000000060
28955  27.996  -62.361  9.996 0.5000000000
28956  27.143  -62.376  10.120 0.5000000000
28974  25.705  -62.787  9.626 0.5000000000
28994  24.429  -62.805  8.846 0.5000000000
28996  22.739  -62.630  8.580 0.5000000000
27743  22.179  -63.127  8.071 0.5000000000
31267  34.114  -60.597  1.816 0.6000000238
32369  34.976  -59.290  2.522 0.6000000238
32368  35.749  -59.739  1.783 0.4000000060
32367  37.390  -59.871  1.271 0.5000000000
33467  38.175  -59.827  1.055 0.4000000060
33446  39.791  -58.690  1.379 0.4000000060
141135  38.099  -58.332  2.509 0.5000000000
30044  27.513  -61.604  10.211 0.6000000238
30045  26.583  -61.511  10.372 0.5000000000
28958  25.307  -62.093  10.022 0.5000000000
30062  23.624  -61.653  9.548 0.5000000000
157185  22.413  -62.034  8.837 0.5000000000
28997  21.685  -61.886  8.323 0.5000000000
30099  20.787  -62.273  7.117 0.4000000060
30110  20.623  -61.976  6.421 0.5000000000
29045  20.543  -62.473  4.582 0.4000000060
150217  20.553  -62.917  3.515 0.4000000060
26619  19.212  -64.720  3.176 0.4000000060
31266  34.936  -60.056  1.637 0.6000000238
31283  35.899  -60.538  0.521 0.4000000060
32383  37.794  -60.578  0.362 0.4000000060
33466  39.111  -59.541  1.019 0.4000000060
31159  25.838  -60.941  10.489 0.5000000000
30047  24.992  -61.194  10.241 0.4000000060
154397  23.307  -61.028  9.672 0.4000000060
30083  22.198  -61.265  8.795 0.5000000000
32298  22.075  -59.790  8.018 0.4000000060
31206  21.348  -60.815  7.266 0.5000000000
31217  21.418  -60.404  6.502 0.4000000060
31231  21.734  -60.382  5.143 0.5000000000
30120  21.243  -61.041  5.262 0.5000000000
31247  21.693  -60.987  4.292 0.3000000119
29044  21.229  -62.349  3.168 0.3000000119
29073  21.527  -62.518  1.711 0.3000000119
31297  36.275  -60.655  -0.174 0.4000000060
149190  26.003  -60.174  10.608 0.5000000000
31161  24.405  -60.357  10.245 0.5000000000
31181  23.538  -60.239  9.849 0.4000000060
32265  27.106  -59.267  10.466 0.4000000060
32267  25.477  -59.507  10.635 0.4000000060
33349  24.281  -59.113  10.205 0.4000000060
33368  23.551  -58.391  9.262 0.4000000060
156655  27.087  -58.479  10.827 0.4000000060
33329  25.835  -58.195  10.856 0.4000000060
33367  24.150  -58.461  9.954 0.4000000060
34364  27.826  -57.051  11.301 0.4000000060
34389  24.668  -57.751  10.157 0.4000000060
34407  23.676  -57.811  8.797 0.4000000060
34421  23.652  -57.656  8.024 0.4000000060
34366  26.077  -57.405  10.975 0.4000000060
34386  28.347  -57.742  10.885 0.3000000119
35500  25.646  -56.400  10.435 0.4000000060
157897  24.721  -56.610  8.939 0.4000000060
34431  24.242  -57.147  7.569 0.4000000060
35498  28.753  -56.935  11.127 0.4000000060
34444  24.439  -57.277  6.548 0.4000000060
35555  24.928  -56.667  5.909 0.4000000060
36667  29.623  -55.455  11.322 0.3000000119
36669  27.655  -55.545  11.347 0.4000000060
147422  26.140  -55.914  10.627 0.4000000060
36683  25.810  -55.727  10.029 0.4000000060
35531  25.224  -56.090  8.605 0.4000000060
158614  25.218  -55.998  7.644 0.4000000060
36714  25.692  -55.472  8.200 0.3000000119
146410  34.123  -60.203  3.506 0.6000000238
27720  29.874  -63.539  8.807 0.5000000000
31282  37.068  -60.908  0.025 0.4000000060
31127  33.876  -60.965  11.953 0.6000000238
35527  35.316  -56.190  8.738 0.6999999881
144249  35.382  -56.274  6.900 0.6999999881
39916  40.796  -52.310  6.026 0.5000000000
38906  40.706  -53.575  4.695 0.5000000000
38878  39.273  -53.246  6.640 0.5000000000
38893  39.569  -53.448  5.813 0.4000000060
37832  38.498  -54.473  5.649 0.6000000238
24207  29.714  -67.551  6.088 0.5000000000
31203  34.108  -60.698  7.707 0.6999999881
36769  37.681  -55.718  4.781 0.6000000238
25359  32.363  -66.252  6.663 0.6000000238
32305  34.355  -59.231  7.470 0.6999999881
34442  34.687  -57.857  6.048 0.8000000119
35563  36.034  -56.209  5.302 0.6999999881
26567  27.095  -64.423  7.381 0.4000000060
31214  34.402  -60.621  6.442 0.6000000238
34467  35.883  -57.336  3.852 0.6999999881
35576  35.889  -56.758  4.556 0.6999999881
37863  40.828  -54.809  3.570 0.5000000000
37846  41.089  -54.041  3.935 0.5000000000
35590  36.585  -56.785  4.033 0.6999999881
35574  38.064  -56.223  4.105 0.6000000238
31243  34.297  -60.373  4.591 0.6999999881
33426  34.525  -58.634  4.653 0.6999999881
142748  34.638  -58.559  3.776 0.6999999881
34496  37.362  -58.134  2.775 0.6000000238
36786  38.963  -56.095  3.862 0.6000000238
35604  40.170  -57.244  2.302 0.6000000238
28973  26.764  -63.103  9.694 0.5000000000
27723  26.028  -63.320  9.038 0.5000000000
161481  24.806  -63.156  8.473 0.4000000060
143459  34.396  -59.898  2.557 0.6000000238
33450  35.648  -58.728  2.778 0.6000000238
27811  20.062  -63.244  4.303 0.3000000119
32384  36.785  -60.294  0.905 0.5000000000
32382  38.744  -60.327  0.296 0.4000000060
30084  21.667  -61.044  8.137 0.5000000000
30134  21.163  -61.694  4.413 0.4000000060
29061  20.823  -62.998  2.359 0.4000000060
35482  27.325  -56.356  11.363 0.4000000060
35499  26.240  -56.563  10.981 0.4000000060
25448  39.999  -65.731  -2.708 0.3000000119
163530  41.416  -65.051  -2.700 0.3000000119
166592  41.751  -57.507  7.039 0.4000000060
34439  43.457  -57.437  5.715 0.4000000060
33410  43.161  -58.230  5.414 0.4000000060
33423  43.623  -58.624  4.729 0.4000000060
35538  41.558  -56.262  7.725 0.4000000060
34428  40.449  -57.481  7.748 0.4000000060
35525  40.710  -56.484  8.159 0.4000000060
35526  39.922  -56.193  8.778 0.5000000000
34415  39.136  -57.478  8.661 0.5000000000
163637  38.605  -57.476  9.234 0.5000000000
36733  43.491  -55.694  6.739 0.4000000060
35549  42.855  -56.460  6.820 0.5000000000
34427  41.271  -57.108  7.518 0.5000000000
31174  37.855  -60.061  9.404 0.5000000000
35547  44.288  -55.525  6.169 0.5000000000
35548  43.697  -56.512  6.092 0.5000000000
35562  44.534  -56.243  5.544 0.5000000000
34451  44.188  -57.047  5.329 0.4000000060
34465  44.642  -57.489  4.638 0.4000000060
33436  44.124  -59.014  4.026 0.4000000060
33435  44.853  -58.619  3.624 0.4000000060
31264  44.042  -60.803  2.229 0.3000000119
30170  43.672  -61.615  0.877 0.4000000060
38865  43.127  -53.571  7.628 0.4000000060
38852  41.779  -53.799  8.281 0.4000000060
148339  40.763  -53.992  8.652 0.4000000060
38864  43.902  -53.401  7.279 0.4000000060
36721  42.523  -55.180  7.602 0.4000000060
37789  42.019  -54.530  8.109 0.4000000060
148443  40.544  -55.467  8.654 0.4000000060
36691  40.125  -54.834  8.986 0.5000000000
143823  39.180  -56.055  9.331 0.5000000000
37802  44.299  -54.095  6.880 0.4000000060
36720  43.224  -55.021  7.252 0.4000000060
35537  42.293  -55.982  7.418 0.4000000060
151598  39.075  -55.314  9.375 0.5000000000
35511  38.531  -56.337  9.577 0.5000000000
144569  38.186  -57.899  9.579 0.5000000000
34401  37.641  -57.606  10.156 0.6000000238
34380  36.990  -57.341  10.568 0.6000000238
32263  37.189  -59.106  10.606 0.6000000238
166247  36.625  -55.166  8.881 0.6000000238
36695  36.806  -55.456  9.500 0.6000000238
33323  36.530  -58.438  11.028 0.5000000000
34478  45.117  -57.887  3.923 0.4000000060
33343  35.054  -58.028  11.087 0.5000000000
33445  45.320  -58.899  2.833 0.4000000060
32365  45.071  -59.638  2.377 0.4000000060
31263  44.742  -60.316  1.761 0.4000000060
39873  41.051  -52.951  8.160 0.4000000060
39874  40.325  -52.908  8.024 0.5000000000
37791  39.502  -53.851  8.755 0.5000000000
37792  38.559  -54.205  8.950 0.5000000000
35512  37.932  -56.183  9.845 0.5000000000
37793  37.691  -54.386  8.683 0.5000000000
36680  37.126  -56.019  9.999 0.6000000238
37805  37.462  -54.256  7.742 0.6000000238
36708  37.281  -54.934  9.108 0.6000000238
26673  43.460  -64.716  -2.310 0.3000000119
30191  44.972  -61.771  -0.442 0.3000000119
40893  43.735  -52.095  7.065 0.4000000060
40894  43.017  -51.965  7.220 0.4000000060
40895  42.153  -51.909  7.208 0.4000000060
39872  41.891  -53.125  8.062 0.4000000060
39887  40.732  -52.490  7.527 0.4000000060
38867  39.038  -53.304  7.504 0.5000000000
39888  39.854  -52.784  7.292 0.4000000060
38868  38.253  -53.669  7.660 0.5000000000
34381  36.206  -57.213  10.731 0.6000000238
33324  35.695  -58.575  11.315 0.5000000000
39886  41.611  -52.460  7.672 0.4000000060
35524  41.204  -55.742  8.191 0.4000000060
33361  37.754  -58.464  10.067 0.5000000000
167047  45.110  -61.149  -0.128 0.3000000119
155042  42.642  -53.096  7.789 0.4000000060
153556  40.150  -54.209  8.842 0.5000000000
37777  38.550  -54.976  9.358 0.5000000000
37778  37.970  -54.730  9.239 0.6000000238
149437  28.054  -55.141  1.735 0.3000000119
23017  30.026  -67.990  6.464 0.5000000000
23018  29.044  -68.060  6.885 0.5000000000
23035  28.701  -67.319  5.749 0.5000000000
24118  30.741  -65.949  12.087 0.5000000000
24159  31.510  -66.588  8.468 0.6999999881
24161  29.510  -66.768  9.118 0.5000000000
24184  32.078  -66.867  7.451 0.6000000238
24197  32.251  -66.612  6.928 0.6000000238
24215  27.824  -66.831  5.146 0.4000000060
24305  39.445  -66.116  -1.929 0.3000000119
25291  31.160  -65.405  12.218 0.6000000238
25309  30.608  -65.525  11.699 0.5000000000
25321  29.724  -66.065  10.168 0.6000000238
25357  33.016  -65.657  6.703 0.6999999881
25363  28.168  -65.607  6.479 0.5000000000
25369  29.758  -67.134  5.948 0.5000000000
26480  31.259  -64.744  11.992 0.6000000238
26517  31.257  -64.647  10.470 0.6999999881
26531  28.924  -64.210  8.814 0.5000000000
26545  33.290  -65.122  7.711 0.6999999881
26547  29.565  -65.006  7.855 0.6000000238
26550  27.076  -64.093  8.071 0.4000000060
26563  33.119  -65.690  7.108 0.6999999881
26565  31.430  -65.824  6.779 0.6000000238
26575  33.586  -64.277  5.601 0.8000000119
26576  33.177  -65.012  6.224 0.6999999881
26577  32.809  -64.977  6.123 0.6000000238
26579  26.654  -64.218  6.570 0.4000000060
26674  42.641  -64.482  -2.421 0.3000000119
27694  31.795  -63.558  11.637 0.6000000238
27707  32.084  -63.226  10.254 0.6999999881
27718  32.422  -63.879  9.433 0.6999999881
27721  29.129  -63.636  9.242 0.5000000000
27722  28.378  -63.598  9.389 0.5000000000
27724  25.181  -63.071  9.030 0.4000000060
27738  29.749  -64.406  8.427 0.6000000238
27740  25.453  -63.369  8.394 0.5000000000
27742  23.132  -63.126  8.122 0.5000000000
27756  34.255  -63.924  6.414 0.8000000119
27757  34.105  -64.061  7.089 0.8000000119
27761  25.647  -63.524  7.592 0.4000000060
27772  33.838  -64.477  6.319 0.8999999762
27774  32.393  -64.342  6.356 0.6000000238
27786  34.134  -63.917  5.272 0.8999999762
27787  33.702  -63.983  4.795 0.8000000119
27804  34.167  -63.625  4.487 0.8000000119
27812  19.631  -64.092  3.982 0.3000000119
27822  33.560  -63.968  3.156 0.6999999881
27828  20.228  -63.529  3.041 0.4000000060
27837  33.760  -63.607  2.890 0.8000000119
27838  33.286  -64.075  2.337 0.6999999881
27839  32.722  -64.184  1.806 0.6999999881
27855  32.460  -64.173  1.198 0.6999999881
27871  32.524  -63.563  0.923 0.6000000238
28926  34.078  -62.487  12.330 0.6000000238
28928  32.582  -62.490  11.926 0.6000000238
28954  32.258  -62.513  10.678 0.6999999881
28957  26.207  -62.301  10.108 0.5000000000
28972  27.764  -63.050  9.812 0.5000000000
28975  24.840  -62.500  9.458 0.5000000000
28976  24.022  -62.258  9.236 0.5000000000
28977  23.168  -62.178  9.123 0.5000000000
28990  33.487  -63.327  8.223 0.6999999881
28991  33.024  -62.316  8.997 0.6999999881
28993  29.943  -62.572  8.895 0.5000000000
28995  23.592  -62.684  8.689 0.5000000000
29012  31.026  -62.675  7.715 0.6999999881
29013  21.532  -62.625  8.010 0.5000000000
29021  34.412  -63.396  5.941 0.8000000119
29022  31.848  -62.522  6.318 0.6000000238
29031  32.399  -63.061  5.371 0.8000000119
29032  20.362  -62.514  5.724 0.5000000000
29058  34.158  -62.883  3.457 0.8000000119
29060  31.845  -62.831  2.721 0.6999999881
29071  31.683  -63.283  1.768 0.6999999881
29081  31.583  -63.229  0.952 0.6999999881
29092  32.690  -62.662  0.531 0.5000000000
29094  31.522  -62.736  0.265 0.6999999881
29104  32.737  -61.564  -0.624 0.6000000238
29105  32.130  -62.024  -0.617 0.6000000238
29106  31.507  -62.333  -0.520 0.5000000000
30028  34.768  -60.774  11.903 0.6000000238
30046  25.779  -61.638  10.305 0.5000000000
30057  33.003  -61.421  9.407 0.6999999881
30059  28.261  -61.587  9.934 0.6000000238
30060  27.888  -60.850  10.081 0.6000000238
30061  24.450  -61.821  9.801 0.5000000000
30063  22.863  -61.495  9.295 0.5000000000
30095  33.891  -61.429  7.868 0.8000000119
30097  30.617  -61.603  7.777 0.6000000238
30098  20.967  -61.606  7.112 0.4000000060
30109  21.011  -61.109  6.279 0.5000000000
30121  20.730  -61.745  5.465 0.5000000000
30132  34.373  -62.211  4.096 0.6999999881
30133  31.908  -61.743  4.218 0.6999999881
30163  30.053  -60.927  1.298 0.5000000000
30172  33.662  -61.245  0.313 0.6999999881
30173  33.452  -61.786  1.047 0.6999999881
30184  34.768  -60.544  -0.212 0.6000000238
30185  34.442  -60.758  0.229 0.6999999881
30188  29.930  -60.938  0.761 0.4000000060
30196  32.237  -61.625  -0.797 0.6000000238
30197  31.620  -61.498  -0.795 0.6000000238
30198  30.483  -61.534  -0.324 0.6000000238
30199  30.008  -60.841  0.320 0.5000000000
31142  33.003  -61.229  11.278 0.6000000238
31154  37.413  -60.053  10.133 0.5000000000
31157  33.093  -60.792  10.785 0.6000000238
31160  25.230  -60.300  10.483 0.5000000000
31177  28.645  -60.817  9.452 0.6000000238
31179  27.492  -60.112  10.226 0.5000000000
31180  24.011  -61.077  9.997 0.4000000060
31182  22.718  -60.577  9.270 0.5000000000
31192  33.737  -60.670  8.389 0.6999999881
31196  21.736  -60.369  7.824 0.4000000060
31205  29.771  -60.137  7.912 0.5000000000
31216  30.178  -59.937  7.015 0.4000000060
31228  34.412  -60.528  5.595 0.6999999881
31229  31.479  -61.129  5.712 0.5000000000
31270  30.617  -60.524  2.527 0.5000000000
31272  28.849  -60.076  1.367 0.5000000000
31300  28.413  -60.030  0.824 0.5000000000
31302  45.627  -61.350  -0.127 0.3000000119
31303  44.614  -61.429  -0.215 0.3000000119
31304  37.006  -60.692  -0.167 0.4000000060
31305  35.379  -60.325  -0.338 0.5000000000
31307  33.492  -60.874  -0.535 0.5000000000
31309  30.176  -60.702  -0.049 0.6000000238
32245  36.352  -59.252  11.213 0.5000000000
32246  35.508  -59.342  11.471 0.5000000000
32247  34.794  -59.443  11.502 0.6000000238
32248  33.859  -59.351  10.848 0.6000000238
32266  26.256  -59.438  10.639 0.4000000060
32268  24.721  -59.593  10.411 0.4000000060
32280  37.814  -59.327  9.771 0.5000000000
32282  27.961  -59.511  10.053 0.5000000000
32293  33.888  -59.358  8.693 0.6999999881
32294  29.524  -59.438  8.213 0.5000000000
32306  34.089  -59.928  8.060 0.6999999881
32310  21.689  -59.831  7.097 0.4000000060
32319  34.464  -59.640  6.325 0.6000000238
32321  21.804  -59.845  5.986 0.4000000060
32347  31.032  -59.388  4.046 0.3000000119
32352  44.624  -59.363  3.247 0.4000000060
32364  45.738  -59.162  2.039 0.4000000060
32366  44.385  -60.115  2.789 0.3000000119
32370  30.315  -59.812  2.473 0.4000000060
32372  28.211  -59.554  1.298 0.4000000060
32385  27.862  -59.677  0.984 0.4000000060
32395  39.028  -60.221  -0.048 0.4000000060
32399  36.273  -60.290  -0.411 0.4000000060
32402  33.928  -59.885  -0.779 0.5000000000
32405  29.770  -59.960  0.077 0.6000000238
33325  34.909  -58.793  11.348 0.5000000000
33326  34.350  -59.183  11.248 0.6000000238
33327  27.445  -57.853  11.100 0.4000000060
33328  26.600  -57.949  11.045 0.4000000060
33342  37.158  -58.127  10.597 0.6000000238
33345  33.752  -58.954  10.137 0.6000000238
33347  26.432  -58.704  10.795 0.4000000060
33348  24.983  -58.633  10.549 0.4000000060
33360  38.197  -58.699  9.275 0.5000000000
33366  27.902  -58.616  10.509 0.5000000000
33378  29.511  -58.821  8.480 0.5000000000
33387  34.440  -58.231  7.552 0.6999999881
33422  44.376  -58.257  4.355 0.4000000060
33427  31.179  -58.333  4.174 0.3000000119
33437  35.980  -57.955  3.275 0.6000000238
33447  38.897  -58.514  2.003 0.4000000060
33448  37.520  -59.029  2.107 0.6000000238
33468  27.884  -58.402  1.098 0.5000000000
33475  31.109  -58.433  0.174 0.5000000000
33477  27.910  -58.923  0.867 0.5000000000
33484  33.519  -58.405  -0.189 0.5000000000
33488  29.222  -58.432  0.427 0.6000000238
33489  28.700  -59.010  0.546 0.5000000000
34363  35.876  -57.830  11.070 0.5000000000
34365  26.876  -57.094  11.259 0.4000000060
34383  34.629  -57.689  10.374 0.6999999881
34385  29.223  -57.507  10.509 0.4000000060
34387  25.675  -57.006  10.707 0.4000000060
34388  25.379  -57.664  10.629 0.4000000060
34400  38.851  -56.845  9.262 0.5000000000
34404  30.245  -57.494  9.233 0.4000000060
34406  24.075  -57.752  9.457 0.4000000060
34414  39.889  -57.048  8.370 0.5000000000
34416  38.606  -58.112  8.873 0.5000000000
34417  34.513  -57.565  8.361 0.6999999881
34419  29.818  -58.166  8.832 0.5000000000
34420  24.181  -57.195  8.667 0.4000000060
34464  45.376  -57.128  4.180 0.4000000060
34466  43.925  -57.869  5.068 0.4000000060
34468  35.206  -57.405  4.556 0.6999999881
34497  29.032  -58.154  1.747 0.4000000060
35481  28.219  -56.234  11.424 0.4000000060
35492  37.435  -56.781  10.173 0.6000000238
35493  36.622  -56.612  10.369 0.6000000238
35494  35.761  -56.642  10.297 0.6999999881
35495  31.198  -56.083  9.946 0.4000000060
35497  29.652  -56.778  10.802 0.4000000060
35501  25.148  -57.026  10.265 0.4000000060
35513  36.218  -55.975  9.915 0.6000000238
35514  35.456  -56.286  9.570 0.6999999881
35515  34.860  -56.807  9.098 0.6999999881
35517  25.223  -56.345  9.618 0.4000000060
35518  24.612  -57.087  9.574 0.4000000060
35529  31.295  -56.432  9.085 0.4000000060
35532  24.693  -56.566  8.077 0.4000000060
35540  31.658  -56.496  7.657 0.4000000060
35542  24.742  -56.565  7.047 0.4000000060
35550  42.060  -56.809  7.249 0.4000000060
35553  31.871  -56.846  6.144 0.4000000060
35554  25.084  -55.967  6.700 0.4000000060
35564  35.467  -56.797  5.144 0.8000000119
35566  32.103  -56.577  5.173 0.4000000060
35587  39.550  -56.675  3.242 0.6000000238
35605  39.306  -57.327  2.908 0.6000000238
35613  28.535  -56.891  1.305 0.5000000000
35620  29.094  -56.972  0.706 0.5000000000
35631  28.567  -57.594  0.714 0.4000000060
36665  31.273  -55.401  10.371 0.4000000060
36666  30.730  -55.783  10.666 0.4000000060
36670  26.758  -55.805  11.101 0.4000000060
36692  39.728  -55.395  9.127 0.5000000000
36693  38.505  -55.690  9.560 0.5000000000
36694  37.752  -55.419  9.572 0.6000000238
36699  25.703  -55.613  9.163 0.4000000060
36706  41.831  -55.457  7.925 0.4000000060
36707  41.308  -55.012  8.425 0.4000000060
36709  36.279  -55.282  8.218 0.6999999881
36713  26.258  -54.959  8.743 0.3000000119
36722  36.339  -55.288  7.371 0.6999999881
36723  35.758  -55.698  7.603 0.6999999881
36734  42.892  -55.680  7.182 0.4000000060
36737  35.914  -55.661  6.919 0.6999999881
36751  37.344  -55.335  5.494 0.6000000238
36753  32.551  -55.262  5.718 0.4000000060
36766  40.090  -55.093  3.921 0.5000000000
36800  28.465  -55.602  1.860 0.4000000060
36818  28.765  -56.473  1.170 0.4000000060
37776  39.393  -54.637  9.150 0.5000000000
37790  41.313  -54.230  8.491 0.4000000060
37794  36.991  -54.773  8.410 0.6000000238
37803  43.580  -54.232  7.315 0.4000000060
37804  42.823  -54.375  7.670 0.4000000060
37806  36.782  -54.866  7.775 0.6999999881
37807  32.636  -54.452  7.814 0.3000000119
37817  43.909  -54.887  6.816 0.4000000060
37818  38.147  -54.119  6.395 0.6000000238
37833  37.755  -54.720  5.926 0.6000000238
37834  32.650  -54.624  6.078 0.4000000060
37835  32.448  -54.552  5.117 0.4000000060
37847  40.406  -54.363  4.318 0.5000000000
37852  30.176  -53.790  3.578 0.4000000060
37877  27.977  -54.802  2.086 0.3000000119
38853  41.200  -53.578  8.384 0.4000000060
38854  40.394  -53.523  8.470 0.4000000060
38855  39.642  -53.251  8.145 0.5000000000
38856  38.084  -53.881  8.328 0.5000000000
38866  42.395  -53.721  7.977 0.4000000060
38876  44.700  -53.283  6.876 0.4000000060
38879  38.524  -53.593  6.895 0.6000000238
38892  40.316  -53.085  5.480 0.5000000000
38895  32.451  -53.405  6.110 0.3000000119
38939  27.036  -53.324  1.945 0.4000000060
38961  27.709  -53.865  1.539 0.4000000060
39883  44.212  -52.594  7.078 0.4000000060
39884  43.312  -52.705  7.449 0.4000000060
39885  42.447  -52.535  7.586 0.4000000060
39900  40.473  -52.393  6.803 0.4000000060
39934  28.342  -52.113  3.816 0.4000000060
39948  27.204  -52.619  2.720 0.3000000119
39957  26.898  -52.553  2.182 0.4000000060
40908  42.691  -51.512  6.537 0.4000000060
40987  27.042  -52.181  1.891 0.4000000060
140938  30.702  -58.064  6.709 0.4000000060
141040  31.356  -62.395  2.107 0.6999999881
142384  44.306  -61.037  0.971 0.4000000060
142536  30.696  -59.674  6.037 0.4000000060
142964  40.705  -54.606  8.710 0.4000000060
143101  36.614  -59.395  2.039 0.6000000238
143153  42.409  -57.334  6.686 0.4000000060
143567  43.059  -57.137  6.309 0.5000000000
143589  30.690  -67.700  7.374 0.5000000000
143752  22.435  -60.329  4.222 0.3000000119
144176  31.461  -56.795  3.709 0.4000000060
145348  33.320  -60.486  -0.778 0.5000000000
145484  32.009  -66.586  6.660 0.6000000238
145807  39.401  -56.726  8.888 0.5000000000
148217  28.583  -57.249  1.402 0.4000000060
149568  28.104  -57.995  0.899 0.5000000000
149864  38.188  -57.015  9.733 0.5000000000
150400  38.814  -53.597  8.296 0.5000000000
150411  21.412  -60.534  5.846 0.4000000060
150441  31.455  -56.984  6.985 0.4000000060
150665  34.455  -62.757  4.717 0.8000000119
150870  29.173  -56.159  11.286 0.3000000119
151247  32.918  -61.045  10.100 0.5000000000
151535  31.047  -67.657  6.524 0.6000000238
151638  28.918  -66.435  6.002 0.5000000000
152214  31.648  -55.850  9.266 0.4000000060
152450  31.563  -65.007  6.995 0.6000000238
152601  28.105  -54.132  2.552 0.3000000119
153016  32.456  -62.228  11.326 0.6000000238
153506  34.377  -62.349  6.468 0.8000000119
153576  31.916  -56.110  4.097 0.3000000119
153863  29.569  -59.119  0.300 0.5000000000
154072  26.709  -50.846  2.437 0.4000000060
154222  33.343  -63.917  4.493 0.8000000119
154297  32.716  -65.714  6.536 0.6999999881
155286  30.800  -56.991  3.044 0.4000000060
156043  31.409  -63.999  11.162 0.6999999881
156077  32.089  -52.852  5.824 0.3000000119
156183  34.842  -60.137  -0.610 0.6000000238
156455  21.159  -62.117  7.674 0.4000000060
157251  32.518  -55.113  7.407 0.4000000060
157457  38.334  -59.015  1.779 0.5000000000
157540  30.875  -54.969  10.924 0.4000000060
158218  32.126  -62.506  3.596 0.6999999881
158297  27.673  -54.499  1.865 0.4000000060
158371  21.341  -61.499  7.733 0.5000000000
158403  31.104  -61.921  -0.735 0.6000000238
158541  33.007  -63.968  5.081 0.8000000119
158762  33.948  -61.517  3.305 0.6000000238
160207  34.718  -58.010  4.268 0.6999999881
160374  27.422  -64.881  6.885 0.4000000060
160530  33.545  -59.623  10.338 0.6000000238
160774  30.681  -59.101  5.893 0.4000000060
161249  30.052  -60.935  8.079 0.4000000060
161371  30.348  -66.049  6.817 0.6000000238
161421  44.879  -55.596  5.602 0.5000000000
161686  22.070  -62.497  8.431 0.5000000000
162585  28.694  -62.243  9.744 0.6999999881
163638  24.072  -59.698  10.152 0.4000000060
164160  32.685  -54.014  8.496 0.3000000119
164719  33.923  -60.596  2.721 0.6000000238
165007  36.853  -55.854  5.028 0.6999999881
165045  21.706  -61.641  3.471 0.3000000119
165874  26.772  -56.443  11.246 0.4000000060
165999  30.422  -59.823  6.518 0.4000000060
166137  34.166  -59.294  8.142 0.6999999881
166845  33.391  -59.935  -0.806 0.5000000000
166875  31.372  -67.703  6.902 0.6000000238
167095  36.500  -56.361  4.652 0.6999999881
167363  25.773  -58.890  10.741 0.4000000060
167506  36.570  -57.784  10.840 0.6000000238
167795  30.934  -57.520  7.072 0.4000000060
168454  30.343  -57.383  2.684 0.4000000060
168504  33.828  -63.727  7.638 0.6999999881
168928  30.297  -55.446  11.099 0.4000000060
169333  34.588  -57.637  7.575 0.6999999881
169346  26.916  -63.643  8.874 0.5000000000
169460  26.464  -60.714  10.510 0.5000000000
