#!ascii label  , from subject sub-v1s2x0051467_ses-1 vox2ras=TkReg
955
18451  -45.474  -79.513  2.493 0.5000000000
18498  -44.040  -79.974  1.690 0.8000000119
173556  -42.046  -78.147  0.627 0.8000000119
19676  -42.727  -79.053  1.389 0.8000000119
19650  -43.182  -78.709  1.635 0.8000000119
17263  -45.943  -80.921  2.751 0.5000000000
18473  -44.681  -79.702  2.014 0.5000000000
19651  -43.964  -79.204  1.888 0.6000000238
20854  -41.326  -77.345  0.567 0.6999999881
20847  -41.800  -77.555  0.445 0.6999999881
20834  -43.119  -77.788  1.806 0.8000000119
173115  -43.934  -77.770  2.509 0.6999999881
17234  -46.422  -80.530  3.833 0.6000000238
157752  -46.076  -80.119  2.749 0.5000000000
18452  -46.151  -79.033  2.866 0.6000000238
175726  -38.998  -77.378  0.708 0.6999999881
19624  -45.451  -78.600  2.638 0.6000000238
19625  -45.941  -78.256  2.797 0.6000000238
21994  -40.170  -76.659  0.810 0.6999999881
22001  -40.444  -77.256  0.712 0.6999999881
20833  -42.360  -77.298  0.966 0.6999999881
160709  -44.722  -78.143  2.568 0.6000000238
20822  -45.600  -77.680  2.779 0.6000000238
21980  -42.923  -76.793  1.830 0.8000000119
21981  -43.703  -77.054  2.570 0.8000000119
20821  -44.696  -77.317  2.709 0.6999999881
18382  -46.169  -79.567  4.696 0.4000000060
149555  -46.440  -78.921  3.562 0.6000000238
23075  -38.093  -76.011  0.608 0.6999999881
21970  -46.061  -76.916  2.968 0.6000000238
163931  -39.178  -76.291  0.750 0.6999999881
170153  -40.928  -76.983  0.752 0.6999999881
22003  -41.851  -77.087  0.473 0.6999999881
173618  -42.009  -76.996  0.528 0.6999999881
21979  -42.286  -76.529  1.115 0.6000000238
21968  -44.526  -76.429  2.751 0.6999999881
24142  -44.496  -74.625  2.564 0.5000000000
23078  -41.726  -75.896  1.083 0.6000000238
23059  -42.186  -75.658  1.468 0.6000000238
23060  -42.811  -75.889  1.986 0.6000000238
24141  -43.634  -74.339  2.347 0.6000000238
24158  -42.838  -74.961  2.154 0.6000000238
25357  -43.687  -73.470  1.905 0.5000000000
149592  -45.757  -79.021  5.064 0.4000000060
149266  -46.300  -78.855  4.398 0.5000000000
23074  -37.019  -75.825  0.511 0.6999999881
149470  -46.334  -78.039  3.822 0.6000000238
169995  -46.236  -77.353  3.487 0.6000000238
23076  -39.930  -75.569  1.003 0.6999999881
150979  -45.926  -75.743  2.846 0.6000000238
152155  -40.832  -75.285  1.187 0.6999999881
23061  -45.336  -74.508  2.571 0.6000000238
163850  -41.409  -75.138  1.376 0.6999999881
163029  -41.834  -75.116  1.521 0.6000000238
25347  -44.332  -73.888  2.248 0.5000000000
25359  -45.443  -73.417  2.381 0.5000000000
25356  -42.710  -73.707  1.789 0.5000000000
172878  -34.681  -74.500  0.073 0.6000000238
26561  -35.177  -73.471  0.609 0.6000000238
169498  -44.812  -79.341  5.535 0.5000000000
169643  -44.963  -78.454  5.333 0.5000000000
23085  -35.969  -74.385  0.333 0.6999999881
23073  -36.161  -75.475  0.317 0.6999999881
148559  -45.936  -78.041  4.726 0.5000000000
169644  -45.797  -77.285  4.574 0.5000000000
169623  -44.390  -76.307  4.674 0.4000000060
180704  -38.199  -75.233  0.794 0.6999999881
169540  -45.553  -76.101  4.327 0.5000000000
157321  -38.840  -75.386  0.884 0.6999999881
153208  -39.269  -74.519  1.093 0.6999999881
169998  -45.811  -75.371  4.063 0.5000000000
152926  -40.183  -74.427  1.275 0.6999999881
24174  -40.983  -74.269  1.426 0.6000000238
24124  -46.196  -74.353  2.990 0.5000000000
24175  -41.785  -74.169  1.713 0.6000000238
25336  -46.103  -73.648  2.936 0.5000000000
25369  -41.335  -73.329  1.449 0.5000000000
25370  -42.200  -73.175  1.501 0.5000000000
26539  -43.107  -72.878  1.387 0.5000000000
26542  -45.333  -72.745  2.186 0.5000000000
26540  -44.127  -72.378  1.429 0.5000000000
27767  -45.255  -72.022  2.067 0.3000000119
169645  -43.130  -77.005  5.457 0.3000000119
25374  -33.834  -73.543  0.488 0.6000000238
25375  -34.605  -73.802  0.317 0.6000000238
175583  -43.434  -77.617  5.652 0.4000000060
169425  -43.553  -76.483  5.039 0.4000000060
25364  -36.491  -73.476  0.723 0.6000000238
169381  -44.818  -75.505  4.388 0.5000000000
25365  -37.609  -73.841  0.901 0.6999999881
24173  -38.362  -74.591  0.923 0.6999999881
25316  -45.504  -74.004  3.846 0.5000000000
26513  -45.581  -73.269  3.514 0.5000000000
25368  -40.486  -73.427  1.326 0.5000000000
26512  -45.103  -72.630  3.501 0.4000000060
26534  -45.500  -72.664  2.578 0.3000000119
27751  -44.934  -71.296  2.738 0.4000000060
27774  -43.995  -71.574  1.012 0.5000000000
27775  -44.711  -71.514  1.261 0.4000000060
26559  -33.152  -73.143  0.828 0.6000000238
164595  -33.989  -73.014  1.135 0.6000000238
26560  -34.625  -73.296  0.786 0.6000000238
26549  -35.743  -72.670  1.327 0.6000000238
26550  -36.433  -72.531  1.069 0.6000000238
24091  -43.241  -74.787  4.629 0.3000000119
25293  -44.805  -74.184  4.246 0.4000000060
160553  -37.250  -72.697  0.988 0.6000000238
25292  -43.932  -74.083  4.346 0.3000000119
156654  -38.067  -72.936  1.047 0.6000000238
26510  -43.139  -72.581  3.985 0.3000000119
25315  -44.739  -73.409  4.033 0.3000000119
155831  -38.929  -72.559  1.119 0.6000000238
27736  -43.633  -71.892  3.660 0.3000000119
26511  -44.117  -72.629  3.805 0.3000000119
162962  -39.530  -71.774  1.100 0.5000000000
25367  -39.583  -73.522  1.189 0.5000000000
29016  -43.806  -70.374  3.274 0.3000000119
27737  -44.557  -71.931  3.372 0.3000000119
26552  -40.920  -72.509  1.132 0.5000000000
26553  -41.823  -72.508  1.149 0.5000000000
29031  -44.820  -70.425  2.214 0.3000000119
27789  -40.436  -71.528  0.962 0.5000000000
27792  -44.289  -70.854  1.041 0.4000000060
29041  -44.884  -70.279  1.631 0.3000000119
26547  -33.252  -72.597  1.633 0.5000000000
26538  -34.119  -72.517  2.004 0.6000000238
27783  -34.899  -72.380  2.199 0.5000000000
27773  -37.097  -71.390  1.825 0.5000000000
29007  -42.050  -70.350  4.127 0.3000000119
26551  -37.998  -72.049  1.126 0.6000000238
31638  -41.943  -69.035  3.961 0.3000000119
29015  -42.858  -70.347  3.694 0.3000000119
155830  -39.977  -72.559  1.126 0.5000000000
27790  -41.179  -70.819  0.895 0.5000000000
27791  -43.209  -71.087  0.836 0.4000000060
29054  -42.595  -70.201  0.962 0.4000000060
27769  -33.376  -71.930  2.463 0.5000000000
27770  -34.377  -71.790  2.760 0.5000000000
27771  -35.382  -71.861  2.585 0.5000000000
27784  -35.664  -72.341  1.860 0.5000000000
27772  -36.303  -71.709  2.203 0.5000000000
30298  -40.939  -69.632  4.605 0.3000000119
30299  -41.656  -69.640  4.232 0.3000000119
27786  -37.228  -71.809  1.371 0.6000000238
27787  -38.094  -71.183  1.433 0.6000000238
164895  -38.786  -71.461  1.238 0.5000000000
169108  -40.395  -70.595  0.931 0.5000000000
30330  -44.213  -69.620  1.752 0.4000000060
30347  -43.001  -69.054  1.288 0.4000000060
29037  -34.395  -70.879  3.156 0.5000000000
27765  -35.029  -71.239  3.070 0.5000000000
29038  -35.885  -71.118  3.015 0.5000000000
168224  -40.155  -69.686  5.073 0.4000000060
32948  -40.016  -68.046  4.908 0.4000000060
29040  -37.819  -70.497  2.034 0.5000000000
31636  -40.555  -68.860  4.771 0.4000000060
32961  -40.892  -68.084  4.400 0.3000000119
31648  -41.814  -68.196  3.815 0.3000000119
29049  -38.502  -70.434  1.561 0.5000000000
171586  -38.814  -70.720  1.370 0.4000000060
29050  -39.300  -70.159  1.263 0.4000000060
166029  -42.432  -68.815  1.170 0.4000000060
30325  -34.020  -69.974  3.115 0.5000000000
30326  -34.835  -69.232  3.371 0.5000000000
30317  -35.726  -69.485  3.639 0.5000000000
31622  -39.403  -68.458  5.413 0.4000000060
29039  -36.808  -70.821  2.590 0.5000000000
29030  -36.313  -70.198  3.422 0.4000000060
32960  -39.731  -67.224  4.847 0.4000000060
152630  -40.402  -67.268  4.475 0.4000000060
30327  -37.268  -69.825  2.877 0.4000000060
34211  -41.229  -67.259  3.967 0.4000000060
30340  -39.228  -69.730  1.490 0.4000000060
30341  -39.713  -69.660  1.258 0.4000000060
30343  -40.076  -69.367  1.236 0.4000000060
29052  -40.853  -70.085  0.972 0.4000000060
30344  -40.443  -69.048  1.293 0.4000000060
177135  -41.990  -68.413  1.106 0.4000000060
31680  -43.385  -67.968  1.460 0.4000000060
33009  -42.709  -67.701  1.229 0.4000000060
173484  -34.055  -69.019  3.081 0.5000000000
34175  -38.137  -66.489  6.072 0.4000000060
34192  -38.723  -66.841  5.572 0.4000000060
31665  -35.721  -68.449  3.506 0.5000000000
176813  -36.754  -68.247  3.362 0.4000000060
30328  -38.207  -69.376  2.402 0.4000000060
35387  -40.019  -65.743  4.244 0.4000000060
30329  -39.045  -69.057  1.906 0.4000000060
31677  -39.797  -68.947  1.420 0.4000000060
166528  -43.332  -67.011  1.841 0.3000000119
163201  -41.425  -68.403  1.201 0.4000000060
31664  -34.663  -68.329  3.188 0.4000000060
31676  -35.337  -67.636  3.233 0.5000000000
32985  -36.356  -67.387  3.216 0.4000000060
35385  -38.663  -65.116  4.867 0.4000000060
32986  -37.200  -66.933  2.874 0.4000000060
31666  -37.502  -68.742  2.983 0.4000000060
32987  -38.096  -67.152  2.651 0.4000000060
161565  -38.493  -68.214  2.523 0.4000000060
31667  -39.440  -68.184  1.821 0.4000000060
31678  -40.251  -68.308  1.362 0.4000000060
31683  -40.692  -68.463  1.299 0.4000000060
34233  -42.939  -66.616  1.456 0.4000000060
33007  -41.789  -67.872  1.122 0.4000000060
34252  -42.394  -66.985  1.162 0.4000000060
33000  -35.580  -66.877  2.993 0.4000000060
33001  -36.513  -66.504  2.752 0.4000000060
34231  -37.502  -66.337  2.473 0.4000000060
32988  -38.966  -67.361  2.111 0.4000000060
33002  -39.742  -67.452  1.595 0.4000000060
34226  -43.125  -66.510  1.591 0.4000000060
178229  -39.954  -66.922  1.433 0.4000000060
162175  -40.818  -67.259  1.309 0.4000000060
34247  -40.432  -66.761  1.325 0.4000000060
166191  -41.789  -65.793  1.069 0.4000000060
35424  -36.212  -65.313  2.167 0.4000000060
155527  -36.720  -65.857  2.339 0.4000000060
171931  -37.384  -65.789  2.174 0.4000000060
36626  -38.290  -65.020  1.712 0.4000000060
34232  -38.446  -66.640  2.276 0.4000000060
152198  -38.779  -65.775  1.825 0.4000000060
34245  -39.198  -66.606  1.826 0.4000000060
34246  -39.813  -66.143  1.437 0.4000000060
35428  -40.247  -65.403  1.238 0.4000000060
35430  -42.617  -65.052  0.996 0.3000000119
35431  -41.611  -65.257  0.856 0.4000000060
156845  -42.147  -66.034  1.097 0.4000000060
162056  -36.598  -64.695  1.878 0.4000000060
37888  -36.763  -63.385  1.762 0.4000000060
36625  -37.359  -64.817  1.747 0.4000000060
37889  -37.907  -64.137  1.567 0.4000000060
36628  -39.790  -64.644  1.273 0.4000000060
165075  -40.091  -63.935  0.967 0.4000000060
36606  -42.529  -64.338  1.949 0.4000000060
35412  -42.723  -65.031  1.271 0.3000000119
36630  -41.354  -64.632  0.675 0.4000000060
35432  -42.010  -65.157  0.728 0.5000000000
36631  -42.694  -64.196  0.673 0.4000000060
165493  -41.663  -64.007  0.432 0.5000000000
171654  -36.681  -62.843  1.818 0.4000000060
39155  -37.211  -62.687  1.576 0.4000000060
164074  -37.008  -64.076  1.701 0.4000000060
177047  -37.590  -62.939  1.455 0.4000000060
37893  -40.972  -63.852  0.564 0.4000000060
37897  -42.278  -63.624  0.295 0.5000000000
40409  -36.440  -62.023  2.110 0.4000000060
40414  -36.951  -62.080  1.646 0.4000000060
40415  -37.576  -61.822  1.273 0.4000000060
37896  -41.602  -63.331  0.269 0.4000000060
176738  -42.943  -62.486  -0.054 0.5000000000
41593  -36.459  -61.166  2.294 0.4000000060
41603  -36.953  -61.280  1.619 0.4000000060
167731  -37.420  -60.624  1.324 0.4000000060
40423  -42.762  -61.773  -0.133 0.5000000000
43765  -36.665  -58.432  3.073 0.4000000060
42696  -36.550  -60.139  2.610 0.4000000060
167033  -36.814  -59.188  2.570 0.4000000060
42706  -37.044  -60.443  1.708 0.4000000060
166060  -37.220  -59.484  1.863 0.4000000060
43792  -37.601  -58.797  1.389 0.5000000000
42689  -36.311  -59.390  3.379 0.4000000060
168767  -41.495  -71.698  0.909 0.5000000000
165227  -42.121  -70.962  0.855 0.5000000000
29055  -43.499  -70.070  1.119 0.4000000060
17276  -45.315  -80.958  1.944 0.5000000000
18495  -42.356  -79.222  1.280 0.8000000119
19675  -41.744  -78.435  0.742 0.8000000119
19674  -40.560  -78.056  0.655 0.6999999881
16092  -46.206  -81.342  3.644 0.5000000000
20845  -39.827  -77.649  0.666 0.6999999881
16079  -45.759  -81.818  4.428 0.5000000000
20844  -38.134  -77.409  0.744 0.6999999881
17213  -45.518  -80.031  5.124 0.4000000060
16080  -46.195  -81.190  4.260 0.4000000060
23084  -35.242  -75.187  0.027 0.6999999881
17212  -44.560  -80.153  5.638 0.4000000060
149025  -44.066  -78.825  5.863 0.4000000060
23071  -33.874  -75.750  0.630 0.6000000238
169497  -42.744  -77.576  5.996 0.4000000060
25373  -32.934  -73.546  0.399 0.6000000238
26546  -32.480  -72.617  1.220 0.5000000000
27782  -32.558  -71.943  2.013 0.5000000000
29036  -33.619  -70.992  2.910 0.5000000000
30324  -33.217  -70.203  2.691 0.4000000060
31675  -33.785  -68.410  2.784 0.4000000060
153359  -34.072  -66.812  2.568 0.4000000060
32999  -34.546  -67.459  2.922 0.4000000060
34242  -34.688  -66.052  2.499 0.4000000060
35423  -35.281  -65.351  2.335 0.4000000060
36624  -35.775  -64.595  2.099 0.4000000060
37880  -36.145  -63.410  1.959 0.4000000060
39135  -35.750  -62.673  2.413 0.4000000060
40400  -35.698  -61.884  2.817 0.4000000060
168829  -36.353  -57.978  3.809 0.4000000060
173486  -43.429  -79.419  1.675 0.8000000119
20849  -42.398  -78.074  0.980 0.8000000119
18429  -46.377  -79.824  3.313 0.5000000000
19689  -41.421  -77.862  0.496 0.6999999881
21995  -41.685  -76.518  0.730 0.6999999881
19603  -46.281  -78.262  3.051 0.6000000238
162665  -45.215  -75.861  2.747 0.6999999881
21967  -43.578  -76.165  2.599 0.6999999881
169974  -46.126  -76.001  3.831 0.6000000238
23048  -45.291  -75.163  2.696 0.6000000238
23046  -43.573  -75.216  2.589 0.6000000238
24171  -36.837  -74.656  0.597 0.6999999881
149076  -46.127  -75.431  3.494 0.5000000000
25376  -35.712  -73.642  0.522 0.6000000238
149010  -44.103  -77.994  5.531 0.5000000000
169625  -45.008  -77.621  5.011 0.5000000000
149031  -43.606  -75.675  4.752 0.3000000119
26555  -43.278  -72.080  0.936 0.5000000000
27785  -36.441  -72.089  1.546 0.6000000238
27788  -39.583  -70.818  1.089 0.5000000000
168707  -42.440  -71.835  0.850 0.5000000000
29058  -41.349  -69.541  1.115 0.4000000060
29051  -40.018  -69.975  0.999 0.4000000060
31681  -43.801  -68.727  1.658 0.4000000060
33006  -41.135  -67.816  1.247 0.4000000060
156402  -39.993  -68.106  1.416 0.4000000060
34243  -35.747  -66.063  2.551 0.4000000060
34248  -40.985  -66.460  1.273 0.4000000060
42709  -37.655  -59.706  1.244 0.4000000060
18541  -34.630  -79.353  -3.543 0.4000000060
17340  -35.096  -79.994  -4.104 0.4000000060
17341  -36.221  -80.433  -3.679 0.4000000060
16174  -36.807  -81.970  -3.197 0.4000000060
18532  -35.578  -79.285  -3.002 0.4000000060
17326  -36.451  -80.422  -3.122 0.4000000060
17342  -36.595  -81.097  -3.406 0.4000000060
17327  -36.987  -81.000  -2.597 0.4000000060
15022  -38.431  -82.238  -2.060 0.5000000000
18523  -35.659  -79.444  -2.404 0.4000000060
18533  -36.120  -79.845  -2.724 0.4000000060
17318  -37.441  -80.924  -1.820 0.5000000000
17328  -37.768  -81.399  -2.025 0.5000000000
17320  -39.359  -81.151  -1.295 0.6000000238
178288  -35.235  -79.486  -1.104 0.4000000060
18514  -35.732  -79.754  -0.935 0.4000000060
18515  -36.623  -80.072  -0.638 0.4000000060
16162  -38.746  -81.580  -1.675 0.5000000000
16067  -45.749  -81.030  4.865 0.3000000119
16053  -44.242  -80.747  5.657 0.4000000060
148554  -43.316  -79.272  6.506 0.3000000119
15009  -39.459  -82.015  -1.617 0.5000000000
13894  -44.943  -83.019  2.512 0.5000000000
13856  -45.539  -82.548  3.839 0.4000000060
18467  -35.564  -79.701  1.469 0.4000000060
18517  -37.904  -80.731  -1.097 0.5000000000
17319  -38.422  -81.153  -1.511 0.5000000000
18491  -35.733  -79.809  0.619 0.4000000060
163003  -35.929  -79.847  -0.147 0.4000000060
178390  -39.621  -81.391  -1.387 0.6000000238
15010  -40.486  -82.305  -1.318 0.6000000238
15011  -41.389  -82.358  -0.982 0.6999999881
13895  -45.368  -82.529  2.470 0.5000000000
13947  -41.131  -83.195  -1.161 0.6999999881
12863  -42.366  -83.952  -0.358 0.6999999881
13908  -44.597  -83.213  1.745 0.6999999881
13948  -41.841  -83.111  -0.811 0.6999999881
13925  -42.536  -83.068  -0.497 0.6999999881
18494  -38.196  -80.457  -0.234 0.5000000000
17305  -38.877  -80.859  -0.908 0.6000000238
17306  -39.872  -80.796  -0.838 0.6000000238
17307  -40.671  -80.970  -0.811 0.6000000238
18469  -37.129  -79.969  1.168 0.4000000060
170240  -37.230  -79.976  0.611 0.5000000000
150532  -39.299  -80.619  -0.132 0.6000000238
17321  -40.159  -81.059  -1.211 0.6000000238
16141  -41.145  -81.406  -0.675 0.6000000238
14995  -41.665  -81.843  -0.569 0.6000000238
169490  -43.266  -78.318  6.130 0.3000000119
16155  -40.980  -81.586  -1.108 0.6000000238
14996  -42.091  -82.413  -0.591 0.6999999881
14980  -44.682  -82.672  1.362 0.6000000238
16116  -45.622  -82.015  2.529 0.5000000000
160748  -37.608  -80.484  2.542 0.6000000238
163581  -38.222  -80.723  2.320 0.6000000238
17273  -38.658  -80.733  1.586 0.6999999881
150514  -39.511  -80.914  0.890 0.6000000238
17288  -40.418  -80.895  0.069 0.6000000238
152128  -42.133  -81.621  -0.091 0.6000000238
17271  -37.008  -80.053  2.024 0.5000000000
17287  -38.700  -80.506  0.569 0.6000000238
16142  -42.454  -81.936  -0.261 0.6000000238
16143  -43.079  -82.013  -0.065 0.6999999881
14978  -43.603  -82.287  0.460 0.6999999881
14997  -43.178  -82.640  -0.095 0.6999999881
173092  -45.277  -81.598  1.850 0.6000000238
14979  -44.281  -82.460  0.910 0.6999999881
17245  -38.817  -81.179  3.476 0.6000000238
152469  -39.894  -81.733  2.852 0.6999999881
171296  -40.556  -81.851  2.984 0.6999999881
17259  -39.689  -81.431  2.000 0.6999999881
16125  -41.195  -81.560  1.061 0.6000000238
17275  -44.666  -80.525  1.792 0.5000000000
16127  -43.445  -81.878  0.690 0.6999999881
16114  -44.722  -81.343  1.597 0.6000000238
18449  -41.679  -80.436  2.873 0.6999999881
18472  -42.809  -80.496  1.861 0.6999999881
16090  -40.839  -81.505  3.363 0.6999999881
16101  -41.995  -81.719  2.516 0.6000000238
17274  -43.165  -81.322  1.674 0.5000000000
16112  -40.718  -81.883  2.267 0.6999999881
16113  -41.747  -82.009  2.006 0.6000000238
16126  -42.970  -81.675  0.793 0.6999999881
17291  -44.068  -81.017  1.457 0.5000000000
166343  -42.087  -81.686  0.804 0.6000000238
18471  -42.119  -79.967  1.920 0.6999999881
19649  -41.454  -79.120  1.162 0.6999999881
18497  -43.532  -80.087  1.647 0.6000000238
18496  -43.151  -80.148  1.681 0.6999999881
13867  -45.468  -82.824  3.259 0.5000000000
18542  -35.413  -79.526  -3.542 0.4000000060
162040  -37.926  -81.836  -2.157 0.4000000060
170660  -34.985  -79.580  -0.280 0.4000000060
18524  -36.192  -79.914  -1.758 0.4000000060
164719  -37.333  -80.085  0.040 0.4000000060
18492  -36.622  -79.908  0.433 0.4000000060
12865  -43.495  -83.865  0.660 0.6999999881
14998  -43.810  -83.033  0.481 0.6999999881
17289  -41.339  -81.294  -0.096 0.6000000238
17272  -37.719  -80.368  1.742 0.6999999881
16124  -40.325  -81.427  1.307 0.6000000238
16091  -41.568  -81.548  3.023 0.6999999881
16102  -42.539  -81.759  1.784 0.6000000238
18450  -42.399  -80.801  2.477 0.6000000238
16089  -39.939  -81.526  3.455 0.5000000000
17256  -36.974  -80.286  2.926 0.4000000060
17244  -38.094  -80.883  3.808 0.5000000000
18404  -40.410  -80.196  4.047 0.6000000238
18426  -36.282  -80.067  3.391 0.4000000060
17242  -36.274  -80.479  4.303 0.5000000000
17243  -37.151  -80.751  3.936 0.5000000000
165533  -38.739  -81.033  4.083 0.5000000000
17232  -39.555  -80.723  4.381 0.5000000000
18403  -39.790  -79.988  4.499 0.5000000000
16077  -39.403  -81.150  4.043 0.5000000000
18428  -40.920  -80.266  3.559 0.6000000238
18448  -40.811  -79.704  2.907 0.5000000000
18427  -40.110  -79.633  3.715 0.5000000000
18447  -39.779  -79.170  2.589 0.6999999881
19602  -39.327  -79.111  3.460 0.6000000238
19647  -39.152  -78.632  1.629 0.6000000238
17228  -36.137  -80.782  5.178 0.5000000000
17209  -37.512  -80.633  5.517 0.5000000000
17210  -38.574  -80.274  5.224 0.5000000000
18381  -38.963  -79.601  5.039 0.5000000000
17211  -39.165  -80.307  4.814 0.5000000000
19622  -40.507  -79.295  1.900 0.6000000238
19621  -38.794  -78.788  2.655 0.5000000000
20831  -38.830  -77.980  0.888 0.6000000238
17208  -36.716  -80.867  5.856 0.5000000000
17187  -37.946  -80.279  5.783 0.5000000000
19556  -38.051  -79.168  6.081 0.5000000000
19589  -38.626  -78.702  4.706 0.5000000000
19601  -38.709  -78.633  3.753 0.5000000000
162433  -39.899  -78.878  1.582 0.6000000238
19620  -38.012  -78.273  2.831 0.5000000000
19646  -38.299  -78.279  1.702 0.6000000238
17207  -35.820  -80.993  5.959 0.5000000000
18363  -37.767  -79.769  6.363 0.5000000000
19555  -37.677  -78.861  6.624 0.5000000000
20783  -37.607  -77.586  5.593 0.5000000000
158269  -36.686  -76.633  5.210 0.6000000238
19588  -38.058  -78.134  5.164 0.4000000060
20791  -36.272  -76.395  4.158 0.4000000060
20792  -37.096  -76.836  4.493 0.5000000000
20805  -37.389  -77.280  4.027 0.5000000000
19600  -37.874  -78.069  4.097 0.4000000060
21956  -35.660  -75.933  3.366 0.4000000060
21966  -35.541  -76.266  2.234 0.5000000000
20819  -36.670  -77.373  2.258 0.5000000000
21965  -34.882  -75.915  1.841 0.4000000060
20820  -37.369  -77.627  3.089 0.6000000238
164141  -37.359  -77.909  1.737 0.6000000238
20843  -37.239  -77.496  0.850 0.6000000238
21991  -37.336  -76.909  0.477 0.6000000238
20803  -36.212  -76.602  2.821 0.5000000000
21978  -35.094  -76.880  1.327 0.5000000000
20818  -35.881  -77.111  1.667 0.5000000000
21964  -34.042  -75.618  1.461 0.4000000060
21976  -33.695  -75.712  1.050 0.5000000000
20829  -35.610  -77.196  1.011 0.6000000238
20830  -36.472  -77.440  1.225 0.6000000238
20842  -36.360  -77.167  0.711 0.6000000238
21988  -34.298  -76.260  0.869 0.5000000000
171836  -32.222  -73.602  0.304 0.3000000119
24179  -32.517  -74.098  0.503 0.4000000060
23070  -32.942  -74.658  1.157 0.4000000060
171431  -33.343  -74.988  0.907 0.5000000000
23072  -34.720  -76.173  0.435 0.5000000000
170493  -35.552  -76.112  0.300 0.6000000238
30338  -33.358  -69.337  2.700 0.3000000119
30337  -32.541  -69.891  2.307 0.3000000119
29048  -32.836  -70.991  2.449 0.4000000060
27781  -31.918  -71.892  1.435 0.4000000060
32998  -33.473  -67.682  2.480 0.3000000119
36623  -34.709  -64.780  2.314 0.3000000119
36612  -35.092  -64.229  2.193 0.3000000119
172434  -35.792  -63.973  2.026 0.3000000119
39147  -35.608  -63.268  2.272 0.3000000119
180765  -35.285  -61.375  3.474 0.3000000119
42695  -35.926  -60.142  3.425 0.3000000119
180668  -33.099  -74.508  0.626 0.5000000000
18470  -41.297  -79.646  1.997 0.5000000000
17230  -37.936  -80.836  4.657 0.5000000000
13879  -44.974  -83.299  3.125 0.3000000119
153199  -42.300  -84.586  0.112 0.6000000238
12849  -43.656  -84.154  1.432 0.6000000238
172829  -41.555  -81.926  6.511 0.3000000119
14924  -42.150  -82.307  5.903 0.3000000119
14938  -43.835  -81.978  5.308 0.3000000119
16066  -44.302  -81.272  5.423 0.3000000119
14937  -42.833  -82.594  5.392 0.3000000119
170346  -44.391  -82.482  4.825 0.3000000119
14939  -44.894  -81.702  4.946 0.3000000119
12848  -43.035  -84.484  1.054 0.6000000238
12834  -43.777  -84.234  2.157 0.5000000000
16050  -40.492  -82.606  6.789 0.3000000119
16051  -42.639  -81.411  6.232 0.3000000119
149608  -43.117  -80.595  6.412 0.3000000119
13854  -44.295  -83.269  4.419 0.3000000119
13855  -44.955  -83.314  3.984 0.3000000119
11857  -43.925  -84.245  2.742 0.4000000060
153576  -36.179  -79.750  2.339 0.4000000060
169763  -39.732  -82.281  8.097 0.3000000119
156732  -40.822  -81.645  7.169 0.3000000119
149151  -41.031  -80.606  7.625 0.3000000119
16032  -42.097  -80.854  6.946 0.3000000119
12897  -36.615  -83.965  -2.183 0.5000000000
12881  -36.879  -84.419  -1.433 0.5000000000
16183  -35.697  -81.564  -4.083 0.4000000060
15035  -36.286  -82.558  -3.501 0.4000000060
13960  -36.487  -83.414  -2.676 0.4000000060
12880  -35.851  -84.342  -1.652 0.5000000000
162496  -39.174  -85.451  -0.690 0.5000000000
12882  -37.828  -84.638  -1.202 0.5000000000
13961  -37.142  -83.364  -2.436 0.5000000000
12898  -37.427  -83.943  -1.849 0.5000000000
15036  -36.958  -82.561  -2.994 0.4000000060
10889  -40.342  -86.011  0.199 0.6000000238
11884  -39.964  -85.585  -0.586 0.6000000238
11904  -39.562  -84.961  -1.110 0.5000000000
12883  -38.702  -84.672  -1.186 0.5000000000
15021  -37.532  -82.304  -2.572 0.3000000119
166722  -38.077  -82.729  -2.361 0.4000000060
13962  -37.994  -83.292  -2.143 0.5000000000
10890  -40.970  -85.781  0.439 0.6000000238
11905  -40.350  -84.992  -0.985 0.6000000238
12884  -39.969  -84.199  -1.250 0.6000000238
13963  -38.855  -82.866  -1.942 0.4000000060
13944  -38.700  -83.738  -1.559 0.5000000000
10892  -42.020  -85.262  1.041 0.6000000238
152100  -43.621  -84.124  4.096 0.3000000119
11842  -43.356  -84.748  2.761 0.4000000060
11907  -41.802  -84.658  -0.283 0.6000000238
157845  -39.722  -82.778  -1.548 0.4000000060
13844  -42.517  -83.473  5.014 0.3000000119
14936  -41.792  -83.249  5.618 0.3000000119
12802  -44.400  -83.938  3.607 0.3000000119
11856  -43.273  -84.683  2.344 0.5000000000
12886  -41.634  -83.945  -0.862 0.6000000238
11887  -41.894  -85.064  0.389 0.6000000238
11885  -40.721  -85.509  -0.306 0.6000000238
11828  -43.500  -84.766  3.092 0.3000000119
10875  -40.590  -86.034  0.982 0.5000000000
9931  -40.387  -86.435  1.511 0.5000000000
10876  -41.117  -85.818  1.092 0.5000000000
165698  -41.112  -86.320  2.024 0.4000000060
9915  -41.275  -85.966  1.609 0.5000000000
9913  -40.155  -86.814  2.094 0.5000000000
10858  -39.690  -86.632  1.466 0.5000000000
9081  -40.179  -87.008  2.620 0.4000000060
9900  -41.208  -86.436  2.480 0.4000000060
10845  -42.379  -85.530  2.572 0.4000000060
10860  -42.327  -85.382  1.989 0.5000000000
10873  -39.265  -86.262  0.771 0.5000000000
10846  -42.805  -85.112  2.552 0.4000000060
11839  -31.273  -85.165  2.554 0.3000000119
11851  -31.718  -86.147  1.958 0.3000000119
155251  -30.947  -85.140  3.362 0.3000000119
11823  -30.924  -84.948  3.989 0.3000000119
11807  -31.611  -84.933  5.199 0.4000000060
157061  -31.067  -84.517  3.191 0.3000000119
13876  -31.513  -83.903  2.879 0.3000000119
11791  -31.838  -85.068  6.081 0.4000000060
12797  -32.271  -84.521  4.538 0.4000000060
12810  -31.740  -84.056  3.669 0.3000000119
13877  -32.123  -83.556  2.286 0.3000000119
11792  -32.899  -85.214  5.968 0.4000000060
11793  -33.925  -85.528  5.664 0.4000000060
12811  -32.854  -84.170  3.637 0.4000000060
13865  -32.257  -83.678  2.943 0.4000000060
13891  -32.572  -83.204  1.506 0.4000000060
13878  -32.844  -83.301  2.295 0.4000000060
177043  -35.450  -86.284  7.380 0.3000000119
11775  -34.567  -86.020  6.341 0.4000000060
11794  -34.724  -86.077  5.307 0.4000000060
11809  -34.176  -85.446  4.769 0.4000000060
12812  -33.954  -84.553  3.376 0.4000000060
12831  -33.748  -83.564  2.108 0.4000000060
13893  -33.895  -83.258  1.383 0.4000000060
10803  -36.798  -87.094  6.718 0.3000000119
10801  -35.434  -86.396  5.824 0.4000000060
11825  -35.398  -85.758  3.596 0.4000000060
11810  -34.965  -85.931  4.441 0.4000000060
11840  -34.853  -85.045  3.041 0.4000000060
157458  -35.552  -85.434  2.823 0.4000000060
12821  -34.344  -84.290  2.542 0.4000000060
163177  -35.288  -84.829  2.139 0.4000000060
12832  -34.569  -83.992  1.700 0.4000000060
12845  -34.518  -83.764  0.900 0.4000000060
9857  -36.835  -87.080  4.905 0.4000000060
10829  -36.333  -86.288  3.752 0.4000000060
11852  -35.983  -85.193  1.413 0.4000000060
11867  -35.797  -84.990  0.663 0.4000000060
13924  -34.259  -83.741  -0.007 0.4000000060
12833  -35.284  -84.454  1.199 0.4000000060
13923  -33.359  -82.792  -0.293 0.4000000060
10830  -37.356  -86.576  3.613 0.4000000060
11841  -36.247  -85.580  2.312 0.4000000060
11868  -36.751  -85.240  0.684 0.4000000060
12860  -35.526  -84.622  -0.767 0.4000000060
164548  -36.428  -84.796  -0.917 0.4000000060
10844  -37.862  -86.471  2.767 0.4000000060
11854  -37.584  -85.729  1.100 0.4000000060
11883  -37.863  -85.188  -0.548 0.4000000060
9898  -39.593  -87.373  2.962 0.4000000060
172095  -37.899  -86.160  2.096 0.4000000060
10857  -38.988  -86.536  1.507 0.4000000060
9054  -40.158  -87.908  3.779 0.3000000119
9883  -41.179  -86.583  3.159 0.3000000119
12861  -37.050  -85.085  -0.265 0.4000000060
9911  -39.268  -86.867  2.222 0.4000000060
9884  -41.824  -86.007  3.098 0.3000000119
11870  -38.668  -85.745  -0.078 0.4000000060
12786  -32.282  -84.879  5.402 0.4000000060
11808  -33.190  -85.068  5.090 0.4000000060
12798  -33.542  -84.780  4.240 0.4000000060
12820  -33.345  -83.834  2.860 0.4000000060
10802  -36.113  -86.750  6.281 0.4000000060
10793  -35.427  -86.371  6.742 0.4000000060
10795  -36.866  -86.892  7.739 0.3000000119
11824  -34.501  -85.273  3.893 0.4000000060
10812  -36.807  -87.155  5.755 0.3000000119
10810  -35.508  -86.366  4.954 0.4000000060
11826  -36.000  -85.924  3.058 0.4000000060
10821  -36.893  -86.747  4.232 0.4000000060
10856  -37.541  -85.900  1.709 0.4000000060
12846  -35.171  -84.462  0.226 0.4000000060
11869  -37.751  -85.451  0.290 0.4000000060
9897  -38.840  -86.940  2.863 0.4000000060
158441  -33.951  -85.100  9.439 0.3000000119
10783  -31.899  -86.263  8.569 0.3000000119
9835  -31.301  -86.202  7.542 0.3000000119
11759  -31.700  -85.683  7.804 0.3000000119
11760  -32.780  -85.502  8.122 0.3000000119
11772  -31.493  -85.630  6.794 0.3000000119
11773  -32.423  -85.365  6.972 0.3000000119
11746  -34.499  -85.430  8.593 0.3000000119
163156  -33.331  -85.480  7.309 0.3000000119
11761  -34.740  -85.979  7.432 0.3000000119
9858  -37.653  -87.369  5.228 0.3000000119
150242  -38.660  -87.494  4.053 0.3000000119
9882  -39.081  -87.557  3.522 0.3000000119
9069  -39.914  -87.924  3.461 0.3000000119
11762  -35.420  -86.094  8.021 0.3000000119
9881  -38.300  -86.980  3.529 0.3000000119
9053  -39.952  -88.303  3.834 0.3000000119
9055  -40.714  -87.031  3.180 0.4000000060
9070  -39.802  -87.298  2.775 0.4000000060
9847  -37.604  -87.422  6.168 0.3000000119
9868  -37.776  -87.071  4.326 0.4000000060
9896  -38.539  -86.548  2.145 0.4000000060
9899  -40.609  -86.746  2.500 0.4000000060
9901  -41.802  -85.751  2.100 0.5000000000
9912  -39.815  -86.937  2.144 0.5000000000
9914  -40.618  -86.516  1.917 0.4000000060
9930  -40.083  -86.669  1.639 0.5000000000
9932  -40.788  -86.158  1.417 0.5000000000
10782  -31.468  -86.143  8.082 0.3000000119
10794  -36.072  -86.568  7.309 0.3000000119
10811  -36.147  -86.725  5.381 0.4000000060
10820  -36.228  -86.564  4.580 0.4000000060
10828  -35.653  -86.234  4.250 0.4000000060
10831  -42.408  -85.589  3.114 0.3000000119
10840  -31.383  -85.974  2.954 0.3000000119
10843  -36.824  -86.133  2.954 0.4000000060
10855  -37.162  -86.044  2.199 0.4000000060
10859  -41.853  -85.597  1.703 0.5000000000
10861  -42.801  -85.040  2.350 0.4000000060
10872  -38.413  -86.041  0.818 0.4000000060
10874  -40.025  -86.294  0.978 0.5000000000
10877  -41.654  -85.605  1.289 0.5000000000
10878  -42.182  -85.351  1.582 0.5000000000
10888  -39.590  -86.075  0.010 0.5000000000
10891  -41.518  -85.533  0.709 0.6000000238
11742  -31.367  -85.935  7.862 0.3000000119
11743  -32.144  -85.846  8.589 0.3000000119
11745  -33.599  -85.408  8.697 0.3000000119
11758  -31.295  -85.898  7.403 0.3000000119
11774  -33.604  -85.486  6.537 0.4000000060
11829  -44.031  -84.307  3.061 0.4000000060
11850  -31.511  -85.098  1.485 0.3000000119
11853  -36.880  -85.580  1.573 0.4000000060
11855  -42.692  -85.043  1.945 0.5000000000
11871  -42.555  -84.963  1.398 0.6000000238
11872  -43.153  -84.640  1.767 0.6000000238
11886  -41.370  -85.315  0.003 0.6000000238
11888  -42.425  -84.790  0.732 0.6000000238
11903  -38.459  -85.225  -0.818 0.4000000060
11906  -41.117  -84.812  -0.642 0.6000000238
12796  -31.393  -84.664  4.287 0.3000000119
12809  -31.241  -84.362  3.616 0.3000000119
12813  -43.953  -84.416  3.279 0.3000000119
12814  -44.551  -83.839  3.237 0.4000000060
12822  -44.506  -83.752  2.996 0.4000000060
12835  -44.441  -83.665  2.463 0.5000000000
12847  -36.099  -84.995  -0.096 0.4000000060
12859  -34.704  -84.325  -0.581 0.4000000060
12862  -37.203  -84.911  -0.928 0.4000000060
12864  -42.841  -84.239  0.306 0.6000000238
12885  -40.776  -84.115  -1.148 0.6000000238
12899  -38.121  -84.007  -1.539 0.5000000000
13800  -39.789  -82.682  8.282 0.3000000119
13845  -43.568  -82.885  4.916 0.3000000119
13866  -45.062  -83.325  3.451 0.3000000119
13880  -45.262  -82.928  2.895 0.5000000000
13892  -33.299  -82.986  1.753 0.4000000060
13907  -44.072  -83.536  1.149 0.6999999881
13926  -43.111  -83.476  -0.028 0.6999999881
13945  -39.486  -83.508  -1.444 0.5000000000
13946  -40.269  -83.344  -1.325 0.6999999881
13973  -36.758  -82.955  -2.954 0.4000000060
14910  -39.781  -83.024  7.732 0.3000000119
14911  -40.018  -82.416  7.439 0.3000000119
14925  -43.033  -81.853  5.719 0.3000000119
14948  -45.070  -82.539  4.413 0.3000000119
14955  -45.869  -82.093  3.450 0.5000000000
14961  -45.616  -82.372  2.933 0.5000000000
14968  -45.026  -82.603  1.916 0.6000000238
15020  -37.452  -82.871  -2.631 0.4000000060
16052  -43.596  -81.161  5.840 0.3000000119
16078  -40.110  -81.178  3.950 0.6000000238
16088  -39.284  -81.300  3.663 0.5000000000
16100  -41.279  -81.859  2.753 0.6999999881
16103  -45.668  -81.428  2.334 0.6000000238
16104  -45.896  -81.567  2.994 0.5000000000
16115  -45.434  -82.072  2.022 0.6000000238
16128  -44.835  -82.075  1.496 0.6999999881
16140  -40.666  -81.178  -1.111 0.6000000238
16161  -37.209  -81.608  -2.660 0.4000000060
16173  -36.277  -81.719  -3.752 0.4000000060
17186  -37.231  -80.419  6.440 0.5000000000
17214  -46.197  -80.351  4.530 0.4000000060
17229  -36.990  -80.788  4.972 0.5000000000
17231  -38.779  -80.730  4.634 0.5000000000
17233  -40.152  -80.601  4.226 0.6000000238
17246  -40.691  -80.826  3.835 0.6000000238
17247  -41.409  -81.039  3.405 0.6999999881
17248  -46.237  -80.718  3.187 0.6000000238
17257  -38.226  -80.814  3.033 0.6000000238
17258  -38.985  -81.213  2.686 0.6999999881
17260  -42.025  -81.247  2.849 0.6999999881
17261  -42.621  -81.372  2.308 0.6000000238
17262  -45.712  -80.670  2.429 0.5000000000
17290  -43.604  -81.258  1.494 0.6000000238
17348  -35.433  -80.740  -4.205 0.4000000060
17349  -36.107  -80.865  -3.973 0.4000000060
18364  -38.300  -79.732  5.707 0.5000000000
18402  -35.561  -80.400  4.491 0.5000000000
18405  -46.447  -79.668  4.080 0.4000000060
18468  -36.369  -79.810  1.351 0.4000000060
18474  -45.269  -80.230  2.180 0.5000000000
18493  -37.855  -80.182  0.781 0.5000000000
18516  -37.423  -80.354  -0.663 0.5000000000
18525  -37.039  -80.435  -1.382 0.4000000060
18534  -36.678  -80.449  -2.277 0.4000000060
18540  -33.734  -79.322  -3.547 0.4000000060
18543  -36.002  -79.870  -3.440 0.4000000060
19575  -37.942  -78.398  5.952 0.5000000000
19576  -38.412  -78.949  5.526 0.5000000000
19590  -39.299  -79.239  4.263 0.5000000000
19623  -44.696  -78.918  2.334 0.6000000238
19648  -40.567  -78.775  1.086 0.6000000238
20753  -42.477  -78.130  6.595 0.3000000119
20770  -37.459  -77.853  6.430 0.5000000000
20793  -37.596  -77.372  4.779 0.4000000060
20804  -36.904  -76.922  3.480 0.5000000000
20806  -46.261  -77.660  3.256 0.6000000238
20823  -46.138  -77.745  2.956 0.6000000238
20832  -39.750  -78.334  0.942 0.6000000238
20835  -43.885  -78.460  2.200 0.6999999881
20841  -35.501  -76.802  0.637 0.6000000238
20846  -40.747  -77.607  0.621 0.6999999881
20848  -41.988  -77.507  0.459 0.6999999881
21903  -42.400  -76.849  5.783 0.3000000119
21969  -45.509  -76.622  2.807 0.6999999881
21977  -34.444  -76.347  1.150 0.5000000000
21989  -34.877  -76.789  0.908 0.5000000000
21990  -36.258  -76.504  0.452 0.6000000238
21992  -38.547  -76.891  0.579 0.6999999881
21993  -39.528  -77.058  0.673 0.6999999881
21996  -41.929  -76.515  0.730 0.6999999881
22002  -41.466  -76.898  0.643 0.6999999881
23047  -44.466  -75.552  2.725 0.6000000238
23049  -45.937  -74.707  2.751 0.6000000238
23077  -40.987  -76.343  0.930 0.6999999881
23081  -32.616  -74.493  0.826 0.4000000060
23082  -33.655  -74.832  0.503 0.5000000000
23083  -34.307  -75.207  0.210 0.6000000238
24143  -46.016  -74.055  2.742 0.5000000000
24157  -42.370  -74.626  1.838 0.5000000000
24159  -45.675  -74.024  2.554 0.6000000238
24172  -37.667  -75.026  0.753 0.6999999881
24180  -33.354  -74.109  0.403 0.5000000000
24181  -34.072  -74.300  0.269 0.6000000238
24182  -35.239  -74.098  0.197 0.6000000238
25314  -43.563  -73.323  4.175 0.3000000119
25317  -46.016  -73.835  3.290 0.5000000000
25348  -44.956  -74.024  2.303 0.5000000000
25349  -45.868  -73.533  2.673 0.5000000000
25358  -44.814  -73.139  1.939 0.5000000000
25360  -45.670  -73.093  2.563 0.3000000119
25363  -35.770  -73.111  0.912 0.6000000238
25366  -38.641  -73.653  1.060 0.6999999881
26525  -45.618  -72.707  3.054 0.4000000060
26535  -45.918  -73.066  2.922 0.5000000000
26541  -44.958  -72.177  1.700 0.4000000060
26548  -34.903  -72.830  1.474 0.6000000238
26554  -42.578  -72.503  1.101 0.5000000000
26558  -32.393  -73.132  0.509 0.5000000000
27735  -42.762  -71.858  3.924 0.3000000119
27738  -45.170  -72.113  3.049 0.4000000060
27749  -43.255  -71.127  3.660 0.3000000119
27750  -44.174  -71.167  3.279 0.3000000119
27752  -45.191  -72.037  2.578 0.3000000119
27766  -45.106  -71.156  1.957 0.3000000119
29017  -44.517  -70.568  2.805 0.3000000119
29029  -35.161  -70.332  3.424 0.5000000000
29053  -41.720  -70.182  0.981 0.5000000000
29056  -44.414  -70.220  1.434 0.4000000060
29057  -40.577  -69.512  1.145 0.4000000060
29059  -42.128  -69.522  1.100 0.4000000060
29060  -42.809  -69.500  1.169 0.4000000060
30300  -42.408  -69.611  3.832 0.3000000119
30318  -36.584  -69.163  3.468 0.4000000060
30339  -38.633  -69.904  1.799 0.4000000060
30342  -43.670  -69.383  1.460 0.4000000060
30345  -41.026  -68.982  1.212 0.4000000060
30346  -41.756  -68.937  1.152 0.4000000060
30348  -43.352  -68.657  1.427 0.4000000060
31621  -38.835  -68.152  5.715 0.4000000060
31623  -39.942  -68.860  5.158 0.4000000060
31637  -41.312  -68.899  4.341 0.3000000119
31679  -40.602  -67.873  1.321 0.4000000060
31682  -40.196  -68.846  1.347 0.4000000060
31684  -42.337  -68.102  1.122 0.4000000060
31685  -42.892  -68.354  1.265 0.4000000060
32947  -39.215  -67.549  5.374 0.4000000060
32989  -43.375  -67.338  1.611 0.3000000119
33003  -40.281  -67.545  1.347 0.4000000060
33004  -41.475  -67.072  1.222 0.4000000060
33005  -42.963  -67.240  1.359 0.4000000060
33008  -42.113  -67.419  1.107 0.4000000060
34193  -39.235  -66.671  5.070 0.4000000060
34210  -39.864  -66.547  4.551 0.4000000060
34244  -38.186  -66.059  2.139 0.4000000060
34249  -42.600  -66.612  1.236 0.4000000060
34250  -41.463  -66.083  1.199 0.4000000060
34251  -41.883  -66.581  1.147 0.4000000060
35369  -38.581  -66.000  5.376 0.4000000060
35408  -42.743  -65.694  1.762 0.4000000060
35425  -36.971  -65.342  1.984 0.4000000060
35426  -37.768  -65.479  1.934 0.4000000060
35427  -39.326  -65.266  1.559 0.4000000060
35429  -41.021  -65.507  1.054 0.4000000060
35433  -42.353  -65.098  0.784 0.4000000060
36607  -42.765  -64.276  1.376 0.3000000119
36613  -36.339  -64.002  1.864 0.4000000060
36629  -40.645  -64.672  0.930 0.4000000060
36632  -41.901  -64.502  0.528 0.5000000000
36633  -42.336  -64.316  0.538 0.5000000000
37879  -35.371  -63.761  2.206 0.3000000119
39148  -36.320  -62.736  2.009 0.4000000060
39163  -42.266  -62.690  -0.032 0.4000000060
39164  -42.863  -62.952  0.071 0.5000000000
41592  -35.885  -60.939  3.121 0.3000000119
41606  -37.449  -61.183  1.288 0.4000000060
43764  -36.027  -58.730  4.066 0.4000000060
44864  -36.750  -57.382  2.949 0.4000000060
148969  -45.150  -76.866  4.632 0.5000000000
149087  -44.038  -77.146  5.088 0.5000000000
149157  -46.043  -74.700  3.532 0.5000000000
149419  -42.770  -78.741  6.699 0.3000000119
150818  -44.399  -82.996  1.018 0.6999999881
150834  -37.936  -77.851  1.032 0.6000000238
152420  -44.850  -83.278  2.899 0.3000000119
152955  -44.885  -80.809  5.281 0.3000000119
153105  -37.459  -67.737  3.021 0.4000000060
153175  -35.803  -80.154  -3.979 0.4000000060
154191  -40.048  -87.673  3.260 0.4000000060
155783  -44.179  -81.805  0.989 0.6999999881
156297  -42.686  -82.371  -0.338 0.6999999881
157857  -40.558  -66.074  1.275 0.4000000060
158950  -34.060  -85.673  7.067 0.3000000119
159145  -44.941  -70.856  1.352 0.3000000119
159251  -43.297  -83.612  4.580 0.3000000119
159262  -46.099  -81.833  3.973 0.5000000000
160751  -40.619  -66.468  4.089 0.4000000060
162050  -38.172  -80.577  5.191 0.5000000000
162090  -35.182  -75.649  2.732 0.4000000060
162330  -35.449  -79.420  -1.712 0.4000000060
162399  -43.068  -74.185  1.972 0.5000000000
162419  -42.466  -85.351  2.289 0.4000000060
162987  -41.721  -86.008  2.579 0.4000000060
163652  -45.045  -71.519  1.619 0.4000000060
164251  -39.396  -81.463  3.264 0.6999999881
165148  -42.518  -65.901  1.205 0.3000000119
165206  -37.727  -71.079  1.649 0.5000000000
165899  -42.721  -65.848  1.383 0.4000000060
166548  -37.378  -63.404  1.576 0.4000000060
166860  -42.413  -71.106  4.025 0.3000000119
167388  -36.400  -80.752  6.677 0.5000000000
167695  -38.192  -86.137  1.560 0.4000000060
167785  -42.629  -64.896  1.699 0.4000000060
169420  -46.141  -77.314  4.106 0.6000000238
169424  -46.165  -76.661  3.585 0.6000000238
169541  -44.260  -74.834  4.410 0.4000000060
169624  -46.172  -75.943  3.184 0.6000000238
169736  -46.184  -75.144  3.071 0.5000000000
169975  -45.320  -74.745  4.123 0.5000000000
169997  -46.042  -76.664  4.251 0.5000000000
170126  -34.963  -66.634  2.753 0.4000000060
170613  -41.148  -78.377  0.751 0.6999999881
171050  -41.393  -75.911  1.051 0.6999999881
171134  -42.096  -83.531  -0.642 0.6999999881
171964  -45.670  -80.122  2.470 0.5000000000
172061  -40.266  -87.291  3.071 0.4000000060
173265  -39.631  -87.995  3.633 0.3000000119
173338  -39.218  -84.285  -1.301 0.5000000000
173815  -33.827  -85.501  7.871 0.3000000119
174374  -37.301  -76.972  5.217 0.5000000000
174575  -44.145  -83.790  1.814 0.6000000238
175551  -45.930  -73.272  3.115 0.5000000000
175722  -40.273  -81.435  -1.309 0.6000000238
177283  -39.504  -86.793  1.811 0.4000000060
177908  -40.938  -79.220  1.450 0.6999999881
178517  -44.458  -83.709  4.032 0.3000000119
179585  -42.844  -81.804  0.056 0.6999999881
179976  -35.237  -73.107  1.052 0.6000000238
180026  -37.603  -80.641  3.269 0.5000000000
180322  -43.242  -69.478  1.276 0.4000000060
180751  -31.593  -85.953  8.215 0.3000000119
