#!ascii label  , from subject sub-v1s2x0051468_ses-1 vox2ras=TkReg
1781
112809  -60.142  5.148  41.321 0.0000000000
131947  -48.997  28.137  40.647 0.0000000000
120800  -50.584  14.850  40.059 0.0000000000
120921  -53.670  13.444  31.704 0.0000000000
135620  -52.525  32.431  40.262 0.0000000000
127118  -55.872  21.623  38.618 0.0000000000
127145  -55.091  21.364  35.877 0.0000000000
119939  -48.956  13.522  35.177 0.0000000000
110809  -50.985  4.230  50.896 0.0000000000
113592  -57.462  6.427  48.957 0.0000000000
135676  -44.482  31.866  35.169 0.0000000000
134980  -50.462  31.577  31.270 0.0000000000
134203  -55.191  29.853  31.159 0.0000000000
117445  -56.011  9.676  40.568 0.0000000000
124564  -54.207  17.913  41.591 0.0000000000
119926  -54.462  14.143  35.618 0.0000000000
113700  -57.485  7.751  34.550 0.0000000000
116556  -50.875  10.110  35.963 0.0000000000
117482  -44.795  10.566  38.746 0.0000000000
112815  -58.443  5.356  40.435 0.0000000000
134150  -53.242  31.227  39.193 0.0000000000
131971  -55.302  27.152  38.887 0.0000000000
130416  -54.306  25.849  37.410 0.0000000000
126357  -52.280  21.000  37.096 0.0000000000
112726  -55.020  5.348  51.092 0.0000000000
113546  -56.191  6.053  53.252 0.0000000000
135661  -41.496  32.773  36.202 0.0000000000
135731  -53.665  31.334  31.563 0.0000000000
116461  -53.976  9.828  43.588 0.0000000000
118315  -52.267  11.182  40.234 0.0000000000
131171  -47.231  26.744  41.157 0.0000000000
127881  -51.168  22.314  40.480 0.0000000000
123723  -57.238  17.834  33.757 0.0000000000
121771  -56.967  16.760  36.891 0.0000000000
119973  -55.387  13.737  33.265 0.0000000000
185895  -55.948  10.312  34.746 0.0000000000
116609  -54.887  9.488  31.201 0.0000000000
115625  -54.167  8.764  35.104 0.0000000000
117572  -51.318  10.786  31.347 0.0000000000
117528  -45.214  11.161  34.387 0.0000000000
171995  -51.080  30.646  40.915 0.0000000000
129564  -53.176  24.938  40.496 0.0000000000
131176  -54.452  26.591  41.200 0.0000000000
181353  -56.809  22.053  36.442 0.0000000000
123721  -55.062  17.370  33.711 0.0000000000
119963  -51.635  13.349  33.296 0.0000000000
122738  -52.041  16.885  35.494 0.0000000000
169164  -49.324  17.103  36.382 0.0000000000
112742  -53.270  5.428  47.947 0.0000000000
183982  -56.811  4.921  46.489 0.0000000000
112765  -58.536  5.461  45.049 0.0000000000
133356  -41.359  29.636  40.944 0.0000000000
177873  -43.311  30.030  39.448 0.0000000000
134146  -46.337  30.623  38.395 0.0000000000
134908  -49.005  32.094  37.146 0.0000000000
135665  -51.396  32.760  36.248 0.0000000000
136410  -53.764  32.803  35.937 0.0000000000
134171  -54.800  30.940  35.205 0.0000000000
132009  -54.926  27.755  32.431 0.0000000000
180293  -54.891  7.506  48.099 0.0000000000
115513  -56.779  8.391  44.690 0.0000000000
115535  -59.108  8.042  42.307 0.0000000000
121679  -54.894  16.384  42.117 0.0000000000
126324  -54.712  20.238  39.486 0.0000000000
185683  -55.783  16.404  39.459 0.0000000000
120838  -52.913  14.393  37.352 0.0000000000
118336  -54.332  10.409  37.771 0.0000000000
181077  -58.353  9.349  38.399 0.0000000000
186934  -60.004  6.965  39.049 0.0000000000
114657  -57.072  7.579  38.248 0.0000000000
115575  -53.534  8.555  38.487 0.0000000000
116500  -50.044  9.267  40.024 0.0000000000
170888  -47.646  10.962  32.746 0.0000000000
117507  -47.934  10.532  37.208 0.0000000000
116497  -47.630  9.674  40.695 0.0000000000
110881  -59.622  3.777  42.686 0.0000000000
109892  -59.337  3.082  40.770 0.0000000000
111952  -59.556  4.782  40.414 0.0000000000
134149  -52.802  30.462  38.650 0.0000000000
132684  -54.288  27.822  38.555 0.0000000000
185882  -52.681  27.863  38.109 0.0000000000
181993  -52.731  25.682  37.698 0.0000000000
119111  -50.677  12.881  39.420 0.0000000000
163948  -47.772  27.441  40.881 0.0000000000
121814  -55.271  15.625  32.618 0.0000000000
121794  -56.346  15.673  33.370 0.0000000000
120000  -54.467  13.165  31.952 0.0000000000
163683  -54.940  11.228  32.019 0.0000000000
118428  -53.903  11.023  31.216 0.0000000000
173648  -53.532  9.862  31.360 0.0000000000
119204  -51.995  11.533  31.215 0.0000000000
134111  -52.576  30.902  41.139 0.0000000000
132651  -53.065  28.860  41.282 0.0000000000
133349  -53.714  29.544  41.189 0.0000000000
128791  -55.814  23.705  36.489 0.0000000000
157222  -56.046  24.698  37.572 0.0000000000
127147  -56.094  21.729  35.413 0.0000000000
125491  -56.264  19.523  34.633 0.0000000000
125489  -54.935  19.112  35.070 0.0000000000
123714  -53.517  17.244  34.922 0.0000000000
125481  -53.677  19.230  36.141 0.0000000000
157894  -50.843  18.968  36.908 0.0000000000
112728  -56.903  5.663  50.764 0.0000000000
179850  -55.476  5.469  48.761 0.0000000000
112745  -57.055  5.666  47.978 0.0000000000
111851  -57.648  5.157  46.036 0.0000000000
113600  -57.786  6.116  46.843 0.0000000000
135674  -42.856  32.730  35.426 0.0000000000
134890  -42.137  30.955  37.887 0.0000000000
134902  -43.761  31.034  36.965 0.0000000000
159312  -45.143  30.246  39.062 0.0000000000
134916  -45.599  31.083  36.132 0.0000000000
134965  -49.273  31.568  32.190 0.0000000000
134928  -47.991  31.739  35.394 0.0000000000
135677  -49.559  32.161  35.010 0.0000000000
135654  -49.863  32.391  36.928 0.0000000000
161351  -50.939  32.412  34.573 0.0000000000
134999  -54.400  30.671  31.132 0.0000000000
135709  -53.939  32.306  33.536 0.0000000000
135711  -55.155  31.622  33.482 0.0000000000
134930  -54.803  31.749  35.714 0.0000000000
134176  -55.440  30.458  33.432 0.0000000000
132706  -54.982  29.463  33.439 0.0000000000
132016  -55.231  28.092  31.812 0.0000000000
115484  -50.582  8.212  47.250 0.0000000000
114554  -51.184  7.060  49.092 0.0000000000
114579  -51.705  7.718  47.807 0.0000000000
114556  -53.674  7.194  49.287 0.0000000000
172109  -52.861  8.309  46.828 0.0000000000
117429  -54.574  10.005  42.389 0.0000000000
116441  -55.215  9.016  44.426 0.0000000000
184569  -56.136  9.266  42.853 0.0000000000
115525  -58.286  8.081  43.570 0.0000000000
116480  -57.410  9.253  41.705 0.0000000000
124547  -53.816  18.193  42.617 0.0000000000
124522  -55.956  17.891  44.343 0.0000000000
124550  -55.877  17.525  43.353 0.0000000000
127883  -54.738  23.057  39.596 0.0000000000
156738  -53.959  22.097  39.907 0.0000000000
126326  -55.767  20.864  38.849 0.0000000000
186451  -55.520  15.201  35.616 0.0000000000
121752  -56.463  16.498  38.303 0.0000000000
120826  -55.081  15.903  37.716 0.0000000000
121749  -54.639  16.119  38.702 0.0000000000
119913  -53.748  14.309  36.522 0.0000000000
119128  -52.670  12.034  36.550 0.0000000000
119136  -53.365  12.010  35.551 0.0000000000
117552  -57.151  9.192  34.244 0.0000000000
117522  -56.948  9.744  36.417 0.0000000000
116550  -58.813  8.253  36.455 0.0000000000
186237  -59.606  8.333  38.433 0.0000000000
180684  -58.661  7.485  37.331 0.0000000000
113675  -58.263  7.366  38.152 0.0000000000
114675  -57.294  7.569  36.801 0.0000000000
116558  -52.585  9.498  35.845 0.0000000000
115603  -53.752  8.783  36.636 0.0000000000
116537  -52.439  9.194  37.587 0.0000000000
115573  -51.900  8.930  38.853 0.0000000000
116535  -50.803  9.694  37.522 0.0000000000
119951  -50.494  13.495  34.390 0.0000000000
119182  -49.396  11.814  32.071 0.0000000000
119168  -47.314  12.165  32.862 0.0000000000
117504  -44.678  10.701  35.866 0.0000000000
165634  -46.531  10.658  35.707 0.0000000000
117496  -45.963  10.599  37.719 0.0000000000
117471  -48.082  10.235  39.123 0.0000000000
117455  -46.308  10.328  40.326 0.0000000000
116484  -45.754  9.703  41.844 0.0000000000
109860  -56.851  2.734  44.143 0.0000000000
113651  -56.965  6.105  41.167 0.0000000000
185416  -53.197  31.706  39.529 0.0000000000
133351  -54.410  28.976  40.787 0.0000000000
133373  -55.000  28.788  39.819 0.0000000000
131213  -54.975  26.255  37.843 0.0000000000
187544  -54.668  24.041  36.662 0.0000000000
126358  -53.202  20.875  36.730 0.0000000000
128768  -53.087  23.648  37.118 0.0000000000
171435  -52.853  4.632  51.060 0.0000000000
111807  -53.836  4.551  52.873 0.0000000000
114537  -57.098  6.616  50.929 0.0000000000
137054  -45.323  34.229  33.804 0.0000000000
134982  -51.872  31.487  30.896 0.0000000000
133455  -53.958  28.926  29.422 0.0000000000
132045  -54.865  27.978  30.404 0.0000000000
116438  -52.607  9.317  45.418 0.0000000000
155745  -53.038  10.525  41.854 0.0000000000
157374  -54.104  10.315  40.670 0.0000000000
126322  -51.649  20.154  40.495 0.0000000000
181893  -57.308  19.611  36.616 0.0000000000
124590  -56.799  19.548  38.058 0.0000000000
175544  -57.259  16.995  35.639 0.0000000000
120878  -55.920  15.071  34.346 0.0000000000
119952  -54.970  13.580  34.157 0.0000000000
118378  -54.533  11.780  34.313 0.0000000000
118398  -54.892  11.826  33.335 0.0000000000
164396  -56.405  9.746  32.614 0.0000000000
113714  -56.486  8.200  33.139 0.0000000000
114680  -55.962  7.910  34.736 0.0000000000
115636  -54.499  8.818  33.015 0.0000000000
116578  -52.922  9.730  33.130 0.0000000000
117534  -51.380  10.199  34.300 0.0000000000
119154  -46.268  12.228  33.707 0.0000000000
122684  -51.418  16.320  41.736 0.0000000000
133346  -50.113  29.960  40.709 0.0000000000
131184  -50.682  26.389  40.543 0.0000000000
131961  -51.897  27.529  40.726 0.0000000000
177315  -53.884  25.006  40.521 0.0000000000
128734  -55.261  24.122  39.645 0.0000000000
131188  -55.120  26.292  40.199 0.0000000000
129581  -55.734  24.338  39.270 0.0000000000
179301  -56.522  22.100  37.981 0.0000000000
125492  -57.047  19.529  34.958 0.0000000000
124638  -56.370  17.981  33.352 0.0000000000
121800  -54.268  15.231  32.689 0.0000000000
119972  -52.654  13.415  32.044 0.0000000000
121792  -53.350  15.506  33.877 0.0000000000
121783  -51.985  15.427  34.981 0.0000000000
120867  -50.776  14.968  35.423 0.0000000000
124605  -52.772  18.953  36.378 0.0000000000
175220  -50.881  16.971  35.975 0.0000000000
112730  -53.749  5.369  49.225 0.0000000000
111848  -54.760  5.363  47.487 0.0000000000
110847  -56.007  4.053  45.267 0.0000000000
110849  -57.313  3.997  45.294 0.0000000000
110851  -58.929  4.325  44.448 0.0000000000
112783  -59.704  5.156  42.875 0.0000000000
132638  -43.122  27.898  42.048 0.0000000000
134119  -42.727  29.772  40.155 0.0000000000
132643  -44.378  28.642  41.502 0.0000000000
132644  -45.282  28.699  41.311 0.0000000000
174617  -46.587  29.389  40.867 0.0000000000
134106  -47.728  30.012  40.698 0.0000000000
134947  -46.044  31.783  33.945 0.0000000000
157911  -46.945  31.330  36.374 0.0000000000
134892  -47.573  31.234  37.770 0.0000000000
134124  -48.829  30.661  40.413 0.0000000000
134869  -49.991  31.719  40.245 0.0000000000
135633  -50.838  32.447  39.545 0.0000000000
180797  -52.393  33.072  39.329 0.0000000000
135707  -52.552  32.342  33.321 0.0000000000
136408  -53.249  33.025  35.952 0.0000000000
136371  -53.524  33.206  38.340 0.0000000000
135650  -54.344  32.265  37.835 0.0000000000
134921  -54.437  31.672  37.068 0.0000000000
133396  -54.228  30.434  35.065 0.0000000000
132718  -54.390  28.389  33.014 0.0000000000
172361  -55.036  26.404  30.945 0.0000000000
114545  -56.009  7.263  50.210 0.0000000000
114572  -56.646  7.335  48.530 0.0000000000
115502  -54.357  8.658  45.694 0.0000000000
115497  -55.758  7.838  46.736 0.0000000000
114591  -57.372  7.249  46.731 0.0000000000
114608  -58.368  7.194  44.812 0.0000000000
114619  -58.943  7.010  43.302 0.0000000000
114631  -60.010  6.599  41.603 0.0000000000
121693  -53.179  16.397  41.213 0.0000000000
129563  -52.035  23.765  40.435 0.0000000000
127108  -52.549  21.448  40.246 0.0000000000
125440  -54.366  19.157  39.820 0.0000000000
124582  -56.367  18.571  39.114 0.0000000000
123679  -56.628  17.675  39.887 0.0000000000
123668  -56.450  17.250  41.485 0.0000000000
121696  -55.326  16.407  41.254 0.0000000000
121730  -53.780  16.140  39.384 0.0000000000
167797  -51.548  14.164  38.765 0.0000000000
119120  -52.063  12.231  37.783 0.0000000000
118326  -54.037  10.483  38.616 0.0000000000
117474  -55.685  9.667  38.873 0.0000000000
118359  -56.300  10.077  36.366 0.0000000000
118338  -56.474  9.683  37.897 0.0000000000
116513  -56.983  9.646  39.044 0.0000000000
116504  -59.253  8.848  39.980 0.0000000000
115557  -60.174  7.919  40.042 0.0000000000
171081  -60.331  6.400  40.146 0.0000000000
112821  -59.386  6.221  39.474 0.0000000000
114652  -58.119  6.604  39.785 0.0000000000
158004  -56.561  7.360  40.092 0.0000000000
114664  -56.005  7.846  36.743 0.0000000000
115577  -55.558  8.228  38.086 0.0000000000
114645  -54.766  8.253  39.832 0.0000000000
115545  -52.734  8.246  41.099 0.0000000000
115543  -50.906  8.343  41.128 0.0000000000
119191  -50.662  11.582  31.379 0.0000000000
117563  -49.278  10.814  31.841 0.0000000000
117532  -49.677  10.492  33.826 0.0000000000
117544  -46.311  11.320  33.449 0.0000000000
117518  -48.225  10.561  35.278 0.0000000000
117509  -49.525  10.355  36.604 0.0000000000
116521  -48.933  9.983  38.651 0.0000000000
116498  -48.406  9.523  40.457 0.0000000000
111917  -59.954  4.537  42.146 0.0000000000
184943  -59.627  2.997  41.650 0.0000000000
111935  -59.980  4.254  41.242 0.0000000000
110925  -59.509  3.940  40.581 0.0000000000
111953  -59.896  4.931  40.571 0.0000000000
162300  -52.431  29.880  38.650 0.0000000000
132670  -52.480  29.294  38.635 0.0000000000
119104  -50.116  12.787  40.282 0.0000000000
119890  -50.328  13.803  39.889 0.0000000000
131946  -48.250  28.047  40.723 0.0000000000
131182  -48.986  26.403  40.671 0.0000000000
131183  -49.433  27.325  40.585 0.0000000000
120905  -54.446  14.479  32.266 0.0000000000
120907  -55.316  14.785  32.590 0.0000000000
120923  -54.228  13.490  31.908 0.0000000000
119999  -54.096  12.545  31.546 0.0000000000
120008  -53.685  12.387  31.402 0.0000000000
119216  -52.994  11.466  31.230 0.0000000000
119996  -52.958  12.742  31.473 0.0000000000
134856  -52.170  31.862  40.849 0.0000000000
134112  -53.217  30.277  41.019 0.0000000000
127927  -55.513  22.183  35.929 0.0000000000
128792  -56.072  23.149  36.377 0.0000000000
127146  -55.906  21.555  35.533 0.0000000000
126375  -55.979  20.198  35.015 0.0000000000
126374  -55.238  19.931  35.288 0.0000000000
125488  -54.190  18.726  35.480 0.0000000000
126366  -54.749  20.482  35.861 0.0000000000
111817  -51.948  4.527  50.341 0.0000000000
112729  -57.361  5.927  50.330 0.0000000000
112738  -57.019  5.684  48.935 0.0000000000
112739  -57.404  5.893  48.454 0.0000000000
112747  -57.585  5.855  47.118 0.0000000000
113594  -57.685  6.121  47.485 0.0000000000
135675  -43.699  32.384  35.230 0.0000000000
135662  -43.225  31.990  35.876 0.0000000000
134924  -44.123  31.631  35.846 0.0000000000
134903  -44.662  30.891  36.841 0.0000000000
134925  -44.949  31.400  35.648 0.0000000000
135745  -51.113  32.765  30.292 0.0000000000
135744  -50.015  32.273  30.758 0.0000000000
178493  -49.754  31.729  31.341 0.0000000000
134939  -49.425  31.784  33.931 0.0000000000
134952  -49.773  31.567  32.884 0.0000000000
135706  -50.422  32.001  33.736 0.0000000000
134953  -50.759  31.776  32.778 0.0000000000
134202  -54.857  30.013  30.910 0.0000000000
183429  -55.041  31.139  31.894 0.0000000000
156937  -55.309  30.967  31.973 0.0000000000
173682  -55.612  30.800  32.850 0.0000000000
134190  -55.532  29.872  31.872 0.0000000000
132721  -55.285  28.942  32.376 0.0000000000
133434  -55.241  28.771  31.296 0.0000000000
116425  -49.651  9.248  46.222 0.0000000000
115493  -51.048  8.638  46.595 0.0000000000
114578  -50.994  7.743  47.807 0.0000000000
115485  -51.419  8.143  47.251 0.0000000000
115486  -52.240  7.972  47.393 0.0000000000
181377  -55.522  9.735  41.637 0.0000000000
116463  -55.501  9.476  43.058 0.0000000000
116488  -55.981  9.642  41.459 0.0000000000
116479  -56.630  9.354  42.141 0.0000000000
116489  -56.750  9.494  41.132 0.0000000000
124562  -52.568  18.446  41.361 0.0000000000
124548  -54.697  17.996  42.967 0.0000000000
127884  -55.554  22.175  38.923 0.0000000000
165242  -55.141  22.211  39.269 0.0000000000
127117  -55.680  21.250  38.820 0.0000000000
120856  -54.951  14.706  35.802 0.0000000000
120842  -55.358  15.729  36.952 0.0000000000
120855  -54.449  14.692  36.417 0.0000000000
120840  -54.203  14.988  37.018 0.0000000000
119925  -53.887  13.886  35.854 0.0000000000
119146  -53.428  13.082  35.482 0.0000000000
119147  -53.727  12.532  34.955 0.0000000000
114699  -57.566  8.089  34.272 0.0000000000
115617  -58.222  8.624  35.838 0.0000000000
114691  -58.486  8.070  35.767 0.0000000000
114684  -58.901  8.029  36.422 0.0000000000
113693  -58.178  7.684  35.840 0.0000000000
113691  -57.635  7.555  36.304 0.0000000000
168792  -57.180  7.582  35.395 0.0000000000
116557  -51.805  9.837  35.441 0.0000000000
116547  -52.837  9.289  36.588 0.0000000000
116546  -52.077  9.483  36.955 0.0000000000
116536  -51.599  9.443  37.730 0.0000000000
160453  -51.199  9.724  36.901 0.0000000000
119950  -49.506  13.308  34.632 0.0000000000
119960  -48.808  12.583  33.672 0.0000000000
119949  -48.527  12.958  34.507 0.0000000000
117495  -45.133  10.569  37.445 0.0000000000
117505  -45.400  10.607  36.753 0.0000000000
117483  -45.251  10.569  38.082 0.0000000000
117484  -46.560  10.532  38.463 0.0000000000
117469  -45.502  10.500  39.655 0.0000000000
117454  -45.504  10.392  40.642 0.0000000000
117468  -44.653  10.543  39.569 0.0000000000
109861  -57.587  2.675  44.130 0.0000000000
111934  -57.364  5.326  41.065 0.0000000000
134884  -53.242  30.951  39.779 0.0000000000
134127  -53.769  29.783  40.187 0.0000000000
133365  -53.606  30.205  39.850 0.0000000000
131981  -53.959  27.121  37.996 0.0000000000
131982  -54.740  27.004  38.173 0.0000000000
131212  -54.513  26.398  37.707 0.0000000000
130428  -55.324  25.037  37.031 0.0000000000
129622  -54.296  24.574  36.876 0.0000000000
128777  -53.918  23.828  36.853 0.0000000000
130415  -53.887  25.187  37.159 0.0000000000
129610  -52.615  24.302  37.443 0.0000000000
110798  -53.204  4.234  53.394 0.0000000000
112719  -56.909  5.934  51.719 0.0000000000
113561  -56.573  6.059  52.371 0.0000000000
137051  -44.535  34.432  34.298 0.0000000000
134227  -53.569  29.749  29.446 0.0000000000
179631  -53.625  28.635  29.004 0.0000000000
132753  -52.950  28.722  28.734 0.0000000000
118297  -52.325  10.683  41.955 0.0000000000
117441  -52.698  10.729  41.169 0.0000000000
117442  -53.562  10.435  41.310 0.0000000000
117457  -53.242  10.630  40.474 0.0000000000
159116  -46.663  26.081  41.389 0.0000000000
127107  -51.620  21.179  40.425 0.0000000000
187088  -57.351  18.891  35.438 0.0000000000
169240  -57.356  18.496  35.854 0.0000000000
123717  -57.362  17.733  34.790 0.0000000000
119966  -55.775  14.600  33.414 0.0000000000
120888  -56.474  15.697  33.848 0.0000000000
119954  -55.731  14.574  33.854 0.0000000000
119942  -55.637  14.658  34.411 0.0000000000
119965  -55.472  13.957  33.567 0.0000000000
179393  -54.811  12.457  33.607 0.0000000000
119172  -55.041  12.992  33.413 0.0000000000
117583  -55.607  10.016  31.558 0.0000000000
118400  -55.923  10.259  32.181 0.0000000000
116610  -55.999  9.561  31.716 0.0000000000
116590  -56.683  9.077  32.468 0.0000000000
115653  -55.869  8.967  31.908 0.0000000000
115642  -55.461  8.673  32.439 0.0000000000
115651  -54.844  8.920  31.969 0.0000000000
116587  -51.956  10.182  31.970 0.0000000000
116588  -52.961  9.875  32.127 0.0000000000
116577  -52.128  10.134  32.664 0.0000000000
116566  -52.112  9.951  33.691 0.0000000000
117549  -51.359  10.346  33.201 0.0000000000
134109  -50.307  30.869  40.732 0.0000000000
132657  -51.022  28.074  40.651 0.0000000000
184184  -51.391  28.939  40.821 0.0000000000
131174  -53.753  27.423  41.031 0.0000000000
130367  -54.326  25.986  40.764 0.0000000000
130368  -54.680  25.446  40.549 0.0000000000
129547  -55.157  25.439  40.276 0.0000000000
132665  -55.122  27.980  39.746 0.0000000000
131962  -55.064  27.995  39.976 0.0000000000
131968  -55.321  27.197  39.411 0.0000000000
128780  -56.332  23.250  36.897 0.0000000000
129593  -56.086  24.352  38.676 0.0000000000
128755  -56.405  23.540  38.043 0.0000000000
128744  -56.247  22.766  38.374 0.0000000000
127920  -56.841  22.009  37.018 0.0000000000
126361  -57.252  20.686  36.368 0.0000000000
177677  -57.240  21.090  35.691 0.0000000000
125496  -55.991  18.639  34.122 0.0000000000
159524  -56.310  18.258  33.701 0.0000000000
123722  -55.606  17.629  33.393 0.0000000000
122762  -55.214  16.382  32.948 0.0000000000
122752  -54.832  16.682  33.452 0.0000000000
121793  -53.984  15.574  33.267 0.0000000000
122751  -54.099  16.207  33.714 0.0000000000
122744  -52.730  16.711  35.103 0.0000000000
121784  -52.713  15.907  34.723 0.0000000000
122743  -52.047  16.249  35.321 0.0000000000
121782  -51.412  15.005  35.134 0.0000000000
125475  -53.109  19.826  36.643 0.0000000000
125474  -52.285  19.583  36.861 0.0000000000
124603  -50.272  18.217  36.615 0.0000000000
124611  -50.621  17.515  36.233 0.0000000000
111819  -53.688  4.999  50.846 0.0000000000
111829  -53.519  5.138  49.942 0.0000000000
111830  -54.387  5.300  50.612 0.0000000000
112744  -56.383  5.534  48.390 0.0000000000
112743  -54.733  5.441  48.245 0.0000000000
183343  -56.050  5.177  46.896 0.0000000000
111863  -55.213  5.143  46.812 0.0000000000
111880  -55.845  4.652  46.053 0.0000000000
110848  -56.714  4.304  45.631 0.0000000000
110832  -57.252  4.575  45.854 0.0000000000
111882  -58.088  5.067  45.531 0.0000000000
110850  -58.245  4.365  45.007 0.0000000000
111883  -58.567  4.842  44.939 0.0000000000
111905  -59.402  4.739  43.826 0.0000000000
111896  -59.025  5.046  44.477 0.0000000000
133355  -40.446  29.751  41.103 0.0000000000
133331  -40.667  28.768  42.278 0.0000000000
132640  -41.473  28.890  41.997 0.0000000000
132637  -42.348  27.972  42.232 0.0000000000
132641  -42.158  28.708  41.960 0.0000000000
135660  -40.703  33.025  36.637 0.0000000000
134899  -40.772  31.961  37.673 0.0000000000
134152  -42.963  30.655  38.051 0.0000000000
134132  -42.179  30.208  39.411 0.0000000000
133358  -43.297  29.470  40.899 0.0000000000
134120  -43.575  29.731  40.244 0.0000000000
133341  -44.824  29.207  41.154 0.0000000000
133359  -44.309  29.547  40.736 0.0000000000
158547  -45.887  30.409  38.987 0.0000000000
134134  -45.805  30.272  39.729 0.0000000000
134123  -46.444  30.165  40.277 0.0000000000
133362  -46.957  29.911  40.670 0.0000000000
134135  -46.678  30.510  39.467 0.0000000000
181811  -46.386  31.400  35.015 0.0000000000
134936  -47.150  31.477  34.657 0.0000000000
134919  -48.490  31.975  36.372 0.0000000000
134918  -47.679  31.698  36.354 0.0000000000
134893  -48.261  31.493  38.156 0.0000000000
180732  -48.303  31.080  39.574 0.0000000000
134881  -48.758  31.475  38.979 0.0000000000
134868  -49.017  31.277  40.011 0.0000000000
164154  -49.326  31.936  38.678 0.0000000000
135655  -50.813  32.657  37.071 0.0000000000
135646  -50.755  32.504  38.654 0.0000000000
162936  -51.184  32.691  38.001 0.0000000000
163794  -51.467  32.757  38.986 0.0000000000
135647  -52.071  32.994  38.262 0.0000000000
134983  -52.718  31.315  31.085 0.0000000000
135718  -52.760  31.922  32.438 0.0000000000
135730  -53.310  31.585  31.975 0.0000000000
135694  -54.261  32.395  34.413 0.0000000000
135693  -53.722  32.584  34.516 0.0000000000
136409  -53.602  32.963  36.011 0.0000000000
136394  -53.411  33.256  36.891 0.0000000000
136395  -53.746  33.356  37.047 0.0000000000
163127  -53.778  33.160  38.029 0.0000000000
136397  -54.185  32.684  37.127 0.0000000000
134172  -54.991  30.912  34.907 0.0000000000
134922  -54.549  31.744  36.557 0.0000000000
134165  -54.555  31.350  36.022 0.0000000000
134164  -54.307  31.253  36.529 0.0000000000
134170  -54.564  30.941  35.581 0.0000000000
132719  -54.878  28.605  32.863 0.0000000000
132705  -54.624  29.396  33.567 0.0000000000
132008  -54.637  27.589  32.596 0.0000000000
132007  -53.993  27.339  32.871 0.0000000000
131274  -54.331  26.657  32.498 0.0000000000
131336  -54.839  27.170  30.461 0.0000000000
113560  -53.916  6.494  52.126 0.0000000000
114570  -54.238  7.404  48.650 0.0000000000
156731  -54.955  7.228  50.114 0.0000000000
188276  -54.989  7.414  48.804 0.0000000000
114571  -55.759  7.465  48.519 0.0000000000
116447  -52.873  9.659  44.629 0.0000000000
116439  -53.532  9.161  45.261 0.0000000000
116448  -53.765  9.536  44.364 0.0000000000
115512  -55.943  8.568  44.948 0.0000000000
115503  -55.139  8.627  45.309 0.0000000000
115504  -56.663  8.127  45.580 0.0000000000
114590  -56.621  7.663  46.549 0.0000000000
115505  -57.314  7.649  45.946 0.0000000000
162330  -57.741  7.190  46.069 0.0000000000
114599  -57.862  7.558  45.295 0.0000000000
115534  -58.415  8.403  42.602 0.0000000000
114618  -58.503  7.441  43.899 0.0000000000
171579  -59.296  7.425  42.409 0.0000000000
113638  -59.501  6.578  42.555 0.0000000000
178960  -59.708  7.153  41.798 0.0000000000
122657  -55.266  16.560  43.369 0.0000000000
121677  -53.583  16.409  42.044 0.0000000000
186936  -51.401  25.861  40.532 0.0000000000
158865  -51.578  25.210  40.504 0.0000000000
156369  -52.219  24.692  40.468 0.0000000000
156338  -54.297  21.160  39.639 0.0000000000
156382  -53.127  22.155  40.187 0.0000000000
127109  -53.331  21.126  39.980 0.0000000000
126323  -53.759  20.116  39.816 0.0000000000
126325  -55.062  19.468  39.441 0.0000000000
170932  -57.260  17.301  37.063 0.0000000000
124583  -56.612  19.049  38.580 0.0000000000
171476  -57.249  17.598  38.374 0.0000000000
178061  -56.082  16.399  38.869 0.0000000000
122700  -57.151  16.963  39.796 0.0000000000
121699  -56.860  16.818  40.490 0.0000000000
123669  -56.778  17.185  40.921 0.0000000000
121698  -56.463  16.640  41.122 0.0000000000
122673  -56.511  16.785  41.767 0.0000000000
121711  -55.390  16.413  40.487 0.0000000000
120823  -53.496  15.237  37.840 0.0000000000
121748  -54.048  15.885  38.602 0.0000000000
121747  -53.243  15.566  38.561 0.0000000000
121729  -52.813  15.810  39.280 0.0000000000
120821  -52.086  14.484  38.358 0.0000000000
119903  -51.679  13.584  38.239 0.0000000000
119126  -51.901  13.071  37.579 0.0000000000
118345  -53.290  11.149  37.135 0.0000000000
118335  -53.314  10.891  38.046 0.0000000000
117486  -54.854  10.086  38.746 0.0000000000
118337  -55.609  9.772  38.230 0.0000000000
162655  -55.211  10.995  34.668 0.0000000000
118368  -54.740  11.150  35.058 0.0000000000
163340  -55.918  10.380  35.175 0.0000000000
117510  -57.031  9.817  37.395 0.0000000000
118350  -57.024  10.705  37.218 0.0000000000
116538  -57.089  10.159  38.065 0.0000000000
164563  -57.059  10.043  38.435 0.0000000000
116514  -57.788  9.530  39.014 0.0000000000
116502  -57.770  9.452  39.797 0.0000000000
116528  -58.526  9.296  38.878 0.0000000000
114668  -59.765  7.600  38.542 0.0000000000
115568  -60.136  7.874  39.293 0.0000000000
114653  -60.321  7.324  39.684 0.0000000000
113659  -60.410  6.878  40.071 0.0000000000
113665  -60.199  6.668  39.492 0.0000000000
112822  -59.892  6.102  39.647 0.0000000000
112828  -59.713  6.723  39.099 0.0000000000
114658  -57.812  7.425  38.415 0.0000000000
113668  -58.323  6.991  38.959 0.0000000000
168177  -57.506  7.272  39.179 0.0000000000
114651  -56.984  7.330  39.629 0.0000000000
158380  -56.576  7.623  39.066 0.0000000000
115626  -54.966  8.425  34.636 0.0000000000
114673  -55.983  7.846  35.733 0.0000000000
115615  -54.780  8.457  35.562 0.0000000000
115589  -53.903  8.585  37.617 0.0000000000
115590  -54.893  8.412  37.682 0.0000000000
115576  -54.606  8.435  38.316 0.0000000000
115566  -55.214  8.321  38.956 0.0000000000
115565  -54.201  8.414  39.111 0.0000000000
114644  -54.138  8.171  40.596 0.0000000000
115564  -53.124  8.518  39.398 0.0000000000
116512  -51.206  9.175  39.029 0.0000000000
115552  -51.295  8.599  40.404 0.0000000000
115551  -50.456  8.748  40.578 0.0000000000
115542  -50.070  8.419  41.233 0.0000000000
115550  -49.661  8.938  40.769 0.0000000000
119971  -51.889  13.015  32.406 0.0000000000
119978  -52.122  12.761  31.715 0.0000000000
119970  -51.008  12.669  32.696 0.0000000000
119181  -48.491  11.672  32.196 0.0000000000
119189  -49.108  11.374  31.744 0.0000000000
117547  -48.869  10.615  32.698 0.0000000000
117531  -48.594  10.573  33.660 0.0000000000
119153  -45.495  12.091  34.045 0.0000000000
117543  -45.743  11.417  33.865 0.0000000000
181361  -47.285  10.593  36.439 0.0000000000
117517  -47.384  10.610  35.504 0.0000000000
165633  -48.119  10.549  36.234 0.0000000000
166339  -48.964  10.482  35.978 0.0000000000
117508  -48.830  10.433  36.858 0.0000000000
117498  -49.530  10.207  37.318 0.0000000000
117497  -48.813  10.314  37.727 0.0000000000
117456  -47.161  10.194  40.148 0.0000000000
116508  -47.915  9.978  39.924 0.0000000000
116487  -48.106  9.201  41.254 0.0000000000
184613  -59.130  3.180  43.661 0.0000000000
109880  -59.280  2.281  42.783 0.0000000000
109906  -58.852  2.249  40.568 0.0000000000
181248  -53.257  30.691  39.276 0.0000000000
133372  -54.205  29.342  39.724 0.0000000000
133371  -53.152  29.874  39.275 0.0000000000
132671  -53.495  28.815  38.939 0.0000000000
131211  -53.762  26.522  37.683 0.0000000000
159924  -53.487  25.800  37.576 0.0000000000
131980  -52.954  27.216  37.900 0.0000000000
118323  -51.289  11.659  40.474 0.0000000000
119112  -51.442  12.070  39.351 0.0000000000
131172  -48.040  26.582  40.911 0.0000000000
186806  -50.373  24.535  40.549 0.0000000000
122764  -56.352  16.852  33.078 0.0000000000
121803  -56.690  16.379  33.543 0.0000000000
121802  -56.358  16.061  33.073 0.0000000000
120908  -55.593  14.755  32.867 0.0000000000
119974  -55.572  14.387  33.052 0.0000000000
119193  -54.854  12.437  32.456 0.0000000000
169529  -54.689  12.582  32.045 0.0000000000
118430  -54.697  11.024  31.651 0.0000000000
117597  -54.423  10.311  31.315 0.0000000000
167086  -53.927  9.787  31.417 0.0000000000
117595  -53.285  10.442  31.215 0.0000000000
116605  -52.648  10.594  31.195 0.0000000000
117580  -51.958  10.931  31.042 0.0000000000
134110  -51.746  31.250  41.048 0.0000000000
177912  -52.178  29.395  41.061 0.0000000000
133348  -53.087  29.810  41.181 0.0000000000
161030  -53.674  28.296  41.247 0.0000000000
131951  -54.191  28.041  41.133 0.0000000000
130430  -55.568  25.228  37.467 0.0000000000
131196  -55.597  25.948  38.672 0.0000000000
130431  -55.851  24.827  37.329 0.0000000000
128793  -56.232  23.015  36.488 0.0000000000
127930  -56.463  22.303  36.111 0.0000000000
126377  -56.647  20.523  35.186 0.0000000000
127155  -56.280  21.037  35.161 0.0000000000
125490  -55.662  19.363  34.740 0.0000000000
180483  -55.334  18.720  34.488 0.0000000000
123716  -54.487  17.636  34.433 0.0000000000
124622  -54.711  18.338  34.768 0.0000000000
124621  -53.896  17.966  35.167 0.0000000000
124620  -53.085  17.778  35.437 0.0000000000
125473  -51.532  19.487  36.996 0.0000000000
111839  -52.917  5.161  49.118 0.0000000000
112727  -55.862  5.503  51.170 0.0000000000
155591  -55.158  5.409  50.463 0.0000000000
159277  -56.086  5.511  50.227 0.0000000000
111849  -56.578  5.426  47.432 0.0000000000
111864  -57.376  5.027  46.270 0.0000000000
183866  -57.455  5.490  46.680 0.0000000000
112756  -57.785  5.626  46.268 0.0000000000
183556  -58.145  5.659  45.686 0.0000000000
134130  -40.017  30.721  39.865 0.0000000000
135673  -42.064  33.069  35.618 0.0000000000
134912  -41.921  31.995  36.713 0.0000000000
134913  -42.848  31.587  36.619 0.0000000000
134901  -42.919  31.009  37.392 0.0000000000
134153  -43.672  30.624  37.797 0.0000000000
134133  -44.284  30.114  39.214 0.0000000000
134154  -44.515  30.610  37.537 0.0000000000
166467  -45.214  30.653  37.309 0.0000000000
134155  -45.956  30.698  37.465 0.0000000000
135729  -49.285  32.040  31.242 0.0000000000
134937  -47.949  31.521  34.214 0.0000000000
182856  -48.603  31.586  33.799 0.0000000000
134938  -48.728  31.798  34.657 0.0000000000
134920  -49.202  32.207  36.399 0.0000000000
182435  -49.547  32.194  37.923 0.0000000000
135663  -49.736  32.359  35.916 0.0000000000
135678  -50.421  32.452  35.343 0.0000000000
135679  -51.271  32.646  35.370 0.0000000000
188435  -54.284  31.164  31.556 0.0000000000
163821  -53.993  31.651  32.223 0.0000000000
135732  -54.472  31.429  32.067 0.0000000000
135710  -54.675  32.030  33.523 0.0000000000
135695  -54.921  32.059  34.335 0.0000000000
173549  -54.505  32.243  35.834 0.0000000000
135696  -55.230  31.504  34.230 0.0000000000
134940  -55.393  31.027  34.089 0.0000000000
133398  -54.946  30.567  34.537 0.0000000000
133407  -54.883  30.084  34.056 0.0000000000
132707  -55.030  29.450  33.317 0.0000000000
132720  -55.159  29.002  32.735 0.0000000000
132010  -55.004  27.803  32.321 0.0000000000
116434  -49.150  9.775  45.768 0.0000000000
115491  -49.257  8.722  46.829 0.0000000000
115483  -49.732  8.246  47.310 0.0000000000
114566  -50.645  7.382  48.440 0.0000000000
114542  -53.170  6.786  49.927 0.0000000000
114555  -52.837  7.097  49.114 0.0000000000
114569  -53.363  7.398  48.471 0.0000000000
114581  -54.008  7.572  47.842 0.0000000000
117417  -54.123  10.061  42.942 0.0000000000
116449  -54.566  9.462  44.022 0.0000000000
170348  -55.216  9.352  43.698 0.0000000000
116450  -56.074  8.923  43.808 0.0000000000
115523  -57.139  8.532  43.897 0.0000000000
115514  -57.566  8.128  44.621 0.0000000000
116464  -56.854  8.912  43.055 0.0000000000
116465  -57.547  8.911  42.436 0.0000000000
116481  -58.206  8.937  41.777 0.0000000000
124529  -55.344  18.599  43.742 0.0000000000
124531  -56.024  17.821  44.007 0.0000000000
179206  -55.679  16.532  42.720 0.0000000000
156326  -53.836  24.335  40.411 0.0000000000
128731  -53.584  23.633  40.264 0.0000000000
156925  -54.309  22.997  39.825 0.0000000000
160155  -54.638  22.122  39.610 0.0000000000
125448  -55.815  20.020  38.891 0.0000000000
120844  -56.163  16.176  36.703 0.0000000000
121762  -56.829  16.681  37.737 0.0000000000
120843  -55.799  16.083  37.214 0.0000000000
120827  -55.501  16.097  37.724 0.0000000000
121751  -55.516  16.303  38.608 0.0000000000
121750  -55.055  16.236  38.717 0.0000000000
120825  -54.745  15.907  38.007 0.0000000000
120839  -53.645  14.752  37.165 0.0000000000
119912  -53.072  13.942  36.710 0.0000000000
119911  -52.463  13.485  37.065 0.0000000000
119134  -52.642  13.044  36.409 0.0000000000
118357  -53.260  11.535  36.317 0.0000000000
118358  -53.948  11.044  36.174 0.0000000000
163029  -56.703  9.603  34.245 0.0000000000
118371  -56.195  9.963  35.993 0.0000000000
160492  -56.793  9.624  35.737 0.0000000000
117511  -57.594  9.484  36.891 0.0000000000
160418  -58.776  8.879  37.456 0.0000000000
116529  -59.153  8.898  38.541 0.0000000000
115606  -59.120  8.332  37.197 0.0000000000
114667  -59.354  7.619  38.007 0.0000000000
113677  -59.117  7.346  37.936 0.0000000000
113670  -59.161  6.987  38.587 0.0000000000
113676  -58.630  7.359  37.858 0.0000000000
113683  -57.776  7.534  37.309 0.0000000000
114665  -56.692  7.702  37.326 0.0000000000
116559  -53.401  9.178  35.716 0.0000000000
115614  -54.104  8.745  35.877 0.0000000000
115602  -53.077  8.960  37.284 0.0000000000
115588  -52.921  8.774  37.968 0.0000000000
115574  -52.623  8.717  38.681 0.0000000000
116525  -52.191  9.075  38.224 0.0000000000
116524  -51.567  9.259  38.445 0.0000000000
116523  -50.808  9.504  38.329 0.0000000000
119962  -50.743  13.042  33.541 0.0000000000
119171  -50.051  12.403  32.801 0.0000000000
119961  -49.798  12.756  33.682 0.0000000000
119169  -48.122  12.158  32.808 0.0000000000
119180  -47.796  11.869  32.496 0.0000000000
117515  -45.038  10.784  35.054 0.0000000000
117516  -45.778  10.768  34.876 0.0000000000
169616  -45.646  10.677  35.839 0.0000000000
117506  -46.458  10.634  36.776 0.0000000000
156389  -47.088  10.575  37.761 0.0000000000
156703  -48.058  10.433  38.224 0.0000000000
156391  -47.320  10.444  38.747 0.0000000000
117470  -46.595  10.436  39.365 0.0000000000
116485  -46.532  9.475  41.662 0.0000000000
117440  -46.080  10.099  41.167 0.0000000000
117439  -45.309  10.209  41.377 0.0000000000
109859  -55.964  2.862  44.125 0.0000000000
135621  -53.201  32.092  39.857 0.0000000000
134113  -53.225  30.610  40.688 0.0000000000
162326  -53.356  30.449  40.384 0.0000000000
178708  -54.923  28.881  39.926 0.0000000000
132674  -55.184  27.870  39.272 0.0000000000
132672  -54.685  28.461  39.292 0.0000000000
132685  -55.060  27.659  38.746 0.0000000000
131984  -55.150  26.844  38.491 0.0000000000
130429  -55.494  25.073  37.179 0.0000000000
128779  -55.394  23.762  36.443 0.0000000000
127919  -55.099  22.875  36.212 0.0000000000
126359  -54.158  21.162  36.235 0.0000000000
127918  -54.287  22.624  36.524 0.0000000000
127139  -53.649  21.963  36.675 0.0000000000
127138  -52.693  21.755  36.981 0.0000000000
130414  -53.053  25.082  37.459 0.0000000000
127909  -52.828  22.979  37.129 0.0000000000
110802  -51.900  4.367  51.305 0.0000000000
111811  -52.693  4.429  51.934 0.0000000000
111812  -53.838  4.709  51.900 0.0000000000
111813  -54.774  5.035  52.039 0.0000000000
111791  -54.048  4.528  53.777 0.0000000000
111808  -54.627  4.847  52.816 0.0000000000
112722  -55.240  5.314  51.714 0.0000000000
112725  -57.234  5.931  51.168 0.0000000000
113584  -57.339  6.235  50.701 0.0000000000
136405  -41.815  33.857  35.651 0.0000000000
136407  -43.350  33.900  34.877 0.0000000000
136415  -43.951  33.509  34.593 0.0000000000
136416  -44.801  33.162  34.145 0.0000000000
134981  -51.150  31.526  30.980 0.0000000000
135015  -52.866  30.907  29.386 0.0000000000
187663  -53.375  30.297  29.731 0.0000000000
134201  -54.193  30.015  30.324 0.0000000000
133447  -54.714  28.894  30.391 0.0000000000
133448  -54.900  28.675  30.601 0.0000000000
132746  -54.497  28.568  29.912 0.0000000000
132043  -54.502  27.534  29.605 0.0000000000
117428  -52.867  10.447  42.547 0.0000000000
117416  -53.426  10.196  43.106 0.0000000000
156149  -53.732  10.283  42.262 0.0000000000
117443  -54.440  10.144  41.518 0.0000000000
159979  -54.833  10.032  40.788 0.0000000000
125438  -51.392  19.325  40.917 0.0000000000
124573  -53.051  18.748  40.589 0.0000000000
126341  -56.677  20.697  37.757 0.0000000000
126334  -56.443  20.545  38.055 0.0000000000
125467  -57.139  19.593  37.311 0.0000000000
123704  -57.331  17.877  36.476 0.0000000000
121777  -56.975  16.657  35.962 0.0000000000
122746  -56.928  16.478  34.181 0.0000000000
121785  -56.696  15.951  34.604 0.0000000000
120859  -56.153  15.888  35.771 0.0000000000
120869  -55.768  15.248  35.155 0.0000000000
120868  -55.391  14.755  35.154 0.0000000000
167701  -54.829  13.997  34.924 0.0000000000
119157  -54.279  12.896  34.403 0.0000000000
119158  -54.665  12.607  33.892 0.0000000000
118388  -54.907  11.535  33.899 0.0000000000
118389  -55.417  10.928  33.573 0.0000000000
155988  -55.165  11.185  32.329 0.0000000000
118390  -56.053  10.338  33.108 0.0000000000
184221  -56.425  9.885  33.150 0.0000000000
117551  -56.800  9.402  33.371 0.0000000000
115644  -57.027  8.543  33.133 0.0000000000
113708  -57.084  7.791  33.888 0.0000000000
113698  -56.783  7.665  34.765 0.0000000000
114697  -56.284  7.941  33.655 0.0000000000
175648  -55.658  8.261  33.604 0.0000000000
115635  -54.324  8.771  34.117 0.0000000000
115650  -54.258  9.130  32.237 0.0000000000
116589  -53.688  9.378  32.564 0.0000000000
116568  -53.539  9.227  34.650 0.0000000000
116567  -52.845  9.593  34.143 0.0000000000
187712  -52.158  9.818  34.556 0.0000000000
117521  -50.991  10.249  35.054 0.0000000000
119948  -47.669  12.788  34.513 0.0000000000
119937  -47.461  13.171  35.419 0.0000000000
119144  -45.870  12.555  34.702 0.0000000000
119152  -44.667  12.035  34.352 0.0000000000
118366  -44.404  11.131  34.968 0.0000000000
118356  -43.902  10.943  35.758 0.0000000000
117494  -44.472  10.582  36.829 0.0000000000
156390  -44.535  10.563  37.786 0.0000000000
132648  -49.457  29.003  40.623 0.0000000000
131960  -50.325  27.289  40.565 0.0000000000
131948  -49.942  28.139  40.600 0.0000000000
180964  -51.103  27.169  40.603 0.0000000000
130377  -52.467  25.793  40.577 0.0000000000
131950  -52.878  27.928  41.019 0.0000000000
131186  -52.705  26.955  40.760 0.0000000000
173377  -53.534  25.668  40.625 0.0000000000
129565  -54.544  24.674  40.422 0.0000000000
128733  -54.899  23.908  39.854 0.0000000000
127891  -55.807  22.217  38.718 0.0000000000
133350  -54.095  29.104  41.201 0.0000000000
131952  -54.458  27.695  40.872 0.0000000000
182283  -54.826  26.729  40.628 0.0000000000
178417  -55.654  25.719  39.093 0.0000000000
131189  -55.465  25.809  39.742 0.0000000000
130378  -55.407  25.507  40.019 0.0000000000
129568  -55.511  24.284  39.499 0.0000000000
128743  -55.846  22.913  38.787 0.0000000000
179862  -56.185  21.552  38.319 0.0000000000
162844  -56.840  20.828  37.553 0.0000000000
125483  -57.321  19.784  35.584 0.0000000000
125500  -57.111  18.817  34.593 0.0000000000
126385  -56.757  19.844  34.959 0.0000000000
124629  -56.865  18.266  33.838 0.0000000000
124640  -57.054  17.903  33.506 0.0000000000
122763  -56.057  17.047  33.020 0.0000000000
121801  -55.286  16.040  32.673 0.0000000000
121813  -54.336  14.965  32.384 0.0000000000
120903  -53.087  13.917  31.965 0.0000000000
120894  -53.853  14.438  32.320 0.0000000000
120893  -53.171  14.084  32.574 0.0000000000
120886  -52.914  14.528  33.449 0.0000000000
122745  -53.469  16.435  34.446 0.0000000000
121791  -52.516  15.001  34.284 0.0000000000
120885  -52.177  14.081  33.843 0.0000000000
120876  -51.071  14.269  34.879 0.0000000000
120875  -50.301  14.092  35.211 0.0000000000
120866  -49.526  14.066  35.506 0.0000000000
126365  -53.910  20.189  36.263 0.0000000000
124613  -52.328  18.060  35.995 0.0000000000
124604  -51.829  18.834  36.595 0.0000000000
124612  -51.230  18.126  36.367 0.0000000000
123708  -51.556  17.350  35.867 0.0000000000
111818  -52.929  4.759  50.312 0.0000000000
181366  -53.243  5.350  48.648 0.0000000000
112736  -54.592  5.442  49.065 0.0000000000
159887  -53.919  5.434  48.513 0.0000000000
170823  -54.041  5.434  47.732 0.0000000000
110846  -55.142  4.252  45.201 0.0000000000
110867  -55.576  3.580  44.640 0.0000000000
110868  -56.586  3.549  44.820 0.0000000000
110869  -57.388  3.337  44.652 0.0000000000
178907  -57.902  3.208  44.513 0.0000000000
111881  -57.693  4.577  45.565 0.0000000000
170673  -57.838  3.843  44.937 0.0000000000
110870  -58.407  3.564  44.480 0.0000000000
110871  -59.070  3.626  44.078 0.0000000000
111906  -59.599  4.363  43.156 0.0000000000
134131  -41.071  30.587  39.487 0.0000000000
134889  -41.230  31.312  38.123 0.0000000000
166373  -41.723  29.908  40.166 0.0000000000
133339  -42.840  29.068  41.497 0.0000000000
132642  -43.490  28.588  41.689 0.0000000000
131937  -44.246  27.035  41.898 0.0000000000
131942  -44.879  27.812  41.565 0.0000000000
131943  -45.659  27.323  41.449 0.0000000000
131944  -46.298  27.832  41.222 0.0000000000
161070  -45.001  30.117  39.832 0.0000000000
133342  -45.737  29.261  40.995 0.0000000000
179717  -46.829  28.311  41.039 0.0000000000
132646  -47.038  28.951  40.920 0.0000000000
173386  -47.673  29.131  40.813 0.0000000000
133344  -48.073  29.622  40.758 0.0000000000
135690  -45.486  32.267  34.029 0.0000000000
134926  -45.735  31.328  35.459 0.0000000000
134917  -46.256  31.123  36.078 0.0000000000
134891  -46.787  30.875  37.650 0.0000000000
134906  -47.496  31.450  36.947 0.0000000000
134147  -47.168  30.860  38.628 0.0000000000
134136  -47.612  30.799  39.550 0.0000000000
166479  -48.133  30.350  40.458 0.0000000000
133345  -48.947  29.712  40.652 0.0000000000
134108  -49.389  30.408  40.593 0.0000000000
134125  -49.670  31.118  40.510 0.0000000000
134126  -50.571  31.560  40.638 0.0000000000
135632  -50.057  32.212  38.884 0.0000000000
134883  -50.234  32.126  39.843 0.0000000000
173920  -51.035  31.298  40.869 0.0000000000
134855  -51.433  31.875  40.775 0.0000000000
135611  -51.934  32.559  40.528 0.0000000000
135619  -52.361  32.764  40.181 0.0000000000
135717  -51.764  31.953  32.623 0.0000000000
165353  -51.558  32.290  33.713 0.0000000000
155938  -51.873  32.703  34.714 0.0000000000
172298  -53.282  32.312  33.150 0.0000000000
136417  -52.821  32.777  35.023 0.0000000000
135666  -52.474  33.005  36.554 0.0000000000
135657  -52.725  33.173  37.546 0.0000000000
136370  -53.164  33.203  38.873 0.0000000000
136350  -52.710  32.799  39.755 0.0000000000
136359  -53.066  32.748  39.332 0.0000000000
135649  -53.834  32.358  38.373 0.0000000000
134897  -54.195  31.972  38.144 0.0000000000
135667  -54.453  32.185  36.528 0.0000000000
134910  -54.470  31.944  37.546 0.0000000000
134909  -54.225  31.741  37.928 0.0000000000
134895  -53.516  31.242  38.527 0.0000000000
134158  -53.077  30.869  37.879 0.0000000000
133406  -54.491  30.022  34.214 0.0000000000
132704  -54.089  29.220  33.609 0.0000000000
132031  -55.196  28.205  31.241 0.0000000000
132019  -55.150  27.724  31.419 0.0000000000
131284  -54.982  26.687  31.701 0.0000000000
114519  -55.917  6.557  52.519 0.0000000000
114544  -54.470  6.923  50.570 0.0000000000
158625  -55.317  7.004  50.988 0.0000000000
175196  -55.868  6.810  51.620 0.0000000000
114536  -56.689  6.715  51.318 0.0000000000
114559  -56.808  7.105  49.860 0.0000000000
114560  -57.195  6.736  49.439 0.0000000000
115494  -52.619  8.839  46.101 0.0000000000
115495  -53.517  8.609  46.160 0.0000000000
115496  -54.426  8.212  46.538 0.0000000000
116440  -54.430  9.106  44.843 0.0000000000
158379  -55.114  8.256  46.179 0.0000000000
167020  -55.111  7.900  46.862 0.0000000000
162225  -56.274  7.489  47.930 0.0000000000
114584  -56.943  7.346  47.626 0.0000000000
114585  -57.486  6.869  47.515 0.0000000000
114592  -57.787  6.689  46.623 0.0000000000
114600  -58.156  6.804  45.658 0.0000000000
113612  -58.478  6.611  45.008 0.0000000000
114607  -58.109  7.789  44.391 0.0000000000
114609  -58.643  6.745  44.249 0.0000000000
113613  -58.626  6.094  44.649 0.0000000000
113623  -59.056  6.160  43.709 0.0000000000
113639  -59.864  5.900  42.222 0.0000000000
112796  -60.062  5.334  41.988 0.0000000000
122670  -52.997  16.481  42.974 0.0000000000
121692  -52.124  16.283  41.011 0.0000000000
121707  -51.670  15.827  40.252 0.0000000000
182670  -49.842  26.650  40.557 0.0000000000
128730  -51.194  23.373  40.479 0.0000000000
156380  -52.807  23.096  40.304 0.0000000000
156381  -51.883  22.959  40.429 0.0000000000
156383  -52.202  22.201  40.343 0.0000000000
156169  -52.457  20.503  40.256 0.0000000000
159915  -52.881  19.610  40.234 0.0000000000
124574  -53.840  18.471  40.481 0.0000000000
126333  -56.233  20.421  38.305 0.0000000000
159085  -55.889  19.893  38.784 0.0000000000
125442  -55.992  19.063  39.095 0.0000000000
122713  -57.248  17.115  38.725 0.0000000000
124577  -56.189  18.093  39.595 0.0000000000
125441  -55.549  19.216  39.261 0.0000000000
124575  -55.124  18.290  39.952 0.0000000000
124566  -55.809  17.556  40.898 0.0000000000
124565  -55.091  17.651  41.660 0.0000000000
165183  -55.902  17.401  42.242 0.0000000000
121681  -55.715  16.439  42.077 0.0000000000
121680  -55.270  16.391  41.871 0.0000000000
121732  -55.015  16.364  39.636 0.0000000000
121710  -54.925  16.391  40.525 0.0000000000
121709  -54.225  16.398  40.456 0.0000000000
182599  -53.608  16.392  40.682 0.0000000000
121728  -52.040  15.685  39.623 0.0000000000
120809  -51.066  14.320  39.371 0.0000000000
119897  -51.139  13.377  38.886 0.0000000000
187703  -51.120  12.732  38.949 0.0000000000
118324  -52.431  11.413  39.200 0.0000000000
118344  -52.613  11.674  37.388 0.0000000000
118334  -52.569  11.470  38.301 0.0000000000
118325  -53.355  10.823  39.026 0.0000000000
117472  -53.792  10.504  39.868 0.0000000000
117458  -54.609  10.162  40.031 0.0000000000
117459  -55.344  9.808  40.112 0.0000000000
118377  -54.145  11.934  34.688 0.0000000000
180979  -55.108  10.391  36.170 0.0000000000
118360  -56.744  10.484  36.557 0.0000000000
118348  -56.087  9.813  37.163 0.0000000000
161310  -55.444  9.954  37.344 0.0000000000
118327  -56.487  9.651  38.469 0.0000000000
117475  -56.315  9.631  38.957 0.0000000000
116501  -56.771  9.567  40.017 0.0000000000
116490  -57.815  9.373  40.884 0.0000000000
116491  -58.768  8.878  41.078 0.0000000000
158989  -59.422  8.386  41.024 0.0000000000
116516  -59.247  8.882  39.265 0.0000000000
115556  -59.672  8.370  40.350 0.0000000000
115547  -59.931  7.866  40.759 0.0000000000
114642  -60.116  7.296  41.151 0.0000000000
113652  -60.379  6.650  40.778 0.0000000000
112817  -60.252  5.849  40.660 0.0000000000
111961  -59.833  5.526  40.106 0.0000000000
112816  -59.472  5.522  39.997 0.0000000000
113658  -58.710  5.941  39.927 0.0000000000
113669  -58.963  6.819  38.775 0.0000000000
113664  -58.790  6.400  39.389 0.0000000000
177272  -57.646  6.158  40.568 0.0000000000
113657  -56.678  6.715  40.893 0.0000000000
114681  -56.550  7.684  35.312 0.0000000000
114674  -56.598  7.663  36.315 0.0000000000
178810  -56.012  7.943  37.512 0.0000000000
115604  -54.666  8.461  36.970 0.0000000000
115591  -55.485  8.179  37.251 0.0000000000
114656  -56.320  7.878  38.133 0.0000000000
184324  -55.927  8.074  38.759 0.0000000000
114650  -55.759  7.948  39.764 0.0000000000
177299  -55.042  7.903  40.767 0.0000000000
162163  -54.176  7.641  41.427 0.0000000000
161828  -53.194  7.708  41.563 0.0000000000
115553  -52.278  8.510  40.176 0.0000000000
115544  -51.807  8.296  41.096 0.0000000000
119995  -52.329  12.444  31.407 0.0000000000
119192  -51.571  11.971  31.448 0.0000000000
117579  -51.094  11.170  31.064 0.0000000000
119183  -50.342  12.014  32.040 0.0000000000
118403  -49.496  11.104  31.471 0.0000000000
117564  -50.342  10.696  31.826 0.0000000000
117548  -50.588  10.444  33.518 0.0000000000
117533  -50.580  10.381  34.377 0.0000000000
117520  -50.203  10.385  35.029 0.0000000000
119155  -47.024  12.422  33.588 0.0000000000
173538  -46.625  10.709  34.708 0.0000000000
166922  -47.462  10.639  34.515 0.0000000000
163433  -47.639  10.729  33.489 0.0000000000
117519  -49.116  10.482  34.881 0.0000000000
161692  -49.865  10.383  35.914 0.0000000000
117499  -50.298  10.083  36.876 0.0000000000
116534  -50.127  9.828  37.765 0.0000000000
116510  -49.525  9.576  39.369 0.0000000000
116509  -48.672  9.740  39.607 0.0000000000
116499  -49.205  9.377  40.215 0.0000000000
108859  -57.826  2.196  43.685 0.0000000000
109863  -58.685  2.934  43.925 0.0000000000
109873  -58.990  2.501  43.409 0.0000000000
109874  -59.373  3.095  43.118 0.0000000000
109881  -59.536  3.037  42.345 0.0000000000
110880  -59.396  3.720  43.473 0.0000000000
110891  -59.800  3.694  41.833 0.0000000000
110904  -59.765  3.414  41.165 0.0000000000
111792  -54.807  4.878  53.602 0.0000000000
111820  -54.516  5.149  51.374 0.0000000000
111850  -57.151  5.431  47.048 0.0000000000
111879  -54.718  4.775  45.965 0.0000000000
112718  -56.501  5.854  52.304 0.0000000000
112724  -56.713  5.755  51.594 0.0000000000
112731  -54.431  5.401  49.853 0.0000000000
112732  -56.958  5.697  49.871 0.0000000000
112733  -57.413  5.933  49.393 0.0000000000
112734  -57.590  6.090  48.811 0.0000000000
112737  -55.293  5.454  49.660 0.0000000000
112740  -57.560  6.003  47.942 0.0000000000
112746  -57.370  5.757  47.528 0.0000000000
112774  -58.904  5.609  44.356 0.0000000000
112782  -59.317  5.409  43.752 0.0000000000
112823  -60.139  5.900  39.989 0.0000000000
113575  -57.044  6.218  51.504 0.0000000000
113590  -57.485  6.215  49.737 0.0000000000
113606  -58.356  6.124  45.401 0.0000000000
113624  -59.535  5.832  43.035 0.0000000000
113663  -57.299  6.947  40.134 0.0000000000
113671  -59.651  7.222  38.657 0.0000000000
113684  -57.922  7.564  37.105 0.0000000000
113685  -58.434  7.601  36.665 0.0000000000
113692  -57.706  7.607  35.381 0.0000000000
113699  -57.129  7.656  34.704 0.0000000000
113701  -57.935  7.800  34.875 0.0000000000
113707  -56.291  8.145  33.218 0.0000000000
114503  -55.725  6.341  53.418 0.0000000000
114504  -56.269  6.265  52.744 0.0000000000
114520  -56.487  6.399  52.029 0.0000000000
114533  -54.326  6.680  51.251 0.0000000000
114535  -56.217  7.050  51.000 0.0000000000
114543  -53.748  6.727  50.586 0.0000000000
114546  -56.764  6.986  50.641 0.0000000000
114547  -57.177  6.669  50.258 0.0000000000
114557  -54.539  7.294  49.393 0.0000000000
114558  -55.428  7.367  49.399 0.0000000000
114568  -52.394  7.467  48.269 0.0000000000
114573  -57.225  6.928  48.516 0.0000000000
114574  -57.590  6.389  48.109 0.0000000000
114577  -50.158  7.740  47.821 0.0000000000
114580  -53.102  7.764  47.626 0.0000000000
114582  -55.545  7.605  47.540 0.0000000000
114583  -56.253  7.575  47.298 0.0000000000
114586  -57.704  6.425  47.339 0.0000000000
114630  -59.574  7.835  41.587 0.0000000000
114639  -53.515  8.127  41.102 0.0000000000
114647  -60.320  7.356  40.426 0.0000000000
114659  -60.094  7.314  39.011 0.0000000000
114666  -57.557  7.545  37.669 0.0000000000
114676  -59.077  7.704  37.197 0.0000000000
114682  -57.081  7.553  36.004 0.0000000000
114683  -58.632  7.821  36.323 0.0000000000
114688  -55.934  8.010  33.924 0.0000000000
114689  -56.345  7.782  34.383 0.0000000000
114690  -58.305  7.888  35.544 0.0000000000
114696  -55.877  8.257  33.223 0.0000000000
114698  -57.078  7.965  33.503 0.0000000000
114700  -58.153  7.976  34.985 0.0000000000
114705  -55.948  8.413  32.821 0.0000000000
114706  -56.856  8.294  33.047 0.0000000000
114707  -57.181  8.136  33.559 0.0000000000
114713  -55.780  8.734  32.222 0.0000000000
114714  -55.933  8.685  32.338 0.0000000000
114715  -56.539  8.621  32.633 0.0000000000
115487  -53.761  8.026  47.041 0.0000000000
115488  -54.642  7.758  47.307 0.0000000000
115492  -50.137  8.685  46.680 0.0000000000
115524  -57.703  8.530  43.262 0.0000000000
115526  -58.763  7.748  43.013 0.0000000000
115546  -58.983  8.446  41.744 0.0000000000
115554  -53.266  8.361  40.398 0.0000000000
115555  -53.903  8.362  39.841 0.0000000000
115561  -50.833  8.973  39.784 0.0000000000
115562  -51.608  8.774  39.557 0.0000000000
115563  -52.279  8.679  39.301 0.0000000000
115567  -59.774  8.399  39.650 0.0000000000
115578  -59.738  8.372  38.951 0.0000000000
115579  -59.945  8.001  38.756 0.0000000000
115592  -59.231  8.604  37.941 0.0000000000
115593  -59.469  8.161  38.030 0.0000000000
115605  -55.343  8.230  36.257 0.0000000000
115616  -55.517  8.156  35.155 0.0000000000
115618  -58.579  8.153  35.954 0.0000000000
115627  -55.612  8.176  34.250 0.0000000000
115628  -58.227  8.206  35.303 0.0000000000
115637  -55.319  8.513  33.036 0.0000000000
115638  -57.271  8.350  33.689 0.0000000000
115639  -57.698  8.226  34.512 0.0000000000
115641  -54.896  8.806  32.417 0.0000000000
115643  -56.740  8.907  32.507 0.0000000000
115652  -55.259  8.746  31.975 0.0000000000
115654  -56.342  8.959  32.178 0.0000000000
115660  -54.901  9.260  31.560 0.0000000000
115661  -55.026  9.026  31.618 0.0000000000
115662  -55.719  9.441  31.649 0.0000000000
116462  -54.745  9.741  43.193 0.0000000000
116477  -55.137  9.752  42.546 0.0000000000
116478  -55.703  9.591  42.220 0.0000000000
116492  -59.196  8.735  40.564 0.0000000000
116496  -46.860  9.862  40.922 0.0000000000
116503  -58.631  9.150  40.343 0.0000000000
116511  -50.403  9.411  39.196 0.0000000000
116515  -58.586  9.238  39.560 0.0000000000
116522  -49.876  9.697  38.548 0.0000000000
116526  -57.188  10.189  38.349 0.0000000000
116527  -57.690  9.614  38.502 0.0000000000
116539  -57.674  9.626  38.081 0.0000000000
116540  -58.630  9.159  37.973 0.0000000000
116548  -58.027  9.353  37.443 0.0000000000
116549  -58.419  8.898  36.750 0.0000000000
116579  -53.652  9.254  33.597 0.0000000000
116580  -57.281  8.729  33.923 0.0000000000
116591  -57.046  8.853  33.043 0.0000000000
116595  -52.385  10.506  31.337 0.0000000000
116596  -53.023  9.964  31.426 0.0000000000
116597  -53.991  9.429  31.719 0.0000000000
116598  -54.440  9.424  31.525 0.0000000000
116599  -56.114  9.289  31.885 0.0000000000
116600  -56.388  9.204  32.092 0.0000000000
116606  -52.973  10.166  31.222 0.0000000000
116607  -53.537  10.193  31.193 0.0000000000
116608  -54.721  9.705  31.339 0.0000000000
116618  -54.016  10.114  31.240 0.0000000000
116619  -54.750  10.124  31.061 0.0000000000
117430  -55.108  9.879  41.815 0.0000000000
117444  -55.383  9.828  41.084 0.0000000000
117473  -54.314  10.336  39.303 0.0000000000
117485  -49.466  9.995  38.005 0.0000000000
117487  -57.234  10.259  38.296 0.0000000000
117488  -57.177  10.577  37.602 0.0000000000
117500  -57.286  10.479  37.808 0.0000000000
117523  -57.659  9.313  36.192 0.0000000000
117527  -44.697  11.550  34.423 0.0000000000
117529  -46.081  11.016  34.120 0.0000000000
117530  -46.771  10.859  33.781 0.0000000000
117535  -56.353  9.866  34.915 0.0000000000
117536  -57.005  9.365  34.931 0.0000000000
117546  -48.137  10.744  32.851 0.0000000000
117550  -56.381  9.945  33.810 0.0000000000
117561  -47.470  11.340  32.594 0.0000000000
117562  -48.221  10.971  32.278 0.0000000000
117565  -51.301  10.491  32.199 0.0000000000
117566  -56.702  9.247  32.545 0.0000000000
117570  -48.665  11.155  31.813 0.0000000000
117571  -50.206  10.995  31.286 0.0000000000
117573  -56.175  10.158  31.774 0.0000000000
117581  -53.080  10.250  31.236 0.0000000000
117582  -55.051  10.150  31.162 0.0000000000
117593  -52.401  10.933  30.999 0.0000000000
117594  -53.011  10.819  30.923 0.0000000000
117596  -53.820  10.611  31.205 0.0000000000
117598  -55.002  10.307  31.427 0.0000000000
118316  -53.005  10.844  39.739 0.0000000000
118346  -53.785  10.794  36.865 0.0000000000
118347  -54.485  10.460  36.887 0.0000000000
118349  -56.743  10.545  36.932 0.0000000000
118361  -56.515  10.136  36.767 0.0000000000
118367  -54.070  11.465  35.358 0.0000000000
118369  -55.654  10.474  35.527 0.0000000000
118370  -56.483  10.429  35.929 0.0000000000
118375  -44.109  11.795  34.735 0.0000000000
118376  -45.277  11.683  34.058 0.0000000000
118379  -55.553  10.679  34.334 0.0000000000
118380  -55.970  10.316  34.229 0.0000000000
118396  -47.361  11.689  32.530 0.0000000000
118397  -47.948  11.437  32.278 0.0000000000
118399  -55.286  11.036  32.831 0.0000000000
118404  -50.315  11.155  31.193 0.0000000000
118405  -51.126  11.219  31.037 0.0000000000
118406  -55.542  10.454  31.878 0.0000000000
118413  -51.776  11.057  30.949 0.0000000000
118414  -52.440  11.210  31.079 0.0000000000
118415  -55.360  10.337  31.636 0.0000000000
118426  -52.919  11.014  31.137 0.0000000000
118427  -53.368  11.007  31.165 0.0000000000
118429  -54.363  10.938  31.433 0.0000000000
119105  -50.787  12.249  40.040 0.0000000000
119113  -51.938  11.959  38.540 0.0000000000
119119  -51.517  12.703  38.394 0.0000000000
119127  -52.287  12.578  36.999 0.0000000000
119135  -52.950  12.569  35.919 0.0000000000
119145  -46.804  12.648  34.584 0.0000000000
119156  -47.887  12.492  33.627 0.0000000000
119170  -49.051  12.228  32.764 0.0000000000
119184  -51.262  12.333  31.916 0.0000000000
119185  -54.969  12.376  32.967 0.0000000000
119190  -49.793  11.395  31.515 0.0000000000
119205  -52.670  11.914  31.330 0.0000000000
119206  -53.229  12.191  31.368 0.0000000000
119207  -54.462  12.015  31.684 0.0000000000
119217  -53.504  11.643  31.289 0.0000000000
119218  -53.864  11.748  31.333 0.0000000000
119219  -54.281  11.630  31.485 0.0000000000
119904  -52.254  13.944  37.733 0.0000000000
119924  -53.256  13.502  36.099 0.0000000000
119940  -54.076  13.478  35.159 0.0000000000
119941  -55.325  14.227  34.466 0.0000000000
119953  -55.347  14.075  34.126 0.0000000000
119964  -55.082  13.342  33.725 0.0000000000
119979  -52.775  13.165  31.556 0.0000000000
119980  -53.308  13.416  31.578 0.0000000000
119997  -53.466  12.921  31.497 0.0000000000
119998  -54.105  12.920  31.453 0.0000000000
120801  -51.315  15.256  39.719 0.0000000000
120810  -51.853  15.102  38.996 0.0000000000
120811  -52.533  15.214  38.578 0.0000000000
120822  -52.734  14.839  38.015 0.0000000000
120824  -54.254  15.548  37.757 0.0000000000
120841  -54.959  15.324  36.717 0.0000000000
120857  -55.325  15.216  36.067 0.0000000000
120858  -55.694  15.648  36.206 0.0000000000
120870  -56.253  15.593  34.901 0.0000000000
120877  -51.783  14.573  34.581 0.0000000000
120879  -56.270  15.431  34.262 0.0000000000
120884  -51.377  13.732  34.158 0.0000000000
120887  -56.125  15.195  33.474 0.0000000000
120892  -52.476  13.674  32.962 0.0000000000
120895  -55.967  15.138  33.136 0.0000000000
120904  -53.846  14.003  31.963 0.0000000000
120906  -54.848  14.934  32.375 0.0000000000
120922  -54.049  13.761  31.948 0.0000000000
120924  -54.840  13.934  32.252 0.0000000000
121669  -55.253  16.419  42.478 0.0000000000
121678  -54.348  16.392  42.068 0.0000000000
121695  -54.769  16.393  41.415 0.0000000000
121697  -56.002  16.490  41.621 0.0000000000
121708  -52.714  16.206  40.247 0.0000000000
121712  -55.814  16.419  40.323 0.0000000000
121713  -56.350  16.542  40.447 0.0000000000
121714  -56.768  16.666  39.782 0.0000000000
121731  -54.497  16.310  39.567 0.0000000000
121733  -55.417  16.384  39.594 0.0000000000
121734  -56.221  16.465  39.684 0.0000000000
121735  -56.610  16.566  39.047 0.0000000000
121736  -57.060  16.829  39.171 0.0000000000
121753  -56.948  16.748  38.512 0.0000000000
121760  -55.934  16.311  38.059 0.0000000000
121761  -56.300  16.377  37.541 0.0000000000
121770  -56.572  16.375  36.321 0.0000000000
121776  -56.674  16.162  35.438 0.0000000000
121786  -57.087  16.597  35.073 0.0000000000
121799  -53.620  14.883  33.048 0.0000000000
121815  -55.572  15.516  32.719 0.0000000000
121816  -55.870  15.385  32.852 0.0000000000
122650  -56.010  16.984  43.966 0.0000000000
122658  -55.772  16.730  43.546 0.0000000000
122659  -56.066  16.863  43.262 0.0000000000
122660  -56.336  16.943  42.476 0.0000000000
122672  -56.076  16.624  42.318 0.0000000000
122685  -52.547  16.426  41.951 0.0000000000
122686  -56.871  16.944  41.150 0.0000000000
122699  -57.001  17.145  40.380 0.0000000000
122701  -57.207  17.181  39.246 0.0000000000
122718  -57.223  17.013  38.123 0.0000000000
122731  -57.275  17.127  36.303 0.0000000000
122737  -51.396  16.652  35.657 0.0000000000
122747  -57.256  17.121  34.493 0.0000000000
122753  -57.127  17.188  33.754 0.0000000000
122761  -54.568  15.974  33.074 0.0000000000
122765  -56.828  16.948  33.296 0.0000000000
122775  -55.676  16.760  32.925 0.0000000000
122776  -55.774  16.311  32.821 0.0000000000
122777  -56.061  16.031  32.840 0.0000000000
123642  -55.893  17.484  44.381 0.0000000000
123643  -56.072  17.381  43.980 0.0000000000
123644  -56.066  17.261  43.330 0.0000000000
123653  -56.267  17.152  42.455 0.0000000000
123654  -56.567  17.056  41.752 0.0000000000
123680  -57.048  17.459  39.591 0.0000000000
123685  -56.856  18.126  39.035 0.0000000000
123686  -57.146  17.643  38.949 0.0000000000
123693  -57.226  18.174  37.993 0.0000000000
123698  -57.284  18.042  37.274 0.0000000000
123703  -49.754  17.600  36.459 0.0000000000
123709  -52.532  17.324  35.474 0.0000000000
123710  -57.363  17.680  35.616 0.0000000000
123715  -54.311  16.921  34.172 0.0000000000
123724  -57.346  17.648  34.152 0.0000000000
123731  -55.486  17.093  33.221 0.0000000000
123732  -55.985  17.468  33.159 0.0000000000
123733  -56.463  17.512  33.177 0.0000000000
123734  -56.847  17.541  33.262 0.0000000000
123735  -57.051  17.579  33.447 0.0000000000
124530  -55.789  18.269  43.987 0.0000000000
124549  -55.423  17.776  43.226 0.0000000000
124563  -53.424  18.169  41.383 0.0000000000
124567  -56.310  17.555  40.435 0.0000000000
124576  -55.707  18.132  39.821 0.0000000000
124584  -57.041  18.277  38.573 0.0000000000
124591  -56.954  18.941  38.197 0.0000000000
124598  -57.176  18.843  37.601 0.0000000000
124606  -57.309  18.803  36.713 0.0000000000
124614  -53.313  18.404  35.768 0.0000000000
124615  -57.335  19.275  35.894 0.0000000000
124623  -57.367  18.460  35.087 0.0000000000
124626  -55.360  18.023  34.002 0.0000000000
124627  -56.004  17.970  33.511 0.0000000000
124628  -56.568  18.245  33.746 0.0000000000
124630  -57.080  18.292  34.008 0.0000000000
124631  -57.301  18.247  34.364 0.0000000000
124639  -56.794  17.898  33.379 0.0000000000
125432  -52.225  18.954  40.743 0.0000000000
125439  -53.583  19.227  40.110 0.0000000000
125449  -56.261  19.532  38.609 0.0000000000
125450  -56.420  19.980  38.224 0.0000000000
125456  -56.690  20.191  37.889 0.0000000000
125466  -56.851  20.265  37.706 0.0000000000
125476  -57.347  20.022  36.173 0.0000000000
125482  -54.487  19.583  35.753 0.0000000000
125497  -56.384  18.789  34.231 0.0000000000
125498  -56.615  18.863  34.384 0.0000000000
125499  -56.868  18.885  34.483 0.0000000000
126332  -55.784  20.736  38.881 0.0000000000
126353  -57.174  20.318  37.018 0.0000000000
126356  -51.747  20.275  37.182 0.0000000000
126360  -57.090  20.959  37.018 0.0000000000
126367  -55.576  20.757  35.460 0.0000000000
126368  -57.040  20.384  35.346 0.0000000000
126369  -57.274  20.309  35.719 0.0000000000
126376  -56.448  20.377  35.026 0.0000000000
126384  -56.510  19.658  34.799 0.0000000000
127110  -55.111  21.208  39.278 0.0000000000
127111  -55.493  21.547  38.994 0.0000000000
127119  -56.377  20.903  38.084 0.0000000000
127126  -56.660  21.241  37.734 0.0000000000
127136  -56.880  21.396  37.328 0.0000000000
127140  -57.071  21.402  36.556 0.0000000000
127141  -57.167  20.928  35.862 0.0000000000
127154  -55.967  20.794  35.285 0.0000000000
127156  -56.682  21.096  35.472 0.0000000000
127157  -56.819  21.577  35.828 0.0000000000
127882  -53.722  22.969  40.072 0.0000000000
127885  -55.533  23.255  39.110 0.0000000000
127899  -56.575  22.623  37.801 0.0000000000
127910  -56.666  22.469  37.305 0.0000000000
127916  -52.986  22.427  36.949 0.0000000000
127917  -53.600  22.960  36.848 0.0000000000
127928  -55.892  22.962  36.079 0.0000000000
127929  -56.299  22.291  35.946 0.0000000000
127931  -56.777  21.972  36.158 0.0000000000
128732  -54.290  23.807  40.207 0.0000000000
128754  -56.006  23.577  38.786 0.0000000000
128769  -56.483  23.086  37.319 0.0000000000
128778  -54.491  23.356  36.558 0.0000000000
128781  -56.494  22.551  36.439 0.0000000000
129546  -54.930  25.243  40.390 0.0000000000
129562  -50.448  23.798  40.542 0.0000000000
129566  -55.118  24.705  40.120 0.0000000000
129567  -55.424  24.908  39.982 0.0000000000
129611  -53.456  24.444  37.111 0.0000000000
129612  -56.268  23.885  37.377 0.0000000000
129623  -55.120  24.559  36.772 0.0000000000
129624  -55.690  24.381  36.794 0.0000000000
129625  -55.793  24.470  36.979 0.0000000000
129626  -56.021  24.164  37.047 0.0000000000
129635  -55.900  23.892  36.677 0.0000000000
129636  -56.016  23.690  36.700 0.0000000000
130387  -55.778  25.073  39.259 0.0000000000
130396  -55.941  25.151  38.418 0.0000000000
130427  -54.711  25.206  37.072 0.0000000000
131168  -45.006  26.814  41.714 0.0000000000
131170  -46.400  26.896  41.343 0.0000000000
131173  -48.572  27.319  40.699 0.0000000000
131175  -54.208  26.810  40.967 0.0000000000
131177  -54.746  26.425  40.669 0.0000000000
131178  -54.960  26.132  40.462 0.0000000000
131185  -51.689  26.610  40.606 0.0000000000
131187  -53.551  26.450  40.784 0.0000000000
131191  -55.288  26.595  39.783 0.0000000000
131192  -55.466  26.388  39.285 0.0000000000
131210  -52.876  26.399  37.750 0.0000000000
131214  -55.224  26.067  37.997 0.0000000000
131215  -55.339  26.371  38.481 0.0000000000
131225  -54.882  25.664  37.359 0.0000000000
131226  -55.264  25.625  37.555 0.0000000000
131275  -54.727  26.967  32.284 0.0000000000
131276  -55.002  27.191  32.111 0.0000000000
131297  -55.050  26.944  31.374 0.0000000000
131319  -55.031  27.058  30.934 0.0000000000
131935  -42.650  27.200  42.468 0.0000000000
131941  -43.925  27.868  41.789 0.0000000000
131945  -47.558  28.366  40.853 0.0000000000
131949  -52.076  28.462  40.911 0.0000000000
131953  -54.702  27.329  40.594 0.0000000000
131954  -55.134  26.796  40.206 0.0000000000
131963  -55.053  27.166  40.074 0.0000000000
131970  -55.125  27.520  38.824 0.0000000000
131983  -54.907  27.043  38.010 0.0000000000
132015  -55.091  27.538  31.891 0.0000000000
132030  -55.067  27.767  30.886 0.0000000000
132636  -41.469  28.151  42.414 0.0000000000
132645  -46.208  28.700  41.109 0.0000000000
132647  -48.395  28.905  40.717 0.0000000000
132649  -50.508  28.993  40.670 0.0000000000
132650  -51.219  29.753  40.858 0.0000000000
132652  -53.904  28.930  41.361 0.0000000000
132653  -54.319  28.360  41.048 0.0000000000
132654  -54.623  28.159  40.632 0.0000000000
132658  -54.910  28.607  40.126 0.0000000000
132664  -54.999  28.506  39.638 0.0000000000
132673  -55.073  28.159  39.326 0.0000000000
132683  -53.311  27.889  38.291 0.0000000000
132723  -55.164  28.295  32.262 0.0000000000
132724  -55.331  28.648  31.957 0.0000000000
132725  -55.260  28.392  31.576 0.0000000000
132735  -55.084  28.418  30.883 0.0000000000
132747  -54.668  27.996  29.926 0.0000000000
133336  -40.176  29.392  41.774 0.0000000000
133337  -41.015  29.291  41.612 0.0000000000
133338  -41.881  29.205  41.521 0.0000000000
133340  -43.867  29.166  41.326 0.0000000000
133343  -47.348  29.543  40.797 0.0000000000
133347  -52.033  30.371  41.090 0.0000000000
133357  -42.311  29.502  40.883 0.0000000000
133360  -45.285  29.571  40.697 0.0000000000
133361  -46.140  29.719  40.648 0.0000000000
133363  -53.854  29.691  40.653 0.0000000000
133364  -54.519  29.143  40.288 0.0000000000
133366  -54.491  29.256  40.036 0.0000000000
133397  -54.773  30.566  34.790 0.0000000000
133408  -55.012  30.054  33.854 0.0000000000
133413  -55.185  29.780  33.383 0.0000000000
133414  -55.366  29.610  32.783 0.0000000000
133416  -55.452  29.374  32.160 0.0000000000
133421  -55.326  29.514  31.409 0.0000000000
133422  -55.361  29.076  31.683 0.0000000000
133433  -55.130  29.107  30.983 0.0000000000
133446  -54.329  29.229  30.037 0.0000000000
134107  -48.504  30.121  40.638 0.0000000000
134118  -40.725  30.139  40.360 0.0000000000
134121  -44.237  29.882  39.980 0.0000000000
134122  -45.615  29.983  40.302 0.0000000000
134137  -48.207  30.764  40.098 0.0000000000
134141  -41.673  30.733  38.700 0.0000000000
134142  -42.623  30.461  38.666 0.0000000000
134143  -43.544  30.359  38.595 0.0000000000
134144  -44.425  30.377  38.392 0.0000000000
134145  -45.379  30.477  38.149 0.0000000000
134148  -52.187  30.095  38.352 0.0000000000
134159  -53.970  31.428  37.554 0.0000000000
134166  -54.784  31.310  35.506 0.0000000000
134174  -55.182  30.643  34.270 0.0000000000
134177  -55.549  30.174  32.523 0.0000000000
134180  -55.536  30.624  32.216 0.0000000000
134189  -55.390  30.297  31.640 0.0000000000
134212  -54.682  29.471  30.513 0.0000000000
134213  -54.962  29.327  30.760 0.0000000000
134870  -50.980  32.208  40.355 0.0000000000
134871  -52.777  31.715  40.399 0.0000000000
134872  -53.094  31.479  40.034 0.0000000000
134880  -47.960  31.118  38.788 0.0000000000
134882  -49.532  31.810  39.534 0.0000000000
134894  -48.822  31.879  38.026 0.0000000000
134896  -53.434  31.827  38.915 0.0000000000
134900  -41.566  31.657  37.423 0.0000000000
134904  -45.465  30.835  36.737 0.0000000000
134905  -46.360  30.923  36.735 0.0000000000
134907  -48.188  31.697  37.244 0.0000000000
134914  -43.616  31.505  36.345 0.0000000000
134915  -44.819  31.163  36.258 0.0000000000
134927  -47.094  31.489  35.632 0.0000000000
134929  -48.951  32.061  35.641 0.0000000000
134931  -55.122  31.291  34.853 0.0000000000
134933  -45.126  31.572  35.080 0.0000000000
134934  -45.718  31.624  34.609 0.0000000000
134935  -46.502  31.584  34.218 0.0000000000
134949  -47.295  31.584  33.680 0.0000000000
134950  -48.135  31.545  33.312 0.0000000000
134951  -48.914  31.503  33.059 0.0000000000
134954  -55.485  31.142  33.460 0.0000000000
134966  -50.107  31.464  31.943 0.0000000000
134967  -50.994  31.543  31.800 0.0000000000
134968  -51.882  31.634  31.674 0.0000000000
134969  -55.388  31.219  32.685 0.0000000000
134984  -54.771  31.114  31.729 0.0000000000
134995  -50.583  31.851  30.707 0.0000000000
134998  -52.704  31.272  30.621 0.0000000000
135000  -55.056  30.624  31.506 0.0000000000
135612  -52.250  32.427  40.510 0.0000000000
135634  -51.668  32.814  40.026 0.0000000000
135635  -53.226  32.267  39.233 0.0000000000
135645  -50.345  32.464  37.895 0.0000000000
135648  -52.860  33.252  38.429 0.0000000000
135652  -40.418  32.638  37.298 0.0000000000
135653  -41.117  32.327  36.963 0.0000000000
135656  -51.766  32.870  37.259 0.0000000000
135658  -54.446  32.196  37.285 0.0000000000
135664  -50.499  32.569  36.206 0.0000000000
135680  -52.191  32.839  35.611 0.0000000000
135681  -55.043  31.938  35.069 0.0000000000
135688  -44.234  32.607  34.701 0.0000000000
135689  -44.922  32.067  34.583 0.0000000000
135691  -50.149  32.181  34.530 0.0000000000
135692  -52.554  32.655  34.169 0.0000000000
135708  -53.250  32.559  33.854 0.0000000000
135719  -53.678  31.976  32.682 0.0000000000
135720  -54.414  31.822  32.741 0.0000000000
135721  -54.964  31.652  32.805 0.0000000000
135733  -55.067  31.348  32.268 0.0000000000
135748  -53.572  31.014  31.009 0.0000000000
136357  -52.715  33.013  39.676 0.0000000000
136358  -53.089  33.041  39.093 0.0000000000
136372  -53.501  32.893  38.599 0.0000000000
136373  -54.037  32.766  38.001 0.0000000000
136382  -53.555  33.352  37.873 0.0000000000
136383  -53.730  33.285  37.647 0.0000000000
136384  -53.998  33.032  37.598 0.0000000000
136396  -53.952  33.282  37.046 0.0000000000
136406  -42.661  33.719  35.246 0.0000000000
136411  -53.998  32.750  36.438 0.0000000000
136418  -53.533  32.769  35.252 0.0000000000
136419  -53.789  32.659  35.279 0.0000000000
136420  -54.364  32.425  35.257 0.0000000000
137050  -43.765  34.499  34.673 0.0000000000
155575  -54.761  24.353  40.205 0.0000000000
155893  -56.245  24.370  37.961 0.0000000000
156052  -56.596  22.605  36.844 0.0000000000
156224  -53.736  9.554  31.887 0.0000000000
156375  -52.949  24.066  40.360 0.0000000000
156392  -45.787  10.544  38.679 0.0000000000
156402  -54.065  7.028  49.986 0.0000000000
156537  -57.220  21.570  36.166 0.0000000000
156627  -55.165  23.163  39.350 0.0000000000
156696  -52.098  19.658  40.467 0.0000000000
156723  -46.486  31.282  35.737 0.0000000000
156729  -55.691  16.415  41.133 0.0000000000
156774  -47.391  30.380  40.275 0.0000000000
157082  -57.296  8.015  45.272 0.0000000000
157236  -55.877  8.207  45.898 0.0000000000
158776  -55.753  25.446  38.037 0.0000000000
159279  -56.942  20.784  35.403 0.0000000000
159823  -56.714  7.734  34.094 0.0000000000
160403  -50.879  32.625  35.786 0.0000000000
160510  -59.360  4.155  43.870 0.0000000000
160713  -56.224  5.528  49.340 0.0000000000
160760  -55.594  16.415  41.712 0.0000000000
161178  -55.080  9.907  39.417 0.0000000000
162034  -54.998  28.370  32.617 0.0000000000
162097  -60.193  5.929  41.408 0.0000000000
162480  -42.380  32.339  36.040 0.0000000000
162671  -52.183  9.578  36.254 0.0000000000
162784  -49.834  10.564  32.624 0.0000000000
163283  -56.306  7.337  49.287 0.0000000000
163657  -55.000  28.985  32.987 0.0000000000
163922  -44.188  31.256  36.449 0.0000000000
164132  -54.882  15.287  32.426 0.0000000000
165269  -57.299  19.222  35.130 0.0000000000
165424  -56.702  21.934  37.608 0.0000000000
165559  -47.073  31.164  37.062 0.0000000000
165563  -56.537  21.616  35.689 0.0000000000
165612  -56.575  16.485  37.070 0.0000000000
165758  -53.772  29.641  41.008 0.0000000000
166103  -54.271  27.152  41.188 0.0000000000
166562  -57.551  9.154  35.504 0.0000000000
166878  -52.717  9.539  35.085 0.0000000000
167138  -50.663  10.515  32.649 0.0000000000
167286  -47.019  27.600  41.096 0.0000000000
167491  -54.527  27.097  40.838 0.0000000000
167651  -54.645  25.772  41.037 0.0000000000
167784  -58.047  6.158  46.108 0.0000000000
168096  -55.660  9.668  39.369 0.0000000000
168375  -54.229  28.146  29.329 0.0000000000
168661  -50.953  15.476  40.278 0.0000000000
168861  -55.701  9.967  31.347 0.0000000000
169379  -55.125  26.034  40.508 0.0000000000
169607  -53.773  33.333  36.486 0.0000000000
170172  -56.064  21.062  38.420 0.0000000000
170237  -53.843  33.462  36.459 0.0000000000
170596  -59.112  2.275  40.722 0.0000000000
170613  -55.585  25.010  39.779 0.0000000000
170933  -57.281  17.465  37.750 0.0000000000
171846  -42.805  28.504  41.907 0.0000000000
172099  -56.311  9.481  32.050 0.0000000000
172108  -55.123  8.467  33.757 0.0000000000
172140  -56.038  15.056  33.823 0.0000000000
172823  -52.741  31.272  40.878 0.0000000000
174050  -57.300  17.197  35.131 0.0000000000
175193  -54.488  18.127  40.506 0.0000000000
175273  -54.530  8.540  36.277 0.0000000000
177208  -55.681  23.693  39.122 0.0000000000
177367  -51.148  4.114  51.649 0.0000000000
177558  -57.222  19.874  35.315 0.0000000000
177664  -44.908  29.828  40.333 0.0000000000
177718  -57.981  7.581  36.271 0.0000000000
177854  -55.502  16.409  42.144 0.0000000000
177924  -48.213  10.581  34.381 0.0000000000
178246  -51.987  33.150  39.989 0.0000000000
178379  -54.643  15.430  37.270 0.0000000000
178589  -59.224  7.906  37.173 0.0000000000
178714  -51.611  9.731  36.317 0.0000000000
178912  -55.637  26.569  39.247 0.0000000000
179034  -42.275  31.446  37.210 0.0000000000
179094  -57.392  7.926  34.072 0.0000000000
179157  -56.888  19.609  37.900 0.0000000000
179195  -53.228  32.681  34.558 0.0000000000
179311  -54.632  22.022  36.258 0.0000000000
179919  -55.215  13.423  32.900 0.0000000000
180548  -54.592  23.684  39.964 0.0000000000
180566  -56.041  10.189  35.224 0.0000000000
180823  -54.831  15.636  32.605 0.0000000000
180849  -54.745  28.394  30.263 0.0000000000
181134  -54.266  32.588  37.598 0.0000000000
181283  -52.555  28.490  38.368 0.0000000000
181296  -45.662  28.103  41.325 0.0000000000
181348  -54.504  14.129  32.201 0.0000000000
181470  -55.084  13.804  32.498 0.0000000000
181547  -54.961  9.967  41.294 0.0000000000
181998  -55.379  20.209  39.177 0.0000000000
182105  -55.618  5.402  47.731 0.0000000000
182122  -53.510  30.599  30.381 0.0000000000
182150  -55.963  16.442  40.887 0.0000000000
182251  -53.488  16.315  39.988 0.0000000000
182351  -56.004  9.638  39.647 0.0000000000
182627  -52.547  20.297  36.950 0.0000000000
182984  -52.472  31.825  40.693 0.0000000000
183167  -56.015  22.146  35.777 0.0000000000
183282  -54.015  10.019  31.245 0.0000000000
183319  -43.345  33.155  34.968 0.0000000000
183553  -54.218  27.618  41.229 0.0000000000
183709  -56.617  10.582  35.914 0.0000000000
183846  -53.750  31.705  38.514 0.0000000000
183867  -56.647  7.937  33.468 0.0000000000
183967  -56.869  7.098  49.144 0.0000000000
184117  -56.416  9.625  39.305 0.0000000000
184124  -47.436  10.301  39.478 0.0000000000
184342  -43.771  32.891  34.804 0.0000000000
184549  -47.204  10.578  37.066 0.0000000000
184706  -56.092  22.217  38.490 0.0000000000
185074  -57.170  16.962  37.544 0.0000000000
185169  -55.192  30.226  33.801 0.0000000000
185216  -53.072  8.998  45.725 0.0000000000
185343  -56.856  8.011  33.341 0.0000000000
185399  -50.773  13.575  39.369 0.0000000000
185522  -41.592  33.321  35.858 0.0000000000
185549  -54.089  32.581  35.874 0.0000000000
185743  -57.267  18.716  34.750 0.0000000000
185749  -52.557  31.556  31.616 0.0000000000
185789  -59.137  8.047  36.734 0.0000000000
186429  -57.824  8.242  43.979 0.0000000000
186779  -53.102  20.338  40.058 0.0000000000
186825  -53.342  9.980  31.271 0.0000000000
186875  -54.863  31.339  32.072 0.0000000000
186991  -59.099  7.929  36.751 0.0000000000
187012  -54.787  31.521  32.387 0.0000000000
187367  -44.173  10.710  36.211 0.0000000000
188004  -59.724  3.936  40.796 0.0000000000
188340  -57.630  8.713  34.892 0.0000000000
188376  -52.629  9.252  37.143 0.0000000000
