#!ascii label  , from subject sub-v1s2x0051468_ses-1 vox2ras=TkReg
1183
153742  -23.682  -29.811  6.953 0.5555555820
175709  -24.854  -29.931  6.053 0.6666666865
75624  -25.132  -29.265  5.763 0.7777777910
74548  -26.008  -29.775  5.730 0.7777777910
169621  -25.953  -28.462  5.251 0.8888888955
76728  -27.945  -28.020  5.870 0.8888888955
153741  -22.948  -29.547  7.453 0.5555555820
76691  -23.412  -28.961  6.888 0.5555555820
76707  -23.884  -28.335  6.374 0.6666666865
76726  -24.744  -28.515  5.785 0.8888888955
75640  -26.197  -29.124  5.607 0.8888888955
76727  -26.518  -28.376  5.350 0.8888888955
170328  -27.071  -27.586  5.059 1.0000000000
77854  -28.785  -27.758  6.391 0.8888888955
79113  -29.015  -26.370  5.948 1.0000000000
77846  -22.564  -27.572  7.000 0.7777777910
171067  -23.915  -27.101  5.961 1.0000000000
79108  -23.976  -26.539  5.706 1.0000000000
79110  -25.434  -27.224  4.913 1.0000000000
79124  -25.785  -26.841  4.536 1.0000000000
79126  -26.872  -26.675  4.433 1.0000000000
79125  -26.204  -26.793  4.395 1.0000000000
181458  -28.432  -25.377  5.084 1.0000000000
80206  -26.624  -26.081  4.120 1.0000000000
164558  -27.222  -25.771  4.000 1.0000000000
81383  -29.087  -24.681  5.232 1.0000000000
81405  -28.245  -24.529  4.058 1.0000000000
82579  -28.812  -23.818  4.035 0.7777777910
80194  -24.053  -25.836  5.482 0.8888888955
79109  -24.871  -26.539  5.134 1.0000000000
80205  -26.034  -26.147  4.237 1.0000000000
80203  -24.781  -25.733  4.966 1.0000000000
80218  -27.258  -25.415  3.666 1.0000000000
80219  -27.956  -25.191  3.381 1.0000000000
81406  -28.945  -25.074  3.193 1.0000000000
82580  -29.937  -23.528  4.787 0.8888888955
82597  -30.109  -23.008  4.711 1.0000000000
83660  -32.326  -22.313  5.264 0.7777777910
81381  -23.418  -24.403  5.548 0.5555555820
82578  -25.409  -23.852  4.087 0.7777777910
81393  -25.438  -24.653  4.336 0.8888888955
80216  -26.074  -25.204  4.056 1.0000000000
80217  -26.629  -25.489  3.792 1.0000000000
185676  -25.885  -24.478  3.831 0.8888888955
81404  -26.438  -24.769  3.369 1.0000000000
81420  -27.756  -24.853  2.643 1.0000000000
81423  -29.633  -24.462  2.654 1.0000000000
83675  -29.849  -22.663  3.961 0.8888888955
83693  -30.111  -22.954  2.564 1.0000000000
84770  -30.155  -21.981  3.740 0.8888888955
180971  -31.991  -20.881  5.159 0.7777777910
84752  -33.533  -21.526  4.858 0.6666666865
175241  -33.831  -20.560  4.956 0.6666666865
83657  -23.559  -22.811  4.921 0.4444444478
82576  -24.018  -23.473  4.663 0.7777777910
83673  -24.613  -22.548  3.900 0.6666666865
169584  -25.463  -23.137  3.002 0.7777777910
82594  -25.783  -23.904  3.176 0.8888888955
82611  -27.137  -24.043  2.580 0.8888888955
81421  -28.787  -24.872  2.431 1.0000000000
82612  -28.211  -24.006  2.235 1.0000000000
82622  -29.901  -23.486  1.815 1.0000000000
171577  -30.146  -23.192  1.765 1.0000000000
84791  -30.065  -21.823  2.622 0.8888888955
161739  -30.382  -20.977  3.705 0.7777777910
85851  -31.940  -20.130  4.805 0.7777777910
85853  -34.747  -20.861  4.334 0.5555555820
85852  -32.837  -19.854  5.058 0.7777777910
86922  -34.478  -19.997  4.827 0.6666666865
84768  -24.548  -21.753  3.539 0.6666666865
84749  -24.093  -21.935  4.198 0.6666666865
83690  -25.546  -22.493  2.805 0.7777777910
84769  -25.071  -21.917  3.010 0.7777777910
83692  -27.371  -22.896  2.362 0.8888888955
83702  -27.793  -22.132  1.868 1.0000000000
83711  -29.120  -22.201  1.030 1.0000000000
83712  -29.685  -22.065  0.958 1.0000000000
83704  -30.008  -22.688  1.385 0.8888888955
85868  -30.430  -20.197  3.130 0.8888888955
86919  -31.746  -19.439  4.205 0.8888888955
85869  -31.022  -20.079  4.040 0.7777777910
86952  -30.363  -19.696  2.600 0.8888888955
86935  -30.978  -19.307  3.312 0.7777777910
86920  -32.538  -19.034  4.578 0.7777777910
86921  -33.699  -19.327  5.083 0.7777777910
168145  -34.764  -19.213  4.923 0.6666666865
84767  -23.965  -21.194  3.931 0.6666666865
84789  -25.554  -21.611  2.531 0.8888888955
83701  -26.975  -21.902  2.040 0.8888888955
84805  -27.543  -21.416  1.746 1.0000000000
84806  -28.376  -21.604  1.265 1.0000000000
85898  -29.761  -20.538  1.324 1.0000000000
84818  -29.774  -21.199  0.987 0.8888888955
86936  -31.838  -18.682  3.722 0.7777777910
89230  -32.756  -17.682  4.048 0.7777777910
89232  -34.479  -17.535  4.948 0.6666666865
89234  -35.969  -17.529  4.122 0.5555555820
88028  -35.700  -18.196  4.376 0.5555555820
168443  -24.304  -20.993  3.474 0.7777777910
85867  -24.321  -20.437  3.127 0.6666666865
84788  -24.810  -21.141  2.963 0.8888888955
85897  -27.584  -20.777  1.211 1.0000000000
84815  -28.415  -20.617  0.692 1.0000000000
86978  -29.565  -19.694  0.995 0.8888888955
174361  -29.956  -19.684  1.854 0.8888888955
160689  -30.621  -18.243  1.898 0.8888888955
86953  -30.516  -19.008  2.353 0.8888888955
88041  -32.047  -17.894  3.326 0.7777777910
90295  -33.053  -16.796  4.152 0.7777777910
160320  -33.918  -16.792  4.731 0.7777777910
90297  -35.626  -16.728  4.426 0.5555555820
90313  -32.018  -16.657  2.991 0.7777777910
162690  -34.257  -16.031  4.659 0.5555555820
90315  -35.911  -15.974  4.138 0.5555555820
91416  -34.568  -15.273  4.529 0.6666666865
86918  -23.261  -19.754  4.011 0.4444444478
86951  -24.958  -19.540  2.260 0.7777777910
85896  -26.774  -20.165  1.121 1.0000000000
85884  -25.331  -20.300  2.010 0.8888888955
86974  -26.848  -19.394  0.612 1.0000000000
88091  -28.232  -19.266  0.220 0.8888888955
88082  -28.969  -18.530  0.243 0.8888888955
86977  -29.243  -19.122  0.512 0.8888888955
88070  -30.172  -18.219  0.987 0.8888888955
89261  -31.186  -17.659  2.283 0.8888888955
159342  -32.929  -15.841  4.079 0.6666666865
91417  -35.429  -15.242  4.266 0.5555555820
167350  -24.494  -18.150  2.341 0.6666666865
86950  -24.242  -19.040  2.733 0.6666666865
88068  -25.793  -18.209  1.486 0.7777777910
88079  -26.942  -18.722  0.075 0.8888888955
188261  -26.837  -18.355  0.396 0.7777777910
165048  -27.995  -18.124  0.360 0.7777777910
88081  -28.376  -18.690  0.212 0.8888888955
89290  -28.441  -17.429  0.200 0.7777777910
89292  -30.021  -17.514  0.487 0.8888888955
157631  -30.340  -16.844  0.682 0.7777777910
90345  -30.786  -16.505  1.280 0.7777777910
90328  -31.627  -16.571  2.518 0.6666666865
91482  -30.176  -15.311  0.602 0.6666666865
91448  -31.483  -15.442  2.319 0.6666666865
91436  -32.293  -15.363  3.465 0.6666666865
181262  -31.453  -13.936  2.636 0.6666666865
93690  -31.846  -13.725  3.433 0.5555555820
93671  -33.852  -13.745  4.621 0.5555555820
92553  -34.927  -14.561  4.401 0.4444444478
93670  -33.112  -13.459  4.286 0.5555555820
90326  -23.487  -16.032  2.453 0.3333333433
180656  -23.529  -16.910  2.679 0.3333333433
182004  -25.023  -17.071  1.783 0.5555555820
89260  -24.544  -17.445  2.174 0.6666666865
90342  -24.840  -16.389  1.687 0.5555555820
89279  -26.518  -17.295  1.074 0.7777777910
169422  -27.026  -17.124  0.707 0.7777777910
90357  -27.300  -16.435  0.314 0.6666666865
90359  -28.953  -16.641  -0.011 0.6666666865
90358  -28.130  -16.528  0.112 0.6666666865
91480  -29.244  -15.830  0.005 0.6666666865
93717  -30.709  -14.112  1.193 0.6666666865
93704  -31.381  -13.182  2.065 0.6666666865
93691  -32.413  -13.141  3.808 0.5555555820
94737  -32.552  -12.325  3.641 0.5555555820
94736  -31.761  -12.814  3.066 0.6666666865
90325  -22.833  -15.799  2.939 0.4444444478
167896  -23.771  -15.086  1.880 0.5555555820
91447  -24.275  -15.831  1.791 0.5555555820
91462  -25.967  -15.692  0.825 0.6666666865
90344  -26.543  -16.464  0.724 0.6666666865
91479  -26.767  -15.632  0.268 0.6666666865
184874  -28.587  -15.899  -0.064 0.6666666865
92626  -29.474  -14.968  0.209 0.6666666865
166388  -29.519  -14.015  0.434 0.6666666865
180283  -31.597  -12.263  2.034 0.6666666865
169005  -32.263  -11.054  2.831 0.5555555820
95717  -32.837  -11.430  3.558 0.6666666865
91446  -23.099  -15.121  2.520 0.4444444478
92605  -25.325  -14.942  0.774 0.6666666865
168897  -26.979  -14.837  0.070 0.6666666865
92624  -27.462  -14.321  -0.112 0.6666666865
169626  -27.755  -15.412  -0.005 0.6666666865
92625  -28.105  -14.545  -0.019 0.6666666865
93735  -30.329  -13.467  0.866 0.6666666865
75638  -25.474  -28.518  5.423 0.8888888955
77853  -24.323  -27.727  5.901 1.0000000000
77861  -25.116  -27.851  5.349 1.0000000000
77862  -25.939  -27.336  4.610 1.0000000000
79111  -27.539  -26.799  4.922 1.0000000000
83658  -24.076  -22.709  4.401 0.5555555820
84807  -29.966  -21.379  1.686 0.8888888955
86949  -23.541  -18.978  3.379 0.5555555820
168246  -25.223  -20.880  2.398 0.7777777910
85906  -27.570  -20.013  0.652 1.0000000000
186408  -31.589  -17.790  2.785 0.8888888955
86933  -22.629  -19.000  4.367 0.2222222239
91415  -33.598  -15.323  4.451 0.6666666865
89289  -27.616  -17.426  0.473 0.7777777910
93672  -34.527  -13.993  4.523 0.4444444478
91461  -25.112  -15.723  1.322 0.6666666865
182437  -24.783  -14.357  0.813 0.6666666865
165014  -23.654  -22.162  4.631 0.4444444478
84748  -23.466  -21.373  4.503 0.4444444478
96679  -33.482  -10.703  3.661 0.5555555820
95718  -33.670  -11.412  3.856 0.5555555820
90309  -22.336  -15.970  3.485 0.2222222239
96678  -32.755  -10.683  3.316 0.5555555820
73551  -23.384  -31.228  7.260 0.5555555820
165200  -24.610  -31.234  6.551 0.5555555820
155593  -24.291  -30.373  6.475 0.6666666865
176511  -26.124  -30.470  6.031 0.5555555820
75642  -27.864  -28.847  6.034 0.7777777910
76708  -28.511  -28.472  6.342 0.8888888955
153740  -22.568  -30.125  7.781 0.5555555820
75625  -26.608  -29.893  6.100 0.6666666865
75641  -26.941  -29.029  5.881 0.8888888955
77865  -29.158  -27.176  6.212 0.7777777910
153744  -22.008  -29.499  7.967 0.4444444478
76690  -22.201  -28.086  7.401 0.5555555820
79093  -21.588  -26.647  7.614 0.2222222239
77852  -23.353  -27.465  6.471 0.6666666865
81384  -30.151  -24.821  5.637 0.8888888955
82567  -30.836  -24.196  5.533 0.6666666865
82581  -31.073  -23.344  5.320 0.7777777910
166144  -32.089  -23.127  5.413 0.6666666865
79099  -22.663  -26.159  6.530 0.5555555820
83661  -33.295  -22.348  4.814 0.6666666865
80193  -23.401  -25.180  5.789 0.4444444478
83662  -34.044  -22.406  4.121 0.5555555820
85854  -35.413  -21.103  3.429 0.5555555820
82565  -22.872  -23.700  5.810 0.2222222239
86937  -35.665  -20.230  3.618 0.5555555820
88042  -35.645  -19.200  4.282 0.5555555820
84738  -22.495  -21.324  5.572 0.3333333433
89263  -36.732  -18.145  2.524 0.5555555820
159336  -36.544  -16.974  2.996 0.4444444478
86917  -22.583  -19.810  4.682 0.3333333433
182519  -36.579  -15.763  2.845 0.5555555820
92573  -35.622  -14.528  3.979 0.4444444478
90310  -22.907  -16.689  3.187 0.3333333433
89245  -23.294  -17.540  3.057 0.3333333433
94725  -34.540  -13.326  4.378 0.4444444478
163873  -34.355  -11.749  3.882 0.4444444478
96680  -34.395  -10.494  3.689 0.2222222239
91430  -22.490  -15.156  3.074 0.3333333433
92623  -26.626  -14.098  -0.088 0.6666666865
160922  -28.654  -14.203  0.143 0.6666666865
93734  -28.868  -13.579  0.330 0.6666666865
161476  -30.614  -12.466  0.629 0.6666666865
95752  -31.194  -12.082  0.539 0.6666666865
95739  -31.549  -11.796  1.077 0.6666666865
95730  -31.714  -11.402  2.112 0.6666666865
96691  -32.342  -10.285  2.777 0.4444444478
97731  -33.773  -9.866  3.628 0.3333333433
155339  -25.045  -30.670  6.172 0.6666666865
180768  -24.314  -29.302  6.304 0.6666666865
74547  -25.523  -30.018  5.891 0.7777777910
75639  -25.745  -29.189  5.597 0.8888888955
77863  -26.198  -27.822  4.858 1.0000000000
167689  -25.739  -27.864  4.998 1.0000000000
184989  -27.237  -28.359  5.625 0.8888888955
153739  -23.176  -30.327  7.393 0.5555555820
153745  -21.827  -28.661  7.800 0.5555555820
172867  -22.584  -28.785  7.421 0.5555555820
76706  -22.985  -28.179  6.889 0.5555555820
77864  -28.238  -27.156  5.650 1.0000000000
77876  -26.360  -27.269  4.591 1.0000000000
79112  -28.082  -26.303  5.308 1.0000000000
174095  -22.445  -26.837  6.870 0.6666666865
79100  -23.269  -26.650  6.284 0.8888888955
77860  -24.632  -27.175  5.462 1.0000000000
187150  -25.455  -26.786  4.754 1.0000000000
79123  -25.436  -26.331  4.653 1.0000000000
79127  -27.587  -25.974  4.609 1.0000000000
80195  -29.558  -25.491  5.877 0.8888888955
80207  -27.861  -24.978  4.243 1.0000000000
81394  -28.547  -24.413  4.444 1.0000000000
81395  -29.447  -24.102  4.859 0.8888888955
80184  -23.234  -25.870  6.063 0.6666666865
187035  -22.978  -25.266  6.181 0.5555555820
80204  -25.446  -25.541  4.503 1.0000000000
80231  -27.206  -25.156  3.210 1.0000000000
80232  -28.022  -25.321  2.936 1.0000000000
81422  -29.309  -24.979  2.708 1.0000000000
81407  -29.474  -24.732  3.107 1.0000000000
83659  -30.899  -22.328  4.926 0.8888888955
81391  -24.030  -24.255  4.981 0.6666666865
81382  -24.076  -25.055  5.285 0.7777777910
81392  -24.733  -24.903  4.763 0.7777777910
168323  -24.725  -24.055  4.515 0.7777777910
82577  -24.702  -23.275  4.233 0.6666666865
82593  -25.179  -23.185  3.631 0.8888888955
82595  -26.424  -24.214  2.830 0.8888888955
82613  -29.984  -23.821  2.229 1.0000000000
180767  -30.754  -21.467  4.502 0.8888888955
84750  -31.617  -21.520  5.072 0.7777777910
84751  -32.609  -21.526  5.211 0.7777777910
84753  -34.342  -21.605  4.252 0.5555555820
83649  -23.068  -22.857  5.543 0.3333333433
82566  -23.486  -23.588  5.254 0.6666666865
83674  -25.057  -22.504  3.321 0.6666666865
82610  -26.197  -23.335  2.687 0.8888888955
83703  -29.553  -22.837  1.475 1.0000000000
162446  -30.086  -20.943  2.685 0.7777777910
86923  -35.144  -20.081  4.335 0.5555555820
83691  -26.328  -22.288  2.471 0.8888888955
84816  -29.104  -21.410  0.729 1.0000000000
163224  -33.153  -18.355  4.673 0.7777777910
162861  -34.147  -18.383  5.046 0.7777777910
158976  -35.068  -18.328  4.881 0.6666666865
84804  -26.739  -20.959  1.770 0.8888888955
180305  -29.337  -20.633  0.574 0.8888888955
88040  -31.270  -18.349  2.805 0.7777777910
90298  -36.179  -16.776  3.816 0.5555555820
89247  -36.354  -17.566  3.452 0.5555555820
85850  -23.505  -20.669  4.130 0.5555555820
85883  -24.804  -20.367  2.568 0.6666666865
84803  -25.792  -20.955  1.982 0.8888888955
85907  -28.731  -19.835  0.394 1.0000000000
89246  -32.350  -17.120  3.443 0.8888888955
90296  -34.822  -16.733  4.818 0.6666666865
89280  -30.639  -17.411  1.362 0.8888888955
86934  -23.879  -19.776  3.249 0.5555555820
171289  -24.397  -19.849  2.766 0.5555555820
86964  -26.112  -19.539  1.144 1.0000000000
86963  -25.558  -18.941  1.665 0.7777777910
86975  -27.575  -19.293  0.252 0.8888888955
91437  -36.039  -15.252  3.766 0.5555555820
88055  -23.732  -18.241  2.908 0.5555555820
89259  -23.920  -17.514  2.550 0.4444444478
88067  -25.184  -18.336  1.942 0.6666666865
89277  -25.128  -17.772  1.861 0.6666666865
86962  -24.898  -18.766  2.233 0.7777777910
89288  -27.023  -17.763  0.751 0.7777777910
86973  -26.348  -18.712  0.817 0.7777777910
89291  -29.252  -17.601  0.134 0.7777777910
90361  -30.295  -16.120  0.614 0.6666666865
90346  -31.261  -16.043  1.987 0.6666666865
91463  -30.753  -15.683  1.183 0.6666666865
92607  -31.052  -14.583  1.595 0.6666666865
92589  -31.397  -14.720  2.281 0.6666666865
92572  -32.372  -14.490  3.810 0.5555555820
91414  -32.856  -15.073  4.102 0.5555555820
94724  -33.753  -12.962  4.402 0.4444444478
93673  -35.176  -13.851  4.199 0.4444444478
94738  -33.516  -12.124  4.043 0.5555555820
90327  -24.219  -16.741  2.196 0.5555555820
90343  -25.700  -16.583  1.303 0.6666666865
93718  -31.015  -13.348  1.211 0.6666666865
95731  -32.027  -11.841  2.938 0.6666666865
91460  -24.530  -15.014  1.304 0.6666666865
94768  -30.962  -12.764  0.781 0.6666666865
169830  -23.028  -18.849  3.846 0.3333333433
84739  -23.157  -21.969  5.167 0.4444444478
84747  -22.889  -21.161  4.938 0.4444444478
95719  -35.003  -11.234  3.598 0.3333333433
97742  -33.294  -9.224  3.335 0.3333333433
153737  -23.689  -30.570  6.929 0.5555555820
75627  -28.676  -29.301  6.593 0.6666666865
73550  -22.639  -30.886  7.754 0.5555555820
172964  -30.135  -26.294  6.230 0.7777777910
74509  -21.151  -30.046  8.681 0.3333333433
153749  -21.426  -28.084  7.927 0.4444444478
157435  -32.014  -24.043  5.399 0.6666666865
82556  -22.305  -23.742  6.431 0.1111111119
83648  -22.520  -22.892  6.142 0.1111111119
85845  -22.532  -20.529  5.088 0.3333333433
85849  -23.000  -20.559  4.533 0.3333333433
88039  -23.119  -18.249  3.437 0.3333333433
96704  -31.611  -10.893  1.377 0.6666666865
97741  -32.538  -9.452  2.791 0.4444444478
181814  -28.299  -31.909  7.659 0.4444444478
73506  -30.365  -31.152  10.386 0.2222222239
72521  -24.147  -31.739  7.011 0.4444444478
155172  -25.597  -32.405  6.928 0.4444444478
153734  -25.446  -31.526  6.400 0.4444444478
156034  -26.129  -31.993  6.460 0.4444444478
153736  -27.949  -31.922  7.179 0.4444444478
155219  -28.714  -31.492  7.507 0.4444444478
155308  -30.358  -30.813  8.818 0.2222222239
154758  -26.841  -30.874  6.357 0.4444444478
176287  -28.264  -31.208  6.918 0.4444444478
154797  -31.360  -30.114  8.540 0.1111111119
156556  -32.296  -30.005  9.466 0.1111111119
154753  -28.444  -30.343  6.780 0.4444444478
153743  -30.266  -30.261  8.120 0.3333333433
183089  -27.650  -30.700  6.580 0.4444444478
176286  -29.652  -30.559  7.711 0.3333333433
75611  -29.874  -29.650  7.796 0.3333333433
176553  -31.831  -29.791  8.693 0.2222222239
74539  -29.224  -29.973  7.199 0.3333333433
75626  -27.586  -29.752  6.403 0.4444444478
76692  -31.476  -28.639  7.229 0.2222222239
76693  -32.076  -28.355  7.606 0.1111111119
77848  -32.957  -27.214  7.713 0.1111111119
76710  -30.165  -28.485  6.705 0.3333333433
76711  -31.066  -28.538  6.419 0.3333333433
77855  -29.809  -27.768  6.421 0.4444444478
77866  -30.819  -27.656  5.794 0.5555555820
156047  -30.944  -26.897  5.782 0.6666666865
79101  -32.210  -27.133  5.293 0.4444444478
81386  -33.329  -25.307  4.480 0.3333333433
80196  -30.935  -25.827  5.999 0.6666666865
80209  -32.626  -25.589  4.288 0.5555555820
81385  -31.196  -25.087  5.673 0.6666666865
81397  -32.794  -24.943  4.067 0.5555555820
81398  -33.122  -24.987  3.869 0.5555555820
81399  -33.695  -24.316  3.797 0.3333333433
81396  -32.033  -24.994  5.186 0.5555555820
83677  -34.353  -23.039  3.587 0.4444444478
82598  -33.548  -23.799  3.889 0.4444444478
84772  -34.810  -22.441  3.442 0.4444444478
163918  -27.924  -13.773  -0.228 0.5555555820
93731  -27.289  -13.488  -0.521 0.5555555820
93733  -28.263  -13.370  -0.223 0.5555555820
94767  -29.485  -12.242  0.805 0.5555555820
157176  -31.316  -11.159  0.372 0.5555555820
188309  -31.563  -10.399  0.798 0.5555555820
178795  -27.354  -32.568  7.887 0.4444444478
155235  -29.724  -31.227  8.700 0.2222222239
155240  -30.918  -30.172  8.244 0.2222222239
75612  -31.127  -29.130  7.505 0.2222222239
155267  -32.387  -28.578  8.395 0.1111111119
187288  -31.505  -28.012  5.899 0.4444444478
77856  -32.005  -27.671  6.020 0.3333333433
76729  -30.745  -28.116  6.055 0.4444444478
79115  -31.727  -26.685  5.147 0.6666666865
79117  -32.417  -26.389  4.832 0.4444444478
82599  -34.181  -23.605  3.705 0.3333333433
85870  -35.931  -20.864  2.673 0.4444444478
172496  -27.244  -12.782  -0.746 0.5555555820
94765  -27.420  -12.053  -0.614 0.5555555820
161046  -25.659  -30.822  6.097 0.4444444478
79102  -32.810  -26.466  5.726 0.2222222239
181027  -25.611  -33.274  8.006 0.4444444478
72494  -26.651  -32.856  8.872 0.4444444478
72495  -27.287  -32.479  9.364 0.4444444478
73504  -28.727  -31.710  10.070 0.2222222239
73505  -29.536  -31.441  10.255 0.2222222239
73496  -30.772  -31.261  11.277 0.1111111119
72508  -23.579  -32.254  7.652 0.4444444478
71466  -25.381  -32.943  7.544 0.4444444478
73521  -30.885  -30.697  9.614 0.1111111119
176617  -31.576  -30.285  9.156 0.1111111119
155482  -32.915  -29.637  9.829 0.1111111119
153747  -32.461  -29.215  9.020 0.1111111119
77826  -33.522  -27.767  9.460 0.1111111119
79087  -33.487  -26.610  8.244 0.1111111119
79095  -33.214  -26.663  7.383 0.1111111119
80185  -33.468  -25.819  6.344 0.2222222239
81387  -33.787  -24.652  4.265 0.1111111119
81373  -33.555  -25.383  5.549 0.2222222239
82568  -34.243  -24.073  4.070 0.2222222239
82585  -34.506  -23.544  3.791 0.2222222239
83678  -34.831  -23.052  3.365 0.3333333433
84754  -34.913  -21.673  3.593 0.4444444478
85886  -36.393  -21.367  2.075 0.3333333433
85871  -36.498  -20.733  1.909 0.3333333433
86938  -36.152  -19.823  3.123 0.4444444478
86954  -36.941  -20.243  1.420 0.3333333433
90329  -36.692  -16.289  2.566 0.4444444478
94740  -35.275  -13.024  3.851 0.3333333433
92588  -23.378  -14.280  2.067 0.4444444478
96705  -31.837  -9.907  1.855 0.5555555820
92604  -24.659  -13.629  0.673 0.5555555820
93730  -26.248  -13.153  -0.282 0.5555555820
94766  -28.591  -12.046  0.391 0.5555555820
95751  -30.316  -11.736  0.399 0.5555555820
96717  -31.338  -10.268  0.052 0.5555555820
94763  -25.608  -12.474  -0.033 0.5555555820
181783  -23.956  -31.060  6.728 0.4444444478
153730  -24.876  -31.961  6.762 0.4444444478
76709  -29.266  -28.439  6.673 0.6666666865
79114  -30.003  -27.019  6.268 0.6666666865
82582  -32.861  -23.965  4.481 0.5555555820
83676  -33.757  -23.110  3.950 0.4444444478
88056  -36.676  -19.430  2.396 0.4444444478
177517  -35.108  -12.132  3.721 0.3333333433
75628  -29.594  -29.107  7.120 0.3333333433
153732  -27.345  -32.410  7.420 0.4444444478
159689  -29.098  -31.521  8.695 0.4444444478
73519  -28.580  -31.757  9.191 0.3333333433
153738  -27.864  -32.266  7.900 0.4444444478
73520  -29.287  -31.463  9.408 0.3333333433
155434  -30.034  -31.134  9.523 0.1111111119
72522  -24.659  -32.585  7.363 0.4444444478
71467  -26.046  -32.956  7.576 0.4444444478
153731  -26.598  -32.442  7.019 0.4444444478
153735  -26.165  -31.298  6.260 0.4444444478
153733  -27.269  -32.078  6.881 0.4444444478
176510  -27.484  -31.498  6.691 0.4444444478
153801  -29.320  -31.381  8.049 0.4444444478
161293  -30.013  -31.015  8.096 0.4444444478
154630  -29.007  -30.865  7.232 0.4444444478
154947  -30.952  -30.428  8.770 0.1111111119
176684  -30.490  -30.507  8.426 0.2222222239
155368  -32.755  -30.175  10.298 0.1111111119
75629  -30.366  -29.035  7.371 0.3333333433
74527  -30.726  -29.680  7.894 0.2222222239
75613  -31.782  -29.064  8.099 0.2222222239
76712  -31.757  -28.204  6.643 0.2222222239
77847  -32.359  -27.716  7.125 0.1111111119
77835  -32.664  -27.928  8.111 0.1111111119
79094  -32.651  -26.996  6.607 0.1111111119
77836  -33.223  -27.468  8.632 0.1111111119
76730  -31.263  -27.917  5.662 0.4444444478
79116  -31.969  -26.981  4.922 0.4444444478
80197  -33.060  -25.921  5.007 0.3333333433
76731  -31.686  -27.535  5.395 0.4444444478
81374  -33.920  -24.848  5.453 0.1111111119
80210  -32.690  -25.577  4.325 0.4444444478
80208  -31.877  -25.875  4.991 0.5555555820
79128  -32.342  -26.207  4.720 0.5555555820
81408  -33.436  -24.440  3.885 0.5555555820
84773  -35.423  -21.980  2.931 0.4444444478
93732  -27.849  -13.102  -0.793 0.5555555820
95760  -30.911  -11.522  0.144 0.5555555820
155049  -26.829  -32.852  7.896 0.4444444478
72510  -27.317  -32.552  8.451 0.4444444478
76681  -32.965  -28.355  9.017 0.1111111119
94764  -26.418  -12.115  -0.318 0.5555555820
171941  -33.192  -26.416  6.730 0.2222222239
71455  -26.100  -33.235  8.344 0.4444444478
72496  -27.989  -32.090  9.757 0.4444444478
72511  -27.930  -32.160  8.824 0.4444444478
153746  -31.841  -30.483  10.128 0.1111111119
73507  -31.099  -30.875  10.499 0.1111111119
154958  -33.034  -29.002  9.574 0.1111111119
67055  -25.345  -37.246  13.706 0.1111111119
68146  -22.907  -35.869  10.532 0.3333333433
68113  -25.247  -36.178  12.622 0.2222222239
68099  -25.640  -36.512  13.388 0.2222222239
68100  -26.402  -36.174  13.700 0.1111111119
70378  -21.685  -34.141  9.920 0.3333333433
70364  -22.043  -34.986  10.206 0.3333333433
184090  -22.333  -35.617  10.424 0.3333333433
69241  -24.125  -35.244  10.446 0.3333333433
69242  -24.656  -34.868  10.830 0.3333333433
69198  -24.832  -35.771  11.912 0.2222222239
69223  -25.100  -34.890  11.554 0.2222222239
69186  -25.924  -35.758  13.048 0.2222222239
69199  -25.502  -35.354  12.343 0.2222222239
72493  -20.991  -32.408  9.221 0.2222222239
71450  -21.722  -32.991  9.039 0.2222222239
71436  -21.270  -33.293  9.562 0.2222222239
70379  -22.540  -34.511  9.714 0.3333333433
69239  -22.802  -35.226  10.109 0.3333333433
69240  -23.484  -35.371  10.226 0.3333333433
70325  -25.831  -34.592  12.074 0.1111111119
73533  -21.193  -31.622  8.827 0.2222222239
72506  -21.800  -32.351  8.637 0.3333333433
71451  -22.632  -33.162  8.715 0.3333333433
171512  -23.326  -32.955  8.179 0.3333333433
71452  -23.633  -33.663  8.567 0.3333333433
71438  -23.076  -34.094  9.152 0.3333333433
71419  -25.427  -33.913  9.935 0.3333333433
71439  -24.962  -34.149  9.175 0.3333333433
71420  -26.123  -33.439  10.158 0.3333333433
70367  -25.847  -33.746  10.866 0.3333333433
70344  -26.395  -33.923  11.724 0.1111111119
70345  -27.339  -33.429  11.814 0.2222222239
167934  -21.403  -30.897  8.616 0.2222222239
73534  -22.053  -31.468  8.263 0.3333333433
72507  -22.690  -32.320  8.179 0.3333333433
72509  -24.102  -33.180  7.954 0.3333333433
71453  -24.538  -33.808  8.519 0.3333333433
71454  -25.386  -33.619  8.627 0.3333333433
186874  -25.437  -33.792  9.244 0.3333333433
71440  -25.974  -33.422  9.280 0.3333333433
71399  -26.743  -33.196  10.873 0.3333333433
74508  -20.527  -30.148  9.411 0.3333333433
71465  -24.955  -33.312  7.949 0.3333333433
72475  -26.646  -32.922  9.825 0.3333333433
83679  -35.493  -22.473  3.053 0.2222222239
84792  -35.982  -21.609  2.499 0.2222222239
84774  -35.983  -22.027  2.460 0.2222222239
89281  -36.858  -17.200  2.048 0.3333333433
89264  -37.224  -18.265  1.338 0.2222222239
69221  -23.649  -35.851  10.989 0.3333333433
187448  -24.240  -36.067  11.568 0.3333333433
69200  -26.206  -35.031  12.711 0.1111111119
71437  -22.169  -33.691  9.358 0.3333333433
69256  -23.995  -35.012  9.811 0.3333333433
70365  -24.645  -34.617  9.986 0.3333333433
182367  -25.633  -34.258  11.432 0.3333333433
65881  -24.736  -37.459  13.398 0.1111111119
65871  -25.714  -37.779  14.413 0.1111111119
69238  -21.591  -35.627  10.693 0.3333333433
68145  -22.263  -36.181  10.787 0.3333333433
68132  -22.893  -36.531  11.217 0.3333333433
68133  -23.700  -36.525  11.667 0.3333333433
68112  -24.439  -36.559  12.239 0.3333333433
68087  -26.886  -36.597  14.375 0.1111111119
72492  -20.464  -32.049  9.871 0.2222222239
69188  -27.451  -35.069  13.526 0.1111111119
73518  -20.616  -31.524  9.486 0.2222222239
70326  -27.131  -34.099  12.419 0.1111111119
73532  -20.798  -30.844  9.135 0.2222222239
71400  -28.188  -33.011  12.020 0.1111111119
72463  -27.682  -32.701  11.226 0.1111111119
174875  -28.204  -32.166  10.649 0.1111111119
75596  -20.613  -29.505  9.026 0.1111111119
85887  -36.757  -21.438  1.468 0.2222222239
89282  -37.250  -17.369  1.047 0.2222222239
153752  -21.111  -28.947  8.443 0.2222222239
74510  -21.975  -30.477  8.204 0.3333333433
73535  -22.833  -31.644  7.780 0.4444444478
86966  -37.571  -20.355  0.775 0.2222222239
67042  -26.579  -37.408  14.694 0.1111111119
68098  -24.918  -36.867  13.051 0.1111111119
71435  -20.590  -32.791  10.016 0.2222222239
70363  -21.202  -34.654  10.490 0.2222222239
69222  -24.427  -35.446  11.214 0.3333333433
177183  -23.366  -34.818  9.670 0.3333333433
69201  -26.930  -34.723  12.933 0.1111111119
167966  -26.487  -34.456  12.390 0.1111111119
70391  -24.081  -34.421  9.194 0.3333333433
70366  -25.188  -34.355  10.787 0.3333333433
72476  -27.381  -32.528  10.324 0.1111111119
65880  -24.294  -37.941  13.459 0.1111111119
67054  -24.182  -37.348  12.822 0.2222222239
68144  -21.683  -36.304  11.053 0.2222222239
68131  -22.087  -36.758  11.273 0.3333333433
67093  -23.167  -37.088  11.869 0.3333333433
68111  -23.763  -36.992  12.222 0.3333333433
71418  -20.847  -33.720  10.240 0.2222222239
84794  -37.234  -21.551  1.625 0.1111111119
84775  -36.845  -21.801  2.488 0.1111111119
85872  -39.044  -20.700  2.020 0.1111111119
84795  -38.319  -21.242  1.843 0.1111111119
85901  -38.298  -20.747  0.684 0.1111111119
85902  -38.963  -20.461  0.643 0.1111111119
88057  -37.158  -19.293  1.455 0.1111111119
86980  -38.985  -19.883  -0.755 0.1111111119
88071  -37.766  -19.412  0.313 0.1111111119
88084  -38.516  -19.705  -0.539 0.1111111119
92590  -36.588  -14.663  2.651 0.2222222239
178761  -37.529  -18.360  0.373 0.1111111119
156055  -38.064  -18.991  -0.604 0.1111111119
94749  -36.539  -13.212  2.556 0.1111111119
93692  -35.740  -13.822  3.592 0.2222222239
181302  -36.148  -12.469  2.888 0.1111111119
93719  -37.162  -14.211  1.592 0.1111111119
94756  -36.754  -12.446  2.225 0.1111111119
92622  -25.539  -14.011  0.283 0.4444444478
95721  -35.683  -11.837  3.240 0.1111111119
94748  -23.272  -12.736  1.884 0.4444444478
93729  -25.146  -13.069  0.147 0.4444444478
95720  -35.812  -11.027  3.075 0.1111111119
95758  -28.075  -12.012  -0.544 0.4444444478
98854  -32.919  -8.541  2.770 0.3333333433
187259  -34.835  -9.135  3.481 0.1111111119
96681  -35.229  -10.372  3.390 0.1111111119
97734  -36.220  -9.236  2.922 0.1111111119
156311  -27.821  -11.295  -0.295 0.4444444478
96716  -29.090  -10.901  0.288 0.4444444478
95750  -29.447  -11.334  0.541 0.4444444478
96724  -30.507  -10.239  -0.660 0.4444444478
96725  -30.969  -10.761  -0.320 0.4444444478
97767  -31.433  -9.405  -0.067 0.4444444478
98875  -32.135  -8.118  0.816 0.4444444478
98865  -32.235  -8.515  1.495 0.2222222239
101219  -33.012  -7.188  2.245 0.2222222239
100009  -32.869  -7.876  2.367 0.2222222239
101220  -33.798  -6.819  2.608 0.2222222239
100011  -34.463  -7.365  3.023 0.2222222239
106468  -33.972  -1.651  1.281 0.1111111119
105482  -34.793  -3.049  1.781 0.1111111119
186215  -36.169  -5.856  2.750 0.1111111119
179978  -23.497  -12.119  1.502 0.4444444478
95737  -23.380  -11.385  1.368 0.4444444478
94754  -24.066  -11.920  0.942 0.4444444478
95747  -24.652  -11.291  0.529 0.3333333433
162676  -26.129  -11.274  0.029 0.4444444478
184959  -29.743  -10.011  -0.641 0.4444444478
97777  -30.723  -9.515  -0.852 0.4444444478
98885  -31.073  -8.999  -0.872 0.4444444478
97778  -31.018  -9.915  -0.547 0.4444444478
98874  -31.639  -8.525  -0.046 0.4444444478
100047  -30.940  -7.517  -2.088 0.3333333433
156137  -32.304  -6.751  0.490 0.3333333433
101232  -32.682  -5.999  1.297 0.1111111119
102346  -33.359  -5.491  1.819 0.1111111119
102347  -33.978  -5.109  2.193 0.1111111119
103407  -34.389  -4.424  2.150 0.1111111119
94752  -22.976  -11.893  2.045 0.2222222239
96713  -26.520  -10.588  0.384 0.3333333433
96703  -28.267  -10.229  1.528 0.3333333433
97776  -30.234  -9.473  -0.886 0.3333333433
100035  -31.407  -8.042  -0.816 0.4444444478
101243  -31.548  -6.593  -1.315 0.2222222239
182147  -32.350  -5.792  0.389 0.2222222239
102345  -32.781  -5.013  1.068 0.1111111119
102363  -31.563  -5.649  -1.474 0.1111111119
163739  -31.936  -5.080  -0.713 0.1111111119
103430  -32.194  -4.399  -0.489 0.1111111119
103406  -33.236  -4.257  1.181 0.1111111119
103429  -31.662  -4.749  -1.410 0.1111111119
104448  -32.846  -3.063  0.250 0.1111111119
104449  -33.313  -3.552  1.039 0.1111111119
95738  -23.826  -10.904  0.863 0.3333333433
96712  -25.447  -10.629  0.401 0.3333333433
96701  -25.069  -9.572  0.803 0.3333333433
182144  -28.419  -9.821  1.541 0.3333333433
155399  -29.451  -9.387  -0.574 0.3333333433
98894  -30.608  -7.779  -1.750 0.2222222239
101250  -31.065  -7.125  -2.248 0.2222222239
166311  -30.920  -5.419  -2.599 0.1111111119
104460  -31.943  -3.837  -1.153 0.1111111119
106496  -33.178  -0.713  -0.172 0.1111111119
97724  -21.326  -9.113  3.523 0.1111111119
98848  -22.531  -8.614  2.592 0.1111111119
163702  -24.816  -8.855  1.287 0.2222222239
98861  -25.901  -8.271  1.566 0.2222222239
97754  -26.851  -9.104  1.279 0.3333333433
98872  -27.692  -7.955  0.859 0.2222222239
97756  -28.681  -9.133  0.519 0.3333333433
98862  -27.737  -8.838  1.486 0.3333333433
100024  -29.204  -7.717  -0.183 0.2222222239
101249  -29.984  -6.970  -2.067 0.1111111119
172160  -29.814  -6.467  -2.819 0.1111111119
172331  -29.966  -6.199  -3.242 0.1111111119
165932  -30.443  -4.552  -3.406 0.1111111119
104469  -31.278  -4.185  -2.248 0.1111111119
105524  -32.091  -2.221  -1.333 0.1111111119
105511  -32.671  -2.233  -0.372 0.1111111119
107371  -34.189  -0.995  1.230 0.1111111119
168657  -35.000  -0.900  1.434 0.1111111119
98839  -22.766  -7.496  2.897 0.1111111119
98849  -23.197  -8.038  2.174 0.1111111119
98841  -24.001  -7.577  2.134 0.1111111119
100008  -26.812  -7.206  2.096 0.1111111119
101229  -27.700  -7.180  1.721 0.1111111119
102362  -29.611  -6.214  -0.277 0.1111111119
101236  -29.457  -7.115  -0.116 0.1111111119
103433  -29.293  -5.024  -2.674 0.1111111119
102374  -29.634  -5.012  -3.746 0.1111111119
104486  -28.747  -3.080  -4.948 0.1111111119
104478  -30.792  -3.459  -3.089 0.1111111119
99998  -23.499  -7.275  2.189 0.1111111119
99986  -23.112  -7.210  3.858 0.1111111119
99999  -24.353  -7.634  2.100 0.1111111119
163398  -26.210  -7.299  2.237 0.1111111119
101217  -28.010  -6.621  2.142 0.1111111119
101231  -29.348  -6.356  0.942 0.1111111119
102356  -29.541  -5.437  0.893 0.1111111119
103428  -29.369  -4.260  -1.452 0.1111111119
101197  -25.692  -6.273  3.704 0.1111111119
102321  -27.905  -6.421  2.408 0.1111111119
84776  -38.054  -21.460  2.837 0.1111111119
84808  -37.820  -21.169  1.033 0.1111111119
85889  -38.645  -20.876  1.208 0.1111111119
85890  -39.188  -20.548  1.308 0.1111111119
89293  -37.573  -17.729  -0.212 0.1111111119
90348  -37.262  -16.533  0.700 0.1111111119
93716  -24.447  -12.821  0.711 0.4444444478
173934  -31.978  -9.171  1.397 0.4444444478
98853  -32.526  -8.294  2.138 0.3333333433
100010  -33.558  -7.742  2.795 0.2222222239
98842  -33.749  -8.505  3.259 0.1111111119
100002  -35.013  -7.977  3.259 0.1111111119
96692  -35.990  -10.176  2.938 0.1111111119
95749  -28.554  -11.327  -0.013 0.4444444478
174584  -34.980  -5.852  2.681 0.2222222239
164719  -33.560  -4.685  1.730 0.1111111119
156779  -33.795  -3.944  1.663 0.1111111119
104434  -35.274  -3.843  2.178 0.1111111119
166179  -28.835  -10.110  0.015 0.3333333433
105497  -33.451  -2.718  1.051 0.1111111119
100017  -27.175  -7.714  1.586 0.2222222239
101242  -29.706  -7.160  -1.190 0.1111111119
100000  -25.270  -7.548  2.108 0.1111111119
166128  -29.558  -4.985  -0.160 0.1111111119
104476  -28.668  -3.300  -4.310 0.1111111119
102331  -28.708  -5.911  2.389 0.1111111119
102320  -26.654  -6.101  3.627 0.1111111119
88045  -39.375  -19.504  2.642 0.1111111119
86939  -39.342  -20.312  3.053 0.1111111119
90347  -37.000  -16.388  1.702 0.2222222239
93693  -36.300  -13.889  2.945 0.2222222239
95732  -36.324  -11.702  2.662 0.1111111119
93703  -23.603  -13.460  1.661 0.4444444478
94762  -24.867  -12.234  0.354 0.4444444478
96723  -29.648  -10.744  -0.387 0.4444444478
96714  -27.468  -10.637  0.528 0.4444444478
100025  -31.985  -7.672  0.121 0.4444444478
100036  -31.764  -7.171  -0.571 0.2222222239
99996  -22.347  -7.808  3.059 0.1111111119
99985  -22.546  -7.570  4.681 0.1111111119
101196  -24.039  -6.402  3.989 0.1111111119
101218  -29.017  -6.136  1.876 0.1111111119
86924  -39.102  -20.138  4.175 0.1111111119
83664  -36.422  -22.214  3.084 0.1111111119
172492  -37.443  -21.830  3.519 0.1111111119
85855  -38.896  -20.835  3.657 0.1111111119
88044  -39.061  -18.503  3.141 0.1111111119
179940  -38.825  -19.418  4.558 0.1111111119
168694  -39.568  -19.077  1.230 0.1111111119
177701  -39.771  -19.534  -0.574 0.1111111119
88085  -39.694  -19.201  -1.309 0.1111111119
89300  -39.121  -18.821  -1.959 0.1111111119
90362  -37.457  -16.671  -0.361 0.1111111119
187347  -37.774  -17.589  -1.187 0.1111111119
89299  -38.332  -18.500  -1.363 0.1111111119
91483  -37.444  -15.804  -0.615 0.1111111119
93736  -37.435  -13.984  -0.082 0.1111111119
94757  -37.224  -12.382  1.397 0.1111111119
95741  -37.301  -11.497  1.109 0.1111111119
95740  -36.937  -11.595  1.973 0.1111111119
98855  -36.692  -8.511  2.758 0.1111111119
161166  -36.929  -9.207  2.323 0.1111111119
94747  -22.692  -12.776  2.461 0.4444444478
94753  -23.839  -12.723  1.311 0.4444444478
101224  -37.318  -6.217  2.366 0.1111111119
103408  -37.034  -4.852  2.306 0.1111111119
95729  -22.461  -11.254  2.354 0.2222222239
96699  -22.882  -11.095  1.767 0.3333333433
96700  -23.180  -10.490  1.355 0.2222222239
105483  -35.859  -2.976  1.811 0.1111111119
97728  -21.306  -9.864  3.320 0.1111111119
97752  -24.237  -9.334  1.269 0.2222222239
161706  -35.846  -0.853  1.526 0.1111111119
107374  -36.165  0.028  1.451 0.1111111119
97727  -20.776  -9.787  3.984 0.1111111119
96670  -19.558  -10.243  5.307 0.1111111119
98834  -20.993  -8.601  5.032 0.1111111119
99983  -21.041  -8.085  5.530 0.1111111119
108303  -35.283  0.482  1.331 0.1111111119
99973  -20.448  -7.639  5.919 0.1111111119
160459  -21.166  -7.258  6.491 0.1111111119
106527  -29.200  -1.772  -4.501 0.1111111119
106521  -30.467  -1.334  -3.047 0.1111111119
172040  -32.581  -0.492  -0.904 0.1111111119
108330  -33.322  0.757  -0.261 0.1111111119
101194  -23.120  -7.020  5.077 0.1111111119
102310  -23.767  -5.843  4.618 0.1111111119
169235  -29.478  -4.024  -0.154 0.1111111119
163268  -28.787  -1.943  -3.079 0.1111111119
102332  -29.248  -5.368  2.236 0.1111111119
91449  -36.804  -15.523  2.325 0.1111111119
97733  -35.420  -9.566  3.310 0.1111111119
97757  -31.676  -9.673  0.754 0.4444444478
85900  -37.760  -20.789  0.655 0.1111111119
95748  -25.506  -11.696  0.160 0.4444444478
86979  -38.280  -20.134  0.080 0.1111111119
88072  -39.624  -19.705  0.444 0.1111111119
88093  -39.427  -19.310  -1.392 0.1111111119
92609  -37.228  -14.859  1.076 0.1111111119
170358  -37.134  -13.351  1.706 0.1111111119
93720  -37.347  -14.065  0.884 0.1111111119
96693  -36.507  -10.863  2.478 0.1111111119
98844  -35.470  -8.713  3.364 0.1111111119
173672  -32.362  -7.420  0.928 0.2222222239
164169  -32.652  -6.877  1.496 0.2222222239
181584  -33.201  -6.340  2.046 0.1111111119
101221  -34.755  -6.555  2.842 0.2222222239
100012  -35.539  -7.238  3.210 0.1111111119
106469  -34.625  -1.615  1.480 0.1111111119
106482  -33.552  -1.359  0.717 0.1111111119
104433  -34.442  -3.673  1.911 0.1111111119
105481  -34.168  -2.354  1.471 0.1111111119
163582  -35.125  -2.284  1.676 0.1111111119
159595  -35.889  -2.164  1.680 0.1111111119
102348  -37.548  -5.434  2.116 0.1111111119
101223  -36.592  -6.292  2.794 0.1111111119
102335  -35.661  -5.409  2.617 0.2222222239
98895  -30.988  -8.169  -1.541 0.3333333433
103393  -35.226  -4.682  2.393 0.2222222239
96702  -27.251  -10.130  1.354 0.3333333433
102364  -31.947  -5.723  -0.506 0.2222222239
102357  -32.364  -5.010  0.040 0.1111111119
157022  -32.411  -3.679  -0.319 0.1111111119
177750  -24.440  -10.310  0.736 0.3333333433
96690  -22.810  -9.863  1.679 0.1111111119
97753  -25.573  -8.912  1.149 0.3333333433
97755  -28.173  -9.715  1.694 0.3333333433
100055  -30.347  -7.218  -2.182 0.2222222239
100056  -30.563  -7.119  -2.426 0.1111111119
102375  -30.380  -6.359  -2.994 0.1111111119
106481  -33.041  -1.569  -0.057 0.1111111119
106495  -32.471  -1.318  -0.947 0.1111111119
107383  -33.819  -0.445  0.667 0.1111111119
158807  -20.192  -9.844  4.751 0.1111111119
97729  -21.856  -9.235  2.949 0.1111111119
97723  -20.741  -9.289  4.111 0.1111111119
162000  -23.102  -9.090  2.109 0.1111111119
98859  -24.324  -8.367  1.616 0.1111111119
98860  -24.990  -8.255  1.524 0.1111111119
158404  -29.263  -8.505  -0.419 0.3333333433
100034  -29.607  -7.924  -0.952 0.2222222239
101259  -30.176  -6.837  -2.770 0.1111111119
186732  -29.573  -5.891  -2.496 0.1111111119
103438  -29.639  -4.396  -4.092 0.1111111119
184579  -31.609  -2.244  -2.037 0.1111111119
98838  -22.018  -8.241  3.322 0.1111111119
99997  -23.036  -7.256  2.570 0.1111111119
98835  -21.529  -8.745  3.519 0.1111111119
98850  -24.466  -7.815  1.849 0.1111111119
100007  -25.733  -7.535  2.127 0.1111111119
98852  -26.220  -7.742  1.919 0.1111111119
100019  -29.025  -7.213  0.594 0.1111111119
165374  -29.537  -5.520  -1.446 0.1111111119
103437  -29.193  -4.492  -3.717 0.1111111119
104468  -28.923  -3.871  -3.009 0.1111111119
163131  -30.054  -2.840  -4.061 0.1111111119
105531  -29.960  -1.883  -3.999 0.1111111119
105532  -30.939  -2.286  -2.919 0.1111111119
99984  -21.657  -8.124  4.854 0.1111111119
99974  -23.134  -7.140  4.453 0.1111111119
99988  -24.233  -6.917  3.454 0.1111111119
101208  -25.977  -6.692  3.157 0.1111111119
102344  -29.349  -5.636  1.592 0.1111111119
186942  -28.948  -3.258  -2.097 0.1111111119
84756  -38.340  -21.339  4.132 0.1111111119
88059  -39.533  -19.643  1.558 0.1111111119
91465  -37.120  -15.608  1.379 0.1111111119
100013  -36.436  -7.722  3.111 0.1111111119
103394  -36.155  -4.578  2.390 0.1111111119
167733  -36.991  -3.275  1.831 0.1111111119
105529  -28.615  -2.078  -4.659 0.1111111119
103405  -29.466  -4.915  1.756 0.1111111119
88058  -39.328  -18.759  2.170 0.1111111119
101192  -21.853  -7.758  5.662 0.1111111119
92628  -37.356  -14.860  0.161 0.1111111119
167725  -37.375  -13.173  0.687 0.1111111119
100014  -37.061  -7.095  2.662 0.1111111119
104435  -37.000  -4.147  2.158 0.1111111119
105484  -36.640  -2.395  1.674 0.1111111119
97738  -22.323  -9.706  2.308 0.1111111119
96673  -20.411  -10.482  4.438 0.1111111119
106471  -36.327  -1.588  1.613 0.1111111119
97719  -20.260  -9.552  4.775 0.1111111119
105523  -31.549  -1.464  -2.074 0.1111111119
104459  -29.279  -3.140  -0.825 0.1111111119
169789  -28.833  -2.405  -1.980 0.1111111119
105522  -28.632  -2.799  -3.181 0.1111111119
67092  -22.466  -37.235  11.698 0.2222222239
80183  -22.488  -25.402  6.541 0.2222222239
81372  -22.069  -24.545  6.749 0.2222222239
77845  -21.879  -27.413  7.470 0.3333333433
92587  -22.720  -14.361  2.643 0.2222222239
94734  -21.653  -12.949  3.602 0.1111111119
159640  -21.887  -12.297  3.254 0.1111111119
94746  -22.372  -12.069  2.733 0.2222222239
89244  -22.701  -17.596  3.597 0.2222222239
88038  -22.613  -18.300  3.961 0.1111111119
79098  -22.037  -26.045  6.976 0.2222222239
90308  -21.801  -16.007  4.128 0.1111111119
92546  -21.160  -14.351  4.433 0.1111111119
94722  -21.225  -12.983  4.141 0.1111111119
94733  -21.317  -12.198  3.776 0.1111111119
95716  -21.847  -11.461  3.090 0.1111111119
91429  -21.932  -15.206  3.632 0.1111111119
77844  -21.175  -27.380  8.150 0.2222222239
167000  -22.655  -22.208  5.742 0.2222222239
92567  -22.197  -14.409  3.269 0.1111111119
93702  -22.978  -13.537  2.237 0.3333333433
93685  -22.449  -13.601  2.862 0.3333333433
94735  -22.205  -12.872  3.095 0.1111111119
92566  -21.607  -14.438  3.782 0.1111111119
91408  -21.462  -15.165  4.253 0.1111111119
93684  -21.913  -13.660  3.434 0.1111111119
92545  -20.589  -14.273  5.010 0.1111111119
93666  -21.368  -13.669  3.969 0.1111111119
80171  -33.572  -26.105  7.428 0.1111111119
67091  -21.746  -37.363  11.669 0.1111111119
67069  -23.410  -37.538  12.427 0.1111111119
68110  -20.282  -36.906  11.876 0.1111111119
69220  -21.030  -36.107  11.230 0.1111111119
70362  -20.329  -34.259  10.762 0.1111111119
153757  -20.559  -27.403  8.759 0.1111111119
86906  -22.216  -19.869  5.228 0.2222222239
86905  -21.731  -19.563  5.626 0.2222222239
68129  -20.757  -36.631  11.554 0.1111111119
80192  -22.772  -24.611  6.160 0.1111111119
67068  -22.144  -38.001  12.137 0.1111111119
68109  -19.714  -36.501  12.019 0.1111111119
68128  -20.150  -36.102  11.537 0.1111111119
69236  -19.916  -34.659  11.187 0.1111111119
71417  -19.980  -33.254  10.672 0.1111111119
158073  -20.734  -28.105  8.594 0.1111111119
174970  -21.014  -26.830  8.315 0.1111111119
170899  -21.566  -25.920  7.509 0.1111111119
81366  -21.493  -24.452  7.412 0.1111111119
85844  -22.090  -20.447  5.620 0.2222222239
86904  -21.368  -18.823  5.835 0.2222222239
165214  -21.601  -18.750  5.419 0.1111111119
156257  -21.267  -37.912  12.064 0.1111111119
86916  -22.068  -19.064  4.996 0.2222222239
72491  -20.248  -31.425  10.177 0.1111111119
73517  -20.366  -30.791  9.814 0.1111111119
69237  -20.570  -35.237  11.067 0.1111111119
68130  -21.393  -36.746  11.414 0.1111111119
184026  -22.811  -37.614  12.122 0.1111111119
80182  -21.798  -25.298  7.140 0.1111111119
67067  -20.986  -37.236  11.747 0.1111111119
161057  -20.217  -27.644  9.149 0.1111111119
69219  -19.705  -35.232  11.512 0.1111111119
70361  -19.561  -34.027  11.074 0.1111111119
159031  -20.168  -28.149  9.176 0.1111111119
88026  -21.661  -18.238  5.043 0.1111111119
90289  -22.230  -16.922  4.000 0.1111111119
84737  -21.980  -21.055  6.032 0.1111111119
89224  -22.285  -17.767  4.129 0.1111111119
67056  -26.095  -36.953  14.053 0.1111111119
69187  -26.665  -35.406  13.347 0.1111111119
75597  -31.330  -29.732  8.109 0.2222222239
77867  -31.513  -27.367  5.385 0.4444444478
80220  -28.733  -25.228  2.884 1.0000000000
81409  -33.829  -24.115  3.681 0.3333333433
81419  -26.961  -24.681  2.843 1.0000000000
81433  -29.556  -24.375  2.223 1.0000000000
82583  -33.046  -23.125  4.734 0.4444444478
82584  -34.065  -23.970  3.610 0.2222222239
82596  -29.718  -23.733  3.361 1.0000000000
82620  -28.603  -22.810  1.763 1.0000000000
82621  -29.211  -23.888  1.881 1.0000000000
83713  -29.965  -21.920  1.049 1.0000000000
84771  -31.230  -20.795  4.621 0.8888888955
84790  -26.284  -21.525  2.188 0.8888888955
84793  -36.493  -21.668  2.031 0.2222222239
84817  -29.541  -21.203  0.793 1.0000000000
85866  -23.836  -20.479  3.637 0.5555555820
85873  -39.438  -20.222  1.928 0.1111111119
85885  -30.013  -20.396  2.223 0.8888888955
85888  -37.221  -21.274  1.049 0.1111111119
85895  -26.032  -20.240  1.624 1.0000000000
85899  -37.050  -21.060  1.040 0.1111111119
85908  -29.161  -20.012  0.520 1.0000000000
85909  -29.520  -20.615  0.740 1.0000000000
85910  -38.527  -20.185  0.169 0.1111111119
85916  -28.768  -19.266  0.325 0.8888888955
86965  -30.050  -18.920  1.489 0.8888888955
86967  -39.441  -20.216  0.894 0.1111111119
86976  -28.234  -19.850  0.347 1.0000000000
86981  -39.301  -19.890  -0.137 0.1111111119
86987  -39.522  -19.550  -0.933 0.1111111119
88043  -36.277  -18.536  3.573 0.5555555820
88069  -26.563  -18.007  1.168 0.7777777910
88080  -27.637  -18.707  0.087 0.8888888955
88083  -29.579  -18.307  0.457 0.8888888955
88092  -38.832  -19.355  -1.224 0.1111111119
89223  -21.831  -17.613  4.591 0.1111111119
89231  -33.563  -17.589  4.663 0.6666666865
89233  -35.335  -17.490  4.697 0.5555555820
89262  -31.198  -16.905  2.048 0.8888888955
89278  -25.801  -17.492  1.446 0.7777777910
89294  -39.876  -18.823  -0.685 0.1111111119
90314  -32.422  -16.300  3.496 0.6666666865
90316  -36.380  -16.021  3.379 0.4444444478
90360  -29.763  -16.624  0.132 0.6666666865
91435  -31.759  -15.229  2.803 0.6666666865
91438  -36.433  -15.280  3.071 0.5555555820
91464  -31.132  -15.227  1.728 0.6666666865
91466  -37.299  -15.686  0.422 0.1111111119
91478  -26.193  -14.864  0.306 0.6666666865
91481  -29.791  -15.770  0.211 0.6666666865
92551  -33.184  -14.339  4.374 0.5555555820
92552  -34.092  -14.522  4.608 0.4444444478
92571  -31.790  -14.579  3.127 0.6666666865
92574  -36.129  -14.558  3.352 0.2222222239
92603  -24.117  -14.164  1.359 0.4444444478
92606  -30.634  -14.889  1.149 0.6666666865
92608  -37.023  -14.802  1.915 0.1111111119
92627  -30.115  -14.455  0.680 0.6666666865
93705  -36.823  -14.012  2.249 0.1111111119
93715  -24.139  -13.348  1.142 0.4444444478
93746  -28.170  -12.709  -0.546 0.5555555820
94721  -20.722  -12.606  4.446 0.1111111119
94723  -33.053  -12.781  4.074 0.5555555820
94739  -34.481  -12.501  4.162 0.4444444478
94741  -35.934  -13.146  3.203 0.3333333433
94755  -31.309  -12.575  1.130 0.6666666865
95759  -30.466  -11.062  -0.269 0.4444444478
96715  -28.275  -10.772  0.368 0.4444444478
97718  -19.914  -9.722  5.035 0.1111111119
97730  -32.959  -10.007  3.380 0.4444444478
97732  -34.632  -9.754  3.562 0.1111111119
97739  -23.731  -8.629  1.788 0.1111111119
97740  -28.355  -9.501  1.638 0.3333333433
97743  -36.668  -9.995  2.360 0.1111111119
97751  -23.444  -9.578  1.475 0.2222222239
97758  -37.170  -9.780  1.727 0.1111111119
97766  -26.107  -9.733  0.710 0.3333333433
98829  -20.153  -8.295  5.556 0.1111111119
98840  -23.501  -7.233  2.557 0.1111111119
98843  -34.559  -8.554  3.397 0.1111111119
98845  -36.158  -8.431  3.194 0.1111111119
98851  -25.280  -7.787  1.864 0.1111111119
98863  -28.291  -9.067  1.468 0.3333333433
98864  -31.847  -8.886  0.727 0.4444444478
98873  -28.486  -7.979  0.331 0.2222222239
98883  -30.030  -8.582  -1.167 0.2222222239
98884  -30.655  -8.792  -1.138 0.3333333433
99972  -19.413  -7.700  5.931 0.1111111119
99987  -23.680  -6.980  3.563 0.1111111119
99995  -21.929  -8.297  3.136 0.1111111119
100001  -34.248  -8.002  3.185 0.1111111119
100003  -35.778  -8.013  3.343 0.1111111119
100006  -24.804  -7.631  2.021 0.1111111119
100018  -28.005  -7.610  0.915 0.1111111119
100020  -32.522  -7.731  1.686 0.2222222239
100046  -30.102  -7.641  -1.664 0.2222222239
100057  -30.330  -6.801  -2.819 0.1111111119
101183  -21.979  -7.522  6.718 0.1111111119
101193  -22.588  -7.329  5.897 0.1111111119
101195  -23.503  -6.592  4.305 0.1111111119
101207  -25.300  -6.794  3.284 0.1111111119
101216  -27.162  -6.833  2.317 0.1111111119
101222  -35.751  -6.285  2.916 0.1111111119
101230  -28.653  -6.846  1.427 0.1111111119
101237  -32.014  -6.389  -0.281 0.2222222239
102333  -34.070  -5.883  2.439 0.1111111119
102334  -34.709  -5.219  2.425 0.2222222239
102336  -36.667  -5.495  2.563 0.1111111119
102369  -31.082  -6.415  -2.352 0.2222222239
102373  -29.596  -5.592  -3.244 0.1111111119
103420  -32.738  -4.130  0.408 0.1111111119
103448  -29.151  -3.866  -4.406 0.1111111119
104461  -32.304  -3.014  -0.781 0.1111111119
104470  -31.663  -3.036  -1.932 0.1111111119
104475  -28.634  -2.534  -4.831 0.1111111119
104477  -30.012  -3.771  -4.034 0.1111111119
104487  -29.232  -3.293  -4.799 0.1111111119
105496  -33.190  -2.161  0.482 0.1111111119
105530  -28.540  -2.282  -4.188 0.1111111119
105536  -28.743  -2.368  -4.943 0.1111111119
106470  -35.470  -1.568  1.579 0.1111111119
106472  -37.320  -1.732  1.500 0.1111111119
106526  -28.777  -1.877  -4.524 0.1111111119
107372  -34.594  -0.148  1.153 0.1111111119
107398  -32.986  0.070  -0.585 0.1111111119
154788  -28.560  -31.807  8.237 0.4444444478
154798  -29.401  -31.150  7.676 0.4444444478
154984  -26.757  -31.761  6.534 0.4444444478
156305  -39.062  -19.286  3.752 0.1111111119
157100  -27.212  -18.280  0.206 0.7777777910
157341  -26.761  -8.209  1.469 0.2222222239
157526  -31.260  -7.527  -1.580 0.3333333433
158505  -23.817  -7.831  1.987 0.1111111119
158662  -30.111  -22.466  1.640 0.8888888955
158846  -31.172  -13.979  1.799 0.6666666865
159514  -34.195  -11.106  3.813 0.5555555820
160261  -29.083  -20.547  0.527 0.8888888955
160546  -30.050  -5.506  -3.582 0.1111111119
161546  -28.737  -12.892  0.334 0.5555555820
161636  -28.652  -10.496  1.197 0.4444444478
161910  -21.190  -7.948  5.908 0.1111111119
162694  -35.165  -15.974  4.555 0.5555555820
164640  -31.737  -17.245  2.763 0.8888888955
164909  -32.304  -8.956  2.115 0.3333333433
166545  -33.982  -3.203  1.541 0.1111111119
167707  -29.694  -18.840  0.853 0.8888888955
168034  -28.668  -15.130  -0.018 0.6666666865
168287  -31.840  -15.956  2.801 0.6666666865
169081  -26.937  -11.311  -0.151 0.4444444478
169968  -33.619  -2.029  1.087 0.1111111119
170022  -36.347  -6.900  3.101 0.1111111119
170502  -19.835  -10.644  5.033 0.1111111119
170808  -29.560  -13.144  0.707 0.6666666865
171297  -37.725  -3.932  1.733 0.1111111119
172004  -25.553  -19.679  1.718 1.0000000000
173238  -32.810  -20.710  5.209 0.7777777910
173310  -24.821  -6.502  3.731 0.1111111119
173821  -29.711  -6.472  -1.735 0.1111111119
177704  -21.717  -10.001  2.762 0.1111111119
177813  -23.748  -10.126  1.008 0.2222222239
178160  -30.659  -6.822  -2.616 0.1111111119
178472  -36.251  -3.749  2.104 0.1111111119
178897  -32.466  -18.314  4.053 0.7777777910
179478  -29.350  -2.369  -4.675 0.1111111119
182463  -31.840  -10.683  2.236 0.6666666865
183283  -38.849  -20.932  2.718 0.1111111119
183586  -34.112  -9.145  3.547 0.1111111119
183893  -32.505  -13.827  4.034 0.5555555820
184071  -27.149  -30.302  6.382 0.5555555820
184338  -33.533  -16.158  4.438 0.7777777910
185381  -31.571  -13.414  2.832 0.6666666865
185403  -28.622  -18.099  0.219 0.8888888955
186174  -35.636  -12.512  3.392 0.1111111119
186325  -27.794  -12.585  -0.812 0.5555555820
186536  -32.940  -25.392  4.026 0.5555555820
187197  -28.696  -20.150  0.512 1.0000000000
187262  -30.722  -7.105  -2.479 0.1111111119
187852  -32.262  -19.596  4.675 0.7777777910
