#!ascii label  , from subject sub-v1s2x0051476_ses-1 vox2ras=TkReg
1069
41497  -19.183  -42.707  83.385 0.0000000000
61078  -45.576  -25.000  75.301 0.0000000000
67329  -50.715  -20.054  69.877 0.0000000000
68440  -56.928  -17.571  63.056 0.0000000000
137644  -40.420  -27.881  75.917 0.0000000000
68407  -54.612  -18.812  66.235 0.0000000000
77276  -53.093  -8.283  61.691 0.0000000000
81319  -59.932  -4.845  60.039 0.0000000000
58017  -48.005  -27.283  72.556 0.0000000000
60038  -51.055  -25.729  70.683 0.0000000000
64206  -47.778  -21.645  72.910 0.0000000000
44745  -21.910  -40.896  86.695 0.0000000000
45864  -26.223  -39.963  85.196 0.0000000000
44771  -31.149  -39.998  83.925 0.0000000000
45905  -35.681  -39.465  81.510 0.0000000000
48778  -38.853  -36.487  79.814 0.0000000000
53950  -40.593  -31.039  80.860 0.0000000000
56071  -45.277  -28.532  77.286 0.0000000000
59036  -54.339  -24.965  66.874 0.0000000000
81361  -61.720  -4.037  57.457 0.0000000000
59977  -47.199  -25.548  75.486 0.0000000000
61095  -49.188  -24.279  73.840 0.0000000000
62216  -46.180  -23.776  73.772 0.0000000000
46844  -21.974  -39.557  84.890 0.0000000000
44753  -23.841  -40.729  86.023 0.0000000000
51716  -36.951  -33.206  79.130 0.0000000000
50735  -39.809  -34.137  80.894 0.0000000000
55099  -37.548  -30.244  79.597 0.0000000000
58933  -42.750  -27.049  75.468 0.0000000000
58908  -42.918  -27.455  78.152 0.0000000000
59958  -45.322  -26.546  77.112 0.0000000000
56101  -46.546  -28.165  74.567 0.0000000000
63271  -51.509  -22.110  70.955 0.0000000000
58988  -53.020  -26.205  69.267 0.0000000000
63290  -53.339  -21.977  68.914 0.0000000000
67413  -56.206  -18.914  63.994 0.0000000000
65236  -57.034  -20.917  65.398 0.0000000000
66336  -58.231  -19.943  63.460 0.0000000000
68460  -58.858  -17.501  61.479 0.0000000000
77245  -56.795  -8.069  64.143 0.0000000000
75176  -54.279  -10.283  64.204 0.0000000000
57050  -37.620  -28.797  75.459 0.0000000000
67440  -53.748  -18.558  62.359 0.0000000000
79393  -56.745  -6.495  61.706 0.0000000000
77268  -59.939  -8.000  61.886 0.0000000000
78391  -61.611  -7.141  55.010 0.0000000000
145203  -47.481  -28.541  68.400 0.0000000000
60051  -48.971  -25.644  69.902 0.0000000000
141986  -50.074  -23.019  72.554 0.0000000000
41452  -20.552  -42.712  85.899 0.0000000000
42577  -27.266  -41.597  83.318 0.0000000000
44761  -28.461  -40.056  84.614 0.0000000000
43670  -29.515  -41.284  82.199 0.0000000000
134272  -32.335  -41.336  82.061 0.0000000000
42604  -34.828  -41.939  81.062 0.0000000000
43704  -36.568  -41.198  80.325 0.0000000000
46924  -37.390  -39.332  79.560 0.0000000000
142831  -40.430  -36.629  79.254 0.0000000000
57939  -40.166  -28.691  79.168 0.0000000000
55090  -42.836  -29.800  78.797 0.0000000000
52803  -44.055  -30.404  76.628 0.0000000000
55134  -45.750  -29.955  74.373 0.0000000000
56126  -46.702  -29.312  71.945 0.0000000000
144823  -55.078  -21.672  66.958 0.0000000000
141371  -53.784  -12.946  64.441 0.0000000000
70361  -56.758  -15.241  63.728 0.0000000000
41467  -19.375  -42.883  85.582 0.0000000000
61080  -46.514  -24.807  75.560 0.0000000000
62193  -46.974  -24.045  75.128 0.0000000000
61094  -45.971  -24.360  74.526 0.0000000000
53980  -36.236  -31.574  77.735 0.0000000000
52760  -37.143  -32.069  79.880 0.0000000000
56066  -36.602  -30.244  77.672 0.0000000000
152751  -44.133  -26.262  75.350 0.0000000000
135020  -44.112  -26.639  76.776 0.0000000000
59974  -45.172  -25.639  75.892 0.0000000000
59975  -46.422  -25.760  76.109 0.0000000000
148406  -52.520  -22.524  69.878 0.0000000000
66271  -52.380  -20.344  69.775 0.0000000000
67427  -56.870  -18.525  63.378 0.0000000000
67415  -57.099  -19.350  63.934 0.0000000000
67428  -57.529  -18.674  63.147 0.0000000000
142865  -58.591  -18.729  62.387 0.0000000000
68442  -58.183  -17.431  62.508 0.0000000000
76213  -58.461  -9.398  62.693 0.0000000000
75179  -57.134  -9.863  63.670 0.0000000000
75202  -57.569  -10.098  61.976 0.0000000000
79410  -56.875  -6.968  59.579 0.0000000000
80319  -58.228  -6.039  61.433 0.0000000000
79384  -58.256  -6.694  62.309 0.0000000000
157851  -59.713  -6.074  61.144 0.0000000000
78356  -61.131  -7.314  60.113 0.0000000000
147957  -61.061  -5.633  59.800 0.0000000000
132320  -61.737  -5.849  56.467 0.0000000000
58034  -47.739  -27.069  70.776 0.0000000000
58072  -48.334  -26.987  69.171 0.0000000000
135752  -48.373  -26.038  71.376 0.0000000000
63233  -48.444  -22.629  74.057 0.0000000000
61106  -49.686  -23.406  73.290 0.0000000000
64189  -49.003  -22.125  73.327 0.0000000000
64197  -50.024  -22.093  71.980 0.0000000000
156566  -48.526  -21.198  72.695 0.0000000000
41470  -21.762  -42.913  85.018 0.0000000000
42550  -22.609  -41.870  86.105 0.0000000000
45846  -25.241  -40.241  85.445 0.0000000000
47816  -30.451  -38.025  83.955 0.0000000000
45878  -29.641  -39.353  84.431 0.0000000000
43650  -29.169  -41.050  83.990 0.0000000000
44776  -30.846  -40.639  83.574 0.0000000000
43672  -31.393  -41.185  82.490 0.0000000000
140388  -31.706  -40.444  83.476 0.0000000000
43676  -35.467  -40.971  82.005 0.0000000000
42605  -35.562  -41.707  80.897 0.0000000000
44790  -36.088  -40.452  81.400 0.0000000000
48799  -38.305  -36.451  79.327 0.0000000000
47886  -37.840  -38.103  78.720 0.0000000000
47887  -38.564  -37.327  79.294 0.0000000000
45915  -38.205  -39.749  79.346 0.0000000000
46925  -39.318  -38.023  79.212 0.0000000000
46937  -39.907  -38.235  78.796 0.0000000000
145378  -39.850  -36.878  79.682 0.0000000000
139432  -39.937  -32.379  81.163 0.0000000000
50737  -40.676  -33.954  80.293 0.0000000000
51704  -41.188  -32.814  79.509 0.0000000000
52765  -41.689  -31.514  78.848 0.0000000000
57035  -38.461  -28.814  77.217 0.0000000000
57960  -40.029  -28.379  77.672 0.0000000000
57945  -44.176  -27.851  78.420 0.0000000000
57933  -42.571  -28.184  79.048 0.0000000000
56060  -43.724  -29.048  78.532 0.0000000000
55105  -43.378  -29.948  77.986 0.0000000000
55110  -44.586  -29.611  76.799 0.0000000000
55118  -45.437  -29.578  75.580 0.0000000000
57992  -46.988  -27.174  74.007 0.0000000000
56114  -46.669  -28.490  73.406 0.0000000000
57080  -47.040  -28.585  72.175 0.0000000000
56135  -46.783  -28.742  70.133 0.0000000000
45841  -20.576  -39.967  86.067 0.0000000000
135990  -20.676  -40.705  86.997 0.0000000000
42538  -20.855  -41.927  86.984 0.0000000000
58054  -50.917  -27.708  70.473 0.0000000000
57094  -51.874  -28.345  70.037 0.0000000000
59020  -53.745  -25.771  67.670 0.0000000000
68392  -53.814  -19.011  67.389 0.0000000000
66279  -53.981  -20.086  68.119 0.0000000000
66284  -55.224  -20.200  67.063 0.0000000000
63346  -57.205  -21.864  64.106 0.0000000000
63336  -56.844  -22.085  65.058 0.0000000000
73256  -55.593  -11.899  64.548 0.0000000000
74243  -54.180  -11.200  64.325 0.0000000000
73255  -55.039  -12.417  64.769 0.0000000000
71372  -55.207  -14.135  64.681 0.0000000000
72353  -56.436  -13.866  63.894 0.0000000000
71393  -57.629  -15.002  62.329 0.0000000000
152196  -59.794  -4.480  58.870 0.0000000000
81350  -61.175  -4.250  58.927 0.0000000000
82414  -60.722  -3.169  57.782 0.0000000000
83537  -61.260  -2.405  56.656 0.0000000000
58942  -47.792  -25.911  74.245 0.0000000000
58958  -48.834  -25.787  72.825 0.0000000000
59986  -48.104  -24.853  74.699 0.0000000000
63223  -48.028  -23.208  74.529 0.0000000000
146447  -47.151  -22.454  73.535 0.0000000000
156413  -22.157  -40.024  86.027 0.0000000000
143953  -22.834  -40.676  86.247 0.0000000000
45863  -25.610  -39.514  85.234 0.0000000000
49751  -38.266  -34.916  80.030 0.0000000000
152724  -38.891  -35.170  80.324 0.0000000000
51701  -37.916  -33.162  80.268 0.0000000000
52751  -38.591  -32.157  81.018 0.0000000000
55076  -39.189  -30.585  81.139 0.0000000000
57981  -41.276  -27.714  75.421 0.0000000000
150255  -41.225  -27.943  76.878 0.0000000000
58925  -42.530  -27.395  76.774 0.0000000000
58910  -44.379  -27.117  77.806 0.0000000000
57954  -45.370  -27.475  77.527 0.0000000000
56082  -45.851  -28.420  75.986 0.0000000000
58922  -46.096  -26.761  76.642 0.0000000000
57973  -46.723  -26.785  75.136 0.0000000000
45876  -20.287  -39.820  84.543 0.0000000000
61135  -51.774  -24.205  70.683 0.0000000000
58973  -52.300  -25.898  70.092 0.0000000000
61136  -52.283  -24.259  70.319 0.0000000000
61150  -53.277  -24.069  68.861 0.0000000000
62270  -54.060  -23.557  67.688 0.0000000000
68421  -55.119  -18.857  65.675 0.0000000000
66304  -55.709  -19.742  66.172 0.0000000000
67380  -56.292  -19.625  65.177 0.0000000000
65261  -57.856  -20.496  64.143 0.0000000000
78312  -54.903  -7.552  63.123 0.0000000000
76212  -53.826  -8.886  63.205 0.0000000000
76188  -56.042  -9.474  64.497 0.0000000000
75178  -56.373  -10.514  64.045 0.0000000000
59995  -44.056  -26.173  73.740 0.0000000000
58940  -43.447  -26.688  74.174 0.0000000000
68353  -51.816  -19.650  69.170 0.0000000000
67394  -53.962  -18.665  65.471 0.0000000000
144744  -54.322  -18.986  64.599 0.0000000000
67426  -55.357  -18.839  63.424 0.0000000000
68458  -55.002  -18.051  62.482 0.0000000000
78336  -55.167  -6.856  61.921 0.0000000000
79370  -57.132  -6.898  63.082 0.0000000000
78316  -58.453  -7.789  62.988 0.0000000000
76224  -59.441  -9.505  61.666 0.0000000000
132655  -61.756  -5.630  58.075 0.0000000000
132859  -61.675  -6.991  56.517 0.0000000000
56166  -48.889  -29.122  68.679 0.0000000000
153472  -49.686  -26.989  69.545 0.0000000000
60053  -50.116  -25.014  70.377 0.0000000000
60020  -49.241  -24.929  72.272 0.0000000000
61119  -49.734  -24.250  71.772 0.0000000000
61134  -51.105  -23.924  71.050 0.0000000000
62230  -51.035  -22.451  71.365 0.0000000000
65193  -50.387  -21.683  71.328 0.0000000000
62229  -45.775  -24.003  73.018 0.0000000000
154660  -46.387  -22.918  72.413 0.0000000000
65199  -47.610  -21.418  71.636 0.0000000000
41468  -20.136  -42.833  85.356 0.0000000000
41484  -21.217  -43.013  84.460 0.0000000000
153357  -27.503  -41.383  81.517 0.0000000000
47811  -25.269  -38.300  83.867 0.0000000000
154808  -26.465  -39.300  85.106 0.0000000000
140024  -27.711  -40.161  84.859 0.0000000000
43669  -28.718  -41.353  82.662 0.0000000000
42621  -32.615  -41.758  80.265 0.0000000000
42622  -33.736  -42.124  80.350 0.0000000000
46922  -35.573  -38.820  80.464 0.0000000000
46933  -35.959  -38.887  79.556 0.0000000000
46914  -36.049  -39.170  80.866 0.0000000000
45907  -36.917  -40.119  80.434 0.0000000000
44796  -37.706  -40.535  79.646 0.0000000000
49754  -40.410  -35.321  80.036 0.0000000000
57033  -37.220  -29.386  77.636 0.0000000000
57015  -38.605  -29.305  79.545 0.0000000000
156570  -40.028  -29.518  80.883 0.0000000000
57941  -41.568  -28.122  78.922 0.0000000000
56997  -41.496  -29.072  79.858 0.0000000000
141929  -41.282  -30.509  80.077 0.0000000000
53972  -42.151  -30.943  78.601 0.0000000000
52788  -42.811  -30.956  77.730 0.0000000000
54033  -45.416  -30.518  73.274 0.0000000000
55127  -46.109  -29.378  74.659 0.0000000000
55141  -46.082  -29.594  73.446 0.0000000000
54053  -45.663  -30.904  71.359 0.0000000000
55160  -46.082  -30.421  70.130 0.0000000000
145209  -19.879  -42.640  86.387 0.0000000000
65215  -53.214  -20.594  69.021 0.0000000000
63291  -53.856  -22.087  68.161 0.0000000000
62283  -54.728  -23.078  66.924 0.0000000000
65227  -56.044  -20.745  66.352 0.0000000000
62293  -55.558  -22.898  66.175 0.0000000000
61207  -55.211  -23.556  65.834 0.0000000000
69444  -53.482  -16.556  62.798 0.0000000000
69432  -54.788  -16.341  63.387 0.0000000000
75175  -53.455  -10.752  63.571 0.0000000000
73275  -52.796  -12.003  63.157 0.0000000000
71390  -53.585  -14.319  64.107 0.0000000000
70374  -54.590  -15.469  64.014 0.0000000000
69421  -56.845  -15.978  63.623 0.0000000000
137326  -57.505  -15.830  63.001 0.0000000000
132883  -18.920  -42.834  84.135 0.0000000000
61079  -46.335  -24.455  75.144 0.0000000000
61093  -45.274  -24.965  74.435 0.0000000000
53987  -36.011  -31.644  76.977 0.0000000000
55103  -36.476  -30.877  77.936 0.0000000000
55109  -36.325  -30.617  77.227 0.0000000000
59984  -44.870  -25.727  75.137 0.0000000000
61063  -45.603  -25.350  75.864 0.0000000000
67321  -51.411  -20.183  70.056 0.0000000000
156996  -51.793  -21.017  70.303 0.0000000000
67322  -51.998  -19.940  69.949 0.0000000000
140364  -57.180  -18.893  63.532 0.0000000000
136413  -57.348  -18.048  62.888 0.0000000000
68441  -57.640  -17.445  62.714 0.0000000000
132894  -57.216  -16.894  63.001 0.0000000000
75190  -58.875  -9.621  62.036 0.0000000000
75189  -58.183  -9.756  62.492 0.0000000000
80328  -59.151  -5.343  60.169 0.0000000000
80329  -59.474  -5.462  60.562 0.0000000000
80321  -59.458  -5.881  61.089 0.0000000000
80330  -59.926  -5.266  60.509 0.0000000000
79405  -60.746  -6.247  60.468 0.0000000000
80331  -60.465  -5.385  60.297 0.0000000000
58035  -48.101  -26.842  71.599 0.0000000000
58957  -48.366  -26.328  72.271 0.0000000000
64187  -48.344  -22.014  73.709 0.0000000000
63234  -48.854  -22.658  73.786 0.0000000000
154432  -48.687  -22.184  73.634 0.0000000000
64188  -48.727  -21.654  73.193 0.0000000000
65178  -48.329  -21.448  73.125 0.0000000000
43621  -21.447  -41.330  86.857 0.0000000000
43622  -22.279  -41.274  86.408 0.0000000000
43634  -26.012  -40.566  85.179 0.0000000000
43633  -25.264  -40.839  85.367 0.0000000000
46867  -30.976  -38.628  84.056 0.0000000000
46866  -30.154  -38.638  84.252 0.0000000000
45879  -30.617  -39.377  84.203 0.0000000000
44770  -30.165  -40.209  84.109 0.0000000000
46901  -35.131  -39.091  82.073 0.0000000000
44784  -35.082  -40.409  82.306 0.0000000000
45898  -35.420  -39.839  82.060 0.0000000000
43677  -35.867  -40.820  81.648 0.0000000000
45899  -35.851  -40.054  81.673 0.0000000000
149398  -38.885  -36.851  79.779 0.0000000000
46936  -38.984  -37.763  79.346 0.0000000000
47870  -39.453  -37.260  79.582 0.0000000000
48779  -39.511  -36.497  79.962 0.0000000000
53957  -40.305  -31.671  81.052 0.0000000000
52754  -40.577  -32.529  80.624 0.0000000000
52763  -40.818  -32.404  79.972 0.0000000000
52764  -41.259  -31.795  79.460 0.0000000000
57959  -39.343  -28.486  76.890 0.0000000000
57969  -39.827  -27.987  76.321 0.0000000000
57026  -44.587  -28.236  78.178 0.0000000000
57019  -44.010  -28.466  78.522 0.0000000000
56070  -44.733  -28.803  77.759 0.0000000000
134850  -44.430  -29.392  77.403 0.0000000000
56080  -44.955  -29.053  77.019 0.0000000000
55111  -45.201  -29.336  76.284 0.0000000000
58004  -47.373  -27.333  73.314 0.0000000000
57072  -47.197  -28.029  72.736 0.0000000000
57081  -47.559  -27.821  71.769 0.0000000000
44744  -21.390  -40.611  86.644 0.0000000000
45830  -20.829  -40.344  86.503 0.0000000000
151477  -21.265  -40.965  87.037 0.0000000000
135663  -51.001  -26.759  70.651 0.0000000000
58055  -51.428  -27.475  70.413 0.0000000000
58036  -51.741  -26.875  70.377 0.0000000000
60091  -54.209  -25.075  67.269 0.0000000000
59035  -53.842  -25.742  67.224 0.0000000000
158187  -54.374  -24.765  66.500 0.0000000000
68393  -54.278  -18.931  66.871 0.0000000000
68376  -54.028  -19.123  67.399 0.0000000000
67364  -54.583  -19.203  66.869 0.0000000000
150768  -52.885  -8.879  61.992 0.0000000000
73257  -55.981  -12.114  64.157 0.0000000000
150850  -55.884  -13.711  64.440 0.0000000000
59997  -47.770  -25.513  74.700 0.0000000000
61066  -47.617  -24.907  75.085 0.0000000000
62206  -46.726  -23.614  74.539 0.0000000000
62194  -47.577  -23.833  74.989 0.0000000000
63222  -47.423  -23.273  74.715 0.0000000000
133756  -47.303  -22.793  74.137 0.0000000000
63242  -46.685  -23.046  73.696 0.0000000000
137717  -21.856  -39.883  85.623 0.0000000000
46847  -24.794  -39.265  85.212 0.0000000000
51733  -36.762  -33.599  78.304 0.0000000000
50770  -37.001  -34.130  78.986 0.0000000000
50771  -37.703  -34.520  79.430 0.0000000000
50753  -38.061  -34.037  80.210 0.0000000000
51717  -37.473  -33.627  79.641 0.0000000000
53964  -37.457  -31.493  80.131 0.0000000000
52761  -37.827  -32.273  80.375 0.0000000000
155596  -37.806  -31.002  80.395 0.0000000000
53955  -38.998  -31.399  81.206 0.0000000000
55086  -37.944  -30.453  80.256 0.0000000000
58938  -41.958  -27.440  75.012 0.0000000000
58932  -42.073  -27.470  75.967 0.0000000000
149028  -42.833  -27.123  76.208 0.0000000000
59968  -44.891  -26.270  76.831 0.0000000000
58920  -44.452  -26.780  77.292 0.0000000000
59957  -44.943  -26.597  77.305 0.0000000000
58911  -44.824  -26.914  77.674 0.0000000000
58912  -45.304  -26.959  77.435 0.0000000000
57963  -45.752  -27.153  77.044 0.0000000000
58921  -45.927  -26.736  76.817 0.0000000000
59976  -46.851  -26.061  76.035 0.0000000000
58928  -46.784  -26.242  75.664 0.0000000000
58935  -47.254  -25.924  75.162 0.0000000000
58941  -47.257  -26.278  74.727 0.0000000000
45877  -21.136  -39.672  84.441 0.0000000000
45859  -21.089  -39.873  85.316 0.0000000000
62244  -51.764  -22.792  70.826 0.0000000000
62245  -52.328  -23.267  70.226 0.0000000000
63281  -52.768  -21.896  69.567 0.0000000000
62257  -52.832  -23.313  69.431 0.0000000000
158603  -53.255  -23.240  68.836 0.0000000000
62269  -53.608  -23.466  68.279 0.0000000000
148405  -53.488  -22.707  68.535 0.0000000000
67396  -55.967  -19.054  65.052 0.0000000000
67397  -56.123  -19.398  65.145 0.0000000000
67416  -57.572  -19.279  63.534 0.0000000000
67399  -57.127  -19.692  64.302 0.0000000000
66335  -57.683  -19.806  63.872 0.0000000000
65262  -58.112  -20.511  63.534 0.0000000000
141414  -58.423  -20.006  62.986 0.0000000000
77253  -55.704  -7.951  64.008 0.0000000000
77244  -56.145  -8.682  64.345 0.0000000000
74244  -56.320  -11.385  63.759 0.0000000000
66368  -53.515  -19.281  62.741 0.0000000000
66369  -54.225  -18.981  62.779 0.0000000000
67442  -55.582  -18.306  62.850 0.0000000000
149751  -54.407  -18.404  62.497 0.0000000000
79402  -56.576  -6.727  60.625 0.0000000000
79392  -55.820  -6.776  61.362 0.0000000000
79391  -54.879  -6.945  61.126 0.0000000000
79381  -56.054  -6.711  62.237 0.0000000000
78324  -55.439  -6.965  62.707 0.0000000000
79382  -56.954  -6.574  62.473 0.0000000000
79385  -58.845  -6.867  62.213 0.0000000000
79372  -58.346  -7.224  62.723 0.0000000000
77267  -59.377  -8.110  62.417 0.0000000000
159797  -59.144  -8.663  62.546 0.0000000000
76215  -59.640  -8.839  62.003 0.0000000000
76225  -59.962  -9.377  61.393 0.0000000000
148165  -60.263  -8.690  61.369 0.0000000000
78357  -61.522  -7.396  59.257 0.0000000000
81351  -61.505  -4.087  58.226 0.0000000000
80348  -61.545  -4.879  58.611 0.0000000000
143484  -61.735  -4.803  57.816 0.0000000000
79449  -61.704  -6.488  55.577 0.0000000000
159377  -47.768  -29.889  67.905 0.0000000000
55188  -48.962  -30.069  68.692 0.0000000000
56165  -48.078  -28.742  68.225 0.0000000000
59003  -48.666  -26.336  69.536 0.0000000000
151371  -49.026  -26.820  69.213 0.0000000000
59004  -49.477  -26.161  69.657 0.0000000000
60052  -49.638  -25.456  69.987 0.0000000000
60009  -49.112  -25.096  73.383 0.0000000000
61120  -50.066  -23.574  72.331 0.0000000000
61133  -50.307  -23.821  71.411 0.0000000000
154359  -50.573  -23.094  71.661 0.0000000000
62218  -50.253  -22.538  72.091 0.0000000000
66244  -49.413  -21.158  71.866 0.0000000000
65181  -49.816  -21.761  71.936 0.0000000000
41483  -20.392  -42.923  84.610 0.0000000000
41469  -20.942  -42.884  85.188 0.0000000000
41471  -22.562  -42.666  84.892 0.0000000000
43632  -24.088  -41.255  85.856 0.0000000000
42586  -26.550  -41.861  82.551 0.0000000000
42587  -27.244  -41.677  82.733 0.0000000000
42600  -27.069  -41.591  82.022 0.0000000000
42601  -27.918  -41.468  82.160 0.0000000000
46862  -25.898  -38.584  84.364 0.0000000000
154019  -28.121  -40.495  84.550 0.0000000000
43642  -28.779  -40.598  84.316 0.0000000000
43658  -29.589  -41.194  83.174 0.0000000000
132016  -28.754  -41.320  81.797 0.0000000000
43683  -29.423  -41.248  81.340 0.0000000000
133911  -30.911  -41.255  81.851 0.0000000000
43685  -31.654  -41.340  81.571 0.0000000000
43702  -31.814  -41.410  80.675 0.0000000000
43703  -32.495  -41.594  81.211 0.0000000000
43675  -34.595  -41.029  82.277 0.0000000000
43674  -33.694  -41.190  82.313 0.0000000000
43687  -34.252  -41.554  81.676 0.0000000000
42602  -33.206  -42.014  80.876 0.0000000000
42603  -33.997  -42.044  81.084 0.0000000000
42606  -36.080  -41.388  80.776 0.0000000000
42625  -36.211  -41.807  80.273 0.0000000000
155220  -36.624  -41.936  79.652 0.0000000000
132357  -36.683  -42.132  79.011 0.0000000000
42626  -36.834  -41.529  79.764 0.0000000000
46934  -37.136  -39.007  79.218 0.0000000000
46923  -36.457  -39.237  80.078 0.0000000000
45913  -36.691  -39.631  80.296 0.0000000000
45914  -37.479  -39.783  79.753 0.0000000000
45916  -39.005  -39.052  79.030 0.0000000000
44797  -38.369  -39.972  79.287 0.0000000000
44800  -38.213  -40.498  79.228 0.0000000000
47889  -40.284  -37.430  78.875 0.0000000000
45923  -40.031  -38.953  78.387 0.0000000000
45924  -40.352  -38.150  78.388 0.0000000000
50755  -39.536  -34.990  80.528 0.0000000000
49753  -39.815  -35.589  80.218 0.0000000000
49743  -40.058  -34.768  80.492 0.0000000000
56079  -36.850  -29.742  77.338 0.0000000000
132281  -37.143  -29.331  77.004 0.0000000000
57025  -39.102  -28.939  78.843 0.0000000000
57024  -38.299  -29.001  78.098 0.0000000000
57016  -39.591  -28.969  79.865 0.0000000000
57003  -38.995  -29.473  80.359 0.0000000000
151203  -40.215  -28.999  80.267 0.0000000000
58907  -42.392  -27.692  77.886 0.0000000000
57952  -41.664  -28.145  78.163 0.0000000000
58898  -42.331  -27.887  78.454 0.0000000000
149000  -42.467  -29.049  79.372 0.0000000000
57007  -42.006  -28.587  79.478 0.0000000000
56045  -42.007  -29.427  79.573 0.0000000000
56044  -41.492  -29.468  79.952 0.0000000000
55081  -42.188  -29.870  79.411 0.0000000000
55088  -41.704  -30.419  79.573 0.0000000000
55089  -42.374  -30.293  78.942 0.0000000000
53988  -43.605  -30.372  77.287 0.0000000000
53982  -43.163  -30.383  77.819 0.0000000000
54006  -45.409  -30.301  74.769 0.0000000000
57051  -46.433  -28.243  75.078 0.0000000000
138879  -46.262  -28.902  75.023 0.0000000000
56100  -46.410  -28.712  74.611 0.0000000000
56120  -46.689  -28.867  72.738 0.0000000000
56113  -46.415  -29.159  73.265 0.0000000000
55147  -46.256  -29.597  72.605 0.0000000000
54054  -45.904  -30.217  72.004 0.0000000000
55153  -46.346  -29.841  71.728 0.0000000000
55152  -46.033  -30.358  71.155 0.0000000000
152334  -46.569  -29.677  70.953 0.0000000000
56149  -46.798  -28.734  68.847 0.0000000000
56134  -46.359  -29.612  69.580 0.0000000000
55186  -47.160  -30.307  67.831 0.0000000000
42547  -20.497  -42.356  86.495 0.0000000000
42537  -20.012  -42.263  86.944 0.0000000000
146065  -19.843  -42.874  85.940 0.0000000000
145994  -52.598  -26.435  69.680 0.0000000000
58057  -52.468  -27.146  69.752 0.0000000000
58058  -52.988  -26.783  69.211 0.0000000000
68359  -52.336  -19.550  68.623 0.0000000000
67332  -52.690  -20.031  69.400 0.0000000000
65221  -54.395  -20.633  67.832 0.0000000000
64228  -54.157  -21.315  67.999 0.0000000000
138690  -54.473  -22.013  67.514 0.0000000000
159075  -54.134  -22.463  67.719 0.0000000000
63302  -54.899  -22.436  66.874 0.0000000000
66294  -56.196  -20.247  65.985 0.0000000000
65235  -56.588  -20.799  65.803 0.0000000000
155044  -56.152  -22.447  65.492 0.0000000000
61208  -55.728  -22.997  65.399 0.0000000000
62307  -55.527  -23.122  65.938 0.0000000000
61226  -55.387  -23.353  65.499 0.0000000000
144895  -54.191  -16.728  62.956 0.0000000000
69431  -53.803  -15.852  63.426 0.0000000000
76199  -54.452  -9.360  63.983 0.0000000000
76198  -53.601  -9.810  63.407 0.0000000000
73264  -54.094  -12.168  64.461 0.0000000000
74242  -53.380  -11.657  63.726 0.0000000000
73263  -53.161  -12.596  63.791 0.0000000000
73274  -52.448  -12.669  62.872 0.0000000000
72359  -52.731  -13.393  63.440 0.0000000000
72360  -53.346  -13.493  64.092 0.0000000000
71373  -55.803  -14.508  64.415 0.0000000000
70359  -55.307  -14.990  64.413 0.0000000000
70360  -56.164  -15.288  64.092 0.0000000000
70375  -55.499  -15.846  63.939 0.0000000000
69422  -57.098  -15.702  63.427 0.0000000000
70377  -57.212  -15.271  63.308 0.0000000000
143734  -47.024  -25.202  75.573 0.0000000000
62183  -47.065  -24.587  75.384 0.0000000000
52786  -36.681  -32.707  78.506 0.0000000000
52772  -36.923  -32.357  79.226 0.0000000000
52771  -36.669  -31.993  78.679 0.0000000000
55097  -36.766  -30.956  78.583 0.0000000000
55098  -37.063  -30.604  79.131 0.0000000000
146929  -43.498  -26.695  75.040 0.0000000000
58934  -43.665  -26.798  75.969 0.0000000000
59973  -44.514  -26.188  75.980 0.0000000000
59967  -44.841  -26.233  76.526 0.0000000000
149268  -45.523  -26.116  76.607 0.0000000000
59969  -45.899  -26.176  76.555 0.0000000000
61052  -46.069  -25.721  76.238 0.0000000000
61065  -46.493  -25.258  75.812 0.0000000000
64208  -51.297  -21.733  70.945 0.0000000000
63272  -52.050  -22.341  70.516 0.0000000000
64214  -51.799  -21.749  70.622 0.0000000000
64221  -52.444  -21.312  69.834 0.0000000000
67414  -56.694  -19.212  64.319 0.0000000000
66353  -58.101  -19.277  63.248 0.0000000000
66354  -58.478  -19.385  62.888 0.0000000000
67429  -58.002  -18.455  62.874 0.0000000000
67430  -58.481  -18.129  62.486 0.0000000000
68443  -58.683  -17.412  62.135 0.0000000000
76191  -57.725  -8.993  63.659 0.0000000000
76190  -57.262  -9.308  63.970 0.0000000000
76201  -57.617  -9.399  63.535 0.0000000000
75188  -57.387  -10.076  62.935 0.0000000000
80327  -58.128  -6.013  60.654 0.0000000000
79403  -57.477  -6.273  61.196 0.0000000000
79394  -57.591  -6.280  61.982 0.0000000000
79395  -58.250  -6.299  61.937 0.0000000000
80313  -58.809  -6.330  61.739 0.0000000000
78337  -60.024  -7.166  61.565 0.0000000000
78346  -60.597  -7.191  60.921 0.0000000000
79413  -61.327  -6.516  59.609 0.0000000000
79414  -61.647  -6.720  58.923 0.0000000000
81368  -61.834  -4.159  56.599 0.0000000000
80362  -61.783  -4.891  56.953 0.0000000000
81369  -61.924  -4.317  55.753 0.0000000000
80383  -61.972  -5.043  55.379 0.0000000000
155971  -61.669  -7.054  54.592 0.0000000000
57102  -47.175  -27.907  69.498 0.0000000000
58071  -47.730  -27.333  69.212 0.0000000000
58053  -47.566  -27.170  69.902 0.0000000000
58984  -48.374  -26.072  69.968 0.0000000000
60035  -48.705  -25.508  70.613 0.0000000000
63224  -48.587  -23.200  74.261 0.0000000000
62207  -49.111  -23.581  73.964 0.0000000000
137009  -49.018  -23.124  73.909 0.0000000000
62208  -49.428  -23.024  73.451 0.0000000000
62217  -49.773  -22.812  72.824 0.0000000000
63245  -49.960  -22.400  72.277 0.0000000000
64190  -49.404  -22.061  72.691 0.0000000000
65179  -49.031  -21.321  72.592 0.0000000000
66243  -49.039  -21.049  72.172 0.0000000000
42548  -21.158  -42.240  86.289 0.0000000000
41453  -21.409  -42.560  85.652 0.0000000000
42549  -21.859  -42.176  86.092 0.0000000000
42558  -22.218  -42.406  85.556 0.0000000000
42559  -23.023  -42.212  85.465 0.0000000000
150806  -29.490  -40.673  84.096 0.0000000000
43651  -30.003  -40.883  83.742 0.0000000000
43659  -30.638  -41.080  83.188 0.0000000000
43671  -30.384  -41.219  82.466 0.0000000000
43660  -31.546  -40.997  83.178 0.0000000000
139955  -32.137  -41.129  82.702 0.0000000000
43688  -35.089  -41.418  81.562 0.0000000000
43689  -35.753  -41.196  81.350 0.0000000000
43690  -36.294  -40.858  81.029 0.0000000000
48798  -37.838  -36.580  78.628 0.0000000000
47900  -37.434  -37.582  78.201 0.0000000000
149404  -37.968  -37.172  78.934 0.0000000000
46935  -38.263  -38.519  79.048 0.0000000000
47888  -40.069  -37.834  79.020 0.0000000000
47872  -40.047  -37.125  79.404 0.0000000000
51690  -39.832  -33.261  81.077 0.0000000000
50736  -40.336  -34.057  80.652 0.0000000000
51692  -40.518  -33.391  80.661 0.0000000000
50757  -41.128  -33.828  79.634 0.0000000000
52774  -41.528  -32.319  78.870 0.0000000000
52775  -41.963  -31.731  78.423 0.0000000000
57967  -38.273  -28.403  75.727 0.0000000000
57041  -37.795  -28.928  76.484 0.0000000000
57042  -38.564  -28.584  76.456 0.0000000000
57949  -39.216  -28.809  77.829 0.0000000000
57950  -39.875  -28.662  78.396 0.0000000000
58899  -43.163  -27.619  78.455 0.0000000000
57942  -42.656  -27.981  78.784 0.0000000000
147894  -43.572  -28.228  78.713 0.0000000000
57018  -43.520  -28.714  78.750 0.0000000000
56054  -43.171  -29.196  78.876 0.0000000000
55100  -43.166  -29.709  78.506 0.0000000000
56069  -43.915  -29.346  77.963 0.0000000000
55106  -43.883  -29.874  77.408 0.0000000000
148516  -44.296  -30.041  76.695 0.0000000000
55117  -44.890  -29.814  76.072 0.0000000000
53995  -45.246  -30.068  75.395 0.0000000000
55126  -45.699  -29.815  74.978 0.0000000000
57059  -46.643  -27.737  74.321 0.0000000000
56106  -46.548  -28.458  74.118 0.0000000000
57067  -46.763  -27.849  73.730 0.0000000000
149577  -47.072  -28.746  71.311 0.0000000000
57091  -47.279  -27.893  70.573 0.0000000000
157937  -19.705  -39.930  85.910 0.0000000000
45829  -20.032  -40.261  86.710 0.0000000000
44743  -19.819  -40.857  87.468 0.0000000000
59007  -53.552  -25.842  68.321 0.0000000000
58076  -53.324  -26.669  68.507 0.0000000000
58077  -53.504  -26.362  68.129 0.0000000000
68374  -53.270  -19.223  67.783 0.0000000000
67341  -53.601  -19.660  68.280 0.0000000000
67351  -53.793  -19.340  67.850 0.0000000000
66283  -54.614  -19.990  67.539 0.0000000000
65222  -54.970  -20.618  67.301 0.0000000000
63323  -57.222  -21.410  65.123 0.0000000000
64250  -56.801  -21.243  65.617 0.0000000000
74236  -55.091  -10.797  64.584 0.0000000000
74235  -54.974  -11.617  64.661 0.0000000000
150918  -54.441  -12.879  64.717 0.0000000000
72361  -54.241  -13.672  64.628 0.0000000000
72350  -55.166  -13.256  64.776 0.0000000000
71374  -56.346  -14.522  64.073 0.0000000000
81334  -59.893  -4.560  59.504 0.0000000000
81335  -60.287  -4.391  59.520 0.0000000000
81349  -60.208  -4.003  58.958 0.0000000000
82402  -60.668  -3.565  58.373 0.0000000000
82404  -61.441  -3.400  57.734 0.0000000000
83532  -61.110  -2.528  57.063 0.0000000000
83533  -61.360  -2.822  57.149 0.0000000000
83538  -61.581  -2.768  56.437 0.0000000000
148987  -48.119  -26.536  73.133 0.0000000000
58950  -48.360  -25.807  73.636 0.0000000000
59998  -48.558  -25.103  74.240 0.0000000000
61083  -48.729  -24.300  74.458 0.0000000000
61081  -47.649  -24.419  75.084 0.0000000000
61082  -48.226  -24.307  74.768 0.0000000000
62196  -48.664  -23.701  74.393 0.0000000000
63232  -47.899  -22.624  74.206 0.0000000000
63243  -47.713  -22.030  73.631 0.0000000000
44752  -22.090  -40.438  86.289 0.0000000000
45843  -22.779  -40.068  86.026 0.0000000000
45845  -24.407  -40.211  85.798 0.0000000000
45862  -24.834  -39.782  85.517 0.0000000000
46913  -35.337  -38.830  81.283 0.0000000000
49764  -37.917  -35.572  79.203 0.0000000000
49765  -38.529  -35.733  79.883 0.0000000000
49752  -39.211  -35.776  80.222 0.0000000000
50754  -38.895  -34.373  80.654 0.0000000000
51702  -38.592  -33.483  80.719 0.0000000000
52773  -37.303  -32.770  79.796 0.0000000000
52762  -38.385  -32.791  80.758 0.0000000000
52752  -39.136  -32.846  81.126 0.0000000000
132884  -39.338  -32.089  81.240 0.0000000000
53956  -39.819  -31.618  81.221 0.0000000000
53949  -40.234  -31.069  81.110 0.0000000000
150607  -40.825  -27.797  75.699 0.0000000000
57970  -40.577  -27.953  76.620 0.0000000000
57971  -41.178  -27.804  76.163 0.0000000000
58917  -42.359  -27.608  77.314 0.0000000000
58918  -42.785  -27.350  77.472 0.0000000000
58926  -43.277  -27.103  76.814 0.0000000000
58919  -43.600  -27.132  77.492 0.0000000000
58909  -43.750  -27.286  78.016 0.0000000000
58901  -44.246  -27.338  78.154 0.0000000000
57953  -44.809  -27.484  77.905 0.0000000000
57027  -45.159  -28.080  77.724 0.0000000000
56081  -45.557  -28.649  76.568 0.0000000000
57036  -45.658  -27.916  77.066 0.0000000000
57043  -46.223  -27.903  75.760 0.0000000000
57044  -46.500  -27.523  75.280 0.0000000000
58927  -46.421  -26.554  76.228 0.0000000000
57972  -46.484  -27.069  75.772 0.0000000000
57052  -46.589  -27.601  74.828 0.0000000000
57982  -46.784  -27.010  74.563 0.0000000000
146504  -47.266  -26.573  74.309 0.0000000000
45858  -20.290  -39.908  85.383 0.0000000000
45842  -21.451  -40.080  86.182 0.0000000000
140977  -51.458  -24.967  70.655 0.0000000000
58972  -51.728  -26.054  70.459 0.0000000000
60039  -52.061  -25.129  70.433 0.0000000000
60040  -52.548  -25.066  69.909 0.0000000000
58987  -52.794  -25.741  69.527 0.0000000000
61149  -52.725  -24.174  69.665 0.0000000000
60054  -53.081  -24.983  69.266 0.0000000000
143916  -53.511  -24.976  68.540 0.0000000000
61164  -53.766  -24.221  68.072 0.0000000000
61179  -54.267  -24.130  67.484 0.0000000000
67365  -55.197  -19.333  66.272 0.0000000000
67378  -55.350  -19.139  65.808 0.0000000000
66305  -56.244  -19.847  65.533 0.0000000000
65245  -56.824  -20.331  65.341 0.0000000000
67398  -56.662  -19.541  64.683 0.0000000000
66317  -57.285  -20.120  64.619 0.0000000000
65246  -57.384  -20.744  64.889 0.0000000000
64259  -57.706  -21.138  64.517 0.0000000000
77266  -54.037  -8.037  62.897 0.0000000000
77265  -53.437  -8.523  62.404 0.0000000000
77252  -54.675  -8.435  63.650 0.0000000000
76200  -55.382  -8.957  64.297 0.0000000000
75177  -55.244  -9.906  64.480 0.0000000000
76189  -56.712  -8.980  64.273 0.0000000000
75169  -55.887  -10.440  64.539 0.0000000000
74237  -55.965  -11.267  64.371 0.0000000000
59996  -44.747  -25.655  74.139 0.0000000000
60008  -44.604  -25.661  73.241 0.0000000000
134775  -40.130  -27.790  74.585 0.0000000000
58939  -42.696  -27.025  74.596 0.0000000000
59983  -44.127  -26.178  74.621 0.0000000000
68357  -50.707  -19.529  68.757 0.0000000000
68352  -51.088  -19.654  69.159 0.0000000000
68371  -50.881  -19.373  68.156 0.0000000000
68372  -51.840  -19.347  67.967 0.0000000000
68405  -53.187  -18.649  66.797 0.0000000000
68406  -53.950  -18.684  66.739 0.0000000000
145683  -54.390  -18.527  66.070 0.0000000000
154411  -54.706  -18.757  65.355 0.0000000000
67395  -55.311  -18.971  64.538 0.0000000000
67412  -54.575  -19.158  63.772 0.0000000000
146489  -56.114  -18.490  63.280 0.0000000000
68459  -56.330  -18.053  62.936 0.0000000000
69446  -55.683  -17.717  62.762 0.0000000000
154885  -54.197  -7.321  60.944 0.0000000000
78335  -54.322  -7.277  61.744 0.0000000000
132466  -54.785  -7.166  62.401 0.0000000000
133120  -55.751  -7.295  63.338 0.0000000000
78314  -57.301  -7.474  63.532 0.0000000000
79383  -57.686  -6.596  62.446 0.0000000000
78315  -57.911  -7.612  63.256 0.0000000000
77254  -57.516  -7.997  63.740 0.0000000000
76203  -58.673  -8.873  62.877 0.0000000000
76214  -59.060  -9.193  62.334 0.0000000000
75204  -59.237  -9.827  61.237 0.0000000000
77284  -60.824  -8.306  60.594 0.0000000000
80347  -61.198  -4.973  59.329 0.0000000000
146281  -61.563  -5.821  58.979 0.0000000000
79422  -61.754  -6.503  58.234 0.0000000000
158050  -61.759  -5.505  57.315 0.0000000000
79430  -61.742  -6.290  57.344 0.0000000000
57116  -48.667  -28.124  68.713 0.0000000000
58073  -49.350  -27.577  69.201 0.0000000000
58074  -50.166  -27.755  69.913 0.0000000000
59005  -50.379  -26.848  70.059 0.0000000000
58985  -50.331  -25.880  70.134 0.0000000000
60019  -48.763  -25.520  71.723 0.0000000000
60036  -49.247  -24.880  71.184 0.0000000000
61105  -49.577  -24.234  72.888 0.0000000000
141851  -49.400  -25.140  70.437 0.0000000000
61132  -49.860  -24.477  70.921 0.0000000000
60037  -50.681  -24.512  70.806 0.0000000000
62243  -51.446  -23.290  71.045 0.0000000000
64207  -50.731  -22.164  71.416 0.0000000000
63258  -51.045  -22.013  71.281 0.0000000000
67320  -50.803  -20.382  70.295 0.0000000000
61104  -45.638  -24.476  73.734 0.0000000000
62242  -45.891  -23.555  72.187 0.0000000000
63255  -46.204  -23.257  73.022 0.0000000000
139665  -46.781  -22.666  72.985 0.0000000000
64194  -47.216  -22.007  73.014 0.0000000000
64205  -47.472  -21.694  72.320 0.0000000000
65190  -48.144  -21.244  72.294 0.0000000000
67339  -49.841  -19.560  69.070 0.0000000000
134068  -19.785  -42.932  83.989 0.0000000000
133548  -20.616  -42.979  83.846 0.0000000000
43623  -23.245  -41.299  86.108 0.0000000000
42551  -23.574  -41.778  85.831 0.0000000000
46848  -25.682  -38.954  84.997 0.0000000000
157309  -26.077  -39.097  85.084 0.0000000000
44760  -26.862  -40.449  85.040 0.0000000000
42578  -27.673  -41.332  83.739 0.0000000000
42588  -27.915  -41.489  83.039 0.0000000000
43661  -32.430  -40.855  83.128 0.0000000000
43673  -32.865  -41.186  82.498 0.0000000000
43686  -33.281  -41.577  81.673 0.0000000000
42624  -35.401  -42.072  80.361 0.0000000000
42642  -35.913  -42.215  79.512 0.0000000000
47856  -35.000  -38.143  80.945 0.0000000000
47885  -36.617  -38.584  78.506 0.0000000000
45906  -36.255  -39.900  81.035 0.0000000000
44791  -36.516  -40.386  80.883 0.0000000000
43691  -36.935  -40.554  80.301 0.0000000000
44795  -37.600  -40.180  79.834 0.0000000000
43705  -37.189  -41.003  79.769 0.0000000000
43706  -37.743  -40.871  79.474 0.0000000000
48780  -40.112  -36.174  79.890 0.0000000000
48781  -40.540  -36.038  79.640 0.0000000000
49744  -40.448  -34.524  80.308 0.0000000000
49755  -40.920  -35.332  79.516 0.0000000000
47890  -40.724  -36.683  78.627 0.0000000000
56078  -36.511  -30.078  76.990 0.0000000000
56067  -37.059  -29.804  78.120 0.0000000000
56058  -37.223  -30.047  78.924 0.0000000000
57034  -37.643  -29.084  77.475 0.0000000000
56068  -37.567  -29.638  78.631 0.0000000000
56059  -37.868  -29.729  79.240 0.0000000000
55087  -38.621  -30.109  80.723 0.0000000000
56041  -39.544  -29.816  80.989 0.0000000000
55078  -40.585  -30.492  80.942 0.0000000000
57961  -40.829  -28.105  77.480 0.0000000000
57951  -40.716  -28.353  78.504 0.0000000000
57940  -40.961  -28.419  79.379 0.0000000000
57932  -41.770  -28.062  79.282 0.0000000000
57931  -41.389  -28.085  79.248 0.0000000000
57017  -40.529  -28.744  79.803 0.0000000000
149231  -40.882  -29.458  80.527 0.0000000000
147018  -40.952  -29.997  80.670 0.0000000000
53959  -40.887  -30.919  80.450 0.0000000000
53965  -41.214  -31.004  79.818 0.0000000000
53966  -41.674  -30.944  79.155 0.0000000000
53981  -42.506  -31.001  78.158 0.0000000000
53973  -42.786  -30.360  78.310 0.0000000000
56092  -45.669  -29.004  75.821 0.0000000000
55119  -45.903  -29.276  75.236 0.0000000000
56105  -46.400  -29.084  73.830 0.0000000000
55135  -46.083  -29.556  74.088 0.0000000000
54018  -45.732  -30.038  73.718 0.0000000000
54072  -46.006  -31.199  69.241 0.0000000000
55171  -46.209  -30.356  69.155 0.0000000000
41482  -19.559  -42.821  84.784 0.0000000000
58056  -51.995  -27.414  70.154 0.0000000000
140713  -52.298  -19.820  69.519 0.0000000000
65209  -52.665  -20.716  69.551 0.0000000000
64222  -53.064  -21.228  69.201 0.0000000000
66278  -53.432  -20.115  68.695 0.0000000000
64227  -53.599  -21.353  68.596 0.0000000000
147727  -53.878  -22.868  67.917 0.0000000000
62282  -54.463  -23.555  67.241 0.0000000000
61180  -54.684  -23.837  66.880 0.0000000000
66292  -55.082  -19.660  66.872 0.0000000000
65226  -55.541  -20.679  66.860 0.0000000000
64239  -55.705  -21.313  66.565 0.0000000000
159445  -55.961  -21.753  66.087 0.0000000000
63312  -55.494  -22.060  66.464 0.0000000000
134495  -55.364  -22.745  66.402 0.0000000000
61192  -54.949  -23.717  66.338 0.0000000000
60104  -54.673  -24.210  66.400 0.0000000000
68457  -54.045  -17.602  62.427 0.0000000000
69445  -54.943  -17.287  62.783 0.0000000000
69433  -55.770  -16.790  63.184 0.0000000000
76211  -53.161  -9.334  62.586 0.0000000000
141597  -52.812  -10.326  62.623 0.0000000000
75186  -52.282  -11.151  62.148 0.0000000000
74251  -52.792  -11.284  62.959 0.0000000000
145352  -52.470  -14.125  63.145 0.0000000000
70373  -52.988  -14.982  63.490 0.0000000000
71391  -54.446  -14.621  64.398 0.0000000000
155706  -53.813  -15.080  63.990 0.0000000000
70376  -56.256  -16.103  63.776 0.0000000000
69434  -56.639  -16.742  63.272 0.0000000000
69435  -57.312  -16.322  63.067 0.0000000000
69436  -57.805  -16.566  62.646 0.0000000000
69437  -58.385  -16.682  62.280 0.0000000000
70378  -57.652  -15.381  62.733 0.0000000000
70394  -58.533  -16.151  62.024 0.0000000000
69454  -58.824  -16.987  61.080 0.0000000000
42643  -37.148  -41.730  79.284 0.0000000000
43722  -37.408  -41.312  79.390 0.0000000000
44785  -35.693  -40.493  81.937 0.0000000000
47871  -39.670  -37.499  79.400 0.0000000000
48800  -40.818  -35.955  79.041 0.0000000000
50756  -40.848  -34.612  79.898 0.0000000000
51689  -39.257  -33.646  81.016 0.0000000000
51691  -40.238  -33.574  80.911 0.0000000000
51703  -40.778  -33.176  80.152 0.0000000000
52753  -40.386  -32.244  80.938 0.0000000000
52755  -40.809  -31.696  80.206 0.0000000000
52785  -36.339  -32.170  78.092 0.0000000000
52800  -36.039  -32.245  77.356 0.0000000000
53954  -38.110  -31.496  80.753 0.0000000000
53958  -40.555  -31.687  80.722 0.0000000000
53963  -36.937  -31.436  79.258 0.0000000000
53971  -36.574  -31.473  78.360 0.0000000000
55075  -38.368  -30.810  80.858 0.0000000000
55077  -40.006  -30.477  81.146 0.0000000000
55079  -40.898  -30.433  80.664 0.0000000000
55080  -41.537  -29.979  79.937 0.0000000000
55085  -37.354  -30.805  79.868 0.0000000000
55104  -36.844  -30.439  78.382 0.0000000000
55187  -48.249  -30.469  68.094 0.0000000000
56042  -40.402  -29.836  80.923 0.0000000000
56043  -41.207  -29.507  80.309 0.0000000000
56052  -38.178  -29.816  80.021 0.0000000000
56053  -42.613  -29.310  79.231 0.0000000000
56061  -44.242  -28.785  78.246 0.0000000000
56093  -46.098  -28.654  75.481 0.0000000000
56148  -46.527  -29.785  68.528 0.0000000000
56164  -47.311  -29.254  67.981 0.0000000000
56995  -40.397  -29.339  80.645 0.0000000000
56996  -41.184  -29.160  80.152 0.0000000000
56998  -41.912  -29.112  79.813 0.0000000000
57004  -39.795  -29.314  80.570 0.0000000000
57005  -40.859  -28.964  80.207 0.0000000000
57006  -41.408  -28.678  79.708 0.0000000000
57008  -42.509  -28.570  79.265 0.0000000000
57009  -43.245  -28.839  78.962 0.0000000000
57014  -38.121  -29.241  78.789 0.0000000000
57023  -37.590  -29.319  78.149 0.0000000000
57037  -45.885  -28.039  76.378 0.0000000000
57114  -47.484  -27.999  68.801 0.0000000000
57115  -47.930  -28.136  68.457 0.0000000000
57934  -43.041  -28.162  78.845 0.0000000000
57943  -43.139  -27.802  78.662 0.0000000000
57944  -43.647  -27.721  78.550 0.0000000000
57962  -41.797  -28.023  77.418 0.0000000000
57964  -46.095  -27.330  76.449 0.0000000000
57980  -40.568  -27.804  75.247 0.0000000000
58037  -52.135  -26.677  70.157 0.0000000000
58089  -48.069  -27.567  68.744 0.0000000000
58091  -53.548  -26.402  67.618 0.0000000000
58900  -43.737  -27.460  78.312 0.0000000000
58924  -41.899  -27.777  76.741 0.0000000000
58949  -47.631  -26.550  73.801 0.0000000000
58971  -48.169  -26.288  70.705 0.0000000000
58983  -47.937  -26.593  70.132 0.0000000000
58986  -51.365  -26.634  70.541 0.0000000000
59002  -48.067  -26.696  69.613 0.0000000000
59006  -53.286  -26.245  68.875 0.0000000000
59047  -53.938  -25.606  66.830 0.0000000000
59048  -54.050  -25.184  66.179 0.0000000000
59985  -47.606  -25.319  75.057 0.0000000000
60064  -53.935  -24.942  67.778 0.0000000000
60080  -54.388  -24.478  67.235 0.0000000000
60092  -54.656  -24.157  66.956 0.0000000000
60116  -54.757  -24.120  66.009 0.0000000000
61064  -45.966  -25.402  76.043 0.0000000000
62195  -48.204  -23.764  74.733 0.0000000000
62294  -55.851  -22.112  66.081 0.0000000000
63235  -49.218  -22.671  73.377 0.0000000000
63244  -49.571  -22.561  72.803 0.0000000000
63257  -50.482  -22.184  71.678 0.0000000000
63280  -52.273  -21.836  70.196 0.0000000000
63301  -54.375  -22.889  67.370 0.0000000000
64195  -48.721  -21.199  72.762 0.0000000000
64196  -49.108  -21.696  72.896 0.0000000000
64215  -52.025  -21.390  70.301 0.0000000000
64233  -54.725  -21.210  67.459 0.0000000000
64234  -55.229  -21.088  67.028 0.0000000000
64240  -56.298  -21.272  66.016 0.0000000000
64268  -58.069  -20.899  63.993 0.0000000000
64279  -57.983  -20.815  63.315 0.0000000000
65180  -49.396  -21.547  72.253 0.0000000000
65191  -48.716  -21.066  72.271 0.0000000000
65202  -52.112  -21.107  70.118 0.0000000000
65216  -53.741  -20.696  68.444 0.0000000000
65284  -58.421  -19.800  62.128 0.0000000000
66263  -51.671  -20.314  70.143 0.0000000000
66264  -51.921  -20.526  70.131 0.0000000000
66272  -52.905  -20.181  69.257 0.0000000000
66293  -55.679  -20.183  66.599 0.0000000000
66316  -56.756  -19.811  64.972 0.0000000000
67323  -52.129  -20.069  69.902 0.0000000000
67330  -51.453  -19.969  69.816 0.0000000000
67331  -52.404  -19.693  69.043 0.0000000000
67340  -52.784  -19.699  68.889 0.0000000000
67342  -54.067  -19.619  67.866 0.0000000000
67352  -54.343  -19.401  67.423 0.0000000000
67379  -55.781  -19.495  65.663 0.0000000000
67425  -54.608  -19.049  63.175 0.0000000000
67441  -54.872  -18.638  62.828 0.0000000000
68351  -50.520  -19.718  69.369 0.0000000000
68361  -53.316  -19.497  68.311 0.0000000000
68375  -53.587  -19.301  67.858 0.0000000000
68420  -53.587  -18.438  66.222 0.0000000000
68439  -56.304  -17.400  62.985 0.0000000000
68473  -58.769  -17.620  61.016 0.0000000000
69447  -58.779  -16.792  61.721 0.0000000000
70379  -58.025  -15.975  62.502 0.0000000000
71392  -57.314  -14.784  62.984 0.0000000000
74250  -52.360  -11.881  62.513 0.0000000000
75180  -57.851  -9.631  63.153 0.0000000000
76202  -58.099  -9.149  63.235 0.0000000000
76231  -60.418  -9.445  60.624 0.0000000000
77246  -57.397  -8.617  63.939 0.0000000000
77255  -58.089  -8.405  63.346 0.0000000000
77256  -58.838  -8.248  62.855 0.0000000000
77277  -53.716  -7.826  62.100 0.0000000000
77278  -60.379  -7.869  61.314 0.0000000000
78313  -56.517  -7.370  63.628 0.0000000000
78325  -56.300  -6.857  62.992 0.0000000000
78326  -58.916  -7.567  62.608 0.0000000000
78327  -59.446  -7.329  62.108 0.0000000000
79371  -57.801  -6.985  62.978 0.0000000000
79386  -59.428  -6.499  61.581 0.0000000000
79404  -60.098  -6.413  61.143 0.0000000000
80320  -58.886  -5.989  61.334 0.0000000000
80376  -61.800  -4.988  56.106 0.0000000000
81318  -59.605  -4.992  59.975 0.0000000000
81320  -60.306  -4.851  59.963 0.0000000000
81321  -60.758  -5.036  59.829 0.0000000000
81336  -60.731  -4.519  59.472 0.0000000000
82398  -60.706  -3.975  59.007 0.0000000000
82403  -61.103  -3.673  58.371 0.0000000000
82415  -61.074  -3.000  57.794 0.0000000000
82416  -61.717  -3.345  57.020 0.0000000000
82423  -61.827  -3.557  56.181 0.0000000000
84618  -61.132  -2.104  56.349 0.0000000000
132242  -51.965  -19.827  69.680 0.0000000000
132381  -57.497  -6.526  60.192 0.0000000000
134697  -51.981  -23.557  70.648 0.0000000000
135561  -46.355  -29.072  74.289 0.0000000000
136148  -41.209  -29.932  80.396 0.0000000000
137390  -41.149  -30.329  80.366 0.0000000000
138548  -58.416  -18.784  62.840 0.0000000000
139231  -53.481  -18.886  67.263 0.0000000000
139394  -52.958  -14.066  63.722 0.0000000000
140008  -55.828  -22.755  65.590 0.0000000000
141053  -55.197  -23.294  66.363 0.0000000000
141126  -54.331  -7.556  62.455 0.0000000000
144443  -54.754  -19.062  66.372 0.0000000000
144846  -45.909  -24.877  75.576 0.0000000000
144974  -40.100  -28.147  76.989 0.0000000000
145863  -42.175  -28.041  78.939 0.0000000000
146662  -58.810  -5.742  60.830 0.0000000000
147303  -61.794  -5.639  55.692 0.0000000000
147613  -40.335  -32.908  80.954 0.0000000000
148120  -48.220  -29.568  68.130 0.0000000000
148410  -53.039  -22.598  69.206 0.0000000000
148462  -53.284  -25.690  68.995 0.0000000000
152859  -60.058  -5.760  60.842 0.0000000000
153094  -46.249  -26.285  76.409 0.0000000000
154023  -48.682  -27.373  68.938 0.0000000000
154521  -53.085  -27.117  68.856 0.0000000000
154538  -41.011  -28.530  79.759 0.0000000000
154805  -57.430  -21.642  64.410 0.0000000000
155029  -39.707  -31.041  81.219 0.0000000000
155426  -53.414  -20.934  68.822 0.0000000000
155489  -45.399  -25.854  76.226 0.0000000000
155558  -42.674  -27.810  78.531 0.0000000000
155604  -40.211  -36.560  79.606 0.0000000000
156530  -46.901  -27.894  73.226 0.0000000000
157427  -61.807  -3.174  55.755 0.0000000000
158625  -55.580  -11.228  64.584 0.0000000000
159064  -60.982  -2.796  57.493 0.0000000000
159297  -59.430  -4.940  58.756 0.0000000000
