#!ascii label  , from subject sub-v1s2x0051476_ses-1 vox2ras=TkReg
591
72669  17.735  -13.605  2.273 0.0000000000
78502  26.879  -8.894  1.189 0.0000000000
87866  28.032  1.544  -2.170 0.0000000000
132803  20.164  -1.844  -2.859 0.0000000000
68625  19.429  -18.401  3.347 0.0000000000
140404  22.721  -17.497  1.346 0.0000000000
75653  21.160  -12.053  -1.438 0.0000000000
150197  19.932  -6.630  -3.035 0.0000000000
154546  27.980  -3.740  -0.402 0.0000000000
127654  31.403  -2.403  -8.214 0.0000000000
90361  25.425  4.243  -6.214 0.0000000000
71649  18.273  -15.681  2.939 0.0000000000
69685  20.989  -17.986  2.402 0.0000000000
71673  19.971  -15.521  1.725 0.0000000000
79476  17.864  -6.953  -0.338 0.0000000000
135654  17.288  -3.258  0.016 0.0000000000
85155  25.411  -1.437  -3.281 0.0000000000
83340  24.312  -3.558  -2.106 0.0000000000
85140  27.962  -1.210  -0.993 0.0000000000
83351  31.004  -2.785  -3.279 0.0000000000
87022  30.488  0.350  -4.670 0.0000000000
92000  24.300  6.272  -1.460 0.0000000000
90331  24.514  4.411  -3.201 0.0000000000
92009  24.484  6.456  -5.351 0.0000000000
76616  23.476  -10.580  0.038 0.0000000000
74631  23.662  -13.211  1.433 0.0000000000
75620  26.915  -11.345  1.363 0.0000000000
87012  24.737  0.187  -4.313 0.0000000000
78525  30.288  -8.346  -1.513 0.0000000000
76591  17.266  -10.690  2.127 0.0000000000
74649  19.456  -12.840  0.100 0.0000000000
76633  19.169  -10.292  -0.481 0.0000000000
77561  21.092  -10.000  -2.821 0.0000000000
79486  23.915  -7.911  -1.894 0.0000000000
82386  19.872  -4.091  -2.876 0.0000000000
81376  23.922  -5.732  -2.350 0.0000000000
80407  27.467  -6.482  0.310 0.0000000000
81384  30.835  -5.201  -2.521 0.0000000000
88707  24.602  2.269  -4.723 0.0000000000
89501  26.936  3.408  -4.129 0.0000000000
92031  25.953  7.293  -7.172 0.0000000000
91203  28.864  5.023  -6.123 0.0000000000
88722  30.067  1.980  -5.474 0.0000000000
129163  30.279  0.488  -8.861 0.0000000000
72687  21.285  -14.368  0.954 0.0000000000
73641  17.250  -12.661  3.073 0.0000000000
149860  17.289  -13.706  3.820 0.0000000000
137135  18.071  -14.960  2.737 0.0000000000
71647  19.364  -15.866  2.275 0.0000000000
72668  18.935  -14.284  1.386 0.0000000000
136688  26.473  -0.116  -3.042 0.0000000000
86104  26.711  -1.220  -2.224 0.0000000000
86987  27.963  0.348  -1.477 0.0000000000
86115  29.745  -0.300  -1.864 0.0000000000
87009  29.743  0.836  -2.851 0.0000000000
92874  24.753  7.465  -3.455 0.0000000000
92006  24.655  6.583  -4.011 0.0000000000
92877  24.548  7.405  -4.707 0.0000000000
77510  25.306  -9.151  0.735 0.0000000000
76602  24.666  -10.647  1.128 0.0000000000
151926  27.062  -10.445  1.371 0.0000000000
87000  24.340  -0.485  -3.594 0.0000000000
87013  23.986  0.516  -3.453 0.0000000000
69671  17.890  -17.827  3.948 0.0000000000
67610  18.583  -19.293  3.922 0.0000000000
66614  19.615  -20.442  3.594 0.0000000000
67608  20.253  -19.966  3.176 0.0000000000
69684  21.763  -18.222  1.943 0.0000000000
137960  21.929  -18.964  1.921 0.0000000000
76619  18.044  -10.444  0.843 0.0000000000
78518  17.540  -8.762  0.888 0.0000000000
79489  18.983  -7.124  -1.763 0.0000000000
138027  19.153  -7.919  -1.553 0.0000000000
78555  20.584  -8.315  -3.211 0.0000000000
78539  22.594  -8.843  -2.950 0.0000000000
79499  22.530  -7.946  -3.549 0.0000000000
85146  17.893  -2.011  -1.131 0.0000000000
84242  19.923  -2.522  -2.931 0.0000000000
83316  26.594  -3.742  -1.323 0.0000000000
82382  23.565  -4.736  -2.103 0.0000000000
81373  25.836  -4.975  -1.389 0.0000000000
81361  25.762  -5.688  -1.112 0.0000000000
82342  28.150  -5.160  -0.020 0.0000000000
81343  29.443  -5.946  -0.140 0.0000000000
82357  29.621  -4.487  -0.446 0.0000000000
85188  31.366  -1.990  -5.644 0.0000000000
83366  31.704  -3.514  -5.441 0.0000000000
90353  24.788  4.061  -5.994 0.0000000000
89513  24.607  2.988  -5.174 0.0000000000
89512  24.897  3.228  -5.873 0.0000000000
88715  25.482  2.433  -5.210 0.0000000000
90339  26.620  3.923  -4.836 0.0000000000
89529  29.528  3.607  -6.218 0.0000000000
88738  29.852  2.734  -7.852 0.0000000000
150183  30.344  1.308  -6.923 0.0000000000
74666  20.364  -12.355  -0.862 0.0000000000
73670  20.537  -13.646  0.092 0.0000000000
74648  21.445  -13.006  -0.164 0.0000000000
73647  25.392  -14.168  1.082 0.0000000000
72664  24.129  -15.125  1.404 0.0000000000
70648  17.689  -16.351  3.848 0.0000000000
69687  19.028  -16.974  3.180 0.0000000000
68638  20.350  -18.363  2.827 0.0000000000
70666  19.507  -16.676  2.683 0.0000000000
70690  20.566  -16.336  2.229 0.0000000000
70689  21.405  -16.415  2.246 0.0000000000
81351  17.020  -5.657  0.843 0.0000000000
81363  17.710  -5.448  -0.488 0.0000000000
81377  18.132  -5.133  -1.226 0.0000000000
84239  22.842  -2.620  -2.625 0.0000000000
145519  22.420  -3.298  -2.652 0.0000000000
84236  24.725  -2.897  -2.217 0.0000000000
84224  26.081  -2.523  -2.157 0.0000000000
84214  28.011  -2.526  -0.638 0.0000000000
83325  30.207  -3.193  -1.227 0.0000000000
85138  30.338  -1.837  -1.962 0.0000000000
85182  30.870  -1.117  -4.287 0.0000000000
86145  31.164  -1.254  -6.170 0.0000000000
91170  23.837  5.703  -0.906 0.0000000000
91181  24.585  5.130  -2.710 0.0000000000
91184  24.534  5.666  -4.646 0.0000000000
91207  24.886  5.267  -6.455 0.0000000000
76617  22.721  -11.070  -0.488 0.0000000000
141616  22.200  -12.599  0.220 0.0000000000
149364  23.724  -11.596  0.985 0.0000000000
136609  25.125  -12.252  1.520 0.0000000000
85143  21.762  -1.504  -2.486 0.0000000000
85158  23.598  -1.950  -2.456 0.0000000000
86131  25.257  -0.811  -3.921 0.0000000000
87010  26.089  0.332  -3.904 0.0000000000
67620  21.456  -19.490  2.456 0.0000000000
78512  28.528  -8.540  0.526 0.0000000000
76613  29.087  -10.089  0.026 0.0000000000
74620  17.458  -12.214  2.257 0.0000000000
74633  18.358  -12.986  1.077 0.0000000000
75638  18.131  -11.275  0.922 0.0000000000
75656  19.411  -11.270  -0.441 0.0000000000
76632  19.893  -10.726  -1.115 0.0000000000
78529  18.649  -8.252  -0.792 0.0000000000
77526  19.542  -9.773  -1.249 0.0000000000
76650  20.829  -10.591  -2.306 0.0000000000
77525  22.594  -10.030  -1.737 0.0000000000
77523  24.054  -9.194  -0.629 0.0000000000
78516  25.052  -8.556  0.142 0.0000000000
83330  18.291  -3.395  -1.606 0.0000000000
81390  19.895  -5.554  -2.879 0.0000000000
130721  22.089  -3.913  -2.645 0.0000000000
134393  21.425  -5.221  -2.814 0.0000000000
80447  21.788  -6.505  -3.587 0.0000000000
131090  23.659  -7.170  -2.626 0.0000000000
79472  25.234  -7.243  -0.711 0.0000000000
79458  27.500  -7.267  0.593 0.0000000000
79456  29.159  -7.147  0.169 0.0000000000
80432  30.459  -6.361  -1.643 0.0000000000
83337  31.246  -4.111  -3.414 0.0000000000
87891  24.833  1.573  -4.964 0.0000000000
88706  25.886  1.809  -4.478 0.0000000000
88691  27.663  2.152  -2.812 0.0000000000
92032  24.955  7.163  -7.006 0.0000000000
142310  25.781  5.883  -6.392 0.0000000000
92018  27.760  6.446  -6.592 0.0000000000
91193  27.459  5.175  -5.174 0.0000000000
90349  27.989  4.588  -4.636 0.0000000000
89509  29.104  3.218  -4.351 0.0000000000
87889  29.681  1.793  -3.828 0.0000000000
87899  30.285  1.218  -5.078 0.0000000000
147212  30.565  0.396  -6.482 0.0000000000
87042  30.613  -0.408  -8.415 0.0000000000
72690  19.546  -14.048  0.699 0.0000000000
72667  21.023  -14.918  1.293 0.0000000000
71671  21.620  -15.584  1.996 0.0000000000
73650  22.777  -13.660  1.221 0.0000000000
72665  22.898  -14.654  1.742 0.0000000000
144820  17.499  -12.982  2.513 0.0000000000
135075  17.252  -13.147  3.613 0.0000000000
73634  17.360  -13.491  3.154 0.0000000000
72650  17.627  -14.229  2.851 0.0000000000
72649  18.139  -14.272  2.081 0.0000000000
73652  18.304  -13.595  1.503 0.0000000000
86998  27.608  0.955  -2.015 0.0000000000
86116  27.211  0.171  -2.146 0.0000000000
86997  28.279  0.953  -1.702 0.0000000000
86986  28.906  0.336  -1.529 0.0000000000
87865  28.931  1.151  -2.184 0.0000000000
78503  26.067  -9.019  1.108 0.0000000000
77498  25.782  -9.761  1.233 0.0000000000
77497  26.624  -9.712  1.345 0.0000000000
68626  18.612  -18.541  3.762 0.0000000000
136675  19.199  -19.169  3.580 0.0000000000
67609  19.608  -19.743  3.440 0.0000000000
67622  19.936  -19.195  3.164 0.0000000000
133633  22.008  -17.366  1.969 0.0000000000
68652  22.314  -18.512  1.563 0.0000000000
69703  22.407  -18.089  1.394 0.0000000000
69702  22.938  -18.035  0.962 0.0000000000
77500  17.302  -9.367  1.569 0.0000000000
80436  19.476  -6.877  -2.510 0.0000000000
79488  19.576  -7.640  -2.301 0.0000000000
79501  20.144  -7.394  -3.067 0.0000000000
136282  21.937  -7.941  -3.814 0.0000000000
79500  21.239  -7.488  -3.610 0.0000000000
85163  18.962  -1.618  -2.513 0.0000000000
84241  20.729  -2.527  -3.073 0.0000000000
82369  25.642  -4.180  -1.718 0.0000000000
82360  26.529  -4.521  -1.043 0.0000000000
82359  27.296  -4.804  -0.430 0.0000000000
82358  28.021  -4.368  -0.245 0.0000000000
141501  28.761  -4.621  -0.139 0.0000000000
136262  28.744  -3.945  -0.312 0.0000000000
85200  31.527  -2.275  -6.843 0.0000000000
84262  31.758  -2.926  -6.179 0.0000000000
150658  24.640  3.609  -5.442 0.0000000000
90352  25.119  3.684  -6.250 0.0000000000
90351  25.780  3.577  -5.879 0.0000000000
147654  26.277  4.295  -5.527 0.0000000000
89536  29.639  3.442  -7.933 0.0000000000
89540  29.654  2.970  -8.949 0.0000000000
128764  29.950  2.145  -8.549 0.0000000000
146787  20.835  -12.429  -1.104 0.0000000000
74665  21.065  -12.736  -0.842 0.0000000000
72662  25.593  -14.911  -0.224 0.0000000000
71634  17.714  -15.517  3.528 0.0000000000
70668  18.143  -16.146  3.313 0.0000000000
70647  18.281  -16.889  3.529 0.0000000000
70667  18.764  -16.239  2.883 0.0000000000
71674  19.237  -15.099  1.796 0.0000000000
70691  19.939  -16.300  2.292 0.0000000000
71672  20.752  -15.565  1.758 0.0000000000
83305  17.272  -3.990  0.147 0.0000000000
82349  17.258  -4.956  0.357 0.0000000000
82361  17.669  -4.573  -0.557 0.0000000000
85157  24.480  -1.856  -2.692 0.0000000000
134882  23.867  -2.625  -2.279 0.0000000000
129857  24.961  -2.038  -2.727 0.0000000000
85141  27.265  -1.528  -1.544 0.0000000000
145500  26.621  -1.881  -2.069 0.0000000000
84223  26.982  -2.272  -1.590 0.0000000000
84215  27.399  -2.613  -1.106 0.0000000000
85127  28.455  -1.895  -0.911 0.0000000000
85139  29.330  -1.917  -1.159 0.0000000000
85154  29.756  -1.231  -1.544 0.0000000000
152095  30.236  -0.092  -2.796 0.0000000000
85172  30.646  -1.148  -3.293 0.0000000000
86141  30.565  -0.319  -3.895 0.0000000000
85189  31.088  -1.145  -5.160 0.0000000000
86146  30.763  -0.304  -5.613 0.0000000000
91999  24.593  6.874  -1.928 0.0000000000
91177  24.395  5.337  -1.759 0.0000000000
92003  24.559  6.038  -2.315 0.0000000000
92010  24.519  5.515  -5.890 0.0000000000
75624  23.199  -11.329  0.384 0.0000000000
76603  23.905  -10.912  0.782 0.0000000000
133681  26.087  -11.157  1.510 0.0000000000
75622  25.326  -11.330  1.488 0.0000000000
75621  26.195  -12.137  1.418 0.0000000000
74630  25.796  -13.216  1.308 0.0000000000
85144  20.856  -1.102  -2.358 0.0000000000
85159  22.663  -1.799  -2.502 0.0000000000
86132  24.872  -0.661  -4.082 0.0000000000
87011  25.258  0.019  -4.374 0.0000000000
67621  20.728  -19.421  2.715 0.0000000000
68637  21.227  -18.813  2.311 0.0000000000
152768  22.288  -19.613  3.111 0.0000000000
78526  29.931  -8.244  -0.774 0.0000000000
75612  17.242  -11.418  2.454 0.0000000000
75625  17.570  -11.455  1.710 0.0000000000
74634  18.084  -12.218  1.168 0.0000000000
76618  18.496  -9.934  0.219 0.0000000000
75637  18.680  -10.847  0.190 0.0000000000
78530  18.018  -7.728  -0.214 0.0000000000
77562  20.223  -8.903  -2.728 0.0000000000
77545  19.280  -8.819  -1.397 0.0000000000
77543  20.542  -9.735  -2.550 0.0000000000
76651  20.232  -10.231  -1.857 0.0000000000
76648  21.867  -10.504  -2.221 0.0000000000
77542  21.553  -10.083  -2.695 0.0000000000
78538  23.293  -8.682  -2.042 0.0000000000
77540  22.802  -9.334  -2.104 0.0000000000
78528  23.974  -8.704  -1.257 0.0000000000
78527  24.488  -8.649  -0.503 0.0000000000
79474  24.407  -8.182  -1.110 0.0000000000
84226  18.492  -2.418  -1.912 0.0000000000
84227  17.962  -2.835  -1.183 0.0000000000
150710  19.118  -3.821  -2.600 0.0000000000
83329  18.618  -4.016  -2.124 0.0000000000
82387  19.084  -4.527  -2.548 0.0000000000
84238  23.298  -3.261  -2.270 0.0000000000
83342  21.434  -3.330  -3.012 0.0000000000
131255  22.782  -3.910  -2.203 0.0000000000
81385  24.059  -4.920  -2.173 0.0000000000
81387  22.817  -5.287  -2.420 0.0000000000
81386  23.375  -5.612  -2.502 0.0000000000
81388  22.080  -5.682  -2.963 0.0000000000
80446  22.690  -6.271  -3.266 0.0000000000
80445  23.438  -6.378  -2.883 0.0000000000
80421  26.249  -6.171  -0.419 0.0000000000
80422  25.517  -6.442  -0.928 0.0000000000
80408  26.746  -6.683  0.203 0.0000000000
79459  26.513  -7.483  0.478 0.0000000000
79457  28.489  -7.624  0.516 0.0000000000
80406  28.329  -6.668  0.366 0.0000000000
81372  30.548  -5.477  -1.692 0.0000000000
80444  30.687  -6.147  -2.538 0.0000000000
80462  30.749  -6.979  -3.581 0.0000000000
81399  31.049  -5.899  -3.371 0.0000000000
84234  30.698  -2.549  -2.487 0.0000000000
83324  30.635  -3.488  -1.906 0.0000000000
83338  30.976  -3.420  -2.887 0.0000000000
143769  24.438  3.805  -3.188 0.0000000000
89503  24.467  3.052  -3.921 0.0000000000
148237  24.464  1.631  -4.332 0.0000000000
87882  24.569  0.981  -4.439 0.0000000000
135825  26.395  2.630  -4.306 0.0000000000
88692  26.773  2.107  -3.424 0.0000000000
88705  27.310  2.776  -3.475 0.0000000000
153315  25.473  6.581  -6.784 0.0000000000
132122  24.943  5.974  -6.819 0.0000000000
92019  26.555  6.575  -6.575 0.0000000000
154251  29.047  5.288  -6.933 0.0000000000
91215  28.561  5.824  -6.711 0.0000000000
91204  28.133  5.496  -5.732 0.0000000000
151230  28.093  5.040  -5.116 0.0000000000
90360  28.550  4.735  -5.311 0.0000000000
88723  29.773  2.767  -5.863 0.0000000000
89520  29.392  3.440  -5.276 0.0000000000
88714  29.615  2.615  -4.952 0.0000000000
151998  29.066  2.795  -3.882 0.0000000000
88713  29.921  1.874  -4.625 0.0000000000
87913  30.219  1.339  -8.041 0.0000000000
143780  30.471  0.525  -7.607 0.0000000000
87035  30.681  -0.141  -7.309 0.0000000000
87050  30.334  -0.395  -9.763 0.0000000000
74650  18.822  -12.635  0.545 0.0000000000
73672  19.039  -13.422  0.725 0.0000000000
73669  21.220  -13.723  0.343 0.0000000000
72688  20.690  -14.308  0.650 0.0000000000
72666  21.850  -14.810  1.617 0.0000000000
74647  23.073  -12.194  0.836 0.0000000000
74632  22.737  -12.967  0.845 0.0000000000
71669  23.667  -16.009  1.338 0.0000000000
148460  17.594  -14.758  3.399 0.0000000000
71648  18.727  -15.441  2.426 0.0000000000
154558  18.630  -14.802  2.074 0.0000000000
139715  19.704  -14.680  1.134 0.0000000000
153646  25.622  -0.930  -3.641 0.0000000000
141959  26.145  -0.965  -3.124 0.0000000000
86103  27.484  -0.590  -1.578 0.0000000000
86102  28.414  -0.415  -1.178 0.0000000000
154433  29.193  -0.516  -1.341 0.0000000000
86996  29.576  0.433  -2.164 0.0000000000
87008  30.257  0.546  -3.649 0.0000000000
92867  24.730  7.558  -2.379 0.0000000000
92002  24.760  6.726  -2.855 0.0000000000
76615  24.176  -10.149  0.503 0.0000000000
77499  24.949  -9.874  0.907 0.0000000000
76600  26.358  -10.481  1.460 0.0000000000
87001  23.437  -0.220  -2.673 0.0000000000
133879  17.666  -17.049  4.023 0.0000000000
69653  17.326  -17.475  4.531 0.0000000000
68612  17.377  -18.225  4.513 0.0000000000
66613  20.402  -20.533  3.438 0.0000000000
76605  17.150  -9.888  2.043 0.0000000000
146141  17.663  -10.808  1.403 0.0000000000
76604  17.517  -10.137  1.486 0.0000000000
77513  17.809  -9.647  0.867 0.0000000000
154682  18.161  -9.217  0.289 0.0000000000
140229  18.350  -6.654  -1.141 0.0000000000
79475  18.505  -7.418  -0.985 0.0000000000
78556  20.004  -8.146  -2.735 0.0000000000
146082  20.849  -9.233  -3.176 0.0000000000
77560  21.667  -9.370  -3.187 0.0000000000
78554  21.384  -8.526  -3.514 0.0000000000
78553  22.054  -8.555  -3.520 0.0000000000
79487  23.244  -7.986  -2.889 0.0000000000
84243  19.174  -2.487  -2.583 0.0000000000
83344  19.539  -3.232  -2.785 0.0000000000
83328  25.120  -3.678  -2.079 0.0000000000
82381  24.204  -4.137  -2.165 0.0000000000
82370  24.737  -4.318  -2.129 0.0000000000
81374  25.216  -4.797  -1.913 0.0000000000
81375  24.657  -5.223  -2.071 0.0000000000
80433  25.088  -5.890  -1.609 0.0000000000
153833  25.322  -5.310  -1.688 0.0000000000
81360  26.561  -5.356  -0.638 0.0000000000
81345  27.818  -5.914  0.163 0.0000000000
81344  28.681  -5.888  0.126 0.0000000000
82341  29.155  -5.238  -0.085 0.0000000000
82356  30.346  -4.936  -0.952 0.0000000000
84251  31.178  -2.542  -4.070 0.0000000000
83357  31.431  -3.354  -4.558 0.0000000000
148967  31.424  -2.669  -5.076 0.0000000000
148484  32.016  -3.801  -6.320 0.0000000000
90340  24.552  4.237  -5.026 0.0000000000
141559  24.520  3.849  -4.258 0.0000000000
88716  24.915  2.405  -5.458 0.0000000000
89511  25.315  2.998  -5.868 0.0000000000
89502  26.109  3.060  -5.282 0.0000000000
90371  29.320  4.490  -6.739 0.0000000000
90359  29.175  4.257  -5.686 0.0000000000
89528  29.557  3.748  -7.069 0.0000000000
88730  29.826  2.934  -6.904 0.0000000000
135505  30.130  2.077  -6.387 0.0000000000
128066  30.102  2.111  -7.376 0.0000000000
73691  19.983  -12.800  -0.387 0.0000000000
73671  19.886  -13.468  0.091 0.0000000000
73690  20.547  -12.946  -0.513 0.0000000000
73689  20.940  -13.227  -0.303 0.0000000000
131313  24.818  -13.219  1.562 0.0000000000
73648  24.532  -14.220  1.485 0.0000000000
72663  24.977  -15.144  0.588 0.0000000000
70634  17.310  -16.663  4.545 0.0000000000
69670  18.796  -17.686  3.482 0.0000000000
69686  19.591  -17.535  3.046 0.0000000000
70665  20.309  -17.201  2.555 0.0000000000
70664  21.187  -17.262  2.305 0.0000000000
80410  17.306  -6.417  0.457 0.0000000000
81350  17.403  -5.747  0.171 0.0000000000
80423  17.792  -6.202  -0.433 0.0000000000
81362  18.223  -5.908  -1.185 0.0000000000
80437  18.836  -6.272  -1.989 0.0000000000
80448  19.525  -6.169  -2.701 0.0000000000
85160  21.950  -2.243  -2.808 0.0000000000
146869  21.428  -2.542  -3.037 0.0000000000
84240  22.015  -2.814  -2.912 0.0000000000
130655  24.118  -3.192  -2.167 0.0000000000
84235  25.312  -2.243  -2.568 0.0000000000
84225  25.193  -3.035  -2.187 0.0000000000
83327  25.846  -3.354  -1.880 0.0000000000
83315  27.486  -3.259  -0.824 0.0000000000
83314  28.447  -3.203  -0.481 0.0000000000
83313  29.505  -3.398  -0.688 0.0000000000
84222  29.793  -2.603  -1.128 0.0000000000
84221  30.341  -2.596  -1.646 0.0000000000
84252  30.881  -2.073  -3.274 0.0000000000
85153  30.293  -1.028  -2.307 0.0000000000
143852  30.588  -1.719  -2.644 0.0000000000
85171  30.965  -1.741  -3.927 0.0000000000
85181  31.199  -1.843  -4.681 0.0000000000
86150  31.146  -1.453  -7.319 0.0000000000
91180  24.631  5.835  -3.356 0.0000000000
91185  24.540  4.857  -4.004 0.0000000000
91195  24.564  4.835  -5.323 0.0000000000
90363  24.705  4.766  -6.172 0.0000000000
90362  24.908  4.419  -6.477 0.0000000000
75652  21.921  -11.624  -1.085 0.0000000000
74664  21.633  -12.364  -0.653 0.0000000000
75636  22.403  -11.824  -0.096 0.0000000000
137181  24.121  -12.279  1.371 0.0000000000
75623  24.440  -11.457  1.286 0.0000000000
138324  21.006  -1.854  -2.877 0.0000000000
86119  23.999  -1.214  -2.781 0.0000000000
86118  24.633  -1.147  -3.443 0.0000000000
85156  24.962  -1.338  -3.511 0.0000000000
86130  25.787  -0.451  -3.806 0.0000000000
86999  26.825  0.756  -2.796 0.0000000000
78513  27.731  -8.784  0.907 0.0000000000
77508  28.435  -9.470  0.567 0.0000000000
77522  29.166  -9.146  0.095 0.0000000000
73653  17.850  -12.953  1.761 0.0000000000
154249  19.239  -12.396  0.141 0.0000000000
143470  18.869  -11.838  0.289 0.0000000000
74667  19.640  -12.203  -0.377 0.0000000000
75655  20.151  -11.640  -1.024 0.0000000000
75654  20.748  -11.939  -1.471 0.0000000000
147486  17.583  -8.034  0.468 0.0000000000
78517  18.124  -8.528  0.017 0.0000000000
77527  18.764  -9.257  -0.514 0.0000000000
75672  20.562  -11.150  -1.690 0.0000000000
75671  21.020  -11.386  -1.980 0.0000000000
75670  21.490  -11.252  -1.872 0.0000000000
76631  22.289  -10.842  -1.431 0.0000000000
76630  23.076  -10.311  -0.862 0.0000000000
77541  22.195  -9.747  -2.569 0.0000000000
77524  23.404  -9.456  -1.275 0.0000000000
77512  23.785  -9.821  -0.308 0.0000000000
77511  24.506  -9.305  0.171 0.0000000000
78514  26.288  -8.276  0.817 0.0000000000
84207  17.110  -2.597  0.381 0.0000000000
83317  17.708  -3.583  -0.727 0.0000000000
82372  18.168  -4.264  -1.361 0.0000000000
81391  19.078  -5.431  -2.469 0.0000000000
148853  20.088  -6.136  -3.108 0.0000000000
83343  20.388  -3.267  -3.036 0.0000000000
151560  20.767  -3.978  -3.013 0.0000000000
82383  23.024  -4.507  -2.075 0.0000000000
82384  22.236  -4.714  -2.384 0.0000000000
129203  20.565  -4.854  -2.861 0.0000000000
81389  20.658  -5.698  -3.111 0.0000000000
128860  20.723  -6.536  -3.359 0.0000000000
128184  22.250  -7.203  -3.851 0.0000000000
79498  23.002  -7.149  -3.377 0.0000000000
148827  24.209  -7.157  -1.956 0.0000000000
80434  24.733  -6.671  -1.542 0.0000000000
79485  24.580  -7.535  -1.291 0.0000000000
79460  25.619  -7.828  0.153 0.0000000000
129510  27.124  -8.088  0.898 0.0000000000
130271  27.880  -8.042  0.774 0.0000000000
78511  29.296  -8.140  0.032 0.0000000000
79471  29.750  -7.405  -0.452 0.0000000000
80420  29.615  -6.618  -0.252 0.0000000000
80419  30.158  -6.704  -0.886 0.0000000000
133034  30.401  -7.108  -1.643 0.0000000000
82368  30.288  -3.984  -1.065 0.0000000000
82367  30.616  -4.537  -1.754 0.0000000000
82395  31.477  -4.062  -4.194 0.0000000000
82379  31.222  -4.936  -3.277 0.0000000000
87881  24.960  0.822  -4.858 0.0000000000
87890  25.108  1.617  -5.058 0.0000000000
87880  25.512  0.892  -4.589 0.0000000000
87868  26.396  1.269  -3.642 0.0000000000
87867  27.245  1.511  -2.707 0.0000000000
92880  24.372  7.388  -5.918 0.0000000000
147004  24.500  7.517  -6.663 0.0000000000
92020  24.640  6.426  -6.444 0.0000000000
91206  25.126  5.040  -6.532 0.0000000000
91205  27.029  5.870  -5.852 0.0000000000
91194  26.322  5.094  -5.713 0.0000000000
90350  27.033  4.604  -4.848 0.0000000000
90338  27.468  4.015  -4.244 0.0000000000
90348  28.845  4.069  -4.802 0.0000000000
89510  28.336  3.780  -4.139 0.0000000000
89500  27.808  3.358  -3.687 0.0000000000
88704  28.163  2.670  -3.198 0.0000000000
87879  28.520  1.944  -2.727 0.0000000000
87878  29.311  1.568  -3.058 0.0000000000
87888  30.172  1.186  -4.226 0.0000000000
87907  30.349  1.275  -5.960 0.0000000000
87030  30.495  0.591  -5.545 0.0000000000
86151  30.867  -0.565  -6.707 0.0000000000
145563  30.850  -0.802  -7.624 0.0000000000
127797  30.902  -1.584  -8.647 0.0000000000
87056  30.143  -0.373  -10.953 0.0000000000
86165  30.572  -1.143  -10.415 0.0000000000
127790  30.866  -1.870  -9.938 0.0000000000
149149  31.399  -2.481  -9.455 0.0000000000
72689  20.092  -14.221  0.525 0.0000000000
150324  20.331  -14.850  1.120 0.0000000000
70688  22.310  -16.558  2.017 0.0000000000
73668  22.025  -13.303  0.589 0.0000000000
73651  21.948  -14.025  1.110 0.0000000000
73649  23.603  -14.143  1.582 0.0000000000
71670  22.623  -15.685  1.999 0.0000000000
129814  23.125  -16.794  1.334 0.0000000000
77509  27.551  -9.789  1.092 0.0000000000
76599  27.621  -10.882  0.958 0.0000000000
68651  22.644  -18.363  1.255 0.0000000000
76601  25.513  -10.507  1.352 0.0000000000
76649  21.243  -10.666  -2.360 0.0000000000
77544  19.895  -9.329  -2.033 0.0000000000
78515  25.646  -8.545  0.625 0.0000000000
78540  19.705  -8.444  -2.124 0.0000000000
79470  30.231  -7.615  -1.200 0.0000000000
79473  24.906  -8.000  -0.542 0.0000000000
80405  29.087  -6.453  0.118 0.0000000000
80409  25.946  -6.941  -0.141 0.0000000000
80435  24.071  -6.488  -2.308 0.0000000000
81346  27.008  -5.982  -0.041 0.0000000000
81357  30.309  -5.810  -0.934 0.0000000000
81358  29.915  -5.413  -0.446 0.0000000000
81359  27.347  -5.428  -0.159 0.0000000000
82371  18.552  -4.833  -1.978 0.0000000000
82380  30.941  -4.267  -2.605 0.0000000000
82385  21.468  -4.361  -2.828 0.0000000000
83326  26.727  -2.977  -1.508 0.0000000000
83339  24.665  -3.594  -2.126 0.0000000000
83341  23.675  -3.893  -2.129 0.0000000000
83350  31.228  -3.370  -3.727 0.0000000000
84213  28.942  -2.583  -0.809 0.0000000000
84237  24.535  -2.570  -2.300 0.0000000000
85128  27.695  -1.991  -1.054 0.0000000000
85142  26.045  -1.751  -2.683 0.0000000000
86101  28.856  -1.173  -1.076 0.0000000000
86117  26.787  -0.534  -2.391 0.0000000000
87877  29.900  1.202  -3.522 0.0000000000
88703  28.991  2.363  -3.447 0.0000000000
89499  28.585  3.053  -3.729 0.0000000000
129091  21.360  -5.918  -3.243 0.0000000000
132846  27.318  -4.077  -0.713 0.0000000000
134339  18.801  -3.228  -2.342 0.0000000000
135087  19.011  -19.880  3.756 0.0000000000
136039  19.672  -4.912  -2.763 0.0000000000
139226  24.352  7.003  -1.206 0.0000000000
139711  29.964  -6.085  -0.492 0.0000000000
141359  19.569  -1.920  -2.712 0.0000000000
145131  29.435  2.456  -4.157 0.0000000000
145323  30.609  -1.129  -9.465 0.0000000000
146286  24.449  -5.965  -1.994 0.0000000000
148620  30.006  -2.014  -1.440 0.0000000000
149570  18.534  -5.553  -1.798 0.0000000000
151305  31.896  -2.941  -6.974 0.0000000000
151776  30.769  -0.506  -4.722 0.0000000000
