#!ascii label  , from subject sub-v1s2x0051476_ses-1 vox2ras=TkReg
610
62624  17.884  -24.496  5.213 0.1428571492
61719  16.547  -25.100  5.264 0.1428571492
64546  17.147  -22.267  5.046 0.1428571492
62612  18.048  -24.890  6.166 0.1428571492
63569  18.301  -23.747  4.869 0.2857142985
62639  16.761  -24.393  5.072 0.1428571492
63560  18.570  -24.016  5.741 0.1428571492
65504  18.514  -21.852  4.302 0.5714285970
64531  18.727  -23.049  4.594 0.1428571492
64529  20.033  -22.266  5.543 0.2857142985
65492  21.230  -21.328  5.621 0.1428571492
65493  20.500  -21.682  5.196 0.2857142985
67594  22.414  -19.846  3.821 0.2857142985
66611  21.781  -20.328  3.767 0.1428571492
66612  21.134  -20.463  3.466 0.2857142985
68635  23.218  -18.585  1.856 0.2857142985
67605  22.849  -19.288  3.245 0.2857142985
68634  23.599  -18.113  1.226 0.2857142985
68650  23.014  -18.313  1.138 0.2857142985
70705  24.537  -16.748  -0.305 0.2857142985
72662  25.593  -14.911  -0.224 0.8571428657
71668  24.488  -16.132  0.007 0.4285714328
69700  23.991  -17.686  0.488 0.2857142985
74646  26.635  -13.168  0.782 0.7142857313
73667  26.158  -14.085  0.386 0.7142857313
72663  24.977  -15.144  0.588 0.7142857313
74645  27.320  -13.009  0.012 0.8571428657
75635  27.010  -12.334  1.016 0.8571428657
73647  25.392  -14.168  1.082 0.7142857313
75650  28.898  -11.468  -1.400 0.4285714328
74644  27.862  -12.389  -0.390 0.7142857313
76646  29.803  -10.555  -2.786 0.2857142985
77539  29.747  -10.096  -1.675 0.5714285970
76629  28.793  -11.011  -0.311 0.8571428657
76628  29.342  -10.580  -0.896 0.7142857313
75633  28.159  -11.442  0.193 0.8571428657
77576  30.618  -9.158  -3.750 0.1428571492
77558  30.776  -9.922  -3.458 0.1428571492
77559  30.393  -9.410  -3.157 0.4285714328
76613  29.087  -10.089  0.026 0.8571428657
79525  31.550  -8.045  -4.921 0.1428571492
77575  31.079  -9.203  -4.056 0.1428571492
78571  30.614  -8.590  -4.160 0.1428571492
77521  29.561  -9.642  -0.644 0.8571428657
80483  32.993  -7.094  -6.140 0.1428571492
79524  32.678  -7.574  -5.559 0.1428571492
80472  31.854  -7.274  -5.452 0.1428571492
132284  30.728  -8.162  -4.588 0.1428571492
79512  30.498  -7.951  -4.101 0.4285714328
78537  30.382  -8.852  -2.306 0.5714285970
77520  30.053  -9.121  -1.339 0.7142857313
77522  29.166  -9.146  0.095 0.8571428657
81409  32.454  -6.579  -5.871 0.1428571492
80473  31.514  -6.911  -5.217 0.1428571492
80462  30.749  -6.979  -3.581 0.5714285970
78525  30.288  -8.346  -1.513 0.8571428657
149657  29.619  -8.850  -0.485 0.8571428657
78526  29.931  -8.244  -0.774 0.8571428657
81422  32.846  -6.050  -6.825 0.1428571492
81423  32.341  -5.547  -5.758 0.2857142985
81410  31.853  -6.016  -4.987 0.1428571492
81398  31.488  -5.511  -4.068 0.8571428657
131807  30.559  -7.015  -2.454 0.8571428657
79484  30.482  -7.889  -2.205 0.7142857313
80432  30.459  -6.361  -1.643 0.8571428657
148484  32.016  -3.801  -6.320 0.1428571492
127772  32.423  -3.779  -8.535 0.1428571492
82414  32.078  -4.507  -5.787 0.4285714328
152617  31.465  -4.687  -3.914 0.8571428657
82379  31.222  -4.936  -3.277 0.8571428657
80444  30.687  -6.147  -2.538 0.8571428657
81384  30.835  -5.201  -2.521 0.8571428657
82356  30.346  -4.936  -0.952 0.8571428657
83377  32.155  -3.668  -7.310 0.1428571492
145346  31.868  -3.072  -7.834 0.2857142985
148967  31.424  -2.669  -5.076 0.8571428657
83366  31.704  -3.514  -5.441 0.8571428657
82395  31.477  -4.062  -4.194 0.8571428657
83337  31.246  -4.111  -3.414 0.8571428657
83338  30.976  -3.420  -2.887 0.8571428657
82367  30.616  -4.537  -1.754 0.8571428657
127654  31.403  -2.403  -8.214 0.2857142985
85200  31.527  -2.275  -6.843 0.7142857313
84262  31.758  -2.926  -6.179 0.5714285970
85188  31.366  -1.990  -5.644 0.8571428657
83351  31.004  -2.785  -3.279 0.8571428657
84252  30.881  -2.073  -3.274 0.8571428657
83324  30.635  -3.488  -1.906 0.8571428657
86145  31.164  -1.254  -6.170 0.8571428657
85189  31.088  -1.145  -5.160 0.8571428657
85171  30.965  -1.741  -3.927 0.8571428657
85172  30.646  -1.148  -3.293 0.7142857313
143852  30.588  -1.719  -2.644 0.7142857313
86146  30.763  -0.304  -5.613 0.8571428657
85182  30.870  -1.117  -4.287 0.8571428657
87022  30.488  0.350  -4.670 0.8571428657
152095  30.236  -0.092  -2.796 0.7142857313
143780  30.471  0.525  -7.607 0.7142857313
87030  30.495  0.591  -5.545 0.8571428657
87907  30.349  1.275  -5.960 0.8571428657
88722  30.067  1.980  -5.474 0.8571428657
88723  29.773  2.767  -5.863 0.7142857313
86141  30.565  -0.319  -3.895 0.8571428657
87899  30.285  1.218  -5.078 0.8571428657
88751  29.398  3.000  -11.546 0.1428571492
135505  30.130  2.077  -6.387 0.8571428657
88730  29.826  2.934  -6.904 0.7142857313
127666  28.958  4.742  -10.647 0.1428571492
89536  29.639  3.442  -7.933 0.5714285970
89537  29.444  4.290  -7.914 0.5714285970
154251  29.047  5.288  -6.933 0.5714285970
127665  29.253  4.955  -9.137 0.1428571492
127672  28.216  7.035  -12.068 0.1428571492
91215  28.561  5.824  -6.711 0.5714285970
127841  28.473  7.629  -10.693 0.1428571492
92910  28.274  8.507  -9.609 0.1428571492
127668  28.869  5.851  -9.036 0.1428571492
92028  28.839  5.950  -7.726 0.5714285970
92901  27.719  8.603  -8.933 0.1428571492
93721  27.608  9.320  -9.066 0.1428571492
92902  26.736  8.872  -8.692 0.1428571492
61703  16.640  -25.527  5.457 0.1428571492
61704  16.182  -25.601  5.373 0.1428571492
63568  19.039  -23.349  5.276 0.1428571492
64523  19.588  -22.833  5.748 0.2857142985
64530  19.394  -22.664  4.972 0.2857142985
66599  22.150  -20.368  4.553 0.2857142985
66600  21.405  -20.703  4.256 0.1428571492
69716  23.953  -17.357  0.167 0.2857142985
70687  23.401  -17.543  0.738 0.2857142985
71667  25.139  -15.690  -0.672 0.4285714328
73648  24.532  -14.220  1.485 0.7142857313
76647  29.393  -10.995  -2.026 0.1428571492
76599  27.621  -10.882  0.958 0.8571428657
80488  33.328  -6.811  -6.972 0.1428571492
80461  31.236  -6.522  -4.359 0.8571428657
80419  30.158  -6.704  -0.886 0.8571428657
81372  30.548  -5.477  -1.692 0.8571428657
86150  31.146  -1.453  -7.319 0.8571428657
147212  30.565  0.396  -6.482 0.8571428657
150183  30.344  1.308  -6.923 0.8571428657
88738  29.852  2.734  -7.852 0.7142857313
89541  29.406  3.971  -9.452 0.2857142985
127676  28.520  6.688  -10.741 0.1428571492
139835  29.378  10.011  -9.272 0.1428571492
61705  15.829  -25.717  5.638 0.1428571492
64543  19.128  -22.271  4.372 0.4285714328
65502  20.246  -21.473  4.410 0.2857142985
65501  20.972  -21.182  4.751 0.1428571492
143331  23.105  -19.449  4.161 0.2857142985
68624  23.439  -18.684  2.944 0.2857142985
67619  22.197  -19.336  2.430 0.2857142985
152768  22.288  -19.613  3.111 0.2857142985
67618  22.843  -18.991  2.344 0.2857142985
72664  24.129  -15.125  1.404 0.7142857313
78581  32.844  -8.081  -4.987 0.1428571492
80482  33.860  -7.253  -6.970 0.1428571492
127804  32.800  -5.523  -7.799 0.1428571492
83365  32.293  -4.605  -7.074 0.2857142985
127856  32.605  -4.662  -8.228 0.1428571492
82402  31.797  -4.895  -4.759 0.8571428657
79471  29.750  -7.405  -0.452 0.8571428657
78511  29.296  -8.140  0.032 1.0000000000
127797  30.902  -1.584  -8.647 0.2857142985
85138  30.338  -1.837  -1.962 0.8571428657
145563  30.850  -0.802  -7.624 0.5714285970
87913  30.219  1.339  -8.041 0.5714285970
128066  30.102  2.111  -7.376 0.7142857313
89540  29.654  2.970  -8.949 0.4285714328
88745  29.698  2.279  -10.145 0.2857142985
88746  29.460  3.275  -10.331 0.1428571492
128799  28.681  5.601  -10.629 0.1428571492
92029  28.285  6.821  -7.656 0.2857142985
92038  28.192  7.780  -8.976 0.1428571492
92890  27.529  7.829  -8.077 0.1428571492
93722  26.645  9.694  -8.818 0.1428571492
93731  27.468  10.025  -8.956 0.1428571492
87042  30.613  -0.408  -8.415 0.4285714328
87050  30.334  -0.395  -9.763 0.4285714328
129163  30.279  0.488  -8.861 0.4285714328
131846  29.994  1.339  -9.382 0.4285714328
128764  29.950  2.145  -8.549 0.5714285970
63570  17.542  -24.065  4.739 0.1428571492
62625  17.136  -24.812  5.081 0.1428571492
62626  16.214  -25.086  5.394 0.1428571492
63579  17.996  -23.288  4.492 0.4285714328
63580  17.207  -23.390  4.771 0.2857142985
64544  18.449  -22.641  4.423 0.5714285970
63559  19.362  -23.405  6.439 0.1428571492
64542  19.824  -22.019  4.750 0.1428571492
74630  25.796  -13.216  1.308 0.7142857313
75651  28.380  -11.920  -0.867 0.8571428657
75634  27.547  -11.908  0.663 0.8571428657
138164  31.010  -7.530  -4.728 0.2857142985
78570  30.963  -8.512  -4.471 0.1428571492
78552  30.460  -8.518  -3.354 0.1428571492
133034  30.401  -7.108  -1.643 0.8571428657
81399  31.049  -5.899  -3.371 0.8571428657
140194  31.669  -4.046  -4.918 0.8571428657
84251  31.178  -2.542  -4.070 0.8571428657
83357  31.431  -3.354  -4.558 0.8571428657
84234  30.698  -2.549  -2.487 0.8571428657
85181  31.199  -1.843  -4.681 0.8571428657
86151  30.867  -0.565  -6.707 0.8571428657
89547  29.042  4.034  -11.661 0.1428571492
128140  29.217  5.138  -7.789 0.5714285970
90371  29.320  4.490  -6.739 0.5714285970
92918  28.688  7.725  -12.047 0.1428571492
146525  28.552  6.828  -9.017 0.1428571492
141613  28.551  9.027  -9.397 0.1428571492
92909  28.734  8.157  -10.497 0.1428571492
66589  22.463  -20.422  5.493 0.1428571492
87035  30.681  -0.141  -7.309 0.5714285970
65503  19.189  -21.551  4.052 0.4285714328
68636  22.557  -18.719  1.691 0.5714285970
68637  21.227  -18.813  2.311 0.5714285970
68638  20.350  -18.363  2.827 0.5714285970
69686  19.591  -17.535  3.046 0.2857142985
69684  21.763  -18.222  1.943 0.5714285970
70665  20.309  -17.201  2.555 0.5714285970
68625  19.429  -18.401  3.347 0.4285714328
69685  20.989  -17.986  2.402 0.5714285970
69687  19.028  -16.974  3.180 0.2857142985
70666  19.507  -16.676  2.683 0.4285714328
140404  22.721  -17.497  1.346 0.4285714328
70689  21.405  -16.415  2.246 0.5714285970
70690  20.566  -16.336  2.229 0.5714285970
71673  19.971  -15.521  1.725 0.4285714328
129814  23.125  -16.794  1.334 0.5714285970
71671  21.620  -15.584  1.996 0.5714285970
71670  22.623  -15.685  1.999 0.7142857313
72666  21.850  -14.810  1.617 0.4285714328
72665  22.898  -14.654  1.742 0.4285714328
70691  19.939  -16.300  2.292 0.4285714328
70667  18.764  -16.239  2.883 0.2857142985
71672  20.752  -15.565  1.758 0.4285714328
71669  23.667  -16.009  1.338 0.7142857313
73649  23.603  -14.143  1.582 0.7142857313
73668  22.025  -13.303  0.589 0.4285714328
74647  23.073  -12.194  0.836 0.7142857313
141616  22.200  -12.599  0.220 0.5714285970
75636  22.403  -11.824  -0.096 0.2857142985
74631  23.662  -13.211  1.433 0.7142857313
75623  24.440  -11.457  1.286 0.7142857313
76603  23.905  -10.912  0.782 0.7142857313
76615  24.176  -10.149  0.503 0.7142857313
76616  23.476  -10.580  0.038 0.7142857313
77512  23.785  -9.821  -0.308 0.4285714328
137181  24.121  -12.279  1.371 0.5714285970
75621  26.195  -12.137  1.418 0.5714285970
76602  24.666  -10.647  1.128 0.5714285970
77499  24.949  -9.874  0.907 0.7142857313
77510  25.306  -9.151  0.735 0.7142857313
78514  26.288  -8.276  0.817 0.7142857313
77511  24.506  -9.305  0.171 0.7142857313
78527  24.488  -8.649  -0.503 0.5714285970
79460  25.619  -7.828  0.153 0.5714285970
76614  28.318  -10.451  0.486 0.7142857313
151926  27.062  -10.445  1.371 0.5714285970
76600  26.358  -10.481  1.460 0.5714285970
77497  26.624  -9.712  1.345 0.7142857313
77498  25.782  -9.761  1.233 0.7142857313
129510  27.124  -8.088  0.898 0.8571428657
77523  24.054  -9.194  -0.629 0.4285714328
79458  27.500  -7.267  0.593 0.7142857313
79459  26.513  -7.483  0.478 0.7142857313
79472  25.234  -7.243  -0.711 0.5714285970
80408  26.746  -6.683  0.203 0.7142857313
77509  27.551  -9.789  1.092 0.5714285970
78503  26.067  -9.019  1.108 0.7142857313
130271  27.880  -8.042  0.774 0.8571428657
79457  28.489  -7.624  0.516 0.8571428657
80407  27.467  -6.482  0.310 0.7142857313
80421  26.249  -6.171  -0.419 0.5714285970
82359  27.296  -4.804  -0.430 0.2857142985
78512  28.528  -8.540  0.526 0.7142857313
80406  28.329  -6.668  0.366 0.7142857313
154546  27.980  -3.740  -0.402 0.7142857313
79456  29.159  -7.147  0.169 0.7142857313
81344  28.681  -5.888  0.126 0.8571428657
81345  27.818  -5.914  0.163 0.8571428657
82368  30.288  -3.984  -1.065 0.8571428657
82341  29.155  -5.238  -0.085 0.8571428657
82358  28.021  -4.368  -0.245 0.5714285970
136262  28.744  -3.945  -0.312 0.8571428657
83313  29.505  -3.398  -0.688 0.8571428657
83314  28.447  -3.203  -0.481 0.7142857313
81343  29.443  -5.946  -0.140 0.8571428657
82357  29.621  -4.487  -0.446 0.8571428657
84222  29.793  -2.603  -1.128 0.8571428657
83325  30.207  -3.193  -1.227 0.8571428657
84221  30.341  -2.596  -1.646 0.8571428657
85139  29.330  -1.917  -1.159 0.7142857313
87008  30.257  0.546  -3.649 0.7142857313
87009  29.743  0.836  -2.851 0.7142857313
87888  30.172  1.186  -4.226 0.5714285970
87865  28.931  1.151  -2.184 0.7142857313
87878  29.311  1.568  -3.058 0.7142857313
87889  29.681  1.793  -3.828 0.7142857313
88713  29.921  1.874  -4.625 0.8571428657
89509  29.104  3.218  -4.351 0.7142857313
87879  28.520  1.944  -2.727 0.7142857313
90338  27.468  4.015  -4.244 0.7142857313
89501  26.936  3.408  -4.129 0.5714285970
89520  29.392  3.440  -5.276 0.7142857313
90349  27.989  4.588  -4.636 0.7142857313
90339  26.620  3.923  -4.836 0.5714285970
90350  27.033  4.604  -4.848 0.5714285970
147654  26.277  4.295  -5.527 0.5714285970
90348  28.845  4.069  -4.802 0.5714285970
90351  25.780  3.577  -5.879 0.5714285970
91193  27.459  5.175  -5.174 0.5714285970
91194  26.322  5.094  -5.713 0.5714285970
90361  25.425  4.243  -6.214 0.5714285970
90352  25.119  3.684  -6.250 0.4285714328
150658  24.640  3.609  -5.442 0.5714285970
89512  24.897  3.228  -5.873 0.4285714328
90363  24.705  4.766  -6.172 0.5714285970
90353  24.788  4.061  -5.994 0.5714285970
91205  27.029  5.870  -5.852 0.5714285970
90340  24.552  4.237  -5.026 0.4285714328
89513  24.607  2.988  -5.174 0.4285714328
91195  24.564  4.835  -5.323 0.5714285970
91180  24.631  5.835  -3.356 0.4285714328
72686  25.690  -15.374  -0.788 0.2857142985
75620  26.915  -11.345  1.363 0.5714285970
91184  24.534  5.666  -4.646 0.2857142985
91181  24.585  5.130  -2.710 0.2857142985
67621  20.728  -19.421  2.715 0.5714285970
67622  19.936  -19.195  3.164 0.5714285970
69703  22.407  -18.089  1.394 0.2857142985
68652  22.314  -18.512  1.563 0.4285714328
69702  22.938  -18.035  0.962 0.2857142985
69670  18.796  -17.686  3.482 0.2857142985
72667  21.023  -14.918  1.293 0.5714285970
71648  18.727  -15.441  2.426 0.2857142985
71674  19.237  -15.099  1.796 0.2857142985
73651  21.948  -14.025  1.110 0.5714285970
73688  26.750  -14.290  -0.870 0.2857142985
74665  21.065  -12.736  -0.842 0.2857142985
75624  23.199  -11.329  0.384 0.7142857313
80420  29.615  -6.618  -0.252 0.8571428657
82342  28.150  -5.160  -0.020 0.7142857313
86115  29.745  -0.300  -1.864 0.7142857313
86996  29.576  0.433  -2.164 0.7142857313
86986  28.906  0.336  -1.529 0.7142857313
89500  27.808  3.358  -3.687 0.7142857313
89502  26.109  3.060  -5.282 0.5714285970
89529  29.528  3.607  -6.218 0.5714285970
90360  28.550  4.735  -5.311 0.5714285970
90359  29.175  4.257  -5.686 0.5714285970
151230  28.093  5.040  -5.116 0.5714285970
90362  24.908  4.419  -6.477 0.5714285970
91207  24.886  5.267  -6.455 0.2857142985
131313  24.818  -13.219  1.562 0.5714285970
78513  27.731  -8.784  0.907 0.7142857313
77508  28.435  -9.470  0.567 0.7142857313
88714  29.615  2.615  -4.952 0.8571428657
85154  29.756  -1.231  -1.544 0.7142857313
136609  25.125  -12.252  1.520 0.5714285970
133633  22.008  -17.366  1.969 0.5714285970
70664  21.187  -17.262  2.305 0.5714285970
136675  19.199  -19.169  3.580 0.5714285970
71647  19.364  -15.866  2.275 0.4285714328
70688  22.310  -16.558  2.017 0.5714285970
72687  21.285  -14.368  0.954 0.4285714328
73650  22.777  -13.660  1.221 0.7142857313
74632  22.737  -12.967  0.845 0.5714285970
74648  21.445  -13.006  -0.164 0.4285714328
73669  21.220  -13.723  0.343 0.4285714328
74664  21.633  -12.364  -0.653 0.2857142985
149364  23.724  -11.596  0.985 0.7142857313
75622  25.326  -11.330  1.488 0.7142857313
133681  26.087  -11.157  1.510 0.5714285970
78516  25.052  -8.556  0.142 0.7142857313
78502  26.879  -8.894  1.189 0.5714285970
79485  24.580  -7.535  -1.291 0.2857142985
81360  26.561  -5.356  -0.638 0.5714285970
153833  25.322  -5.310  -1.688 0.2857142985
141501  28.761  -4.621  -0.139 0.8571428657
151998  29.066  2.795  -3.882 0.7142857313
89510  28.336  3.780  -4.139 0.8571428657
91206  25.126  5.040  -6.532 0.7142857313
92010  24.519  5.515  -5.890 0.5714285970
91185  24.540  4.857  -4.004 0.4285714328
139715  19.704  -14.680  1.134 0.1428571492
72689  20.092  -14.221  0.525 0.4285714328
64545  17.875  -22.574  4.500 0.4285714328
68623  23.949  -18.236  2.371 0.1428571492
71690  24.879  -16.278  -0.760 0.1428571492
69683  24.347  -17.748  1.636 0.1428571492
69669  24.730  -17.757  2.909 0.1428571492
70684  25.635  -16.254  -0.414 0.1428571492
69715  24.515  -17.130  -0.116 0.1428571492
69699  24.767  -17.317  0.835 0.1428571492
70703  25.386  -15.878  -0.820 0.1428571492
73687  27.274  -13.785  -1.005 0.2857142985
74663  27.662  -13.142  -1.029 0.1428571492
85153  30.293  -1.028  -2.307 0.5714285970
152544  26.354  10.439  -6.910 0.1428571492
85127  28.455  -1.895  -0.911 0.4285714328
144344  26.151  9.273  -8.699 0.1428571492
86987  27.963  0.348  -1.477 0.4285714328
87866  28.032  1.544  -2.170 0.4285714328
93707  24.232  8.330  -6.467 0.2857142985
92032  24.955  7.163  -7.006 0.2857142985
142310  25.781  5.883  -6.392 0.2857142985
153315  25.473  6.581  -6.784 0.2857142985
87010  26.089  0.332  -3.904 0.1428571492
87867  27.245  1.511  -2.707 0.5714285970
88704  28.163  2.670  -3.198 0.5714285970
92880  24.372  7.388  -5.918 0.2857142985
91204  28.133  5.496  -5.732 0.4285714328
87868  26.396  1.269  -3.642 0.4285714328
135825  26.395  2.630  -4.306 0.5714285970
92020  24.640  6.426  -6.444 0.2857142985
87890  25.108  1.617  -5.058 0.4285714328
92009  24.484  6.456  -5.351 0.1428571492
87891  24.833  1.573  -4.964 0.1428571492
88716  24.915  2.405  -5.458 0.4285714328
92006  24.655  6.583  -4.011 0.1428571492
92877  24.548  7.405  -4.707 0.1428571492
88707  24.602  2.269  -4.723 0.2857142985
92002  24.760  6.726  -2.855 0.2857142985
92000  24.300  6.272  -1.460 0.1428571492
92874  24.753  7.465  -3.455 0.1428571492
92867  24.730  7.558  -2.379 0.1428571492
92868  24.536  7.624  -1.453 0.1428571492
65505  17.767  -21.603  4.621 0.4285714328
67596  17.518  -19.629  4.625 0.2857142985
71689  26.059  -15.316  -0.896 0.1428571492
86102  28.414  -0.415  -1.178 0.2857142985
89528  29.557  3.748  -7.069 0.4285714328
92018  27.760  6.446  -6.592 0.2857142985
141820  24.639  8.296  -4.155 0.2857142985
138365  16.986  -19.813  5.036 0.2857142985
66590  21.696  -20.806  5.138 0.1428571492
68611  23.624  -18.965  3.939 0.1428571492
72685  26.226  -14.712  -0.721 0.1428571492
85140  27.962  -1.210  -0.993 0.4285714328
87011  25.258  0.019  -4.374 0.2857142985
147004  24.500  7.517  -6.663 0.2857142985
92031  25.953  7.293  -7.172 0.2857142985
93713  24.558  8.352  -7.345 0.2857142985
94472  24.460  9.383  -7.617 0.1428571492
93723  25.731  9.435  -8.560 0.1428571492
93699  24.703  8.285  -2.976 0.2857142985
141249  24.285  8.326  -5.416 0.2857142985
93712  24.985  8.962  -8.185 0.1428571492
94471  25.183  9.688  -8.053 0.1428571492
92891  26.340  7.996  -7.988 0.1428571492
92903  25.779  8.845  -8.400 0.1428571492
74662  28.029  -12.733  -1.462 0.2857142985
146801  24.004  9.362  -6.220 0.2857142985
92892  25.278  8.118  -7.812 0.1428571492
66602  18.293  -20.984  4.279 0.4285714328
73666  26.723  -13.900  -0.451 0.4285714328
91203  28.864  5.023  -6.123 0.4285714328
92030  27.072  7.217  -7.183 0.2857142985
86997  28.279  0.953  -1.702 0.4285714328
88691  27.663  2.152  -2.812 0.5714285970
92003  24.559  6.038  -2.315 0.2857142985
154433  29.193  -0.516  -1.341 0.5714285970
88705  27.310  2.776  -3.475 0.5714285970
88715  25.482  2.433  -5.210 0.5714285970
132122  24.943  5.974  -6.819 0.2857142985
70685  25.213  -16.863  0.086 0.1428571492
136703  26.022  -15.711  -0.705 0.1428571492
86116  27.211  0.171  -2.146 0.2857142985
92019  26.555  6.575  -6.575 0.2857142985
88706  25.886  1.809  -4.478 0.4285714328
87880  25.512  0.892  -4.589 0.2857142985
88692  26.773  2.107  -3.424 0.5714285970
66604  16.836  -20.630  5.195 0.2857142985
85141  27.265  -1.528  -1.544 0.2857142985
79474  24.407  -8.182  -1.110 0.4285714328
81361  25.762  -5.688  -1.112 0.2857142985
94463  24.145  10.028  -4.523 0.1428571492
95230  23.500  11.013  -5.421 0.1428571492
94450  24.595  9.423  -2.022 0.1428571492
95216  23.975  10.713  -3.875 0.1428571492
93704  24.258  9.230  -4.960 0.1428571492
153122  24.644  8.973  -2.682 0.1428571492
93701  24.587  9.087  -3.692 0.1428571492
95204  24.406  10.340  -2.428 0.1428571492
95217  23.343  11.736  -4.739 0.1428571492
94460  24.509  9.755  -3.154 0.1428571492
135413  24.040  11.443  -1.469 0.1428571492
134479  23.995  11.411  -2.840 0.1428571492
80422  25.517  -6.442  -0.928 0.2857142985
94451  24.315  10.011  -1.271 0.1428571492
70686  23.816  -16.884  0.283 0.2857142985
94465  23.825  10.230  -5.804 0.1428571492
95205  24.223  10.778  -1.653 0.1428571492
67609  19.608  -19.743  3.440 0.4285714328
66613  20.402  -20.533  3.438 0.2857142985
66601  20.671  -20.948  3.978 0.1428571492
67620  21.456  -19.490  2.456 0.2857142985
66614  19.615  -20.442  3.594 0.2857142985
89511  25.315  2.998  -5.868 0.4285714328
137960  21.929  -18.964  1.921 0.2857142985
67606  21.706  -19.921  3.046 0.1428571492
67607  20.935  -20.089  2.873 0.1428571492
67608  20.253  -19.966  3.176 0.2857142985
86999  26.825  0.756  -2.796 0.2857142985
66615  18.867  -20.623  3.880 0.2857142985
135087  19.011  -19.880  3.756 0.2857142985
67610  18.583  -19.293  3.922 0.2857142985
73689  20.940  -13.227  -0.303 0.2857142985
76617  22.721  -11.070  -0.488 0.1428571492
76631  22.289  -10.842  -1.431 0.1428571492
76630  23.076  -10.311  -0.862 0.2857142985
78528  23.974  -8.704  -1.257 0.1428571492
80433  25.088  -5.890  -1.609 0.1428571492
81373  25.836  -4.975  -1.389 0.1428571492
83316  26.594  -3.742  -1.323 0.1428571492
82369  25.642  -4.180  -1.718 0.1428571492
83315  27.486  -3.259  -0.824 0.1428571492
83327  25.846  -3.354  -1.880 0.1428571492
141959  26.145  -0.965  -3.124 0.1428571492
86998  27.608  0.955  -2.015 0.1428571492
86130  25.787  -0.451  -3.806 0.1428571492
136688  26.473  -0.116  -3.042 0.1428571492
141559  24.520  3.849  -4.258 0.1428571492
89503  24.467  3.052  -3.921 0.1428571492
90331  24.514  4.411  -3.201 0.1428571492
65506  17.168  -21.302  4.992 0.2857142985
65515  19.255  -21.035  3.797 0.1428571492
84214  28.011  -2.526  -0.638 0.2857142985
84224  26.081  -2.523  -2.157 0.1428571492
65494  16.663  -21.453  5.436 0.2857142985
150324  20.331  -14.850  1.120 0.2857142985
72688  20.690  -14.308  0.650 0.2857142985
73670  20.537  -13.646  0.092 0.2857142985
77525  22.594  -10.030  -1.737 0.1428571492
79486  23.915  -7.911  -1.894 0.1428571492
148827  24.209  -7.157  -1.956 0.1428571492
81376  23.922  -5.732  -2.350 0.1428571492
81375  24.657  -5.223  -2.071 0.1428571492
81374  25.216  -4.797  -1.913 0.1428571492
82370  24.737  -4.318  -2.129 0.1428571492
84223  26.982  -2.272  -1.590 0.1428571492
153646  25.622  -0.930  -3.641 0.1428571492
73671  19.886  -13.468  0.091 0.2857142985
153516  18.826  -21.228  4.011 0.2857142985
77524  23.404  -9.456  -1.275 0.1428571492
82360  26.529  -4.521  -1.043 0.1428571492
84215  27.399  -2.613  -1.106 0.1428571492
86103  27.484  -0.590  -1.578 0.1428571492
67595  18.239  -19.983  4.218 0.2857142985
73690  20.547  -12.946  -0.513 0.1428571492
81385  24.059  -4.920  -2.173 0.1428571492
66591  16.471  -20.718  5.803 0.1428571492
132751  16.461  -20.068  6.155 0.1428571492
67581  16.641  -19.954  5.556 0.1428571492
74679  28.539  -12.293  -1.925 0.1428571492
86165  30.572  -1.143  -10.415 0.1428571492
64532  16.290  -22.238  5.594 0.1428571492
67597  17.135  -18.886  4.927 0.1428571492
67611  17.872  -18.915  4.254 0.1428571492
68626  18.612  -18.541  3.762 0.1428571492
70647  18.281  -16.889  3.529 0.1428571492
127790  30.866  -1.870  -9.938 0.1428571492
87056  30.143  -0.373  -10.953 0.1428571492
149149  31.399  -2.481  -9.455 0.1428571492
75669  29.009  -11.803  -2.427 0.1428571492
66603  17.504  -20.562  4.688 0.1428571492
69671  17.890  -17.827  3.948 0.1428571492
68651  22.644  -18.363  1.255 0.2857142985
70704  24.938  -16.572  -0.632 0.1428571492
76601  25.513  -10.507  1.352 0.5714285970
77538  30.156  -9.713  -2.413 0.5714285970
78515  25.646  -8.545  0.625 0.7142857313
78569  31.570  -8.725  -4.376 0.1428571492
79470  30.231  -7.615  -1.200 0.8571428657
79473  24.906  -8.000  -0.542 0.4285714328
79497  30.536  -7.673  -3.178 0.4285714328
80405  29.087  -6.453  0.118 0.8571428657
80409  25.946  -6.941  -0.141 0.5714285970
81346  27.008  -5.982  -0.041 0.5714285970
81357  30.309  -5.810  -0.934 0.8571428657
81358  29.915  -5.413  -0.446 0.7142857313
81359  27.347  -5.428  -0.159 0.5714285970
81429  33.425  -6.304  -7.698 0.1428571492
82380  30.941  -4.267  -2.605 0.8571428657
82413  32.418  -5.277  -6.662 0.2857142985
83326  26.727  -2.977  -1.508 0.1428571492
83350  31.228  -3.370  -3.727 0.8571428657
84213  28.942  -2.583  -0.809 0.8571428657
85128  27.695  -1.991  -1.054 0.1428571492
85155  25.411  -1.437  -3.281 0.1428571492
86101  28.856  -1.173  -1.076 0.4285714328
86117  26.787  -0.534  -2.391 0.2857142985
86131  25.257  -0.811  -3.921 0.1428571492
87877  29.900  1.202  -3.522 0.5714285970
88703  28.991  2.363  -3.447 0.7142857313
89499  28.585  3.053  -3.729 0.7142857313
127667  28.265  6.179  -11.976 0.1428571492
131516  30.288  -10.126  -3.094 0.2857142985
132846  27.318  -4.077  -0.713 0.1428571492
135627  19.633  -21.693  4.256 0.1428571492
139711  29.964  -6.085  -0.492 0.8571428657
145131  29.435  2.456  -4.157 0.7142857313
145323  30.609  -1.129  -9.465 0.1428571492
146083  27.768  7.073  -7.275 0.2857142985
146286  24.449  -5.965  -1.994 0.1428571492
148620  30.006  -2.014  -1.440 0.7142857313
151305  31.896  -2.941  -6.974 0.5714285970
151776  30.769  -0.506  -4.722 0.8571428657
153393  28.416  7.162  -11.279 0.1428571492
