#!ascii label  , from subject sub-v1s2x0051469_ses-1 vox2ras=TkReg
1131
108391  -47.780  18.586  45.272 0.0000000000
116863  -43.393  32.538  36.113 0.0000000000
160519  -33.538  22.410  47.727 0.0000000000
110868  -38.437  22.704  43.530 0.0000000000
158347  -45.431  26.423  32.899 0.0000000000
160079  -41.932  26.332  39.187 0.0000000000
111605  -41.472  23.572  37.811 0.0000000000
109634  -37.008  20.538  41.752 0.0000000000
103433  -45.193  12.086  49.600 0.0000000000
107077  -45.109  16.387  50.542 0.0000000000
146162  -35.291  35.709  35.792 0.0000000000
144585  -40.236  31.258  31.855 0.0000000000
111699  -41.005  23.246  28.949 0.0000000000
109568  -40.854  20.957  49.099 0.0000000000
114203  -35.603  27.587  40.242 0.0000000000
112235  -37.679  24.098  46.449 0.0000000000
143054  -42.191  22.180  46.257 0.0000000000
107749  -38.979  17.824  46.255 0.0000000000
107099  -35.747  16.430  45.413 0.0000000000
137201  -46.194  17.911  43.026 0.0000000000
110317  -43.638  22.034  32.031 0.0000000000
110936  -45.218  22.928  36.625 0.0000000000
148839  -41.615  23.312  34.319 0.0000000000
111602  -38.320  23.536  37.504 0.0000000000
104889  -45.043  13.434  50.223 0.0000000000
105626  -43.601  14.211  50.420 0.0000000000
120165  -32.485  36.686  38.407 0.0000000000
114294  -41.078  27.152  30.612 0.0000000000
108357  -39.550  18.396  49.591 0.0000000000
158881  -37.586  20.880  48.709 0.0000000000
118908  -40.582  34.346  37.126 0.0000000000
116169  -38.656  29.915  35.590 0.0000000000
161174  -40.341  23.996  41.693 0.0000000000
112956  -38.863  25.594  41.825 0.0000000000
111518  -38.150  23.814  44.743 0.0000000000
111511  -39.872  24.407  46.744 0.0000000000
110203  -39.928  22.521  46.068 0.0000000000
154602  -41.084  19.572  46.088 0.0000000000
109595  -38.743  21.053  45.584 0.0000000000
108412  -35.813  18.927  43.859 0.0000000000
144144  -45.253  29.976  34.652 0.0000000000
157593  -41.199  27.573  34.814 0.0000000000
113022  -44.026  24.956  35.987 0.0000000000
112284  -43.662  24.798  39.321 0.0000000000
110906  -40.327  22.188  40.738 0.0000000000
109630  -38.258  20.914  42.526 0.0000000000
110915  -39.170  22.192  39.859 0.0000000000
110913  -36.538  22.697  39.559 0.0000000000
105634  -42.959  14.216  48.219 0.0000000000
106377  -44.837  16.064  47.965 0.0000000000
107744  -46.819  17.505  49.092 0.0000000000
121989  -38.529  40.395  37.783 0.0000000000
120190  -39.311  37.806  36.359 0.0000000000
119577  -42.036  35.987  34.792 0.0000000000
118298  -42.629  33.507  32.946 0.0000000000
114907  -43.683  29.029  31.400 0.0000000000
112383  -43.732  24.728  30.171 0.0000000000
109059  -41.757  20.332  29.629 0.0000000000
109729  -40.150  21.073  26.935 0.0000000000
144020  -40.863  16.625  50.609 0.0000000000
108360  -43.162  18.574  49.968 0.0000000000
109572  -45.749  20.790  48.270 0.0000000000
143268  -33.732  25.520  44.255 0.0000000000
114210  -38.873  27.180  39.308 0.0000000000
136956  -36.153  25.395  43.523 0.0000000000
111507  -36.176  23.718  46.855 0.0000000000
110827  -39.212  23.872  48.558 0.0000000000
110830  -42.592  23.739  47.509 0.0000000000
109597  -45.439  20.852  45.745 0.0000000000
108389  -43.526  19.248  45.562 0.0000000000
107105  -41.842  17.066  44.903 0.0000000000
106409  -39.365  15.570  44.560 0.0000000000
108989  -37.176  19.587  44.399 0.0000000000
107101  -37.604  16.803  45.867 0.0000000000
105662  -37.021  14.707  44.451 0.0000000000
143034  -47.802  17.208  45.381 0.0000000000
107782  -47.991  17.394  43.942 0.0000000000
108406  -47.139  18.783  43.946 0.0000000000
110315  -42.379  21.959  32.034 0.0000000000
110965  -42.926  22.628  33.536 0.0000000000
110964  -40.914  23.117  32.928 0.0000000000
134881  -40.256  23.658  34.242 0.0000000000
110187  -35.660  21.616  48.396 0.0000000000
117588  -41.913  33.320  36.607 0.0000000000
111532  -39.069  23.502  42.410 0.0000000000
112254  -38.578  24.310  42.742 0.0000000000
110858  -38.350  23.338  44.449 0.0000000000
110852  -38.814  23.464  45.574 0.0000000000
136246  -38.538  22.394  44.931 0.0000000000
109579  -39.456  21.425  45.974 0.0000000000
110228  -38.224  21.504  44.145 0.0000000000
114262  -45.540  27.776  33.744 0.0000000000
114252  -44.407  27.068  34.497 0.0000000000
136001  -45.022  25.844  34.106 0.0000000000
111623  -43.121  23.389  37.130 0.0000000000
111608  -44.756  23.894  37.736 0.0000000000
111590  -43.032  23.910  38.903 0.0000000000
110908  -41.910  23.520  40.375 0.0000000000
111571  -41.566  23.309  39.694 0.0000000000
139928  -39.739  21.814  40.456 0.0000000000
110923  -39.707  22.832  39.273 0.0000000000
111569  -37.225  22.952  39.052 0.0000000000
139471  -45.187  15.033  50.095 0.0000000000
105636  -44.722  14.959  49.301 0.0000000000
106369  -45.864  16.009  49.963 0.0000000000
134977  -46.331  16.881  48.524 0.0000000000
107078  -45.971  16.878  50.293 0.0000000000
120185  -33.934  36.089  36.727 0.0000000000
150320  -36.345  37.269  37.114 0.0000000000
120189  -37.834  36.840  36.285 0.0000000000
120203  -40.658  37.281  35.808 0.0000000000
155748  -37.823  35.500  34.933 0.0000000000
117620  -39.591  32.729  31.852 0.0000000000
142963  -40.824  33.958  32.310 0.0000000000
117622  -41.592  32.512  31.951 0.0000000000
116915  -43.224  31.119  32.247 0.0000000000
116221  -42.166  30.365  31.784 0.0000000000
113075  -40.902  24.617  29.443 0.0000000000
113691  -42.693  26.482  30.258 0.0000000000
112381  -42.687  23.877  29.505 0.0000000000
111010  -43.148  22.267  29.713 0.0000000000
142862  -42.077  21.734  29.038 0.0000000000
109078  -41.063  19.924  28.453 0.0000000000
111025  -40.711  21.992  27.714 0.0000000000
106356  -36.907  15.500  50.610 0.0000000000
104883  -38.254  13.439  50.761 0.0000000000
143326  -38.192  15.022  50.548 0.0000000000
143324  -39.917  14.986  50.445 0.0000000000
107072  -39.089  16.608  50.511 0.0000000000
108945  -40.415  20.001  49.115 0.0000000000
108359  -41.350  18.425  49.847 0.0000000000
151682  -42.136  19.471  49.413 0.0000000000
108932  -44.601  19.194  49.548 0.0000000000
142235  -42.908  21.442  48.777 0.0000000000
114831  -34.178  28.042  40.502 0.0000000000
114189  -32.963  26.828  42.992 0.0000000000
155039  -34.691  26.719  42.301 0.0000000000
113633  -40.824  26.390  37.084 0.0000000000
113623  -39.971  26.705  37.189 0.0000000000
114212  -40.529  26.968  38.870 0.0000000000
112943  -37.319  24.602  44.185 0.0000000000
112952  -37.371  25.634  42.524 0.0000000000
159543  -36.669  24.735  44.481 0.0000000000
112240  -35.881  24.350  45.515 0.0000000000
112234  -36.692  24.042  46.218 0.0000000000
153027  -37.863  23.545  48.180 0.0000000000
111499  -38.274  24.131  47.324 0.0000000000
110846  -41.181  24.007  46.548 0.0000000000
111502  -41.437  24.418  47.394 0.0000000000
110848  -42.608  23.994  46.906 0.0000000000
110850  -44.634  22.959  46.569 0.0000000000
110216  -44.264  22.397  45.971 0.0000000000
108973  -44.303  20.296  45.693 0.0000000000
108961  -43.338  20.271  45.887 0.0000000000
108374  -40.125  18.667  46.177 0.0000000000
108387  -41.487  18.328  45.771 0.0000000000
107763  -40.354  17.248  45.673 0.0000000000
107121  -40.158  16.076  44.766 0.0000000000
107762  -39.370  17.041  45.882 0.0000000000
109635  -37.898  20.616  41.854 0.0000000000
109002  -37.211  20.007  43.532 0.0000000000
109007  -36.727  19.909  42.826 0.0000000000
107777  -35.816  17.758  45.029 0.0000000000
107759  -36.332  17.490  45.448 0.0000000000
106390  -36.295  15.998  45.452 0.0000000000
106407  -37.511  15.335  44.968 0.0000000000
105661  -36.068  14.688  44.584 0.0000000000
105676  -35.539  13.998  43.979 0.0000000000
136972  -45.250  15.821  45.884 0.0000000000
107789  -45.005  17.604  43.345 0.0000000000
111675  -44.943  23.694  33.037 0.0000000000
142080  -45.481  23.656  35.060 0.0000000000
110967  -44.715  22.673  33.893 0.0000000000
110943  -43.499  22.795  35.205 0.0000000000
136718  -41.386  23.475  36.223 0.0000000000
152704  -39.814  23.466  37.758 0.0000000000
140391  -40.053  23.595  35.897 0.0000000000
104154  -45.042  12.798  49.561 0.0000000000
104151  -45.569  12.826  50.730 0.0000000000
146255  -43.894  15.004  50.418 0.0000000000
119545  -31.871  35.288  36.372 0.0000000000
115538  -40.123  29.236  31.483 0.0000000000
112392  -39.861  23.995  28.382 0.0000000000
112403  -39.790  23.625  27.316 0.0000000000
107736  -38.140  17.697  49.820 0.0000000000
108926  -38.047  19.385  49.089 0.0000000000
109566  -39.180  20.846  48.940 0.0000000000
114844  -36.575  28.159  37.577 0.0000000000
162382  -41.588  25.415  40.474 0.0000000000
112961  -40.181  25.907  40.849 0.0000000000
112954  -39.459  25.098  41.880 0.0000000000
112950  -38.025  24.741  42.993 0.0000000000
112248  -38.068  24.019  45.450 0.0000000000
111510  -38.999  24.405  47.025 0.0000000000
159406  -39.257  24.117  46.361 0.0000000000
110845  -40.389  23.793  46.294 0.0000000000
110204  -40.774  22.864  46.211 0.0000000000
109582  -41.678  21.049  46.161 0.0000000000
147567  -40.185  21.314  46.165 0.0000000000
139211  -39.285  20.289  46.078 0.0000000000
138952  -38.844  19.179  46.159 0.0000000000
109006  -35.956  19.688  42.785 0.0000000000
112225  -32.139  23.815  47.044 0.0000000000
116174  -44.472  31.576  35.294 0.0000000000
116181  -42.286  29.879  35.176 0.0000000000
114870  -43.601  28.807  34.851 0.0000000000
113650  -42.215  26.538  34.874 0.0000000000
113635  -42.717  25.759  37.319 0.0000000000
112319  -45.441  23.929  36.415 0.0000000000
112996  -44.311  25.195  37.977 0.0000000000
112969  -42.965  25.397  39.851 0.0000000000
112264  -41.762  24.300  40.890 0.0000000000
111542  -40.753  23.258  41.386 0.0000000000
110880  -39.450  22.467  41.921 0.0000000000
110250  -38.567  21.770  42.714 0.0000000000
110261  -39.418  21.631  41.442 0.0000000000
140088  -38.323  20.950  41.350 0.0000000000
110260  -37.591  20.923  41.297 0.0000000000
110922  -38.834  22.829  39.105 0.0000000000
110914  -37.509  22.354  39.803 0.0000000000
162035  -44.484  14.321  49.338 0.0000000000
106372  -44.249  15.368  48.360 0.0000000000
106376  -44.048  15.587  47.392 0.0000000000
107087  -45.563  16.480  47.426 0.0000000000
155268  -47.125  16.964  46.862 0.0000000000
148869  -47.609  18.146  47.052 0.0000000000
149861  -39.762  38.015  38.476 0.0000000000
120774  -38.694  39.086  37.048 0.0000000000
120179  -40.598  37.014  38.095 0.0000000000
119540  -41.483  36.699  37.564 0.0000000000
134677  -42.712  36.198  36.732 0.0000000000
118912  -43.726  34.505  36.012 0.0000000000
118927  -35.832  34.826  34.152 0.0000000000
119584  -39.844  35.230  33.636 0.0000000000
118945  -42.718  34.639  33.969 0.0000000000
117597  -44.250  33.030  35.240 0.0000000000
117614  -44.170  31.866  33.438 0.0000000000
115525  -45.035  29.819  33.100 0.0000000000
114285  -44.752  27.578  31.980 0.0000000000
114282  -42.546  28.062  31.048 0.0000000000
114297  -43.710  27.389  30.934 0.0000000000
113055  -44.426  25.825  31.213 0.0000000000
137009  -43.986  23.000  31.225 0.0000000000
110329  -43.098  21.529  31.179 0.0000000000
109057  -40.174  19.514  29.793 0.0000000000
109076  -39.174  19.281  28.908 0.0000000000
111024  -40.202  22.290  26.764 0.0000000000
143322  -42.486  15.095  50.375 0.0000000000
107075  -43.158  16.551  50.632 0.0000000000
107738  -40.045  17.729  50.040 0.0000000000
107740  -41.998  17.754  50.295 0.0000000000
107724  -44.236  17.372  50.554 0.0000000000
108363  -45.816  18.252  49.998 0.0000000000
162846  -46.407  19.138  48.960 0.0000000000
109586  -47.289  19.841  46.713 0.0000000000
112232  -33.601  24.136  46.408 0.0000000000
114866  -39.969  28.683  34.988 0.0000000000
114229  -38.543  27.445  37.282 0.0000000000
114209  -37.247  27.369  39.710 0.0000000000
160950  -38.630  26.539  40.626 0.0000000000
146934  -37.557  26.914  40.405 0.0000000000
114199  -36.186  26.861  41.106 0.0000000000
112947  -35.293  25.686  43.466 0.0000000000
112239  -34.635  24.543  45.352 0.0000000000
111496  -34.616  23.439  47.115 0.0000000000
110824  -36.225  22.496  48.229 0.0000000000
152494  -38.366  22.111  48.787 0.0000000000
149545  -39.963  22.688  49.023 0.0000000000
111486  -40.062  24.416  47.985 0.0000000000
155246  -40.848  23.273  48.642 0.0000000000
110192  -42.578  22.636  48.382 0.0000000000
110198  -44.094  22.913  47.571 0.0000000000
109575  -46.058  21.585  46.994 0.0000000000
109599  -46.894  20.240  45.478 0.0000000000
108990  -45.810  19.499  44.757 0.0000000000
108404  -45.314  18.772  44.484 0.0000000000
138221  -43.680  17.759  44.512 0.0000000000
108960  -42.520  19.699  45.920 0.0000000000
137631  -42.126  17.838  45.341 0.0000000000
107124  -42.351  16.813  44.149 0.0000000000
143482  -41.844  16.328  43.609 0.0000000000
106422  -40.538  15.493  43.289 0.0000000000
109609  -37.770  20.529  44.287 0.0000000000
109594  -37.966  20.241  45.055 0.0000000000
108386  -38.082  18.694  45.989 0.0000000000
108988  -36.411  18.919  44.331 0.0000000000
108385  -37.280  18.409  45.546 0.0000000000
107761  -38.426  17.305  46.085 0.0000000000
106392  -37.996  15.944  45.432 0.0000000000
106408  -38.415  15.379  44.752 0.0000000000
142866  -47.855  17.894  45.542 0.0000000000
107107  -47.942  16.844  44.571 0.0000000000
107766  -47.932  17.839  44.708 0.0000000000
108407  -47.700  18.296  44.009 0.0000000000
138081  -47.660  18.665  44.625 0.0000000000
110314  -41.361  21.919  31.754 0.0000000000
142153  -41.677  22.581  32.497 0.0000000000
110979  -40.726  22.549  32.169 0.0000000000
152184  -34.900  21.477  48.326 0.0000000000
110822  -34.244  22.368  47.809 0.0000000000
117589  -42.667  32.919  36.373 0.0000000000
116861  -41.243  31.846  36.193 0.0000000000
116869  -41.701  31.176  35.974 0.0000000000
110879  -38.766  22.684  42.636 0.0000000000
152267  -38.506  23.155  44.960 0.0000000000
145968  -38.403  22.523  44.319 0.0000000000
110239  -38.389  21.958  43.586 0.0000000000
113670  -45.473  27.031  33.312 0.0000000000
113662  -45.372  26.922  33.948 0.0000000000
138985  -45.363  26.138  33.584 0.0000000000
111606  -42.603  23.658  37.987 0.0000000000
111589  -41.900  23.619  38.813 0.0000000000
162791  -41.082  23.357  38.993 0.0000000000
111570  -40.677  22.961  39.532 0.0000000000
111587  -40.260  23.314  38.575 0.0000000000
156503  -45.126  15.509  50.363 0.0000000000
106364  -45.521  15.700  50.157 0.0000000000
106365  -45.851  16.341  50.280 0.0000000000
119560  -34.290  35.671  35.990 0.0000000000
120186  -34.802  36.170  36.633 0.0000000000
120199  -36.148  35.976  36.041 0.0000000000
120201  -37.823  35.968  35.577 0.0000000000
119562  -37.067  35.494  35.107 0.0000000000
116910  -38.592  31.656  31.938 0.0000000000
117619  -38.392  32.777  32.053 0.0000000000
160012  -39.594  31.695  31.837 0.0000000000
117621  -40.726  32.687  31.795 0.0000000000
116912  -41.081  31.765  31.837 0.0000000000
145936  -41.626  30.992  31.904 0.0000000000
142784  -40.895  30.897  31.885 0.0000000000
112380  -41.459  24.046  29.300 0.0000000000
142195  -42.190  24.303  29.457 0.0000000000
134932  -41.884  23.547  29.299 0.0000000000
111700  -42.257  22.972  29.346 0.0000000000
111018  -41.722  22.239  28.991 0.0000000000
110354  -41.315  21.613  28.467 0.0000000000
153883  -40.968  22.215  28.350 0.0000000000
106355  -35.947  15.621  50.533 0.0000000000
143893  -37.529  15.016  50.646 0.0000000000
106357  -37.794  15.714  50.573 0.0000000000
106358  -38.630  15.816  50.595 0.0000000000
108946  -41.367  19.987  49.190 0.0000000000
108947  -42.269  20.484  49.101 0.0000000000
144212  -41.599  20.990  49.068 0.0000000000
114835  -35.405  27.869  39.577 0.0000000000
114832  -34.892  27.842  40.179 0.0000000000
114198  -34.315  27.683  41.122 0.0000000000
159370  -34.903  27.422  41.168 0.0000000000
113625  -41.627  26.499  37.968 0.0000000000
113624  -40.765  26.790  38.052 0.0000000000
113614  -41.298  26.534  39.327 0.0000000000
154750  -37.685  24.180  45.514 0.0000000000
112246  -37.179  24.482  44.851 0.0000000000
159020  -36.647  24.302  45.621 0.0000000000
111508  -37.432  23.900  47.016 0.0000000000
110205  -41.708  23.240  46.340 0.0000000000
110847  -41.997  24.127  46.727 0.0000000000
110206  -42.749  23.445  46.419 0.0000000000
110207  -43.776  23.232  46.199 0.0000000000
140984  -43.296  22.419  46.077 0.0000000000
109584  -43.787  21.316  45.925 0.0000000000
109583  -42.623  20.977  46.056 0.0000000000
108373  -39.327  18.542  46.289 0.0000000000
107750  -39.808  17.859  46.111 0.0000000000
109628  -37.196  20.297  42.286 0.0000000000
107776  -35.302  17.154  45.171 0.0000000000
107758  -35.927  17.096  45.469 0.0000000000
106405  -35.584  15.506  45.116 0.0000000000
106395  -46.262  15.895  45.414 0.0000000000
110983  -44.112  22.709  32.778 0.0000000000
110984  -44.806  23.057  33.443 0.0000000000
110982  -43.859  22.433  32.985 0.0000000000
110954  -42.564  23.032  34.472 0.0000000000
136540  -43.575  22.638  34.252 0.0000000000
150643  -42.673  23.164  35.444 0.0000000000
111638  -41.743  23.375  35.261 0.0000000000
162334  -40.651  23.538  36.305 0.0000000000
111637  -40.826  23.533  35.571 0.0000000000
111649  -39.667  23.816  34.632 0.0000000000
105627  -44.687  14.247  50.326 0.0000000000
119535  -31.433  35.525  37.146 0.0000000000
145192  -39.537  25.269  29.486 0.0000000000
149971  -39.290  24.531  27.834 0.0000000000
113086  -38.829  25.418  28.338 0.0000000000
109564  -36.912  20.882  48.670 0.0000000000
108942  -37.333  20.090  48.834 0.0000000000
158519  -38.057  20.400  48.805 0.0000000000
108943  -38.735  20.088  48.922 0.0000000000
109565  -38.147  21.265  48.741 0.0000000000
157874  -40.195  34.674  37.364 0.0000000000
114855  -37.601  28.581  36.243 0.0000000000
112958  -41.204  24.949  40.933 0.0000000000
162488  -40.499  25.383  41.060 0.0000000000
112262  -40.292  24.815  41.518 0.0000000000
111524  -38.288  23.677  43.506 0.0000000000
142112  -37.892  24.135  44.362 0.0000000000
111516  -38.642  23.964  46.277 0.0000000000
136987  -38.428  23.736  45.326 0.0000000000
110844  -39.451  23.388  46.080 0.0000000000
143320  -41.203  21.824  46.263 0.0000000000
108972  -38.375  19.776  45.729 0.0000000000
147143  -44.855  30.681  34.925 0.0000000000
115499  -44.076  29.714  35.121 0.0000000000
114871  -44.831  28.969  34.902 0.0000000000
113652  -43.657  26.097  34.582 0.0000000000
114251  -43.150  27.009  34.526 0.0000000000
113021  -43.195  25.537  35.423 0.0000000000
113006  -42.463  25.687  36.194 0.0000000000
113007  -43.353  25.370  36.612 0.0000000000
111640  -45.716  23.185  35.552 0.0000000000
112330  -45.465  23.904  35.537 0.0000000000
111625  -45.645  23.419  36.188 0.0000000000
111591  -43.773  24.318  38.784 0.0000000000
112299  -44.559  24.413  38.135 0.0000000000
112982  -43.956  25.133  39.066 0.0000000000
113617  -43.734  25.493  38.599 0.0000000000
112970  -43.451  25.158  39.541 0.0000000000
112964  -42.596  25.087  40.247 0.0000000000
112274  -43.027  24.801  39.951 0.0000000000
110894  -41.520  23.287  40.807 0.0000000000
110893  -41.001  22.784  41.006 0.0000000000
110892  -40.204  22.287  41.299 0.0000000000
110905  -38.957  21.513  40.534 0.0000000000
110268  -38.975  21.177  41.105 0.0000000000
110267  -38.229  21.166  40.879 0.0000000000
111603  -39.166  23.533  37.199 0.0000000000
111586  -39.147  23.262  38.292 0.0000000000
105631  -44.671  13.651  49.604 0.0000000000
106373  -45.132  15.706  49.022 0.0000000000
106380  -44.863  16.131  46.915 0.0000000000
107084  -46.516  17.052  49.041 0.0000000000
107089  -46.811  17.096  47.877 0.0000000000
107085  -47.014  17.383  48.287 0.0000000000
107090  -47.226  17.265  47.193 0.0000000000
107747  -47.381  17.714  47.610 0.0000000000
121981  -38.947  40.948  38.189 0.0000000000
121379  -38.688  39.549  39.221 0.0000000000
121386  -39.356  39.430  38.821 0.0000000000
162111  -38.939  37.858  38.810 0.0000000000
121388  -40.080  40.088  37.742 0.0000000000
120155  -32.016  36.805  39.015 0.0000000000
162703  -34.367  37.712  38.257 0.0000000000
120781  -38.338  38.002  36.747 0.0000000000
120773  -37.444  38.185  37.079 0.0000000000
120782  -39.583  38.951  36.829 0.0000000000
121398  -40.349  39.260  37.295 0.0000000000
120776  -40.844  38.526  37.374 0.0000000000
157416  -41.092  36.956  37.909 0.0000000000
120777  -41.421  38.208  37.022 0.0000000000
120210  -40.797  36.574  35.072 0.0000000000
120193  -42.210  37.020  36.526 0.0000000000
120205  -42.135  36.615  35.643 0.0000000000
119550  -43.163  35.666  36.357 0.0000000000
119578  -42.773  35.585  35.031 0.0000000000
119583  -38.663  35.069  33.761 0.0000000000
118941  -39.191  34.812  33.215 0.0000000000
118297  -41.767  33.914  32.611 0.0000000000
118955  -41.133  34.374  32.743 0.0000000000
118284  -42.457  34.164  33.272 0.0000000000
118285  -43.201  33.884  33.900 0.0000000000
118299  -43.338  33.054  33.412 0.0000000000
146635  -44.316  32.626  34.608 0.0000000000
117613  -43.520  32.328  33.001 0.0000000000
116223  -43.625  30.434  31.970 0.0000000000
116916  -43.843  30.938  32.419 0.0000000000
136275  -44.040  29.736  31.797 0.0000000000
145467  -45.048  29.087  32.717 0.0000000000
114908  -44.404  28.922  31.827 0.0000000000
114280  -40.511  27.802  30.946 0.0000000000
114906  -41.892  28.708  31.365 0.0000000000
114281  -41.534  27.898  31.012 0.0000000000
159545  -43.426  25.006  29.935 0.0000000000
152685  -43.533  26.438  30.487 0.0000000000
113078  -43.677  25.499  30.295 0.0000000000
160348  -44.248  26.305  31.001 0.0000000000
113068  -43.982  25.241  30.652 0.0000000000
112365  -44.203  24.187  31.253 0.0000000000
112371  -43.962  24.427  30.609 0.0000000000
110347  -42.921  21.525  29.837 0.0000000000
109700  -42.462  20.799  29.784 0.0000000000
109687  -41.922  20.922  30.609 0.0000000000
109699  -41.447  20.354  30.154 0.0000000000
109058  -41.027  19.897  29.639 0.0000000000
109722  -40.743  20.464  27.700 0.0000000000
157230  -40.717  19.745  28.262 0.0000000000
109085  -39.790  19.649  27.930 0.0000000000
109713  -39.030  19.679  28.171 0.0000000000
109720  -39.428  20.268  27.484 0.0000000000
111734  -39.961  23.006  26.521 0.0000000000
105624  -40.257  14.027  50.264 0.0000000000
106360  -40.436  15.829  50.595 0.0000000000
143323  -41.079  14.767  50.319 0.0000000000
106361  -41.420  15.915  50.586 0.0000000000
107074  -42.294  16.235  50.627 0.0000000000
107737  -39.105  17.647  49.977 0.0000000000
143140  -42.246  18.609  49.870 0.0000000000
156053  -42.828  18.043  50.241 0.0000000000
107723  -43.155  17.365  50.522 0.0000000000
108342  -43.679  17.948  50.329 0.0000000000
108344  -45.457  17.809  50.337 0.0000000000
108362  -45.076  18.411  50.063 0.0000000000
108949  -45.160  19.953  48.976 0.0000000000
108950  -45.934  19.555  48.955 0.0000000000
109573  -46.358  19.900  48.354 0.0000000000
108953  -46.888  19.859  47.663 0.0000000000
109576  -46.285  20.847  47.623 0.0000000000
113588  -33.652  26.308  43.326 0.0000000000
112231  -32.814  24.510  46.069 0.0000000000
115497  -41.881  29.201  34.895 0.0000000000
115496  -40.928  29.003  34.877 0.0000000000
114867  -40.622  28.034  34.858 0.0000000000
114217  -39.450  27.224  38.761 0.0000000000
134605  -39.186  27.130  37.223 0.0000000000
114216  -38.512  27.360  38.672 0.0000000000
114215  -37.717  27.516  38.524 0.0000000000
135550  -37.970  27.362  39.200 0.0000000000
113603  -39.324  26.076  41.148 0.0000000000
113605  -39.711  26.386  40.489 0.0000000000
113602  -38.542  26.145  41.397 0.0000000000
112948  -36.722  25.497  43.115 0.0000000000
113596  -37.310  26.075  41.917 0.0000000000
113595  -36.555  26.070  42.314 0.0000000000
114200  -36.934  26.751  40.879 0.0000000000
113599  -36.092  26.520  41.733 0.0000000000
113590  -35.199  26.235  42.840 0.0000000000
112244  -35.429  24.779  44.729 0.0000000000
112233  -35.325  23.991  46.216 0.0000000000
111506  -34.438  23.836  46.628 0.0000000000
111497  -35.597  23.397  47.293 0.0000000000
110838  -35.934  22.999  47.762 0.0000000000
110826  -38.259  23.049  48.636 0.0000000000
140704  -39.115  22.735  48.998 0.0000000000
111485  -39.367  24.496  47.747 0.0000000000
111500  -40.201  24.618  47.336 0.0000000000
111489  -41.988  24.317  47.395 0.0000000000
111487  -40.776  24.299  48.000 0.0000000000
111488  -41.395  24.149  47.873 0.0000000000
110829  -41.843  23.484  48.188 0.0000000000
110831  -43.425  23.319  47.518 0.0000000000
110217  -44.945  22.022  46.004 0.0000000000
151542  -45.131  22.406  46.292 0.0000000000
110218  -45.585  21.377  46.065 0.0000000000
110219  -46.274  20.763  45.894 0.0000000000
109598  -46.161  20.478  45.524 0.0000000000
108976  -46.869  19.842  44.957 0.0000000000
108975  -46.088  20.045  45.127 0.0000000000
108390  -44.779  19.406  45.158 0.0000000000
108403  -44.200  18.523  44.889 0.0000000000
107779  -44.701  18.045  44.169 0.0000000000
109581  -40.844  20.456  46.207 0.0000000000
108959  -41.710  20.102  46.077 0.0000000000
107764  -41.237  17.495  45.478 0.0000000000
107778  -42.725  17.423  44.715 0.0000000000
107123  -41.581  16.555  44.373 0.0000000000
106410  -40.160  15.617  44.101 0.0000000000
106421  -39.682  15.186  43.649 0.0000000000
109620  -38.273  21.330  43.227 0.0000000000
109619  -37.850  20.676  43.290 0.0000000000
108971  -37.594  19.273  45.291 0.0000000000
107760  -36.947  17.586  45.750 0.0000000000
108401  -36.475  18.240  45.064 0.0000000000
137179  -37.743  17.782  46.053 0.0000000000
107102  -38.587  16.519  45.669 0.0000000000
105663  -37.945  14.767  44.247 0.0000000000
105679  -38.302  14.396  43.390 0.0000000000
107106  -47.571  16.626  45.261 0.0000000000
107792  -47.802  16.992  43.323 0.0000000000
110316  -43.186  21.860  32.049 0.0000000000
110980  -42.469  22.512  32.835 0.0000000000
154408  -41.907  23.021  33.448 0.0000000000
111650  -40.936  23.508  34.699 0.0000000000
136373  -40.168  23.556  33.360 0.0000000000
109563  -36.027  20.814  48.610 0.0000000000
110188  -36.582  21.753  48.488 0.0000000000
118265  -41.188  33.796  36.795 0.0000000000
117587  -40.840  32.692  36.476 0.0000000000
116170  -39.397  30.389  35.552 0.0000000000
112255  -39.517  24.350  42.112 0.0000000000
110202  -38.853  22.309  45.432 0.0000000000
158589  -39.257  22.151  45.813 0.0000000000
109610  -38.371  21.299  44.937 0.0000000000
115501  -45.437  29.323  34.369 0.0000000000
114872  -45.250  28.731  34.545 0.0000000000
114254  -45.287  27.767  34.296 0.0000000000
114253  -45.038  27.200  34.463 0.0000000000
113033  -44.763  25.298  34.640 0.0000000000
141321  -44.363  23.090  36.987 0.0000000000
135561  -44.868  23.373  37.241 0.0000000000
111607  -44.007  23.698  37.954 0.0000000000
111573  -43.131  24.302  39.574 0.0000000000
111556  -42.575  24.122  40.244 0.0000000000
111572  -42.430  23.756  39.702 0.0000000000
110907  -41.086  22.820  40.435 0.0000000000
110916  -40.217  22.268  40.080 0.0000000000
104895  -44.006  13.152  48.975 0.0000000000
105628  -44.898  14.369  50.068 0.0000000000
105632  -45.002  14.388  49.938 0.0000000000
106368  -45.373  15.319  49.892 0.0000000000
106374  -45.679  15.981  49.564 0.0000000000
107082  -45.719  16.458  48.558 0.0000000000
107083  -46.062  16.508  49.401 0.0000000000
107080  -46.130  16.720  49.893 0.0000000000
107741  -46.442  17.364  49.668 0.0000000000
121385  -36.143  39.483  38.066 0.0000000000
120175  -32.781  36.319  37.598 0.0000000000
120770  -33.993  37.104  37.935 0.0000000000
120177  -34.376  36.634  37.321 0.0000000000
120188  -36.681  36.589  36.471 0.0000000000
120191  -40.433  38.093  36.333 0.0000000000
120202  -39.672  36.955  35.848 0.0000000000
119564  -39.878  36.313  35.099 0.0000000000
146621  -40.074  35.810  34.285 0.0000000000
117609  -37.397  32.833  32.355 0.0000000000
118953  -39.549  34.358  32.578 0.0000000000
118303  -39.718  33.623  32.052 0.0000000000
118305  -41.259  33.323  32.042 0.0000000000
117611  -42.074  33.078  32.314 0.0000000000
117624  -43.008  31.927  32.422 0.0000000000
116914  -42.579  31.429  32.142 0.0000000000
116222  -42.862  30.573  31.862 0.0000000000
151639  -42.710  29.894  31.600 0.0000000000
113065  -41.091  25.559  29.904 0.0000000000
113690  -41.667  26.452  30.224 0.0000000000
113066  -42.265  25.690  29.872 0.0000000000
113077  -42.780  24.862  29.664 0.0000000000
112382  -43.392  24.278  29.752 0.0000000000
111702  -43.783  23.875  30.058 0.0000000000
111701  -43.189  23.197  29.672 0.0000000000
110346  -42.592  21.586  29.355 0.0000000000
109080  -41.925  20.731  28.865 0.0000000000
109070  -41.399  19.996  29.089 0.0000000000
109714  -41.314  20.869  28.358 0.0000000000
109723  -40.950  20.820  27.952 0.0000000000
109730  -40.526  21.017  27.294 0.0000000000
106354  -34.988  15.837  50.399 0.0000000000
143230  -36.245  14.830  50.806 0.0000000000
105620  -37.019  14.596  50.807 0.0000000000
143325  -39.011  15.061  50.502 0.0000000000
106359  -39.497  15.861  50.626 0.0000000000
107073  -39.991  16.577  50.588 0.0000000000
108928  -39.980  19.171  49.321 0.0000000000
108358  -40.464  18.396  49.704 0.0000000000
108929  -40.854  19.148  49.420 0.0000000000
108930  -41.582  19.089  49.528 0.0000000000
160787  -42.738  19.127  49.651 0.0000000000
108931  -43.508  19.356  49.521 0.0000000000
108948  -44.163  20.197  49.051 0.0000000000
109571  -44.783  21.071  48.473 0.0000000000
114197  -33.829  27.542  41.613 0.0000000000
113593  -33.828  26.749  42.629 0.0000000000
113642  -40.969  26.336  35.970 0.0000000000
114231  -40.196  26.750  36.158 0.0000000000
114223  -39.845  27.093  38.070 0.0000000000
114211  -39.817  26.962  39.407 0.0000000000
151505  -38.075  25.327  42.507 0.0000000000
113597  -38.020  25.910  41.953 0.0000000000
112949  -37.426  25.047  43.317 0.0000000000
112942  -36.805  24.937  43.953 0.0000000000
112941  -36.001  25.018  44.145 0.0000000000
112245  -36.502  24.551  44.991 0.0000000000
111498  -36.633  23.551  47.482 0.0000000000
148628  -37.646  23.793  47.696 0.0000000000
153439  -38.630  23.911  48.268 0.0000000000
111512  -40.672  24.444  46.877 0.0000000000
111501  -40.770  24.513  47.398 0.0000000000
111513  -41.396  24.464  47.021 0.0000000000
111514  -42.036  24.352  47.140 0.0000000000
156828  -42.433  24.163  47.090 0.0000000000
110842  -44.115  23.437  46.963 0.0000000000
110849  -43.950  23.376  46.521 0.0000000000
110208  -44.516  22.929  46.154 0.0000000000
109596  -44.744  21.287  45.808 0.0000000000
108958  -40.407  19.482  46.185 0.0000000000
108375  -40.898  18.850  46.015 0.0000000000
107751  -40.656  18.052  45.906 0.0000000000
107104  -40.915  16.653  45.023 0.0000000000
142430  -40.050  16.616  45.365 0.0000000000
107103  -39.392  16.252  45.272 0.0000000000
109008  -37.354  20.220  42.851 0.0000000000
140744  -35.788  18.413  44.419 0.0000000000
107100  -36.556  16.738  45.649 0.0000000000
106391  -37.077  16.004  45.531 0.0000000000
106406  -36.582  15.356  45.118 0.0000000000
105677  -36.496  14.080  43.863 0.0000000000
152101  -44.589  15.408  45.506 0.0000000000
112357  -45.123  24.577  32.722 0.0000000000
113040  -45.344  24.785  33.733 0.0000000000
112351  -45.289  24.059  33.606 0.0000000000
111651  -45.500  23.190  34.804 0.0000000000
110956  -45.003  22.571  34.791 0.0000000000
142675  -43.602  22.516  33.496 0.0000000000
110955  -44.380  22.571  34.970 0.0000000000
110944  -44.416  22.727  35.995 0.0000000000
150321  -43.400  23.107  36.172 0.0000000000
111622  -41.941  23.513  37.053 0.0000000000
111604  -40.570  23.526  37.726 0.0000000000
111621  -40.981  23.549  36.989 0.0000000000
144596  -40.040  23.534  36.864 0.0000000000
111620  -39.295  23.675  36.234 0.0000000000
137325  -40.205  23.653  35.061 0.0000000000
111636  -39.459  23.780  35.337 0.0000000000
104155  -45.593  12.517  50.263 0.0000000000
104888  -44.796  13.585  50.710 0.0000000000
106363  -44.860  14.967  50.342 0.0000000000
143321  -44.229  15.849  50.518 0.0000000000
120174  -31.968  36.019  37.799 0.0000000000
119536  -32.315  35.774  36.998 0.0000000000
119546  -32.695  35.502  36.261 0.0000000000
116219  -40.198  30.335  31.813 0.0000000000
113689  -40.558  26.419  30.312 0.0000000000
157448  -40.290  25.103  29.693 0.0000000000
112378  -40.031  24.508  29.182 0.0000000000
112379  -40.583  23.820  28.960 0.0000000000
111709  -40.332  23.270  28.208 0.0000000000
108927  -39.066  19.231  49.241 0.0000000000
108944  -39.550  20.009  49.019 0.0000000000
109567  -39.969  20.897  49.082 0.0000000000
114843  -35.831  28.395  37.913 0.0000000000
114840  -36.456  27.768  38.612 0.0000000000
113607  -41.418  25.890  40.164 0.0000000000
157374  -41.183  26.293  39.821 0.0000000000
112962  -40.936  25.640  40.612 0.0000000000
112957  -39.781  25.504  41.388 0.0000000000
112953  -38.768  24.968  42.380 0.0000000000
112250  -37.640  24.493  43.851 0.0000000000
112247  -37.608  24.293  44.789 0.0000000000
111509  -38.295  24.205  46.793 0.0000000000
112242  -38.048  24.120  46.151 0.0000000000
109580  -40.006  20.153  46.250 0.0000000000
108957  -39.619  19.373  46.252 0.0000000000
109627  -36.441  20.172  42.272 0.0000000000
109000  -35.466  19.288  43.369 0.0000000000
108411  -35.069  18.697  43.983 0.0000000000
108400  -35.158  17.955  44.667 0.0000000000
107120  -34.802  16.285  45.132 0.0000000000
116871  -44.038  32.147  35.775 0.0000000000
142707  -42.705  31.250  35.882 0.0000000000
116182  -43.227  30.332  35.370 0.0000000000
115498  -42.893  29.428  35.025 0.0000000000
114869  -42.464  28.566  34.730 0.0000000000
147313  -44.106  27.994  34.652 0.0000000000
146356  -43.054  27.995  34.591 0.0000000000
114242  -41.389  26.804  35.047 0.0000000000
113643  -41.769  26.076  35.658 0.0000000000
113634  -41.746  26.028  36.918 0.0000000000
113615  -42.316  26.281  38.687 0.0000000000
113034  -45.069  24.798  34.731 0.0000000000
113023  -45.063  24.405  35.575 0.0000000000
149759  -44.603  24.747  35.494 0.0000000000
151710  -45.204  24.137  37.109 0.0000000000
113009  -44.694  24.600  37.541 0.0000000000
113008  -44.241  25.036  37.111 0.0000000000
112995  -43.632  25.523  37.752 0.0000000000
113616  -43.032  25.928  38.918 0.0000000000
113612  -42.583  25.955  39.430 0.0000000000
112968  -42.193  25.568  40.086 0.0000000000
112963  -42.022  24.981  40.561 0.0000000000
112263  -41.059  24.128  41.325 0.0000000000
111544  -42.010  23.849  40.737 0.0000000000
111543  -41.455  23.540  41.072 0.0000000000
111533  -39.904  23.286  41.818 0.0000000000
110251  -39.029  21.875  42.057 0.0000000000
149342  -38.700  21.174  41.791 0.0000000000
110269  -39.684  21.616  40.920 0.0000000000
111585  -38.042  23.187  38.502 0.0000000000
110921  -38.186  22.591  39.418 0.0000000000
143856  -38.360  22.056  40.034 0.0000000000
136127  -43.740  13.973  48.877 0.0000000000
105635  -43.859  14.660  48.631 0.0000000000
106379  -44.209  15.569  46.376 0.0000000000
106381  -45.964  16.309  46.345 0.0000000000
107088  -46.547  16.768  47.137 0.0000000000
107092  -47.230  16.694  46.108 0.0000000000
107093  -47.498  16.975  46.165 0.0000000000
107752  -47.612  17.592  46.425 0.0000000000
108377  -47.780  18.378  46.198 0.0000000000
121392  -36.634  39.107  37.701 0.0000000000
120772  -35.590  37.725  37.622 0.0000000000
141156  -36.538  38.334  37.447 0.0000000000
121394  -39.169  39.988  37.447 0.0000000000
120767  -40.292  39.141  37.964 0.0000000000
120168  -39.706  36.974  38.383 0.0000000000
119538  -39.515  35.808  38.051 0.0000000000
119539  -40.569  36.151  37.800 0.0000000000
118904  -40.885  35.372  37.457 0.0000000000
144907  -41.608  37.683  36.684 0.0000000000
119549  -42.184  36.604  37.093 0.0000000000
118909  -41.753  34.911  37.177 0.0000000000
118910  -42.761  34.931  36.958 0.0000000000
118267  -42.945  33.957  36.588 0.0000000000
118268  -43.664  33.968  36.135 0.0000000000
119572  -35.511  35.235  34.851 0.0000000000
119574  -37.326  35.215  34.372 0.0000000000
119575  -39.160  35.577  34.377 0.0000000000
119585  -40.653  35.500  33.817 0.0000000000
118942  -40.075  34.827  33.139 0.0000000000
118943  -40.922  34.872  33.212 0.0000000000
118929  -42.330  35.276  34.242 0.0000000000
118930  -42.938  35.061  34.646 0.0000000000
118272  -43.886  33.815  35.703 0.0000000000
117593  -43.968  33.051  35.827 0.0000000000
117598  -44.609  32.223  35.035 0.0000000000
116874  -44.774  31.428  34.737 0.0000000000
116184  -45.058  30.647  34.372 0.0000000000
116896  -43.683  31.581  32.688 0.0000000000
116196  -44.883  30.556  33.493 0.0000000000
116185  -45.387  29.959  33.986 0.0000000000
115514  -45.419  29.219  33.648 0.0000000000
114270  -45.347  27.725  32.853 0.0000000000
144378  -45.167  26.966  32.421 0.0000000000
115539  -41.233  29.217  31.556 0.0000000000
115540  -42.053  29.556  31.615 0.0000000000
136120  -42.853  29.055  31.356 0.0000000000
114295  -42.140  27.227  30.617 0.0000000000
114296  -43.073  27.321  30.688 0.0000000000
114918  -43.351  28.191  31.126 0.0000000000
114284  -44.219  27.478  31.301 0.0000000000
113679  -44.565  26.728  31.474 0.0000000000
113680  -45.027  26.163  32.117 0.0000000000
161055  -44.572  24.615  31.798 0.0000000000
111685  -44.523  23.992  32.082 0.0000000000
110993  -43.882  22.472  31.741 0.0000000000
147998  -43.773  22.855  30.584 0.0000000000
111002  -43.684  22.372  30.911 0.0000000000
110330  -43.520  21.970  31.310 0.0000000000
110328  -42.498  21.448  31.228 0.0000000000
110327  -41.765  21.331  31.216 0.0000000000
109069  -40.686  19.561  29.025 0.0000000000
109068  -39.725  19.273  29.411 0.0000000000
162238  -40.542  22.351  27.614 0.0000000000
110372  -40.088  21.775  26.493 0.0000000000
105625  -42.165  13.966  50.283 0.0000000000
106362  -43.172  15.758  50.530 0.0000000000
107076  -44.089  16.783  50.640 0.0000000000
159068  -39.101  17.132  50.316 0.0000000000
107720  -39.644  17.169  50.362 0.0000000000
107721  -40.472  17.201  50.453 0.0000000000
107739  -40.947  17.769  50.194 0.0000000000
153618  -41.337  17.194  50.537 0.0000000000
107722  -42.223  17.002  50.644 0.0000000000
160090  -44.662  16.979  50.659 0.0000000000
107726  -45.758  17.313  50.376 0.0000000000
108345  -46.001  17.747  50.165 0.0000000000
108364  -46.317  18.113  49.811 0.0000000000
108933  -45.516  18.965  49.568 0.0000000000
108934  -46.146  18.707  49.497 0.0000000000
108367  -47.097  18.445  48.702 0.0000000000
108369  -47.462  18.318  47.891 0.0000000000
108954  -47.632  18.898  47.056 0.0000000000
108962  -47.641  19.193  45.980 0.0000000000
136899  -32.147  24.359  46.497 0.0000000000
111504  -32.886  23.996  46.734 0.0000000000
111505  -33.710  23.670  46.954 0.0000000000
141259  -41.071  30.558  35.505 0.0000000000
115486  -39.360  29.467  35.244 0.0000000000
114230  -39.431  27.257  36.259 0.0000000000
114857  -39.070  28.232  35.505 0.0000000000
114856  -38.232  28.407  35.962 0.0000000000
114845  -37.389  27.774  37.660 0.0000000000
114214  -37.221  27.530  39.003 0.0000000000
114207  -36.304  27.555  39.767 0.0000000000
113610  -40.620  26.638  39.622 0.0000000000
113609  -40.030  26.606  39.945 0.0000000000
114205  -39.228  26.802  39.928 0.0000000000
113601  -37.698  26.398  41.236 0.0000000000
114204  -38.257  27.069  39.857 0.0000000000
161246  -36.510  27.256  40.389 0.0000000000
141625  -35.573  27.325  40.834 0.0000000000
114195  -35.340  26.943  41.572 0.0000000000
113589  -34.485  26.272  43.065 0.0000000000
112946  -34.280  25.717  43.753 0.0000000000
136885  -35.084  25.276  44.096 0.0000000000
112940  -34.448  25.161  44.497 0.0000000000
155285  -34.287  24.182  46.080 0.0000000000
111495  -33.864  23.015  47.387 0.0000000000
110823  -35.175  22.273  48.044 0.0000000000
110839  -36.911  23.258  48.022 0.0000000000
110825  -37.210  22.730  48.406 0.0000000000
158008  -37.568  21.827  48.611 0.0000000000
150821  -38.798  21.586  48.917 0.0000000000
110189  -39.547  21.767  49.049 0.0000000000
110190  -40.423  21.934  49.081 0.0000000000
110840  -38.479  24.182  47.793 0.0000000000
110828  -39.986  23.663  48.643 0.0000000000
110191  -41.473  22.129  48.909 0.0000000000
110193  -43.563  22.360  48.210 0.0000000000
110195  -45.278  21.928  47.771 0.0000000000
110199  -44.730  22.753  47.264 0.0000000000
147158  -45.837  21.618  47.507 0.0000000000
145049  -46.613  20.734  46.936 0.0000000000
109600  -47.309  19.907  45.820 0.0000000000
108977  -47.442  19.415  45.120 0.0000000000
108992  -47.312  19.063  44.488 0.0000000000
108991  -46.683  19.389  44.516 0.0000000000
108405  -46.333  18.906  44.108 0.0000000000
108974  -45.277  20.259  45.405 0.0000000000
107780  -45.771  18.323  43.731 0.0000000000
156176  -44.094  17.505  43.867 0.0000000000
108376  -41.673  19.164  45.978 0.0000000000
108388  -42.396  18.705  45.686 0.0000000000
107765  -43.123  18.179  45.207 0.0000000000
107787  -43.257  17.149  43.979 0.0000000000
107131  -42.838  16.629  43.210 0.0000000000
107122  -40.948  16.043  44.066 0.0000000000
108372  -38.682  18.440  46.266 0.0000000000
108402  -36.955  18.904  44.921 0.0000000000
145660  -38.352  17.988  46.249 0.0000000000
161448  -38.763  15.894  45.181 0.0000000000
105621  -37.738  14.214  50.694 0.0000000000
107719  -38.564  17.093  50.230 0.0000000000
107725  -45.114  17.248  50.566 0.0000000000
107727  -46.136  17.281  50.130 0.0000000000
107742  -46.776  17.926  49.431 0.0000000000
108343  -44.643  17.876  50.392 0.0000000000
108361  -44.109  18.516  49.995 0.0000000000
108366  -46.622  18.540  49.240 0.0000000000
108414  -47.789  17.767  43.505 0.0000000000
108951  -46.816  19.135  48.541 0.0000000000
109071  -42.011  20.450  29.182 0.0000000000
109077  -40.167  19.450  28.517 0.0000000000
109079  -41.470  20.333  28.668 0.0000000000
109086  -40.484  19.882  27.803 0.0000000000
109087  -40.784  20.113  27.904 0.0000000000
109088  -41.010  20.355  28.112 0.0000000000
109569  -42.147  21.522  48.912 0.0000000000
109570  -43.819  21.261  48.623 0.0000000000
109585  -46.801  20.509  46.179 0.0000000000
109629  -37.724  20.516  42.501 0.0000000000
109688  -42.496  21.098  30.513 0.0000000000
109689  -42.865  21.292  30.356 0.0000000000
109707  -42.469  20.962  29.234 0.0000000000
109721  -40.574  20.471  27.544 0.0000000000
110194  -44.425  22.141  48.054 0.0000000000
110200  -45.411  22.306  46.935 0.0000000000
110209  -45.701  21.919  46.513 0.0000000000
110210  -46.168  21.209  46.412 0.0000000000
110340  -43.273  21.793  30.608 0.0000000000
110355  -42.042  21.197  28.876 0.0000000000
110361  -40.329  21.684  26.905 0.0000000000
110362  -40.791  21.241  27.715 0.0000000000
110837  -34.915  22.938  47.550 0.0000000000
110841  -43.176  23.739  46.929 0.0000000000
110945  -45.199  22.647  35.710 0.0000000000
110946  -45.550  22.864  35.388 0.0000000000
110957  -45.318  22.840  34.759 0.0000000000
110966  -44.248  22.547  34.042 0.0000000000
110968  -45.217  22.944  34.212 0.0000000000
110981  -43.143  22.287  32.811 0.0000000000
111001  -43.451  22.291  30.231 0.0000000000
111009  -42.540  22.284  29.385 0.0000000000
111011  -43.650  22.999  30.094 0.0000000000
111588  -41.031  23.481  38.379 0.0000000000
111592  -44.354  24.211  38.288 0.0000000000
111624  -45.329  23.536  36.918 0.0000000000
111639  -45.671  22.992  36.165 0.0000000000
111662  -40.976  23.415  33.814 0.0000000000
111663  -45.262  23.410  33.977 0.0000000000
111674  -44.311  23.225  32.248 0.0000000000
111684  -44.176  23.592  31.452 0.0000000000
111693  -43.948  23.562  30.694 0.0000000000
111710  -41.365  22.766  28.953 0.0000000000
112241  -37.296  24.241  45.729 0.0000000000
112251  -38.026  24.319  43.460 0.0000000000
112273  -42.344  24.528  40.427 0.0000000000
112298  -44.209  24.689  38.666 0.0000000000
112310  -44.869  24.237  37.653 0.0000000000
112342  -45.403  23.880  34.357 0.0000000000
112945  -33.481  25.889  43.847 0.0000000000
112981  -43.327  25.538  39.274 0.0000000000
112983  -44.442  24.865  38.312 0.0000000000
113020  -42.438  25.932  35.329 0.0000000000
113032  -44.093  25.316  34.962 0.0000000000
113047  -45.411  25.605  32.950 0.0000000000
113056  -44.823  25.308  31.956 0.0000000000
113064  -39.980  25.764  30.002 0.0000000000
113067  -43.154  25.666  30.016 0.0000000000
113076  -41.848  24.875  29.564 0.0000000000
113087  -39.345  24.824  28.783 0.0000000000
113591  -35.929  25.909  42.949 0.0000000000
113594  -35.625  26.416  42.299 0.0000000000
113600  -36.789  26.422  41.508 0.0000000000
113606  -40.626  26.232  40.251 0.0000000000
113611  -41.801  26.111  39.682 0.0000000000
113626  -42.969  25.913  38.304 0.0000000000
113651  -42.848  26.132  34.798 0.0000000000
113653  -44.583  26.201  34.417 0.0000000000
113654  -45.028  26.601  34.249 0.0000000000
113688  -39.496  26.460  30.351 0.0000000000
113692  -44.014  26.000  30.699 0.0000000000
114193  -33.304  27.347  42.155 0.0000000000
114194  -34.497  27.275  41.648 0.0000000000
114202  -34.881  27.655  40.668 0.0000000000
114208  -36.715  27.553  39.302 0.0000000000
114221  -38.144  27.503  37.863 0.0000000000
114222  -38.930  27.247  38.016 0.0000000000
114240  -39.920  27.632  35.402 0.0000000000
114241  -40.645  27.145  35.284 0.0000000000
114250  -42.083  27.536  34.635 0.0000000000
114283  -43.967  28.228  31.278 0.0000000000
114298  -44.035  26.716  30.927 0.0000000000
114836  -36.133  27.694  39.237 0.0000000000
114839  -35.624  28.104  38.735 0.0000000000
114841  -37.063  27.665  38.325 0.0000000000
114848  -37.128  28.349  36.822 0.0000000000
114849  -37.909  27.887  36.845 0.0000000000
114850  -38.676  27.655  36.449 0.0000000000
114868  -41.483  28.312  34.731 0.0000000000
114884  -45.542  28.569  34.097 0.0000000000
114893  -45.410  28.470  33.281 0.0000000000
114905  -40.887  28.533  31.286 0.0000000000
114909  -44.916  28.341  32.366 0.0000000000
115485  -38.593  29.051  35.519 0.0000000000
115500  -44.956  29.915  35.015 0.0000000000
115541  -43.323  29.804  31.602 0.0000000000
115542  -44.583  29.601  32.333 0.0000000000
116171  -41.428  29.863  35.121 0.0000000000
116172  -42.177  30.552  35.549 0.0000000000
116173  -43.700  31.257  35.673 0.0000000000
116183  -44.366  30.630  35.268 0.0000000000
116209  -44.386  30.359  32.490 0.0000000000
116220  -41.200  30.086  31.764 0.0000000000
116862  -42.386  31.981  36.120 0.0000000000
116870  -43.304  31.823  35.958 0.0000000000
116881  -44.724  31.316  33.919 0.0000000000
116897  -44.322  31.137  33.028 0.0000000000
116911  -40.271  32.050  31.794 0.0000000000
116913  -41.926  31.700  31.990 0.0000000000
117590  -43.432  33.314  36.224 0.0000000000
117594  -44.333  32.406  35.455 0.0000000000
117601  -43.993  32.551  33.847 0.0000000000
117602  -44.516  32.035  34.312 0.0000000000
117612  -42.807  32.718  32.645 0.0000000000
117623  -42.312  32.248  32.218 0.0000000000
118260  -39.596  34.065  37.300 0.0000000000
118264  -40.121  33.368  36.827 0.0000000000
118266  -42.160  34.183  36.898 0.0000000000
118276  -43.758  33.833  34.952 0.0000000000
118295  -39.492  33.985  32.267 0.0000000000
118296  -40.054  34.031  32.252 0.0000000000
118304  -40.376  33.457  31.961 0.0000000000
118911  -43.355  34.866  36.444 0.0000000000
118919  -43.614  34.503  35.493 0.0000000000
118931  -43.314  34.536  34.707 0.0000000000
118940  -37.786  34.958  33.778 0.0000000000
118944  -41.848  34.703  33.344 0.0000000000
118954  -40.399  34.396  32.623 0.0000000000
119534  -30.374  35.361  37.205 0.0000000000
119537  -33.131  35.969  36.870 0.0000000000
119544  -30.979  35.079  36.442 0.0000000000
119547  -33.486  35.625  36.155 0.0000000000
119548  -41.861  35.926  37.369 0.0000000000
119551  -43.530  35.131  35.954 0.0000000000
119561  -36.205  35.566  35.352 0.0000000000
119563  -38.753  35.920  35.196 0.0000000000
119565  -42.592  36.078  35.485 0.0000000000
119566  -43.079  35.676  35.752 0.0000000000
119573  -36.434  35.207  34.560 0.0000000000
119576  -41.324  35.963  34.374 0.0000000000
119579  -43.283  35.124  35.296 0.0000000000
119586  -41.536  35.450  33.901 0.0000000000
120166  -33.264  36.909  38.113 0.0000000000
120169  -40.640  38.025  38.056 0.0000000000
120176  -33.572  36.489  37.444 0.0000000000
120178  -35.252  36.874  37.224 0.0000000000
120180  -41.804  37.476  37.115 0.0000000000
120187  -35.741  36.354  36.611 0.0000000000
120192  -41.117  37.989  36.528 0.0000000000
120194  -42.745  36.302  36.127 0.0000000000
120200  -36.930  36.017  35.824 0.0000000000
120204  -41.487  37.224  35.893 0.0000000000
120211  -41.471  36.487  35.022 0.0000000000
120757  -32.607  37.270  39.101 0.0000000000
120763  -33.067  37.267  38.657 0.0000000000
120766  -39.644  38.886  38.641 0.0000000000
120771  -34.752  37.324  37.794 0.0000000000
120775  -39.731  39.653  37.229 0.0000000000
120780  -37.282  37.328  36.757 0.0000000000
120783  -40.843  38.614  36.889 0.0000000000
121380  -39.383  40.129  38.680 0.0000000000
121387  -39.822  39.944  38.275 0.0000000000
121391  -35.817  38.599  37.885 0.0000000000
121393  -37.729  39.295  37.433 0.0000000000
121982  -39.410  40.602  38.285 0.0000000000
121983  -39.798  40.372  38.036 0.0000000000
121988  -37.262  39.935  37.908 0.0000000000
121990  -39.489  40.538  37.901 0.0000000000
136339  -42.337  23.338  36.204 0.0000000000
136760  -41.457  26.609  38.711 0.0000000000
138224  -45.232  25.266  34.064 0.0000000000
139845  -42.301  26.200  37.934 0.0000000000
140736  -34.014  27.153  42.080 0.0000000000
141268  -39.981  20.275  27.326 0.0000000000
141277  -44.888  24.486  36.544 0.0000000000
141357  -44.271  24.943  31.196 0.0000000000
142741  -43.866  33.186  34.348 0.0000000000
142951  -45.296  24.364  34.621 0.0000000000
143785  -45.626  16.839  50.467 0.0000000000
144590  -40.241  31.765  36.343 0.0000000000
144708  -38.256  34.696  33.234 0.0000000000
145473  -47.295  18.996  47.934 0.0000000000
147523  -42.521  35.761  37.118 0.0000000000
147815  -43.198  20.388  49.045 0.0000000000
148426  -45.214  29.402  34.749 0.0000000000
148470  -47.198  17.847  48.604 0.0000000000
149547  -45.015  28.001  34.633 0.0000000000
149703  -38.237  35.322  34.371 0.0000000000
149920  -42.066  20.612  30.139 0.0000000000
150403  -40.256  22.872  27.374 0.0000000000
150768  -42.262  31.019  31.968 0.0000000000
151307  -41.251  37.670  37.613 0.0000000000
151496  -46.315  17.695  49.910 0.0000000000
151683  -40.872  36.100  34.488 0.0000000000
152263  -40.266  38.722  36.728 0.0000000000
152538  -39.365  35.275  33.820 0.0000000000
152613  -38.674  36.622  35.901 0.0000000000
153828  -40.658  22.718  28.256 0.0000000000
154786  -42.743  19.734  49.328 0.0000000000
156416  -40.170  30.562  35.544 0.0000000000
156613  -42.976  35.533  36.784 0.0000000000
156962  -33.780  35.334  35.556 0.0000000000
157780  -41.783  32.519  36.350 0.0000000000
158203  -44.420  28.138  31.680 0.0000000000
159326  -42.958  30.845  35.666 0.0000000000
160680  -45.648  22.972  35.165 0.0000000000
161611  -43.248  23.559  46.653 0.0000000000
161664  -38.571  20.825  48.833 0.0000000000
162078  -47.340  19.391  47.366 0.0000000000
162086  -39.805  30.089  35.312 0.0000000000
162233  -35.228  23.662  46.832 0.0000000000
162700  -41.601  16.665  50.637 0.0000000000
162774  -45.359  25.511  33.607 0.0000000000
