#!ascii label  , from subject sub-v1s2x0051480_ses-1 vox2ras=TkReg
1764
48284  -34.082  -41.226  87.221 0.0000000000
64698  -43.026  -21.855  75.844 0.0000000000
62901  -30.554  -24.507  85.692 0.0000000000
46113  -4.121  -42.707  87.778 0.0000000000
51199  -20.030  -36.099  89.990 0.0000000000
51208  -4.191  -37.748  89.453 0.0000000000
52079  -5.414  -35.270  97.881 0.0000000000
62093  -38.314  -26.977  80.583 0.0000000000
52236  -2.572  -36.182  82.176 0.0000000000
42940  -2.248  -45.287  96.651 0.0000000000
53124  -35.791  -35.532  80.625 0.0000000000
122454  -28.096  -43.201  85.445 0.0000000000
46083  -25.790  -41.798  89.123 0.0000000000
68283  -45.162  -17.978  74.936 0.0000000000
62028  -34.766  -25.222  83.368 0.0000000000
50197  -13.260  -37.647  87.381 0.0000000000
56524  -3.845  -32.081  86.165 0.0000000000
49224  -7.054  -38.709  87.876 0.0000000000
49304  -6.615  -39.828  82.587 0.0000000000
44136  -4.946  -44.025  82.631 0.0000000000
43942  -10.039  -43.446  97.734 0.0000000000
44916  -7.150  -43.551  100.193 0.0000000000
117143  -30.457  -28.363  86.237 0.0000000000
49183  -23.854  -38.826  92.404 0.0000000000
48281  -22.414  -39.360  87.076 0.0000000000
52998  -5.683  -35.781  93.767 0.0000000000
50128  -5.865  -38.643  92.680 0.0000000000
61281  -41.018  -25.770  77.820 0.0000000000
46010  -10.734  -41.601  95.049 0.0000000000
118454  -11.987  -39.924  91.098 0.0000000000
50219  -1.755  -38.671  85.537 0.0000000000
134386  -3.017  -39.139  79.669 0.0000000000
50078  -6.850  -37.987  100.083 0.0000000000
130090  -5.985  -41.192  96.834 0.0000000000
130305  -2.001  -44.001  92.779 0.0000000000
50215  -36.243  -39.070  86.602 0.0000000000
47262  -34.404  -41.261  84.731 0.0000000000
126510  -36.488  -38.741  84.390 0.0000000000
46144  -31.552  -42.339  86.384 0.0000000000
113584  -31.052  -42.243  84.204 0.0000000000
45055  -29.451  -43.163  88.603 0.0000000000
66612  -44.303  -19.960  75.403 0.0000000000
63846  -40.399  -23.803  73.666 0.0000000000
64719  -42.241  -21.830  72.486 0.0000000000
67478  -43.744  -19.435  72.566 0.0000000000
62919  -32.941  -24.528  84.760 0.0000000000
60402  -28.761  -26.918  82.985 0.0000000000
115685  -30.069  -25.318  81.875 0.0000000000
62072  -32.302  -25.500  80.868 0.0000000000
48266  -4.906  -40.490  88.043 0.0000000000
120453  -5.832  -41.209  85.495 0.0000000000
45102  -4.622  -43.497  85.446 0.0000000000
43121  -3.482  -46.048  83.651 0.0000000000
44089  -2.980  -45.254  86.137 0.0000000000
42095  -10.119  -46.165  95.248 0.0000000000
41099  -9.106  -46.257  97.613 0.0000000000
58427  -32.045  -30.244  86.254 0.0000000000
53957  -35.137  -34.333  83.099 0.0000000000
53976  -33.936  -34.281  81.238 0.0000000000
55667  -32.009  -32.823  84.136 0.0000000000
57536  -31.327  -30.799  84.436 0.0000000000
50115  -25.426  -38.393  93.381 0.0000000000
46141  -24.036  -42.690  86.309 0.0000000000
129720  -22.875  -40.845  88.016 0.0000000000
71539  -44.471  -14.339  72.824 0.0000000000
73897  -44.625  -11.867  72.473 0.0000000000
52972  -5.412  -35.606  95.815 0.0000000000
52117  -8.003  -36.427  93.881 0.0000000000
51144  -6.975  -37.499  95.777 0.0000000000
61260  -39.626  -27.107  79.276 0.0000000000
61256  -35.959  -25.787  78.087 0.0000000000
60473  -37.595  -27.359  77.043 0.0000000000
60506  -38.905  -27.212  75.701 0.0000000000
47059  -11.812  -40.203  96.807 0.0000000000
48173  -12.986  -39.022  95.946 0.0000000000
52172  -1.264  -36.607  89.645 0.0000000000
53063  -1.483  -35.595  88.095 0.0000000000
50194  -2.787  -38.885  87.533 0.0000000000
47347  -6.510  -41.910  79.571 0.0000000000
49318  -4.729  -39.561  81.334 0.0000000000
47376  -3.766  -41.522  77.578 0.0000000000
50077  -7.988  -38.275  100.823 0.0000000000
43940  -4.682  -44.738  98.234 0.0000000000
129430  -6.111  -42.006  98.156 0.0000000000
45979  -4.098  -43.099  96.587 0.0000000000
47085  -3.872  -42.738  94.216 0.0000000000
44954  -1.631  -44.569  94.937 0.0000000000
53099  -36.506  -35.731  83.400 0.0000000000
47104  -26.597  -40.440  92.073 0.0000000000
45001  -28.082  -42.361  90.947 0.0000000000
45071  -26.504  -43.279  87.656 0.0000000000
70727  -45.977  -15.279  75.862 0.0000000000
69934  -44.047  -16.762  72.946 0.0000000000
62057  -36.211  -25.782  81.300 0.0000000000
112819  -33.826  -25.535  80.205 0.0000000000
51247  -18.682  -36.285  86.777 0.0000000000
52196  -17.230  -34.912  88.601 0.0000000000
53941  -1.653  -33.957  84.074 0.0000000000
52191  -6.515  -36.188  88.244 0.0000000000
51264  -5.436  -37.855  86.305 0.0000000000
49262  -7.329  -38.839  85.199 0.0000000000
46217  -6.386  -42.206  82.385 0.0000000000
44173  -4.098  -44.132  79.885 0.0000000000
45960  -9.426  -41.469  99.525 0.0000000000
47036  -8.548  -40.628  100.499 0.0000000000
43932  -9.316  -43.715  99.362 0.0000000000
42062  -7.136  -46.030  98.909 0.0000000000
62001  -29.456  -25.613  86.253 0.0000000000
59470  -30.264  -28.585  83.909 0.0000000000
50143  -21.913  -37.032  91.201 0.0000000000
47136  -24.094  -40.569  91.464 0.0000000000
48247  -22.921  -39.406  89.466 0.0000000000
50173  -21.515  -37.564  88.823 0.0000000000
52143  -1.767  -36.735  91.674 0.0000000000
52997  -2.295  -35.441  93.638 0.0000000000
52145  -4.297  -37.089  91.442 0.0000000000
53023  -7.573  -35.615  91.146 0.0000000000
50162  -6.867  -38.202  90.198 0.0000000000
48241  -4.402  -40.293  90.398 0.0000000000
63006  -41.919  -24.066  77.003 0.0000000000
61329  -39.505  -25.861  75.108 0.0000000000
45970  -10.465  -41.607  98.038 0.0000000000
44947  -10.455  -42.479  96.229 0.0000000000
43990  -10.586  -45.156  93.211 0.0000000000
52148  -15.180  -35.289  91.314 0.0000000000
50156  -13.677  -36.761  92.370 0.0000000000
131965  -13.081  -38.304  94.565 0.0000000000
116304  -11.440  -40.410  93.517 0.0000000000
130140  -11.048  -44.334  91.136 0.0000000000
54755  -3.380  -33.041  88.563 0.0000000000
53919  -1.541  -34.744  86.423 0.0000000000
113568  -1.832  -36.781  83.163 0.0000000000
49273  -3.907  -39.074  84.614 0.0000000000
114749  -2.678  -39.383  82.870 0.0000000000
51295  -2.380  -37.745  80.546 0.0000000000
51122  -5.971  -36.312  99.803 0.0000000000
48156  -7.376  -40.421  99.978 0.0000000000
48163  -6.453  -39.663  98.807 0.0000000000
50097  -6.290  -38.602  97.765 0.0000000000
116451  -5.344  -39.686  94.388 0.0000000000
48215  -4.278  -41.356  92.465 0.0000000000
46073  -2.678  -43.520  90.170 0.0000000000
42092  -0.185  -46.187  94.638 0.0000000000
118850  0.192  -45.297  92.397 0.0000000000
43063  -1.729  -45.745  87.348 0.0000000000
49254  -35.241  -40.263  86.762 0.0000000000
48272  -34.700  -40.453  88.284 0.0000000000
47229  -33.967  -41.312  86.386 0.0000000000
48296  -35.363  -40.275  85.963 0.0000000000
135088  -32.878  -41.800  86.973 0.0000000000
135196  -32.894  -41.976  85.683 0.0000000000
47192  -33.192  -41.679  88.817 0.0000000000
113261  -32.096  -42.238  87.799 0.0000000000
65735  -44.020  -20.734  75.919 0.0000000000
64703  -41.698  -22.631  74.764 0.0000000000
64709  -41.647  -22.486  73.762 0.0000000000
65733  -42.748  -21.506  74.899 0.0000000000
66626  -43.381  -20.420  74.049 0.0000000000
62902  -31.469  -24.338  85.388 0.0000000000
135324  -33.150  -24.207  86.350 0.0000000000
114744  -31.256  -24.138  86.902 0.0000000000
62023  -29.188  -25.825  82.819 0.0000000000
117988  -30.609  -24.949  84.376 0.0000000000
62933  -31.419  -25.005  83.808 0.0000000000
47198  -4.418  -41.917  87.367 0.0000000000
46133  -4.701  -42.345  86.470 0.0000000000
46132  -4.347  -42.959  87.080 0.0000000000
44090  -3.667  -44.748  85.739 0.0000000000
44077  -3.494  -44.465  86.475 0.0000000000
41150  -9.321  -47.098  93.400 0.0000000000
41138  -8.983  -47.331  94.714 0.0000000000
55658  -34.010  -33.087  84.691 0.0000000000
54817  -33.641  -33.739  83.509 0.0000000000
56552  -33.138  -32.599  85.088 0.0000000000
57524  -32.307  -31.535  85.536 0.0000000000
124428  -45.433  -13.665  74.153 0.0000000000
72335  -44.422  -13.440  72.371 0.0000000000
73880  -45.649  -11.368  74.562 0.0000000000
52958  -5.661  -35.604  96.704 0.0000000000
52085  -6.625  -36.337  96.042 0.0000000000
128198  -6.534  -36.711  96.519 0.0000000000
61246  -39.039  -27.153  80.107 0.0000000000
62078  -40.328  -26.287  81.149 0.0000000000
62111  -37.176  -26.388  79.429 0.0000000000
60472  -36.549  -26.423  77.545 0.0000000000
61258  -37.762  -26.798  78.880 0.0000000000
61278  -38.317  -27.101  78.211 0.0000000000
48169  -13.771  -38.505  96.756 0.0000000000
48174  -14.165  -38.228  96.408 0.0000000000
51171  -20.662  -35.600  91.069 0.0000000000
52151  -19.148  -34.846  90.771 0.0000000000
53964  -2.527  -34.647  82.966 0.0000000000
51206  -2.064  -38.095  90.009 0.0000000000
51223  -1.368  -37.301  89.139 0.0000000000
51225  -3.258  -38.298  88.943 0.0000000000
46290  -4.348  -42.475  78.325 0.0000000000
47361  -5.538  -41.653  78.643 0.0000000000
46312  -3.226  -42.164  77.353 0.0000000000
52047  -8.103  -36.525  101.078 0.0000000000
50081  -8.240  -38.192  100.689 0.0000000000
42931  -3.869  -45.239  97.753 0.0000000000
44927  -4.181  -43.673  97.437 0.0000000000
44934  -2.994  -44.081  96.523 0.0000000000
133577  -3.040  -43.703  95.678 0.0000000000
43956  -1.909  -44.435  95.888 0.0000000000
51274  -36.758  -37.485  85.034 0.0000000000
128326  -36.903  -37.063  83.476 0.0000000000
128747  -36.617  -35.925  84.804 0.0000000000
53948  -36.306  -35.081  84.516 0.0000000000
120215  -28.645  -43.139  86.943 0.0000000000
113623  -28.071  -43.240  87.974 0.0000000000
45092  -27.399  -43.259  86.623 0.0000000000
45110  -25.665  -43.220  85.841 0.0000000000
69907  -45.514  -16.576  75.442 0.0000000000
67467  -44.232  -19.012  73.695 0.0000000000
68306  -43.920  -18.573  72.384 0.0000000000
68295  -44.752  -17.765  74.225 0.0000000000
69924  -44.918  -16.245  74.296 0.0000000000
114423  -35.431  -25.473  82.856 0.0000000000
62030  -36.611  -25.191  83.800 0.0000000000
62016  -35.137  -24.896  84.142 0.0000000000
62054  -32.768  -25.378  81.789 0.0000000000
112390  -32.859  -25.466  80.132 0.0000000000
129348  -34.315  -25.510  81.802 0.0000000000
112393  -35.051  -25.564  81.148 0.0000000000
56535  -2.703  -31.844  84.954 0.0000000000
55643  -1.857  -32.581  84.431 0.0000000000
54790  -1.989  -33.449  85.703 0.0000000000
51227  -7.582  -37.249  88.276 0.0000000000
51243  -7.280  -37.270  86.794 0.0000000000
49249  -7.341  -38.638  86.428 0.0000000000
46173  -5.464  -42.479  84.208 0.0000000000
47253  -6.404  -41.402  83.993 0.0000000000
46216  -5.722  -42.764  82.500 0.0000000000
45168  -5.830  -42.746  80.957 0.0000000000
117288  -4.759  -44.061  81.524 0.0000000000
44153  -4.265  -44.975  81.312 0.0000000000
44921  -9.623  -42.412  98.884 0.0000000000
44920  -9.439  -42.684  99.243 0.0000000000
43937  -9.634  -43.651  98.614 0.0000000000
41109  -8.049  -47.107  97.189 0.0000000000
42071  -8.270  -46.186  98.253 0.0000000000
41096  -6.404  -47.051  97.922 0.0000000000
42068  -5.519  -46.569  98.246 0.0000000000
60362  -29.710  -27.222  86.911 0.0000000000
58446  -31.166  -29.400  85.315 0.0000000000
59471  -30.674  -29.223  83.906 0.0000000000
59452  -30.171  -28.283  84.745 0.0000000000
60388  -29.660  -27.623  84.914 0.0000000000
51157  -23.579  -37.077  92.797 0.0000000000
51156  -22.948  -36.329  92.506 0.0000000000
50145  -23.526  -38.437  91.891 0.0000000000
46047  -26.090  -41.494  91.203 0.0000000000
48226  -25.169  -40.664  92.227 0.0000000000
47152  -25.375  -40.785  90.604 0.0000000000
48283  -22.562  -40.673  87.494 0.0000000000
48257  -22.977  -39.821  88.990 0.0000000000
49228  -22.474  -39.178  88.216 0.0000000000
117872  -22.245  -38.411  88.669 0.0000000000
49239  -22.096  -38.503  87.661 0.0000000000
49238  -21.235  -37.585  87.257 0.0000000000
52985  -4.185  -35.583  94.838 0.0000000000
52116  -4.068  -36.149  93.428 0.0000000000
127865  -3.757  -36.603  92.623 0.0000000000
52128  -4.747  -36.341  92.766 0.0000000000
53033  -6.223  -35.828  90.917 0.0000000000
53009  -6.835  -35.479  92.511 0.0000000000
50130  -7.347  -37.917  93.402 0.0000000000
50154  -7.260  -37.708  91.747 0.0000000000
50152  -5.992  -38.530  91.346 0.0000000000
49206  -5.333  -39.261  90.407 0.0000000000
49198  -4.781  -39.615  91.643 0.0000000000
62991  -41.614  -24.862  77.233 0.0000000000
129335  -42.525  -24.483  78.599 0.0000000000
62113  -42.037  -24.940  78.947 0.0000000000
61296  -40.083  -26.309  76.672 0.0000000000
61311  -39.223  -26.637  75.408 0.0000000000
62148  -40.435  -25.701  76.355 0.0000000000
62166  -40.699  -24.960  76.040 0.0000000000
48158  -11.579  -39.317  98.274 0.0000000000
47065  -11.231  -41.012  96.211 0.0000000000
45992  -10.651  -41.750  96.631 0.0000000000
44957  -10.509  -42.150  95.450 0.0000000000
43970  -10.306  -43.667  95.011 0.0000000000
44965  -10.490  -43.017  94.354 0.0000000000
52194  -15.198  -35.290  88.014 0.0000000000
114595  -16.465  -34.718  89.790 0.0000000000
51211  -14.239  -36.082  89.056 0.0000000000
48243  -12.257  -39.521  90.357 0.0000000000
123447  -12.851  -37.652  90.484 0.0000000000
49201  -12.600  -38.390  92.175 0.0000000000
49193  -13.394  -37.577  94.012 0.0000000000
48219  -12.259  -39.129  92.697 0.0000000000
48203  -12.289  -38.998  93.830 0.0000000000
48233  -11.848  -39.881  92.042 0.0000000000
45010  -11.518  -43.828  90.187 0.0000000000
54744  -2.823  -33.554  89.067 0.0000000000
52206  -1.213  -37.014  87.215 0.0000000000
53908  -1.586  -34.996  87.176 0.0000000000
52223  -1.330  -36.828  85.761 0.0000000000
52227  -1.413  -36.347  84.855 0.0000000000
130308  -1.490  -37.828  84.335 0.0000000000
50237  -6.034  -38.423  84.536 0.0000000000
134469  -5.047  -38.521  85.281 0.0000000000
50249  -5.267  -38.886  84.035 0.0000000000
49333  -4.372  -39.626  80.424 0.0000000000
112324  -4.059  -39.373  81.984 0.0000000000
49316  -2.792  -39.124  81.084 0.0000000000
49315  -2.271  -38.748  81.576 0.0000000000
49331  -2.709  -38.746  80.123 0.0000000000
51300  -2.578  -37.791  79.848 0.0000000000
51123  -6.545  -37.140  99.992 0.0000000000
45956  -8.076  -41.722  100.696 0.0000000000
47040  -7.948  -40.943  100.746 0.0000000000
45962  -6.946  -41.954  100.170 0.0000000000
47054  -6.255  -41.504  97.842 0.0000000000
123808  -6.736  -40.510  98.894 0.0000000000
48167  -6.312  -40.887  97.610 0.0000000000
49148  -6.313  -39.187  98.844 0.0000000000
49152  -6.190  -40.219  97.357 0.0000000000
49157  -5.857  -39.452  96.186 0.0000000000
49156  -5.819  -40.430  96.027 0.0000000000
47084  -3.399  -42.824  93.764 0.0000000000
48200  -4.449  -41.621  93.315 0.0000000000
47127  -3.288  -42.578  92.238 0.0000000000
47128  -3.770  -42.022  91.815 0.0000000000
46040  -2.595  -43.261  91.811 0.0000000000
134403  0.116  -47.275  93.754 0.0000000000
119118  0.268  -45.750  93.739 0.0000000000
50216  -36.556  -38.356  86.154 0.0000000000
47279  -34.403  -41.349  83.853 0.0000000000
48342  -35.424  -40.233  82.842 0.0000000000
48317  -35.556  -40.179  84.730 0.0000000000
50245  -36.337  -39.074  85.091 0.0000000000
45095  -29.955  -42.991  86.432 0.0000000000
46164  -30.842  -42.333  85.117 0.0000000000
46190  -32.409  -42.177  84.541 0.0000000000
46123  -30.742  -42.718  87.854 0.0000000000
67455  -44.866  -18.640  75.164 0.0000000000
131327  -41.099  -22.619  71.702 0.0000000000
65763  -41.950  -21.693  71.155 0.0000000000
66669  -42.915  -20.451  71.231 0.0000000000
129125  -43.006  -20.757  72.644 0.0000000000
66639  -43.808  -19.675  73.883 0.0000000000
62027  -33.139  -24.921  83.404 0.0000000000
62921  -34.664  -24.671  84.621 0.0000000000
62904  -34.066  -24.397  85.745 0.0000000000
62874  -33.338  -24.079  87.378 0.0000000000
59507  -29.646  -28.213  81.780 0.0000000000
60427  -28.739  -26.801  81.264 0.0000000000
62050  -29.051  -25.759  81.062 0.0000000000
62069  -29.480  -25.555  80.484 0.0000000000
112392  -30.795  -25.589  79.791 0.0000000000
62052  -30.860  -25.397  81.414 0.0000000000
62038  -32.017  -25.250  82.388 0.0000000000
48267  -5.891  -39.537  88.208 0.0000000000
49248  -6.864  -39.474  86.631 0.0000000000
47200  -5.481  -40.753  86.849 0.0000000000
46153  -5.301  -42.177  84.981 0.0000000000
45121  -4.778  -43.715  84.588 0.0000000000
44116  -4.531  -44.697  83.290 0.0000000000
44101  -3.966  -44.970  84.942 0.0000000000
43106  -3.116  -46.186  84.625 0.0000000000
42950  -10.369  -44.970  96.387 0.0000000000
42935  -9.878  -44.751  98.009 0.0000000000
116989  -9.631  -46.533  95.711 0.0000000000
112142  -30.977  -29.040  86.079 0.0000000000
53978  -35.511  -34.806  81.708 0.0000000000
53989  -34.722  -34.606  80.608 0.0000000000
54846  -34.222  -34.174  81.886 0.0000000000
54833  -32.903  -33.773  82.918 0.0000000000
55686  -31.830  -33.362  83.223 0.0000000000
56565  -31.517  -31.867  84.385 0.0000000000
57523  -31.735  -30.731  85.234 0.0000000000
49164  -24.660  -38.854  92.915 0.0000000000
46121  -24.310  -42.573  87.869 0.0000000000
127757  -24.170  -41.806  88.605 0.0000000000
132204  -22.949  -41.854  86.940 0.0000000000
47225  -22.176  -41.136  86.100 0.0000000000
71546  -43.412  -14.476  71.287 0.0000000000
72342  -43.875  -13.289  71.522 0.0000000000
73913  -44.246  -11.707  71.621 0.0000000000
116412  -44.252  -11.069  71.236 0.0000000000
130133  -5.488  -35.817  94.433 0.0000000000
52999  -6.550  -35.503  93.444 0.0000000000
52988  -7.157  -35.846  94.701 0.0000000000
51153  -7.827  -37.123  94.553 0.0000000000
121254  -6.755  -38.259  94.554 0.0000000000
61261  -40.703  -26.141  78.401 0.0000000000
62094  -41.084  -26.083  79.713 0.0000000000
60488  -36.268  -27.083  75.936 0.0000000000
124779  -37.262  -27.922  75.461 0.0000000000
118246  -37.416  -27.905  74.935 0.0000000000
59582  -37.889  -27.743  76.214 0.0000000000
60475  -38.899  -27.116  77.348 0.0000000000
48164  -12.124  -39.553  97.522 0.0000000000
48165  -12.937  -38.980  97.278 0.0000000000
47067  -12.588  -39.508  96.667 0.0000000000
47087  -11.715  -40.261  95.160 0.0000000000
47165  -12.390  -40.535  88.734 0.0000000000
47145  -11.712  -41.012  90.003 0.0000000000
53885  -1.540  -34.499  90.329 0.0000000000
53891  -2.218  -34.267  89.046 0.0000000000
117768  -1.467  -35.651  89.117 0.0000000000
122769  -1.304  -37.310  87.926 0.0000000000
123043  -1.809  -38.549  86.414 0.0000000000
48347  -6.729  -40.625  81.407 0.0000000000
49303  -6.082  -39.602  82.134 0.0000000000
48364  -6.111  -40.327  80.028 0.0000000000
113845  -4.914  -40.330  78.959 0.0000000000
48410  -3.392  -40.149  77.937 0.0000000000
52919  -7.784  -35.304  101.166 0.0000000000
52045  -7.434  -36.054  101.325 0.0000000000
50075  -7.649  -38.013  100.722 0.0000000000
43928  -6.150  -44.168  99.388 0.0000000000
45961  -6.309  -42.447  99.568 0.0000000000
44922  -5.453  -43.441  98.658 0.0000000000
45973  -4.870  -43.060  97.514 0.0000000000
47057  -5.073  -42.449  96.524 0.0000000000
47075  -4.931  -41.950  95.564 0.0000000000
45990  -3.529  -43.345  95.590 0.0000000000
46008  -2.420  -43.711  94.735 0.0000000000
46007  -2.207  -44.081  94.120 0.0000000000
51290  -36.361  -36.971  81.066 0.0000000000
50266  -36.200  -38.992  82.495 0.0000000000
51284  -36.819  -37.242  82.721 0.0000000000
53116  -36.419  -35.936  81.656 0.0000000000
53098  -36.208  -35.127  82.925 0.0000000000
54806  -35.390  -34.094  84.613 0.0000000000
45015  -26.814  -42.875  90.108 0.0000000000
119836  -29.081  -43.178  89.953 0.0000000000
131332  -27.001  -43.298  88.808 0.0000000000
45051  -25.860  -43.172  88.193 0.0000000000
45090  -25.402  -43.256  86.809 0.0000000000
69129  -43.230  -17.872  71.114 0.0000000000
70742  -44.253  -15.870  73.073 0.0000000000
71526  -45.582  -14.559  74.648 0.0000000000
62058  -37.225  -26.271  81.142 0.0000000000
62059  -38.001  -26.546  81.241 0.0000000000
62043  -37.048  -26.083  82.450 0.0000000000
112877  -31.527  -25.456  79.076 0.0000000000
62109  -35.228  -25.544  78.709 0.0000000000
62074  -35.838  -25.671  80.462 0.0000000000
50171  -19.771  -36.373  88.640 0.0000000000
52179  -18.511  -35.174  89.403 0.0000000000
51230  -17.711  -35.286  87.935 0.0000000000
51245  -16.050  -35.140  87.327 0.0000000000
54812  -1.860  -33.503  83.636 0.0000000000
53104  -2.358  -35.336  82.937 0.0000000000
52173  -5.245  -37.031  89.069 0.0000000000
51241  -4.856  -37.837  87.776 0.0000000000
52207  -6.327  -36.636  87.359 0.0000000000
51266  -6.766  -37.699  85.574 0.0000000000
50252  -7.118  -39.060  84.139 0.0000000000
48300  -6.831  -40.317  84.965 0.0000000000
48311  -7.121  -39.975  84.354 0.0000000000
48333  -6.846  -40.537  82.695 0.0000000000
46238  -6.906  -41.940  80.997 0.0000000000
49133  -9.109  -39.963  100.166 0.0000000000
47043  -9.159  -41.105  99.832 0.0000000000
44913  -9.045  -42.421  100.108 0.0000000000
121428  -8.438  -44.023  100.032 0.0000000000
131311  -9.096  -45.387  98.516 0.0000000000
42928  -8.560  -45.059  99.255 0.0000000000
42922  -7.221  -44.812  99.663 0.0000000000
42926  -5.895  -45.158  99.086 0.0000000000
116886  -4.640  -45.637  98.240 0.0000000000
42065  -3.273  -45.987  97.449 0.0000000000
62007  -29.754  -25.038  85.870 0.0000000000
62871  -30.500  -24.353  87.401 0.0000000000
61997  -29.845  -24.892  87.475 0.0000000000
53996  -34.571  -34.778  79.783 0.0000000000
59508  -30.087  -28.895  82.069 0.0000000000
61205  -29.362  -26.174  85.052 0.0000000000
51163  -21.851  -35.894  91.947 0.0000000000
50157  -21.180  -36.325  90.781 0.0000000000
48185  -25.992  -39.513  92.884 0.0000000000
48193  -25.229  -39.740  92.315 0.0000000000
49184  -23.950  -39.655  92.241 0.0000000000
116035  -24.256  -40.192  89.696 0.0000000000
48238  -23.471  -40.105  90.803 0.0000000000
49202  -23.316  -39.350  91.332 0.0000000000
120807  -22.946  -38.683  90.638 0.0000000000
50166  -21.760  -37.497  90.099 0.0000000000
50172  -20.609  -36.774  89.029 0.0000000000
50184  -19.688  -36.502  87.826 0.0000000000
75572  -44.567  -9.951  70.691 0.0000000000
129389  -44.865  -9.549  69.565 0.0000000000
75589  -46.024  -9.178  68.542 0.0000000000
52142  -1.455  -36.559  91.208 0.0000000000
51194  -2.768  -38.079  90.616 0.0000000000
52114  -1.872  -35.765  92.971 0.0000000000
113125  -3.374  -37.198  91.907 0.0000000000
122078  -4.625  -37.063  90.724 0.0000000000
52174  -5.772  -36.324  89.503 0.0000000000
53042  -7.031  -35.558  89.642 0.0000000000
121480  -7.794  -37.032  89.094 0.0000000000
131692  -8.143  -36.211  92.143 0.0000000000
51196  -7.911  -36.848  90.618 0.0000000000
50168  -7.106  -38.206  89.442 0.0000000000
49222  -5.784  -39.311  88.925 0.0000000000
48253  -4.634  -40.484  88.696 0.0000000000
47184  -4.181  -41.751  88.691 0.0000000000
64684  -42.690  -22.591  76.235 0.0000000000
60520  -38.072  -27.331  74.157 0.0000000000
61348  -38.596  -25.950  73.725 0.0000000000
114945  -38.914  -25.197  73.332 0.0000000000
116476  -40.151  -24.378  74.445 0.0000000000
115694  -41.321  -23.404  75.226 0.0000000000
45966  -10.010  -41.475  98.693 0.0000000000
44926  -10.308  -42.308  97.982 0.0000000000
45975  -10.923  -41.003  97.569 0.0000000000
44929  -10.373  -42.409  97.595 0.0000000000
44936  -10.242  -43.003  97.460 0.0000000000
42979  -10.441  -45.561  93.944 0.0000000000
52165  -17.565  -34.653  90.088 0.0000000000
53036  -17.042  -34.488  91.209 0.0000000000
52132  -16.059  -35.114  92.861 0.0000000000
51197  -13.328  -37.028  90.053 0.0000000000
51184  -14.372  -36.020  91.877 0.0000000000
51170  -15.455  -35.798  93.522 0.0000000000
50132  -15.094  -36.702  94.789 0.0000000000
50122  -15.154  -36.915  95.409 0.0000000000
50109  -14.570  -37.685  95.684 0.0000000000
49171  -13.312  -38.569  95.258 0.0000000000
48189  -12.146  -39.636  94.929 0.0000000000
47097  -11.057  -41.042  93.832 0.0000000000
46041  -11.330  -42.302  91.188 0.0000000000
115988  -10.965  -42.058  92.275 0.0000000000
44982  -10.831  -42.634  92.793 0.0000000000
44000  -11.081  -44.145  92.513 0.0000000000
55623  -3.854  -32.467  87.527 0.0000000000
128115  -2.307  -34.290  88.282 0.0000000000
53909  -2.121  -34.364  87.398 0.0000000000
55631  -2.630  -33.036  86.225 0.0000000000
120741  -1.529  -34.057  84.954 0.0000000000
113302  -1.633  -36.091  83.848 0.0000000000
52235  -2.205  -36.835  82.357 0.0000000000
50195  -4.047  -38.530  87.342 0.0000000000
49247  -2.865  -39.053  86.052 0.0000000000
49260  -2.554  -39.163  85.418 0.0000000000
112546  -4.208  -39.192  82.803 0.0000000000
49287  -3.373  -39.336  83.309 0.0000000000
49271  -2.132  -39.231  84.183 0.0000000000
51283  -1.609  -38.097  83.034 0.0000000000
51288  -2.098  -37.576  81.848 0.0000000000
51289  -2.405  -37.378  81.183 0.0000000000
51296  -2.938  -37.314  80.212 0.0000000000
48148  -8.247  -39.993  100.736 0.0000000000
49130  -8.018  -39.258  100.839 0.0000000000
49136  -7.185  -39.089  100.119 0.0000000000
47046  -7.005  -40.796  99.288 0.0000000000
48155  -6.988  -39.811  99.523 0.0000000000
50084  -6.939  -38.619  100.040 0.0000000000
50090  -6.518  -38.141  99.274 0.0000000000
51133  -6.322  -37.389  98.898 0.0000000000
51135  -6.335  -37.595  98.127 0.0000000000
50101  -6.570  -38.049  96.358 0.0000000000
50107  -5.922  -38.649  94.929 0.0000000000
49170  -5.209  -39.121  93.644 0.0000000000
48177  -4.926  -41.593  94.624 0.0000000000
130210  -4.898  -40.758  93.236 0.0000000000
49190  -4.715  -39.685  92.342 0.0000000000
48231  -4.218  -40.800  91.639 0.0000000000
47161  -3.844  -42.269  90.114 0.0000000000
46093  -3.589  -43.220  88.826 0.0000000000
42078  -2.142  -46.084  96.601 0.0000000000
41115  -1.338  -46.570  95.131 0.0000000000
42948  -1.361  -45.454  95.401 0.0000000000
131959  -0.488  -45.356  94.620 0.0000000000
43978  -0.055  -44.437  93.843 0.0000000000
44979  -0.001  -44.149  92.262 0.0000000000
44008  -0.215  -44.927  91.347 0.0000000000
45009  -1.021  -44.583  91.506 0.0000000000
115701  -1.306  -44.669  90.664 0.0000000000
45044  -2.455  -44.174  88.923 0.0000000000
115898  -3.038  -44.117  87.848 0.0000000000
43077  -2.374  -45.646  86.416 0.0000000000
42218  -2.299  -46.571  85.809 0.0000000000
48285  -34.647  -40.623  87.410 0.0000000000
49241  -35.234  -40.081  87.665 0.0000000000
48271  -34.167  -41.045  88.015 0.0000000000
115394  -34.603  -40.799  86.687 0.0000000000
47209  -33.369  -41.571  87.056 0.0000000000
47228  -33.038  -41.752  86.410 0.0000000000
47193  -33.433  -41.522  87.898 0.0000000000
47208  -32.790  -41.856  87.481 0.0000000000
121535  -33.768  -41.324  88.582 0.0000000000
65716  -43.803  -21.522  76.352 0.0000000000
65717  -44.728  -21.097  76.920 0.0000000000
64697  -42.346  -22.213  75.303 0.0000000000
64704  -42.212  -21.956  74.307 0.0000000000
65734  -43.384  -21.189  75.426 0.0000000000
132823  -30.723  -24.637  85.023 0.0000000000
62886  -31.971  -24.071  86.248 0.0000000000
114743  -31.120  -24.227  86.135 0.0000000000
62900  -30.068  -24.872  85.134 0.0000000000
62917  -30.013  -25.275  84.156 0.0000000000
46131  -3.904  -43.444  87.395 0.0000000000
45082  -3.968  -43.717  86.770 0.0000000000
134295  -8.771  -47.253  93.405 0.0000000000
52080  -5.907  -35.878  97.472 0.0000000000
52084  -6.220  -36.202  96.769 0.0000000000
113172  -39.515  -26.751  80.802 0.0000000000
62077  -38.668  -26.700  81.121 0.0000000000
62092  -37.368  -26.566  80.200 0.0000000000
61245  -37.960  -27.003  79.832 0.0000000000
61259  -38.650  -27.125  79.193 0.0000000000
49151  -14.568  -37.560  96.738 0.0000000000
49154  -14.244  -38.140  96.811 0.0000000000
49155  -14.646  -37.634  96.506 0.0000000000
51186  -20.336  -35.903  90.515 0.0000000000
52152  -19.873  -35.234  90.863 0.0000000000
51185  -19.588  -35.522  90.318 0.0000000000
53105  -2.823  -35.294  82.437 0.0000000000
53106  -3.290  -35.184  82.187 0.0000000000
51207  -2.993  -38.224  89.786 0.0000000000
51224  -2.210  -38.252  89.176 0.0000000000
50082  -8.884  -38.484  100.256 0.0000000000
42941  -3.031  -45.244  97.176 0.0000000000
42942  -3.521  -44.401  97.172 0.0000000000
131222  -2.772  -44.685  96.808 0.0000000000
43948  -2.296  -44.536  96.333 0.0000000000
43947  -1.709  -45.002  96.055 0.0000000000
52224  -36.765  -36.711  85.320 0.0000000000
132329  -36.777  -36.767  84.675 0.0000000000
45093  -28.170  -43.203  86.284 0.0000000000
69101  -45.173  -17.274  74.868 0.0000000000
68282  -44.626  -18.458  74.335 0.0000000000
68294  -44.391  -18.285  73.595 0.0000000000
62041  -34.484  -25.429  82.619 0.0000000000
62029  -35.733  -25.201  83.607 0.0000000000
62040  -33.814  -25.228  83.038 0.0000000000
133934  -33.590  -25.475  81.596 0.0000000000
55645  -3.042  -32.365  85.763 0.0000000000
55644  -2.296  -32.620  85.206 0.0000000000
50181  -7.470  -38.013  88.084 0.0000000000
115357  -7.480  -37.440  87.546 0.0000000000
50196  -7.497  -38.098  87.119 0.0000000000
120523  -5.259  -43.290  83.003 0.0000000000
46196  -5.800  -42.525  83.286 0.0000000000
45153  -5.267  -43.299  82.029 0.0000000000
135396  -4.614  -44.635  82.232 0.0000000000
43938  -9.859  -43.236  98.204 0.0000000000
44924  -9.611  -42.999  98.711 0.0000000000
43941  -9.852  -43.950  98.142 0.0000000000
127560  -7.382  -47.098  97.418 0.0000000000
60371  -30.015  -27.764  86.578 0.0000000000
61196  -29.784  -26.717  87.549 0.0000000000
60363  -30.125  -27.561  87.410 0.0000000000
52251  -36.263  -36.178  80.838 0.0000000000
59435  -30.572  -28.663  85.399 0.0000000000
129151  -29.983  -27.899  85.635 0.0000000000
50112  -23.993  -37.759  93.014 0.0000000000
50124  -23.907  -38.169  92.669 0.0000000000
50123  -23.416  -37.393  92.412 0.0000000000
50134  -23.737  -38.343  92.346 0.0000000000
46062  -25.944  -41.407  90.603 0.0000000000
47153  -25.568  -41.001  91.350 0.0000000000
46061  -25.487  -41.203  89.761 0.0000000000
48282  -22.477  -40.223  87.264 0.0000000000
48269  -22.512  -39.981  87.932 0.0000000000
49240  -22.467  -39.613  87.706 0.0000000000
129507  -21.854  -38.235  87.107 0.0000000000
49253  -21.901  -38.368  86.516 0.0000000000
52105  -4.699  -36.036  94.217 0.0000000000
52104  -3.883  -35.780  94.163 0.0000000000
53008  -5.008  -36.167  93.437 0.0000000000
126025  -5.802  -35.850  92.844 0.0000000000
50129  -6.616  -38.312  93.052 0.0000000000
50139  -6.449  -38.280  92.064 0.0000000000
50138  -5.751  -38.680  91.911 0.0000000000
49199  -5.391  -39.040  91.244 0.0000000000
49191  -5.214  -39.082  92.258 0.0000000000
119646  -41.256  -25.444  77.377 0.0000000000
62130  -41.798  -25.192  78.015 0.0000000000
61297  -40.728  -25.870  77.080 0.0000000000
62149  -41.039  -25.272  76.754 0.0000000000
46001  -10.731  -41.662  95.869 0.0000000000
44966  -10.518  -42.243  94.671 0.0000000000
51244  -14.572  -35.797  87.557 0.0000000000
52176  -15.072  -35.296  88.675 0.0000000000
51229  -14.339  -35.988  88.329 0.0000000000
49207  -12.546  -38.510  90.979 0.0000000000
48234  -12.276  -39.250  91.539 0.0000000000
55603  -2.786  -32.538  90.154 0.0000000000
51263  -1.411  -37.907  85.931 0.0000000000
52218  -1.309  -37.201  86.469 0.0000000000
51272  -1.418  -37.338  85.036 0.0000000000
121794  -1.503  -38.169  85.112 0.0000000000
50250  -6.092  -38.929  83.712 0.0000000000
49332  -3.355  -39.323  80.153 0.0000000000
49348  -2.893  -38.906  79.220 0.0000000000
52050  -6.916  -36.571  101.089 0.0000000000
51120  -6.635  -37.054  100.278 0.0000000000
45963  -7.538  -42.584  100.475 0.0000000000
133849  -7.552  -41.837  100.541 0.0000000000
47058  -5.768  -41.952  97.031 0.0000000000
134679  -5.994  -40.627  96.629 0.0000000000
48171  -5.597  -41.226  96.137 0.0000000000
46016  -2.603  -43.436  93.456 0.0000000000
47111  -3.309  -42.626  93.003 0.0000000000
46029  -2.626  -43.253  92.573 0.0000000000
40213  0.362  -48.380  92.940 0.0000000000
114864  0.153  -47.936  93.576 0.0000000000
41148  0.238  -47.473  92.989 0.0000000000
47261  -33.758  -41.674  84.364 0.0000000000
48316  -35.099  -40.892  84.332 0.0000000000
49255  -35.781  -39.654  86.292 0.0000000000
49267  -35.888  -39.652  85.607 0.0000000000
50229  -36.313  -39.093  85.844 0.0000000000
50230  -36.599  -38.323  85.432 0.0000000000
46143  -30.749  -42.608  86.490 0.0000000000
45115  -30.335  -42.703  85.743 0.0000000000
128208  -31.010  -42.398  85.870 0.0000000000
47247  -33.491  -41.554  85.698 0.0000000000
46166  -32.361  -42.155  85.286 0.0000000000
46167  -33.163  -42.015  84.964 0.0000000000
46124  -31.322  -42.504  87.293 0.0000000000
119889  -30.372  -42.801  87.223 0.0000000000
67441  -44.672  -19.266  75.468 0.0000000000
67442  -45.124  -18.934  76.046 0.0000000000
67431  -44.890  -19.684  76.240 0.0000000000
63852  -40.480  -23.503  72.539 0.0000000000
64710  -42.237  -21.866  73.328 0.0000000000
64718  -41.692  -22.420  72.816 0.0000000000
116812  -41.687  -22.338  72.053 0.0000000000
64730  -41.473  -22.191  71.461 0.0000000000
64731  -42.167  -21.796  71.808 0.0000000000
65755  -42.707  -21.150  72.231 0.0000000000
66627  -43.861  -19.933  74.564 0.0000000000
67454  -44.348  -19.266  74.599 0.0000000000
62935  -33.306  -24.706  84.136 0.0000000000
62920  -33.895  -24.570  84.816 0.0000000000
115026  -33.329  -24.386  85.422 0.0000000000
62873  -32.331  -24.068  87.296 0.0000000000
112641  -32.828  -24.095  87.802 0.0000000000
60415  -29.196  -27.675  82.515 0.0000000000
60414  -28.686  -26.897  82.116 0.0000000000
62036  -29.659  -25.514  82.749 0.0000000000
62035  -29.190  -25.681  81.983 0.0000000000
62051  -29.559  -25.478  81.230 0.0000000000
62070  -30.211  -25.352  80.753 0.0000000000
62934  -32.381  -24.782  84.068 0.0000000000
62026  -32.207  -25.062  83.197 0.0000000000
48277  -5.646  -40.126  87.528 0.0000000000
46152  -4.901  -42.705  85.622 0.0000000000
46172  -4.996  -42.971  84.780 0.0000000000
45139  -4.493  -44.437  84.363 0.0000000000
45120  -4.337  -44.250  85.253 0.0000000000
43092  -3.186  -45.606  85.349 0.0000000000
43105  -2.638  -46.320  85.327 0.0000000000
42960  -10.384  -45.318  95.521 0.0000000000
42089  -10.121  -45.939  96.224 0.0000000000
59424  -31.563  -29.458  86.798 0.0000000000
53968  -34.907  -34.315  82.288 0.0000000000
55687  -32.646  -33.423  83.675 0.0000000000
56581  -31.096  -32.447  83.661 0.0000000000
58448  -32.242  -31.052  85.899 0.0000000000
51149  -24.507  -37.494  93.348 0.0000000000
50114  -24.819  -38.310  93.199 0.0000000000
130267  -23.902  -42.575  87.091 0.0000000000
46140  -23.385  -42.284  86.621 0.0000000000
70752  -43.516  -15.172  71.879 0.0000000000
70771  -43.040  -15.270  71.122 0.0000000000
71547  -43.882  -14.231  71.997 0.0000000000
73096  -44.777  -12.676  72.831 0.0000000000
73107  -44.336  -12.548  71.991 0.0000000000
73120  -43.869  -12.312  71.190 0.0000000000
73898  -44.893  -11.402  72.933 0.0000000000
52986  -5.798  -35.729  94.943 0.0000000000
52987  -6.499  -35.698  94.749 0.0000000000
52973  -6.122  -35.775  95.420 0.0000000000
51138  -6.938  -36.868  95.931 0.0000000000
52094  -7.101  -36.418  95.335 0.0000000000
116634  -7.410  -36.991  95.267 0.0000000000
50120  -7.448  -37.864  94.203 0.0000000000
50108  -7.309  -37.688  95.029 0.0000000000
115457  -40.001  -26.708  78.430 0.0000000000
62112  -40.557  -26.664  79.299 0.0000000000
61276  -35.682  -25.905  77.188 0.0000000000
130482  -37.042  -26.912  77.076 0.0000000000
61295  -36.252  -26.632  76.643 0.0000000000
60489  -36.901  -27.373  76.442 0.0000000000
59581  -37.401  -27.717  76.305 0.0000000000
60490  -37.996  -27.508  77.005 0.0000000000
61279  -39.043  -27.040  78.307 0.0000000000
118577  -39.534  -26.758  77.712 0.0000000000
49149  -13.333  -38.416  97.353 0.0000000000
113861  -13.352  -38.808  96.465 0.0000000000
134110  -12.872  -39.229  96.327 0.0000000000
47077  -11.823  -40.266  95.844 0.0000000000
48179  -12.345  -39.645  95.574 0.0000000000
46096  -13.022  -42.033  89.026 0.0000000000
53040  -1.342  -35.603  90.180 0.0000000000
53890  -1.714  -34.759  89.488 0.0000000000
129509  -1.687  -37.827  88.439 0.0000000000
50193  -1.931  -38.424  87.429 0.0000000000
51239  -1.473  -37.722  87.584 0.0000000000
47324  -6.895  -41.639  80.319 0.0000000000
48365  -6.766  -40.800  80.527 0.0000000000
48387  -6.506  -41.149  79.676 0.0000000000
47360  -4.677  -41.702  78.132 0.0000000000
48412  -5.074  -40.952  78.498 0.0000000000
48411  -4.156  -40.900  77.906 0.0000000000
48385  -4.176  -40.300  78.527 0.0000000000
48432  -3.324  -40.819  77.322 0.0000000000
51113  -8.014  -37.236  100.990 0.0000000000
52046  -7.726  -36.619  101.198 0.0000000000
51112  -7.910  -37.163  101.118 0.0000000000
51111  -7.437  -37.198  100.995 0.0000000000
50076  -7.826  -37.918  100.833 0.0000000000
43934  -5.390  -44.294  98.795 0.0000000000
44923  -5.767  -43.623  99.102 0.0000000000
117511  -4.829  -43.723  98.153 0.0000000000
44935  -3.712  -43.608  96.822 0.0000000000
45972  -4.288  -43.198  97.038 0.0000000000
45980  -4.909  -42.762  96.890 0.0000000000
116015  -4.516  -42.756  96.444 0.0000000000
45991  -4.058  -42.986  96.102 0.0000000000
44945  -1.945  -44.137  95.463 0.0000000000
45989  -2.722  -43.665  95.216 0.0000000000
44955  -1.979  -43.936  95.077 0.0000000000
44964  -1.784  -44.360  94.618 0.0000000000
112472  -36.106  -37.797  80.960 0.0000000000
49296  -36.018  -39.617  83.217 0.0000000000
50257  -36.463  -38.720  83.493 0.0000000000
52230  -36.807  -36.459  83.036 0.0000000000
52244  -36.689  -36.573  82.166 0.0000000000
53107  -36.496  -35.815  82.506 0.0000000000
116251  -36.148  -35.203  82.040 0.0000000000
53947  -35.846  -34.628  84.184 0.0000000000
112673  -30.289  -42.370  83.751 0.0000000000
46049  -27.661  -41.675  91.335 0.0000000000
46048  -26.867  -41.687  91.238 0.0000000000
46064  -27.322  -42.160  90.684 0.0000000000
45037  -29.644  -43.135  89.379 0.0000000000
115270  -28.851  -43.267  89.110 0.0000000000
45072  -27.268  -43.296  87.998 0.0000000000
45053  -27.899  -43.327  88.759 0.0000000000
45052  -26.427  -43.195  88.471 0.0000000000
46122  -25.144  -43.133  87.863 0.0000000000
45070  -25.877  -43.281  87.421 0.0000000000
46162  -25.064  -43.057  85.200 0.0000000000
71527  -45.984  -14.560  75.481 0.0000000000
67491  -43.371  -19.911  71.616 0.0000000000
67492  -43.709  -19.343  71.994 0.0000000000
69122  -43.988  -17.645  72.662 0.0000000000
68321  -43.653  -18.589  71.656 0.0000000000
69121  -43.615  -17.772  71.925 0.0000000000
69933  -43.602  -16.892  72.223 0.0000000000
70741  -43.742  -15.975  72.430 0.0000000000
69916  -45.315  -16.021  74.952 0.0000000000
70735  -45.211  -15.411  74.401 0.0000000000
70726  -45.676  -15.302  75.138 0.0000000000
134911  -36.861  -26.139  81.759 0.0000000000
62017  -36.027  -24.839  84.387 0.0000000000
62905  -34.927  -24.423  85.957 0.0000000000
62071  -31.336  -25.558  80.717 0.0000000000
112391  -31.894  -25.501  79.995 0.0000000000
62108  -34.096  -25.444  78.491 0.0000000000
62089  -34.494  -25.513  79.435 0.0000000000
62075  -36.885  -26.077  80.582 0.0000000000
113625  -18.895  -35.905  88.296 0.0000000000
51231  -18.747  -36.084  87.504 0.0000000000
51246  -17.625  -35.637  86.987 0.0000000000
132759  -1.809  -32.017  83.934 0.0000000000
54799  -1.710  -33.316  84.292 0.0000000000
53952  -2.007  -34.431  83.488 0.0000000000
118042  -5.937  -36.324  88.766 0.0000000000
52190  -5.625  -36.911  88.125 0.0000000000
50208  -7.408  -37.890  86.201 0.0000000000
51256  -7.067  -37.406  86.083 0.0000000000
50224  -7.184  -38.074  85.452 0.0000000000
50239  -7.136  -38.652  84.724 0.0000000000
49275  -7.242  -39.269  84.540 0.0000000000
47218  -6.303  -40.644  85.628 0.0000000000
48290  -6.854  -39.927  85.781 0.0000000000
46197  -6.391  -41.784  83.256 0.0000000000
48310  -6.762  -40.694  84.166 0.0000000000
48320  -6.721  -41.120  83.432 0.0000000000
48321  -6.928  -40.383  83.535 0.0000000000
47283  -6.802  -41.168  82.425 0.0000000000
47282  -6.838  -41.701  81.847 0.0000000000
46237  -6.530  -42.268  81.367 0.0000000000
45192  -5.222  -43.126  80.511 0.0000000000
114326  -4.048  -45.466  83.452 0.0000000000
44135  -4.282  -45.293  82.429 0.0000000000
43135  -3.735  -45.893  82.660 0.0000000000
48152  -9.216  -40.629  99.871 0.0000000000
44919  -9.295  -43.075  99.643 0.0000000000
44914  -9.300  -42.248  99.702 0.0000000000
44918  -8.830  -43.245  100.143 0.0000000000
43931  -9.050  -43.844  99.745 0.0000000000
42934  -9.465  -45.176  98.303 0.0000000000
42072  -9.046  -45.914  98.176 0.0000000000
42070  -7.497  -46.379  98.318 0.0000000000
42063  -7.991  -45.820  98.845 0.0000000000
42927  -7.632  -45.342  99.314 0.0000000000
122967  -6.762  -45.406  99.243 0.0000000000
43935  -6.557  -44.771  99.458 0.0000000000
42067  -4.786  -46.428  98.124 0.0000000000
42933  -5.374  -45.874  98.533 0.0000000000
42066  -3.991  -46.209  97.921 0.0000000000
134307  -29.672  -25.061  86.678 0.0000000000
62870  -29.991  -24.672  86.780 0.0000000000
53988  -33.664  -34.369  80.452 0.0000000000
58498  -30.671  -29.623  83.300 0.0000000000
59490  -30.335  -28.911  83.007 0.0000000000
61200  -29.349  -26.339  85.844 0.0000000000
60387  -29.287  -26.945  84.616 0.0000000000
131772  -29.506  -25.595  85.524 0.0000000000
51173  -22.363  -36.829  91.721 0.0000000000
51164  -22.693  -36.607  92.151 0.0000000000
51172  -21.499  -36.124  91.402 0.0000000000
48225  -24.610  -40.690  92.010 0.0000000000
48208  -24.556  -40.156  92.405 0.0000000000
49185  -24.210  -39.481  92.360 0.0000000000
48224  -24.030  -40.093  91.975 0.0000000000
47191  -23.403  -41.257  88.177 0.0000000000
47172  -23.958  -40.647  88.822 0.0000000000
48248  -23.292  -39.624  90.001 0.0000000000
49209  -23.207  -39.417  90.551 0.0000000000
48237  -23.281  -39.761  91.429 0.0000000000
49194  -23.190  -38.562  91.313 0.0000000000
49208  -22.803  -38.805  89.809 0.0000000000
49215  -22.164  -38.060  89.393 0.0000000000
112167  -21.272  -37.144  89.508 0.0000000000
50186  -20.742  -37.087  88.209 0.0000000000
50214  -20.182  -37.053  86.335 0.0000000000
50200  -20.302  -37.075  86.919 0.0000000000
74755  -44.522  -10.468  71.372 0.0000000000
74770  -44.163  -10.639  70.399 0.0000000000
75555  -44.867  -9.838  71.442 0.0000000000
112086  -45.332  -9.321  69.075 0.0000000000
76420  -46.111  -8.623  70.016 0.0000000000
53020  -1.203  -35.574  92.055 0.0000000000
118585  -1.418  -36.189  91.690 0.0000000000
51181  -1.573  -37.189  90.963 0.0000000000
135027  -1.966  -37.416  91.356 0.0000000000
52983  -2.671  -35.139  94.340 0.0000000000
120700  -4.479  -36.738  92.061 0.0000000000
52127  -2.843  -36.644  92.474 0.0000000000
52144  -3.573  -37.571  91.082 0.0000000000
52159  -4.919  -37.014  89.891 0.0000000000
52160  -5.544  -36.372  90.366 0.0000000000
53034  -7.019  -35.488  90.553 0.0000000000
53035  -7.625  -35.724  90.258 0.0000000000
52175  -7.775  -36.198  89.192 0.0000000000
123111  -7.909  -35.955  89.800 0.0000000000
53000  -7.589  -35.806  93.937 0.0000000000
116626  -7.367  -35.504  93.232 0.0000000000
115535  -7.953  -35.909  93.101 0.0000000000
50153  -6.594  -38.137  91.104 0.0000000000
51183  -7.914  -36.975  91.495 0.0000000000
50163  -7.392  -37.601  90.838 0.0000000000
51209  -7.563  -37.534  89.858 0.0000000000
49213  -6.388  -38.726  89.420 0.0000000000
116500  -4.895  -39.713  89.856 0.0000000000
48252  -4.384  -40.517  89.514 0.0000000000
47163  -4.169  -40.983  88.871 0.0000000000
63826  -42.337  -23.341  76.605 0.0000000000
63827  -43.095  -22.970  77.112 0.0000000000
63812  -42.681  -23.673  77.478 0.0000000000
62856  -30.702  -24.312  88.372 0.0000000000
59598  -38.399  -27.569  75.321 0.0000000000
59610  -37.912  -27.710  74.665 0.0000000000
61328  -38.922  -26.344  74.569 0.0000000000
62173  -39.223  -25.514  74.217 0.0000000000
62180  -39.606  -24.637  73.740 0.0000000000
62174  -39.797  -25.055  74.758 0.0000000000
63005  -41.322  -24.532  76.475 0.0000000000
63016  -40.985  -24.179  75.666 0.0000000000
63825  -41.600  -23.713  76.148 0.0000000000
63836  -41.954  -22.938  75.731 0.0000000000
47049  -10.141  -40.787  98.835 0.0000000000
45969  -9.989  -42.110  98.504 0.0000000000
116324  -11.383  -40.279  97.570 0.0000000000
47055  -11.593  -40.233  97.304 0.0000000000
45981  -10.522  -41.954  97.131 0.0000000000
44937  -10.404  -42.457  97.080 0.0000000000
44946  -10.228  -43.136  96.830 0.0000000000
43958  -9.925  -43.978  96.557 0.0000000000
115390  -10.289  -43.362  95.989 0.0000000000
43981  -10.881  -44.025  94.128 0.0000000000
43980  -10.598  -44.758  94.716 0.0000000000
115202  -10.704  -44.796  93.858 0.0000000000
129384  -10.388  -45.842  93.146 0.0000000000
42985  -10.455  -45.567  92.509 0.0000000000
51212  -18.248  -35.285  88.720 0.0000000000
52178  -17.412  -34.842  89.213 0.0000000000
52163  -15.214  -35.111  90.140 0.0000000000
52164  -16.182  -34.657  90.688 0.0000000000
53024  -16.792  -34.489  92.212 0.0000000000
52149  -16.015  -34.794  91.812 0.0000000000
51210  -13.537  -36.887  89.318 0.0000000000
50170  -12.819  -37.669  89.500 0.0000000000
50164  -13.617  -36.714  91.040 0.0000000000
51169  -14.546  -36.190  93.023 0.0000000000
52131  -15.240  -35.523  92.455 0.0000000000
51162  -15.629  -36.085  94.370 0.0000000000
51161  -14.828  -36.398  94.035 0.0000000000
49182  -13.885  -37.747  94.746 0.0000000000
50131  -14.275  -37.081  94.456 0.0000000000
50121  -14.536  -37.407  95.116 0.0000000000
49172  -13.943  -38.074  95.235 0.0000000000
124467  -13.917  -38.286  95.652 0.0000000000
48202  -11.886  -39.636  94.155 0.0000000000
47098  -11.528  -40.280  94.403 0.0000000000
47113  -11.140  -41.241  92.886 0.0000000000
46055  -11.964  -42.554  90.203 0.0000000000
46056  -11.503  -41.637  90.621 0.0000000000
44993  -11.248  -43.776  90.933 0.0000000000
44994  -10.993  -42.958  91.675 0.0000000000
44981  -11.002  -43.357  92.420 0.0000000000
118845  -10.890  -44.590  91.673 0.0000000000
56507  -3.908  -31.987  89.261 0.0000000000
55612  -3.909  -32.429  88.461 0.0000000000
55622  -3.440  -32.941  87.753 0.0000000000
53899  -1.843  -34.836  88.635 0.0000000000
123185  -1.869  -34.776  87.898 0.0000000000
117477  -1.336  -35.416  86.458 0.0000000000
53920  -1.846  -34.416  86.738 0.0000000000
54780  -2.286  -33.821  86.700 0.0000000000
54779  -1.697  -34.187  86.048 0.0000000000
53930  -1.422  -34.872  85.716 0.0000000000
113316  -1.549  -36.947  84.084 0.0000000000
113662  -2.092  -36.087  82.973 0.0000000000
51253  -5.168  -37.833  86.973 0.0000000000
50207  -4.527  -38.439  86.540 0.0000000000
50235  -4.388  -38.842  85.339 0.0000000000
50221  -3.921  -38.933  86.031 0.0000000000
49261  -3.337  -39.126  85.381 0.0000000000
49272  -2.763  -39.319  84.671 0.0000000000
49319  -5.716  -39.733  81.500 0.0000000000
49302  -5.198  -39.396  82.211 0.0000000000
49301  -3.358  -39.332  82.496 0.0000000000
49286  -2.699  -39.409  83.748 0.0000000000
49285  -2.101  -39.210  83.235 0.0000000000
50248  -1.726  -38.804  83.576 0.0000000000
50261  -1.758  -38.667  82.717 0.0000000000
50280  -2.107  -38.061  81.235 0.0000000000
50270  -1.895  -38.391  81.959 0.0000000000
52248  -2.814  -37.094  80.790 0.0000000000
51126  -6.037  -36.499  99.255 0.0000000000
48149  -8.809  -40.264  100.319 0.0000000000
49132  -8.320  -39.693  100.699 0.0000000000
116417  -7.849  -40.200  100.680 0.0000000000
48147  -7.878  -39.871  100.842 0.0000000000
48146  -7.830  -39.444  100.708 0.0000000000
131184  -7.825  -38.943  100.685 0.0000000000
48151  -7.391  -39.633  100.229 0.0000000000
45968  -6.165  -42.033  98.857 0.0000000000
124939  -6.617  -41.616  99.452 0.0000000000
130940  -6.556  -41.257  98.974 0.0000000000
48159  -6.615  -39.705  99.100 0.0000000000
49140  -6.751  -39.103  99.701 0.0000000000
50087  -6.749  -38.229  99.794 0.0000000000
49143  -6.496  -39.058  99.332 0.0000000000
121278  -6.258  -39.369  98.077 0.0000000000
50094  -6.334  -38.429  98.587 0.0000000000
51136  -6.454  -37.857  97.234 0.0000000000
120827  -6.208  -38.698  96.861 0.0000000000
49160  -5.679  -40.064  95.215 0.0000000000
50100  -6.038  -38.698  95.928 0.0000000000
49161  -5.470  -39.149  95.216 0.0000000000
47074  -4.368  -42.423  94.783 0.0000000000
48187  -4.453  -42.037  93.996 0.0000000000
117485  -4.239  -41.629  92.876 0.0000000000
48201  -4.583  -40.913  92.840 0.0000000000
49179  -4.740  -40.138  93.250 0.0000000000
48216  -4.359  -40.783  92.273 0.0000000000
48217  -4.356  -40.198  92.022 0.0000000000
47143  -3.633  -42.316  91.027 0.0000000000
47183  -3.978  -42.382  89.197 0.0000000000
46074  -3.474  -43.063  89.705 0.0000000000
41104  -2.263  -46.783  96.428 0.0000000000
41124  -0.288  -46.798  94.381 0.0000000000
41125  -0.810  -46.891  94.473 0.0000000000
42093  -0.881  -46.296  94.670 0.0000000000
42086  -1.315  -45.997  95.332 0.0000000000
42085  -0.932  -45.823  94.817 0.0000000000
42959  -1.056  -45.424  94.806 0.0000000000
42958  -0.469  -45.660  94.764 0.0000000000
42978  0.264  -45.174  93.200 0.0000000000
117811  0.216  -45.000  93.916 0.0000000000
129866  0.175  -44.540  93.427 0.0000000000
44970  0.085  -44.806  93.098 0.0000000000
43989  0.173  -44.515  92.732 0.0000000000
44991  -0.310  -44.662  91.905 0.0000000000
45008  -0.732  -44.970  91.334 0.0000000000
45027  -1.110  -45.239  90.560 0.0000000000
45043  -1.947  -44.622  88.965 0.0000000000
45061  -1.863  -44.909  88.341 0.0000000000
45062  -2.413  -44.464  88.206 0.0000000000
113083  -1.997  -45.041  87.687 0.0000000000
44066  -2.626  -44.642  87.425 0.0000000000
49242  -35.699  -39.573  87.088 0.0000000000
49229  -35.247  -39.911  88.616 0.0000000000
47248  -34.259  -41.228  85.560 0.0000000000
48305  -35.039  -40.716  85.286 0.0000000000
47230  -34.704  -40.816  86.047 0.0000000000
134518  -34.984  -40.535  86.355 0.0000000000
46125  -32.305  -42.124  86.931 0.0000000000
46145  -32.324  -42.144  86.074 0.0000000000
46105  -32.064  -42.287  88.538 0.0000000000
130253  -32.672  -41.950  88.251 0.0000000000
47175  -33.715  -41.316  89.410 0.0000000000
66611  -43.624  -20.498  74.994 0.0000000000
119818  -44.655  -20.359  76.320 0.0000000000
63842  -41.149  -23.215  74.212 0.0000000000
63847  -41.143  -23.103  73.164 0.0000000000
65744  -42.795  -21.228  73.873 0.0000000000
65748  -42.711  -21.261  72.913 0.0000000000
134807  -32.160  -24.494  84.813 0.0000000000
62903  -32.516  -24.279  85.476 0.0000000000
113361  -32.141  -24.055  87.946 0.0000000000
61218  -28.775  -26.216  82.501 0.0000000000
62024  -29.551  -25.689  83.605 0.0000000000
62025  -29.957  -25.391  83.395 0.0000000000
62037  -30.378  -25.309  82.804 0.0000000000
62932  -30.556  -25.193  83.594 0.0000000000
62918  -31.449  -24.689  84.561 0.0000000000
47199  -4.892  -40.937  87.403 0.0000000000
46151  -4.491  -43.252  86.277 0.0000000000
45101  -4.165  -44.008  86.055 0.0000000000
42107  -10.114  -46.333  94.411 0.0000000000
42094  -9.568  -46.752  94.982 0.0000000000
42106  -9.553  -46.926  94.157 0.0000000000
126133  -8.916  -47.385  93.889 0.0000000000
54818  -34.574  -33.903  83.637 0.0000000000
130346  -34.511  -33.961  83.005 0.0000000000
55669  -34.014  -33.534  84.119 0.0000000000
55668  -33.064  -33.155  84.381 0.0000000000
56566  -32.369  -32.301  84.798 0.0000000000
128186  -32.517  -32.031  85.308 0.0000000000
133407  -32.546  -31.716  85.868 0.0000000000
50116  -25.837  -37.957  93.545 0.0000000000
46160  -23.501  -42.411  85.761 0.0000000000
72330  -44.902  -13.563  73.252 0.0000000000
122676  -45.255  -12.772  73.705 0.0000000000
73881  -46.087  -11.367  75.352 0.0000000000
52959  -6.158  -35.854  96.110 0.0000000000
61247  -39.986  -27.055  80.119 0.0000000000
112429  -39.590  -26.354  81.481 0.0000000000
62110  -36.244  -25.767  78.983 0.0000000000
61257  -36.871  -26.333  78.456 0.0000000000
61277  -37.558  -26.881  77.819 0.0000000000
133127  -38.069  -27.336  77.563 0.0000000000
48166  -13.647  -38.502  97.046 0.0000000000
49158  -13.714  -38.483  96.012 0.0000000000
52135  -21.058  -35.257  91.620 0.0000000000
54825  -2.298  -33.811  83.141 0.0000000000
53965  -2.921  -34.301  82.738 0.0000000000
51205  -1.481  -37.434  90.090 0.0000000000
115762  -1.735  -37.771  89.390 0.0000000000
50179  -2.382  -38.560  88.337 0.0000000000
46291  -5.226  -42.278  78.674 0.0000000000
46313  -3.968  -42.125  77.819 0.0000000000
125554  -8.334  -37.151  100.761 0.0000000000
43939  -4.157  -44.338  97.810 0.0000000000
45978  -3.420  -43.548  96.162 0.0000000000
43957  -2.526  -43.978  95.909 0.0000000000
50246  -36.674  -38.217  84.750 0.0000000000
121312  -36.693  -38.177  84.084 0.0000000000
51279  -36.830  -37.401  84.226 0.0000000000
124144  -36.766  -36.412  83.976 0.0000000000
116434  -36.466  -35.638  84.112 0.0000000000
46211  -32.296  -42.181  83.725 0.0000000000
115494  -29.267  -43.136  87.954 0.0000000000
45054  -28.686  -43.253  88.323 0.0000000000
45073  -28.661  -43.168  87.607 0.0000000000
118894  -27.899  -43.226  87.235 0.0000000000
125083  -27.119  -43.296  87.231 0.0000000000
45091  -26.473  -43.302  86.613 0.0000000000
45111  -26.427  -43.248  85.569 0.0000000000
131320  -45.680  -15.851  75.520 0.0000000000
67479  -44.076  -18.845  73.024 0.0000000000
68307  -44.207  -18.185  72.996 0.0000000000
69110  -44.357  -17.486  73.481 0.0000000000
69923  -44.482  -16.531  73.632 0.0000000000
69111  -44.734  -17.020  74.244 0.0000000000
125129  -45.126  -16.660  74.764 0.0000000000
112589  -35.238  -25.562  82.011 0.0000000000
62042  -36.161  -25.762  82.252 0.0000000000
62073  -33.237  -25.491  80.948 0.0000000000
113966  -34.784  -25.546  80.306 0.0000000000
62056  -34.117  -25.553  81.004 0.0000000000
50212  -18.639  -36.404  86.203 0.0000000000
56546  -2.124  -31.870  84.466 0.0000000000
131731  -1.778  -33.171  84.935 0.0000000000
52192  -7.055  -36.147  88.235 0.0000000000
52208  -6.801  -36.431  87.602 0.0000000000
52209  -7.204  -36.683  87.591 0.0000000000
117453  -7.363  -38.477  85.789 0.0000000000
47252  -5.847  -41.768  84.480 0.0000000000
47238  -6.257  -41.079  84.828 0.0000000000
46174  -5.997  -41.973  83.825 0.0000000000
116036  -5.908  -42.682  81.794 0.0000000000
45167  -5.159  -43.313  81.200 0.0000000000
45191  -4.708  -43.751  80.598 0.0000000000
44168  -4.302  -44.398  80.670 0.0000000000
45965  -9.719  -41.907  98.969 0.0000000000
45964  -9.442  -42.037  99.397 0.0000000000
43933  -9.438  -43.347  99.087 0.0000000000
43936  -9.442  -44.044  98.988 0.0000000000
41098  -8.524  -46.540  97.699 0.0000000000
41097  -7.823  -46.775  97.814 0.0000000000
116437  -7.110  -46.919  97.898 0.0000000000
42069  -6.728  -46.546  98.349 0.0000000000
42061  -6.198  -46.097  98.735 0.0000000000
131616  -6.097  -46.704  98.268 0.0000000000
41095  -5.705  -47.102  97.937 0.0000000000
61195  -29.427  -26.489  86.656 0.0000000000
131213  -29.532  -25.703  87.116 0.0000000000
54861  -32.825  -34.224  81.254 0.0000000000
58467  -31.060  -29.547  84.608 0.0000000000
59453  -30.662  -28.944  84.627 0.0000000000
60403  -29.617  -27.741  84.095 0.0000000000
60370  -29.571  -27.174  86.175 0.0000000000
50133  -23.211  -37.568  91.988 0.0000000000
50144  -22.856  -37.710  91.469 0.0000000000
47138  -26.467  -41.154  91.478 0.0000000000
47121  -25.946  -40.682  91.688 0.0000000000
47137  -25.771  -41.082  91.356 0.0000000000
130343  -24.923  -40.637  91.309 0.0000000000
47171  -23.153  -40.504  88.542 0.0000000000
48270  -22.732  -40.239  88.230 0.0000000000
48256  -22.653  -39.665  88.617 0.0000000000
49216  -22.668  -39.012  88.955 0.0000000000
49227  -21.859  -38.033  88.225 0.0000000000
49226  -21.340  -37.590  87.726 0.0000000000
115162  -21.119  -37.560  86.736 0.0000000000
71577  -42.746  -13.832  69.925 0.0000000000
52103  -3.138  -35.626  93.709 0.0000000000
52115  -2.572  -35.884  92.963 0.0000000000
133786  -3.267  -36.050  92.953 0.0000000000
52146  -5.253  -36.450  91.347 0.0000000000
53021  -6.096  -35.790  91.864 0.0000000000
53022  -6.965  -35.470  91.512 0.0000000000
51160  -7.932  -37.291  93.721 0.0000000000
111949  -8.121  -36.697  93.060 0.0000000000
50140  -7.233  -37.856  92.608 0.0000000000
49200  -5.980  -38.689  90.477 0.0000000000
49205  -4.835  -39.665  90.784 0.0000000000
62992  -42.279  -24.425  77.774 0.0000000000
60493  -39.450  -26.757  76.194 0.0000000000
61312  -39.793  -26.134  75.926 0.0000000000
62165  -40.112  -25.413  75.590 0.0000000000
45971  -10.879  -40.746  97.919 0.0000000000
47066  -11.838  -40.234  96.472 0.0000000000
45993  -11.137  -41.022  96.846 0.0000000000
44956  -10.299  -42.765  95.302 0.0000000000
43991  -10.944  -44.434  93.273 0.0000000000
52195  -16.223  -34.901  88.238 0.0000000000
52177  -16.040  -34.834  89.102 0.0000000000
126609  -14.829  -35.383  89.373 0.0000000000
49214  -12.495  -38.607  89.853 0.0000000000
50155  -13.021  -37.592  91.644 0.0000000000
50141  -13.122  -37.535  92.883 0.0000000000
50142  -13.883  -36.824  93.545 0.0000000000
49192  -12.663  -38.285  93.397 0.0000000000
48218  -11.811  -39.765  93.162 0.0000000000
47114  -11.449  -40.572  92.467 0.0000000000
44024  -11.107  -44.387  90.512 0.0000000000
44009  -10.759  -44.810  90.924 0.0000000000
119444  -1.258  -35.969  87.226 0.0000000000
53072  -1.236  -36.349  86.479 0.0000000000
53083  -1.298  -35.808  85.675 0.0000000000
51278  -1.625  -37.510  83.456 0.0000000000
51273  -6.300  -38.002  85.207 0.0000000000
50222  -5.033  -38.336  85.770 0.0000000000
50223  -5.606  -38.199  85.187 0.0000000000
50236  -5.020  -38.719  84.773 0.0000000000
133806  -4.609  -38.968  84.307 0.0000000000
49317  -3.702  -39.414  81.152 0.0000000000
114748  -3.278  -39.322  81.774 0.0000000000
49300  -2.666  -39.256  82.017 0.0000000000
49299  -2.101  -39.056  82.366 0.0000000000
50281  -2.381  -38.448  80.781 0.0000000000
122355  -2.373  -38.166  80.145 0.0000000000
47041  -8.446  -41.046  100.610 0.0000000000
47039  -7.590  -41.149  100.434 0.0000000000
47047  -7.176  -41.183  99.783 0.0000000000
47051  -6.423  -41.279  98.510 0.0000000000
48162  -6.547  -40.455  98.406 0.0000000000
49147  -6.385  -39.987  98.242 0.0000000000
49153  -6.098  -39.441  97.199 0.0000000000
127695  -6.032  -40.012  96.696 0.0000000000
122684  -4.052  -42.347  93.629 0.0000000000
47096  -3.930  -42.197  93.181 0.0000000000
47112  -3.911  -41.972  92.507 0.0000000000
48230  -4.103  -41.383  91.994 0.0000000000
47142  -3.260  -42.668  91.602 0.0000000000
113395  -2.734  -43.263  91.040 0.0000000000
41136  -0.023  -47.431  94.094 0.0000000000
126684  0.064  -46.793  94.239 0.0000000000
42105  0.153  -46.196  94.219 0.0000000000
116592  0.201  -46.601  93.529 0.0000000000
115473  0.233  -45.929  92.928 0.0000000000
124189  -1.318  -45.559  89.670 0.0000000000
47300  -34.264  -41.336  82.918 0.0000000000
48341  -34.722  -40.710  82.373 0.0000000000
48327  -35.013  -40.920  83.351 0.0000000000
48328  -35.551  -40.230  83.812 0.0000000000
49282  -36.113  -39.491  84.313 0.0000000000
48306  -35.576  -40.090  85.353 0.0000000000
114792  -35.909  -39.689  85.062 0.0000000000
51268  -36.732  -37.540  85.733 0.0000000000
45113  -28.782  -43.141  85.579 0.0000000000
45114  -29.594  -43.050  85.643 0.0000000000
46189  -31.708  -42.224  84.845 0.0000000000
46165  -31.637  -42.250  85.611 0.0000000000
135309  -31.817  -42.226  84.216 0.0000000000
47278  -33.638  -41.685  83.491 0.0000000000
45056  -30.166  -42.964  88.838 0.0000000000
46104  -31.336  -42.526  88.312 0.0000000000
46103  -30.627  -42.778  88.405 0.0000000000
45075  -30.018  -42.951  88.016 0.0000000000
45074  -29.444  -43.059  87.223 0.0000000000
45094  -29.090  -43.089  86.356 0.0000000000
68273  -45.285  -18.207  75.831 0.0000000000
69087  -45.619  -17.889  76.509 0.0000000000
63853  -41.149  -22.903  72.265 0.0000000000
64729  -40.711  -22.458  71.216 0.0000000000
65764  -42.588  -21.184  71.535 0.0000000000
66657  -43.058  -20.584  71.897 0.0000000000
66648  -43.409  -20.168  72.732 0.0000000000
65749  -43.153  -20.673  73.204 0.0000000000
66638  -43.493  -20.090  73.359 0.0000000000
67466  -43.760  -19.516  73.174 0.0000000000
62015  -34.113  -24.882  83.890 0.0000000000
62887  -34.213  -24.274  86.663 0.0000000000
61230  -28.707  -26.180  81.628 0.0000000000
61237  -28.780  -26.176  80.791 0.0000000000
62085  -29.131  -25.909  79.568 0.0000000000
62087  -29.626  -25.709  79.112 0.0000000000
114528  -29.871  -25.477  79.861 0.0000000000
111856  -31.045  -25.292  82.169 0.0000000000
62039  -32.937  -25.187  82.671 0.0000000000
55633  -4.030  -32.191  86.948 0.0000000000
49235  -6.486  -39.418  87.587 0.0000000000
49236  -7.153  -38.912  87.140 0.0000000000
48279  -6.274  -39.819  87.079 0.0000000000
48278  -6.194  -40.283  86.535 0.0000000000
47217  -5.665  -40.993  86.145 0.0000000000
47216  -5.057  -41.465  86.677 0.0000000000
47236  -5.260  -41.767  85.773 0.0000000000
47237  -5.693  -41.601  85.111 0.0000000000
45122  -5.120  -43.136  83.902 0.0000000000
45140  -4.900  -43.916  83.647 0.0000000000
44115  -4.205  -45.049  84.149 0.0000000000
43107  -3.662  -45.569  84.390 0.0000000000
42944  -10.006  -44.501  97.045 0.0000000000
42936  -9.881  -44.188  97.591 0.0000000000
42943  -10.121  -45.374  96.989 0.0000000000
42082  -9.920  -46.041  96.966 0.0000000000
42081  -9.383  -46.258  97.191 0.0000000000
41127  -8.986  -47.196  95.668 0.0000000000
41119  -8.560  -47.164  96.525 0.0000000000
128234  -7.870  -47.415  96.538 0.0000000000
59423  -30.859  -28.656  86.920 0.0000000000
60364  -30.606  -28.107  87.738 0.0000000000
121389  -36.011  -35.365  81.223 0.0000000000
53990  -35.425  -34.929  80.907 0.0000000000
53977  -34.859  -34.488  81.418 0.0000000000
54834  -33.932  -33.974  82.610 0.0000000000
116356  -33.157  -34.073  82.047 0.0000000000
129037  -32.243  -33.912  82.518 0.0000000000
54832  -31.342  -33.781  82.388 0.0000000000
55685  -30.846  -32.979  83.001 0.0000000000
57537  -31.939  -31.515  85.044 0.0000000000
58482  -31.346  -30.131  84.693 0.0000000000
126550  -31.457  -29.966  85.095 0.0000000000
50113  -24.332  -38.093  93.058 0.0000000000
49173  -24.242  -38.718  92.663 0.0000000000
46102  -25.005  -42.271  88.678 0.0000000000
46082  -25.049  -41.510  89.059 0.0000000000
46120  -23.483  -42.064  87.612 0.0000000000
47207  -22.924  -41.366  87.520 0.0000000000
47227  -22.804  -41.883  86.151 0.0000000000
47226  -22.579  -41.279  86.828 0.0000000000
48295  -22.330  -40.802  86.822 0.0000000000
48294  -22.344  -40.368  86.499 0.0000000000
122854  -43.370  -13.722  70.801 0.0000000000
132975  -43.646  -13.931  71.396 0.0000000000
72354  -43.548  -12.915  70.838 0.0000000000
73119  -43.514  -12.261  70.377 0.0000000000
73931  -43.860  -11.480  70.635 0.0000000000
73888  -45.245  -11.357  73.698 0.0000000000
120505  -6.223  -35.591  94.207 0.0000000000
123819  -6.998  -35.428  94.072 0.0000000000
52093  -6.653  -35.939  95.413 0.0000000000
52106  -7.573  -36.403  94.623 0.0000000000
50119  -6.845  -38.266  93.797 0.0000000000
61280  -40.280  -26.361  77.570 0.0000000000
61262  -41.392  -25.597  78.555 0.0000000000
122922  -40.495  -26.562  80.348 0.0000000000
134870  -35.889  -26.618  76.110 0.0000000000
59597  -37.874  -27.834  75.458 0.0000000000
59583  -38.456  -27.573  76.007 0.0000000000
60474  -38.420  -27.326  77.599 0.0000000000
60491  -38.435  -27.462  76.829 0.0000000000
60492  -38.970  -27.206  76.508 0.0000000000
60476  -39.546  -26.753  76.968 0.0000000000
48161  -12.648  -38.598  97.731 0.0000000000
131834  -12.683  -38.944  97.573 0.0000000000
47056  -12.407  -39.552  97.133 0.0000000000
48168  -13.173  -38.969  96.932 0.0000000000
47076  -11.224  -40.978  95.468 0.0000000000
47086  -11.129  -40.959  94.681 0.0000000000
125366  -12.759  -38.034  87.958 0.0000000000
121420  -12.611  -39.180  87.857 0.0000000000
49225  -12.591  -38.673  88.752 0.0000000000
113065  -12.389  -39.635  89.230 0.0000000000
48255  -12.130  -40.384  89.602 0.0000000000
48242  -11.928  -40.307  90.430 0.0000000000
46076  -11.968  -41.912  89.537 0.0000000000
54743  -2.135  -33.972  89.790 0.0000000000
121684  -1.281  -36.531  88.725 0.0000000000
133523  -1.291  -37.204  88.448 0.0000000000
52189  -1.254  -36.615  87.935 0.0000000000
51252  -1.478  -37.860  86.864 0.0000000000
48332  -6.701  -40.428  82.096 0.0000000000
49320  -6.403  -40.071  81.782 0.0000000000
49335  -6.272  -40.177  80.964 0.0000000000
49334  -5.412  -39.828  80.657 0.0000000000
134375  -5.661  -41.231  78.800 0.0000000000
48386  -5.732  -40.759  79.154 0.0000000000
49351  -5.141  -40.030  79.722 0.0000000000
49350  -4.149  -39.829  79.441 0.0000000000
49349  -3.366  -39.509  78.987 0.0000000000
49369  -2.937  -39.347  78.071 0.0000000000
52918  -7.456  -35.321  101.268 0.0000000000
52917  -6.772  -35.423  101.365 0.0000000000
52044  -7.055  -36.236  101.273 0.0000000000
51115  -7.263  -37.508  100.742 0.0000000000
127614  -6.563  -43.676  99.831 0.0000000000
116795  -6.686  -42.957  100.070 0.0000000000
44915  -6.173  -43.311  99.522 0.0000000000
119712  -5.865  -42.914  98.995 0.0000000000
45967  -5.654  -42.827  98.180 0.0000000000
124376  -5.636  -42.379  97.539 0.0000000000
48170  -5.380  -41.944  96.352 0.0000000000
47064  -4.686  -42.491  96.092 0.0000000000
47063  -4.223  -42.763  95.531 0.0000000000
46000  -3.667  -43.109  94.937 0.0000000000
46009  -3.157  -43.286  94.500 0.0000000000
124798  -2.802  -43.395  94.199 0.0000000000
46015  -1.685  -44.381  93.366 0.0000000000
51297  -36.049  -37.058  80.376 0.0000000000
112285  -36.805  -37.795  83.438 0.0000000000
50267  -36.572  -38.113  82.589 0.0000000000
50276  -36.192  -38.412  81.706 0.0000000000
51291  -36.537  -37.389  81.789 0.0000000000
52243  -36.478  -36.590  81.492 0.0000000000
126594  -35.612  -34.742  82.570 0.0000000000
53959  -36.208  -35.088  83.762 0.0000000000
53958  -35.714  -34.717  83.409 0.0000000000
54819  -35.259  -34.293  83.892 0.0000000000
54805  -34.715  -33.744  84.354 0.0000000000
47122  -27.125  -40.884  91.768 0.0000000000
46063  -26.609  -41.926  90.587 0.0000000000
46084  -26.391  -41.904  89.736 0.0000000000
45017  -28.502  -43.088  90.629 0.0000000000
45036  -28.226  -43.274  89.710 0.0000000000
45016  -27.598  -43.082  90.429 0.0000000000
45034  -26.423  -43.051  89.327 0.0000000000
119452  -26.247  -42.107  89.193 0.0000000000
123243  -24.530  -43.036  87.050 0.0000000000
46142  -24.785  -43.068  86.079 0.0000000000
68338  -43.396  -18.712  71.080 0.0000000000
68337  -42.999  -18.453  70.495 0.0000000000
125467  -44.458  -15.109  73.192 0.0000000000
70734  -44.718  -15.647  73.713 0.0000000000
71534  -44.967  -14.614  73.730 0.0000000000
124441  -45.937  -13.740  75.054 0.0000000000
62076  -37.689  -26.641  80.770 0.0000000000
112235  -37.630  -26.328  81.764 0.0000000000
112593  -36.372  -25.578  83.056 0.0000000000
62008  -35.384  -24.604  85.084 0.0000000000
62090  -35.502  -25.593  79.590 0.0000000000
62091  -36.546  -25.879  79.864 0.0000000000
51214  -19.830  -36.225  89.384 0.0000000000
116063  -19.318  -35.670  89.708 0.0000000000
51213  -19.080  -35.811  89.046 0.0000000000
50198  -13.969  -36.716  87.075 0.0000000000
50209  -13.450  -37.761  86.618 0.0000000000
51226  -4.534  -37.790  88.613 0.0000000000
51242  -5.662  -37.157  87.303 0.0000000000
51254  -6.099  -37.163  86.573 0.0000000000
52219  -6.839  -36.858  86.797 0.0000000000
51255  -6.659  -37.290  86.120 0.0000000000
51265  -6.051  -37.717  85.784 0.0000000000
50251  -6.720  -38.740  84.269 0.0000000000
49290  -6.744  -39.309  83.519 0.0000000000
48291  -7.273  -39.165  85.808 0.0000000000
48301  -7.212  -39.580  85.097 0.0000000000
49291  -7.112  -39.638  83.881 0.0000000000
49305  -6.960  -39.912  83.224 0.0000000000
48348  -6.838  -40.995  81.940 0.0000000000
48366  -6.947  -41.334  81.171 0.0000000000
46254  -6.499  -42.261  80.369 0.0000000000
46253  -5.721  -42.714  80.047 0.0000000000
46270  -6.126  -42.348  79.618 0.0000000000
46269  -4.656  -42.939  78.920 0.0000000000
47038  -9.172  -40.822  99.899 0.0000000000
47037  -8.839  -40.946  100.172 0.0000000000
45959  -9.241  -41.625  99.737 0.0000000000
45958  -8.972  -41.849  100.103 0.0000000000
47042  -8.661  -41.222  100.375 0.0000000000
44912  -8.483  -42.529  100.487 0.0000000000
44917  -8.026  -43.400  100.355 0.0000000000
42930  -9.629  -44.421  98.511 0.0000000000
42925  -9.115  -44.329  99.344 0.0000000000
42064  -8.720  -45.567  98.681 0.0000000000
42924  -8.719  -44.424  99.663 0.0000000000
42923  -8.065  -44.699  99.734 0.0000000000
43930  -7.590  -44.177  100.059 0.0000000000
43929  -6.824  -44.238  99.840 0.0000000000
42932  -5.198  -45.164  98.611 0.0000000000
121819  -2.635  -45.835  97.059 0.0000000000
62884  -30.091  -24.679  86.011 0.0000000000
62885  -30.510  -24.384  86.490 0.0000000000
134338  -30.105  -24.621  87.416 0.0000000000
61990  -29.969  -24.930  88.459 0.0000000000
53123  -35.322  -35.188  80.159 0.0000000000
112116  -29.064  -26.892  83.801 0.0000000000
61210  -29.294  -26.115  84.183 0.0000000000
62014  -29.703  -25.475  84.770 0.0000000000
52122  -22.103  -35.702  92.382 0.0000000000
52121  -21.354  -35.021  92.172 0.0000000000
49165  -25.853  -39.126  93.264 0.0000000000
116848  -25.481  -40.049  92.131 0.0000000000
48194  -25.791  -39.738  92.520 0.0000000000
49175  -25.150  -39.354  92.688 0.0000000000
49174  -24.419  -39.220  92.498 0.0000000000
116974  -24.214  -39.327  92.457 0.0000000000
132840  -23.786  -39.444  92.398 0.0000000000
47173  -24.805  -40.802  89.470 0.0000000000
47151  -24.639  -40.390  90.623 0.0000000000
48258  -23.533  -39.950  89.340 0.0000000000
48249  -23.919  -39.907  90.455 0.0000000000
113739  -23.578  -40.000  91.616 0.0000000000
48223  -23.454  -39.792  91.966 0.0000000000
114203  -23.912  -38.985  92.170 0.0000000000
50158  -22.387  -37.821  90.773 0.0000000000
127944  -22.408  -38.169  90.128 0.0000000000
115768  -21.615  -37.063  90.610 0.0000000000
50165  -20.996  -36.561  90.118 0.0000000000
135417  -20.533  -36.512  89.620 0.0000000000
50199  -19.570  -36.620  87.135 0.0000000000
50185  -20.452  -37.062  87.456 0.0000000000
73944  -43.765  -11.106  69.694 0.0000000000
74777  -44.158  -10.518  69.335 0.0000000000
134678  -44.818  -9.546  70.176 0.0000000000
74778  -44.701  -9.892  68.928 0.0000000000
118817  -46.749  -8.820  68.875 0.0000000000
130759  -1.289  -35.832  91.193 0.0000000000
52158  -1.340  -36.614  90.555 0.0000000000
51193  -1.949  -37.821  90.787 0.0000000000
52125  -1.589  -36.042  92.281 0.0000000000
52126  -2.124  -36.406  92.379 0.0000000000
51167  -2.387  -37.079  91.869 0.0000000000
51182  -2.577  -37.688  91.333 0.0000000000
51195  -3.868  -37.677  90.268 0.0000000000
53051  -6.468  -35.878  89.113 0.0000000000
53041  -6.365  -35.797  89.979 0.0000000000
53052  -7.019  -35.772  88.842 0.0000000000
53053  -7.381  -35.949  88.792 0.0000000000
50169  -7.460  -37.799  88.933 0.0000000000
53010  -7.625  -35.681  92.178 0.0000000000
52130  -7.962  -35.818  91.504 0.0000000000
52147  -8.137  -36.217  91.191 0.0000000000
52161  -8.077  -36.094  90.431 0.0000000000
50180  -7.014  -38.458  88.718 0.0000000000
49223  -6.446  -39.060  88.479 0.0000000000
48254  -5.229  -39.866  88.520 0.0000000000
49212  -5.599  -39.201  89.716 0.0000000000
132535  -5.238  -39.574  89.220 0.0000000000
47185  -4.388  -41.176  88.140 0.0000000000
123883  -4.165  -41.972  88.038 0.0000000000
46094  -4.008  -42.537  88.364 0.0000000000
64685  -43.483  -22.281  76.726 0.0000000000
62060  -38.689  -26.317  81.827 0.0000000000
62872  -31.379  -24.138  87.812 0.0000000000
59621  -37.527  -27.567  73.863 0.0000000000
60532  -37.783  -27.039  73.532 0.0000000000
60521  -38.611  -27.171  74.815 0.0000000000
60533  -38.361  -26.760  73.997 0.0000000000
61347  -37.990  -26.319  73.251 0.0000000000
61364  -38.266  -25.570  72.943 0.0000000000
62188  -38.586  -24.886  72.575 0.0000000000
63028  -39.196  -24.624  72.905 0.0000000000
63015  -40.384  -24.632  75.234 0.0000000000
63022  -40.674  -23.882  74.766 0.0000000000
47048  -9.881  -41.231  99.058 0.0000000000
44925  -9.944  -42.659  98.331 0.0000000000
44928  -10.207  -42.840  97.900 0.0000000000
48160  -12.157  -39.177  97.896 0.0000000000
47053  -11.282  -39.901  98.047 0.0000000000
45982  -11.017  -41.032  97.277 0.0000000000
45974  -10.515  -41.784  97.627 0.0000000000
43949  -10.455  -43.770  97.286 0.0000000000
42971  -10.371  -45.620  94.761 0.0000000000
42117  -10.059  -46.483  93.490 0.0000000000
42116  -9.529  -46.867  92.702 0.0000000000
52166  -18.823  -35.029  90.110 0.0000000000
52150  -18.186  -34.557  90.846 0.0000000000
53025  -17.626  -34.396  91.663 0.0000000000
53011  -16.638  -34.640  93.042 0.0000000000
51228  -13.748  -36.722  88.676 0.0000000000
51198  -14.087  -36.105  89.970 0.0000000000
126181  -14.374  -35.769  90.877 0.0000000000
52118  -16.137  -35.312  93.813 0.0000000000
52107  -16.007  -35.802  94.592 0.0000000000
50110  -15.252  -37.007  95.922 0.0000000000
49162  -14.253  -38.106  95.984 0.0000000000
129824  -13.376  -38.644  95.654 0.0000000000
48180  -12.788  -39.048  95.379 0.0000000000
48190  -12.553  -39.018  94.743 0.0000000000
46017  -10.764  -41.682  94.195 0.0000000000
47131  -11.567  -40.674  91.209 0.0000000000
47130  -11.221  -41.408  91.794 0.0000000000
45011  -11.637  -43.148  90.625 0.0000000000
46030  -10.862  -41.851  93.285 0.0000000000
44973  -10.701  -42.449  93.754 0.0000000000
44972  -10.922  -43.402  93.334 0.0000000000
43999  -10.724  -44.903  92.462 0.0000000000
42996  -10.529  -45.297  91.617 0.0000000000
55632  -3.390  -32.669  86.772 0.0000000000
54768  -3.106  -33.439  88.052 0.0000000000
54767  -2.633  -33.853  87.743 0.0000000000
54781  -2.920  -33.326  87.173 0.0000000000
53091  -1.468  -35.264  84.685 0.0000000000
132479  -1.610  -34.581  84.132 0.0000000000
53097  -1.836  -35.292  83.637 0.0000000000
51240  -3.609  -38.455  88.143 0.0000000000
50206  -3.350  -38.944  86.761 0.0000000000
50205  -2.362  -38.908  86.701 0.0000000000
50220  -2.204  -38.922  85.867 0.0000000000
49259  -2.114  -39.143  85.085 0.0000000000
49289  -6.090  -39.249  82.816 0.0000000000
49288  -5.252  -39.067  83.161 0.0000000000
49274  -4.231  -39.082  83.737 0.0000000000
126192  -3.315  -39.330  84.029 0.0000000000
50234  -1.688  -38.716  84.547 0.0000000000
132433  -1.555  -38.206  83.771 0.0000000000
132158  -1.749  -38.008  82.367 0.0000000000
131516  -1.860  -37.435  82.638 0.0000000000
52240  -2.431  -36.948  81.714 0.0000000000
52241  -2.744  -36.706  81.386 0.0000000000
51301  -3.110  -37.419  79.567 0.0000000000
52071  -6.039  -36.403  98.348 0.0000000000
111976  -8.740  -39.002  100.389 0.0000000000
116752  -8.078  -39.038  100.854 0.0000000000
49131  -8.113  -39.259  100.791 0.0000000000
47035  -7.985  -40.325  100.949 0.0000000000
50080  -7.964  -38.626  100.802 0.0000000000
50079  -7.555  -38.360  100.572 0.0000000000
49135  -7.016  -39.167  99.942 0.0000000000
122420  -6.856  -37.894  100.098 0.0000000000
51127  -6.476  -37.227  99.636 0.0000000000
133360  -6.406  -37.288  99.322 0.0000000000
52081  -6.310  -36.860  97.344 0.0000000000
51137  -6.631  -37.302  96.528 0.0000000000
122423  -6.665  -38.154  95.460 0.0000000000
118172  -5.924  -38.643  93.766 0.0000000000
49181  -5.386  -38.951  93.064 0.0000000000
48178  -5.411  -41.030  95.323 0.0000000000
49159  -5.368  -40.636  94.393 0.0000000000
48188  -5.038  -41.209  93.742 0.0000000000
49168  -5.119  -40.166  93.687 0.0000000000
49169  -5.013  -39.663  93.792 0.0000000000
49180  -4.915  -39.535  93.045 0.0000000000
48232  -4.374  -40.193  91.229 0.0000000000
120592  -4.104  -40.859  90.878 0.0000000000
47129  -4.003  -41.459  91.342 0.0000000000
47144  -3.987  -41.510  90.531 0.0000000000
130553  -4.005  -40.892  90.168 0.0000000000
47162  -4.027  -41.429  89.578 0.0000000000
42079  -2.751  -46.480  97.045 0.0000000000
42087  -1.662  -46.367  95.960 0.0000000000
42949  -1.651  -45.699  96.074 0.0000000000
43955  -1.519  -44.848  95.334 0.0000000000
43968  -1.100  -45.249  94.548 0.0000000000
42970  0.087  -45.549  94.477 0.0000000000
43967  -0.106  -44.965  94.347 0.0000000000
43979  -1.047  -45.154  94.166 0.0000000000
44962  0.043  -44.787  93.807 0.0000000000
44971  -0.841  -44.894  93.318 0.0000000000
44980  -0.909  -44.579  92.552 0.0000000000
111948  0.200  -45.983  92.171 0.0000000000
42995  0.078  -45.491  91.507 0.0000000000
43998  0.074  -44.603  91.919 0.0000000000
44992  -0.634  -44.395  91.886 0.0000000000
120931  -1.676  -43.917  91.467 0.0000000000
46053  -1.780  -43.986  90.744 0.0000000000
44037  -1.495  -44.884  89.753 0.0000000000
45028  -1.988  -44.171  89.761 0.0000000000
46092  -2.882  -43.690  89.305 0.0000000000
46111  -3.009  -43.863  88.479 0.0000000000
46112  -3.599  -43.441  87.971 0.0000000000
45081  -3.368  -44.112  87.238 0.0000000000
44076  -2.786  -44.884  86.756 0.0000000000
41110  -8.863  -46.775  97.186 0.0000000000
42088  -9.339  -46.568  96.501 0.0000000000
42929  -9.215  -44.893  98.861 0.0000000000
44010  -11.119  -43.892  91.711 0.0000000000
44051  -1.616  -45.181  88.917 0.0000000000
44963  -1.374  -44.855  93.907 0.0000000000
45033  -25.964  -42.549  88.925 0.0000000000
45035  -27.272  -43.266  89.518 0.0000000000
45211  -5.493  -42.613  79.301 0.0000000000
45957  -8.717  -41.752  100.417 0.0000000000
46028  -1.712  -43.905  92.099 0.0000000000
46054  -3.332  -42.921  90.454 0.0000000000
46292  -5.974  -42.105  79.045 0.0000000000
47120  -25.252  -40.824  91.769 0.0000000000
47266  -6.679  -41.492  82.702 0.0000000000
47267  -6.847  -40.951  82.963 0.0000000000
47346  -6.087  -41.525  79.073 0.0000000000
48172  -12.443  -39.649  96.150 0.0000000000
48209  -25.953  -40.280  92.206 0.0000000000
49189  -4.494  -40.199  92.687 0.0000000000
49195  -23.499  -38.922  91.891 0.0000000000
50106  -5.272  -39.085  94.357 0.0000000000
50238  -6.761  -38.206  84.963 0.0000000000
51168  -7.878  -37.163  92.358 0.0000000000
52129  -5.321  -36.275  92.168 0.0000000000
52162  -7.971  -35.807  90.910 0.0000000000
52193  -7.522  -36.459  88.480 0.0000000000
53043  -7.468  -35.787  89.397 0.0000000000
60372  -30.383  -28.099  86.985 0.0000000000
60376  -29.436  -27.064  85.402 0.0000000000
62055  -33.613  -25.385  82.313 0.0000000000
62086  -29.409  -25.706  79.854 0.0000000000
62855  -30.195  -24.592  87.970 0.0000000000
62944  -31.273  -25.187  82.997 0.0000000000
66658  -43.460  -20.049  72.201 0.0000000000
70753  -44.012  -15.104  72.587 0.0000000000
72353  -43.184  -13.003  70.156 0.0000000000
75580  -44.454  -9.993  69.838 0.0000000000
75582  -46.040  -8.845  69.299 0.0000000000
112185  -23.882  -39.511  92.216 0.0000000000
113680  -41.030  -25.908  78.993 0.0000000000
114266  -25.265  -39.039  93.141 0.0000000000
115172  -7.916  -36.614  89.834 0.0000000000
115302  -8.809  -41.267  100.205 0.0000000000
120586  -24.863  -40.786  91.676 0.0000000000
121705  -8.621  -46.990  92.880 0.0000000000
123022  -33.802  -41.508  85.090 0.0000000000
124118  -7.755  -35.945  101.281 0.0000000000
124883  -7.484  -36.688  101.190 0.0000000000
126165  -43.176  -20.972  74.615 0.0000000000
129471  -25.548  -42.542  88.684 0.0000000000
130423  -43.117  -20.550  72.341 0.0000000000
131597  -34.626  -24.524  85.246 0.0000000000
132403  -5.492  -42.946  81.498 0.0000000000
133008  -26.954  -40.237  92.485 0.0000000000
133121  -4.800  -39.937  89.127 0.0000000000
134407  -7.797  -37.440  93.036 0.0000000000
134772  -25.947  -41.485  89.768 0.0000000000
135017  -10.048  -44.934  97.505 0.0000000000
