#!ascii label  , from subject sub-v1s2x0051480_ses-1 vox2ras=TkReg
1573
116295  -9.892  -81.670  15.949 0.5000000000
7695  -8.663  -85.084  16.927 0.5000000000
6914  -8.683  -86.061  17.453 0.5000000000
6165  -8.171  -87.092  16.959 0.5000000000
9321  -11.280  -81.001  15.509 0.5000000000
10117  -10.516  -81.056  15.628 0.5000000000
9322  -11.527  -81.709  15.735 0.5000000000
9304  -10.835  -82.018  15.892 0.5000000000
8489  -11.195  -83.055  16.486 0.6000000238
8488  -10.201  -82.873  16.442 0.5000000000
114446  -8.180  -88.312  16.901 0.5000000000
7696  -9.340  -84.474  16.992 0.5000000000
4915  -8.455  -89.024  17.325 0.5000000000
6915  -9.227  -85.358  17.622 0.6000000238
118706  -8.417  -88.100  17.792 0.6000000238
6892  -9.628  -85.632  18.429 0.6000000238
6132  -8.746  -87.067  18.206 0.6000000238
4305  -8.896  -89.350  17.582 0.6999999881
6133  -9.345  -86.535  18.881 0.6999999881
5487  -8.719  -87.991  18.569 0.6999999881
6122  -9.802  -87.003  19.680 0.6999999881
5479  -9.694  -87.998  19.546 0.6999999881
4905  -9.309  -88.996  18.287 0.6999999881
9323  -12.285  -82.235  15.814 0.5000000000
128988  -12.472  -82.990  15.907 0.6000000238
9306  -13.119  -82.796  15.762 0.6000000238
8491  -13.010  -83.250  16.178 0.6000000238
8469  -10.051  -84.008  16.995 0.5000000000
4320  -9.158  -89.645  17.032 0.5000000000
4334  -9.194  -89.680  16.253 0.5000000000
5520  -9.749  -88.154  15.674 0.6999999881
4321  -9.700  -89.564  16.898 0.6999999881
4924  -10.072  -88.929  16.236 0.6999999881
7679  -9.840  -84.812  17.802 0.6000000238
130636  -10.128  -89.194  17.592 0.6999999881
6893  -10.262  -85.085  18.677 0.6999999881
6123  -10.441  -86.283  19.937 0.6999999881
122484  -10.541  -88.601  17.670 0.6999999881
6113  -10.481  -87.051  20.299 0.6999999881
5463  -10.205  -87.593  19.941 0.6999999881
119839  -9.986  -88.622  18.929 0.6999999881
4907  -11.289  -88.240  18.572 0.6999999881
5464  -10.754  -87.719  20.274 0.6999999881
4876  -11.727  -88.142  19.838 0.6999999881
4908  -11.820  -88.166  19.282 0.6999999881
5481  -12.512  -87.894  19.730 0.6999999881
10126  -13.506  -81.803  15.619 0.5000000000
9324  -14.086  -82.692  15.620 0.6000000238
8503  -15.397  -83.041  15.706 0.6000000238
8502  -14.567  -83.191  15.891 0.6000000238
121002  -15.357  -83.165  16.456 0.6000000238
8472  -12.461  -83.233  17.234 0.6000000238
8474  -14.441  -83.205  16.889 0.6000000238
8471  -11.602  -83.424  17.288 0.6000000238
112474  -10.101  -86.990  15.917 0.6999999881
7697  -10.520  -84.307  18.004 0.6999999881
123996  -10.148  -87.923  16.410 0.6999999881
6166  -10.702  -86.102  16.029 0.6999999881
6944  -11.033  -85.666  14.946 0.6999999881
7680  -11.203  -83.836  18.172 0.6999999881
121934  -12.206  -85.141  14.145 0.6999999881
125278  -10.931  -84.519  18.878 0.6999999881
6880  -11.369  -84.719  19.674 0.6999999881
5497  -10.447  -88.365  16.987 0.6999999881
5509  -10.584  -86.949  16.902 0.6999999881
6933  -11.492  -85.655  15.999 0.6999999881
6879  -10.688  -85.395  19.559 0.6999999881
130972  -11.159  -85.520  20.248 0.6999999881
5498  -10.969  -87.706  17.776 0.6999999881
6167  -11.888  -85.618  16.971 0.6999999881
6114  -11.136  -87.182  20.710 0.6999999881
5499  -11.738  -87.167  18.373 0.6999999881
6146  -11.371  -86.418  17.540 0.6999999881
5465  -11.438  -87.803  20.456 0.6999999881
5489  -12.226  -87.851  19.030 0.6999999881
6147  -12.221  -86.023  17.859 0.6999999881
5466  -12.232  -87.774  20.455 0.6999999881
6134  -12.546  -86.727  18.689 0.6999999881
5482  -13.280  -87.605  19.822 0.6999999881
10127  -14.492  -81.579  15.378 0.5000000000
10128  -15.449  -81.659  15.027 0.6000000238
9327  -16.670  -82.403  15.292 0.6000000238
10129  -16.333  -81.668  14.884 0.5000000000
9309  -17.575  -82.474  16.317 0.6000000238
134032  -15.827  -80.293  15.458 0.5000000000
130211  -16.006  -80.889  14.903 0.5000000000
117201  -16.236  -82.912  16.741 0.6000000238
9290  -18.005  -82.332  17.149 0.6000000238
127431  -15.678  -82.976  17.377 0.6000000238
9289  -17.049  -82.605  17.018 0.6000000238
8473  -13.476  -83.205  17.310 0.6000000238
8452  -11.940  -83.419  18.215 0.6999999881
8454  -13.475  -83.106  18.435 0.6999999881
131075  -12.266  -83.524  18.972 0.6999999881
8453  -12.763  -83.218  18.267 0.6999999881
6959  -12.885  -85.521  14.510 0.6999999881
7667  -12.137  -84.046  19.832 0.6999999881
8434  -12.960  -83.323  19.313 0.6999999881
131684  -12.441  -85.570  14.991 0.6999999881
6960  -13.519  -85.664  14.112 0.6999999881
7656  -12.466  -84.576  20.704 0.6999999881
6934  -12.370  -85.633  16.077 0.6999999881
6974  -13.896  -85.121  13.159 0.6999999881
6855  -11.988  -86.145  21.375 0.6000000238
6916  -12.802  -85.597  17.203 0.6999999881
6946  -13.025  -85.794  15.579 0.6999999881
6203  -14.105  -86.642  14.711 0.6999999881
6218  -14.249  -85.982  13.843 0.6999999881
6975  -14.607  -85.316  12.996 0.6999999881
6096  -11.611  -86.659  21.121 0.6999999881
6148  -13.036  -85.842  18.128 0.6999999881
6917  -13.776  -85.586  17.562 0.6000000238
6947  -13.827  -86.009  16.018 0.6999999881
6185  -13.527  -86.109  15.083 0.6999999881
125548  -13.238  -87.621  20.475 0.6000000238
5490  -12.944  -87.380  19.327 0.6999999881
6135  -13.279  -86.384  18.902 0.6999999881
6894  -13.670  -85.725  18.405 0.6000000238
6936  -14.222  -85.729  16.855 0.6000000238
5483  -13.936  -87.417  20.067 0.6000000238
6895  -14.342  -85.548  18.301 0.5000000000
6125  -14.207  -86.809  19.720 0.6000000238
114708  -14.601  -86.132  19.645 0.5000000000
6136  -14.019  -85.987  19.137 0.5000000000
10131  -18.318  -81.572  15.078 0.6000000238
10920  -17.832  -80.822  14.812 0.6000000238
10112  -19.381  -81.194  17.070 0.5000000000
10899  -19.627  -80.498  17.231 0.6999999881
10919  -16.883  -80.872  14.841 0.5000000000
11720  -18.184  -79.330  15.115 0.6000000238
11721  -19.095  -79.597  14.858 0.6000000238
12496  -16.898  -78.756  16.000 0.6000000238
11702  -16.789  -79.373  15.829 0.6000000238
9277  -18.740  -82.041  17.682 0.4000000060
12497  -17.821  -78.383  15.481 0.6000000238
113510  -17.297  -82.498  17.859 0.5000000000
9288  -16.392  -82.736  17.886 0.6000000238
8456  -15.378  -82.906  18.333 0.6000000238
8435  -13.842  -83.010  19.144 0.6999999881
8436  -14.667  -82.916  19.143 0.6000000238
115589  -13.548  -83.265  20.013 0.6999999881
7643  -12.796  -85.051  21.402 0.6000000238
7657  -13.089  -84.222  21.073 0.6000000238
6097  -12.392  -86.692  21.518 0.6000000238
6186  -14.242  -86.720  15.457 0.6000000238
5532  -14.586  -87.291  14.329 0.6999999881
6219  -15.064  -86.447  13.412 0.6999999881
6220  -15.938  -86.820  12.981 0.6999999881
6098  -13.255  -86.902  21.792 0.6000000238
6168  -14.585  -86.306  16.189 0.6000000238
6234  -16.568  -85.772  12.485 0.6999999881
5467  -14.236  -87.464  20.735 0.6000000238
6918  -14.675  -85.542  17.569 0.4000000060
6937  -15.008  -85.803  16.905 0.4000000060
6187  -14.829  -87.125  15.603 0.5000000000
5521  -14.537  -87.560  15.012 0.6000000238
131589  -14.808  -87.967  13.943 0.6000000238
115127  -16.671  -86.838  12.674 0.6000000238
6115  -14.754  -87.010  20.240 0.5000000000
6126  -15.298  -85.824  19.962 0.5000000000
6137  -14.906  -85.510  19.007 0.5000000000
119928  -15.016  -85.405  18.167 0.5000000000
5522  -14.978  -87.998  15.164 0.4000000060
123807  -19.947  -78.917  16.431 0.6000000238
10910  -19.885  -80.505  16.317 0.6000000238
11661  -19.314  -79.492  18.642 0.6000000238
13390  -18.656  -77.871  15.335 0.6000000238
13391  -19.333  -78.005  15.346 0.5000000000
14204  -19.352  -76.677  16.228 0.6000000238
15044  -18.966  -75.917  16.549 0.6000000238
10103  -19.280  -80.865  17.981 0.6000000238
13379  -16.881  -77.779  15.990 0.6999999881
14197  -17.900  -76.056  16.615 0.6000000238
15911  -17.443  -74.866  17.415 0.6000000238
9257  -17.749  -82.328  19.438 0.5000000000
10091  -19.126  -81.531  18.871 0.6000000238
13378  -16.092  -77.713  16.453 0.6000000238
15037  -17.194  -75.607  17.129 0.6999999881
9275  -17.050  -82.520  18.726 0.5000000000
15036  -16.212  -76.087  17.309 0.6999999881
9274  -16.136  -82.744  18.993 0.6000000238
118004  -15.725  -75.725  18.116 0.6000000238
129076  -14.195  -82.988  19.825 0.6000000238
8437  -15.397  -82.846  19.306 0.6000000238
114366  -14.774  -83.110  20.966 0.6000000238
8421  -14.107  -83.244  20.678 0.6000000238
7644  -13.418  -84.653  21.738 0.6000000238
6838  -13.632  -85.777  22.459 0.6000000238
6099  -15.677  -86.850  21.970 0.6000000238
5438  -14.097  -87.095  22.008 0.6000000238
6100  -16.243  -86.308  21.842 0.6000000238
119380  -15.545  -86.703  20.800 0.6000000238
4936  -14.996  -88.746  13.934 0.6000000238
4942  -15.621  -89.022  13.460 0.6000000238
131656  -16.197  -88.309  12.853 0.6000000238
6127  -15.953  -85.766  20.475 0.5000000000
6881  -15.686  -85.302  19.198 0.5000000000
6896  -15.662  -85.309  18.377 0.5000000000
4953  -18.687  -88.669  12.511 0.6000000238
5523  -15.700  -88.066  15.151 0.4000000060
123830  -15.489  -89.152  13.986 0.6000000238
4375  -16.328  -89.192  12.973 0.6000000238
13356  -19.757  -77.231  17.271 0.6000000238
14189  -19.735  -76.555  17.794 0.5000000000
13355  -19.349  -77.363  18.295 0.6000000238
13336  -19.026  -77.532  19.231 0.5000000000
12498  -20.015  -78.104  16.034 0.6000000238
15031  -19.948  -75.296  17.873 0.6000000238
131868  -19.542  -79.000  17.590 0.5000000000
11671  -19.297  -78.647  18.637 0.5000000000
11660  -19.205  -79.849  19.509 0.5000000000
15039  -19.303  -75.299  17.003 0.5000000000
14198  -19.935  -76.423  16.985 0.6000000238
15912  -18.061  -74.286  17.485 0.5000000000
10878  -19.244  -80.434  18.787 0.6000000238
15030  -16.619  -75.239  17.738 0.6999999881
128678  -17.007  -74.204  17.786 0.6000000238
15904  -16.174  -74.872  18.449 0.6000000238
9256  -16.779  -82.651  19.714 0.5000000000
14173  -15.164  -75.886  19.058 0.5000000000
15019  -15.583  -75.431  19.259 0.6999999881
9255  -15.873  -82.884  19.956 0.5000000000
8403  -14.371  -83.485  21.565 0.5000000000
8402  -13.722  -83.882  21.378 0.6000000238
6829  -15.413  -85.530  23.513 0.6000000238
6839  -14.229  -85.942  22.852 0.5000000000
6073  -15.748  -86.057  23.061 0.6000000238
6080  -15.331  -86.569  22.554 0.6000000238
6869  -16.537  -85.352  20.395 0.5000000000
124206  -15.943  -88.802  14.663 0.5000000000
128986  -17.546  -89.489  13.375 0.6000000238
4386  -18.057  -89.292  12.770 0.6000000238
15021  -19.861  -75.165  18.628 0.6000000238
14188  -19.265  -76.720  18.766 0.6000000238
15907  -19.780  -74.579  18.188 0.6000000238
12449  -19.099  -78.345  19.423 0.5000000000
16867  -18.593  -73.681  17.730 0.6000000238
15905  -17.764  -73.595  17.706 0.6999999881
129271  -19.077  -80.173  20.351 0.6000000238
16860  -16.227  -73.755  18.362 0.6000000238
10076  -19.115  -81.884  19.929 0.6000000238
15884  -15.511  -75.176  20.185 0.6000000238
16845  -15.592  -73.293  19.073 0.6000000238
9243  -17.469  -82.482  20.400 0.5000000000
8404  -15.032  -83.178  21.613 0.5000000000
15007  -15.184  -75.872  20.099 0.5000000000
7645  -14.112  -84.256  22.316 0.5000000000
7619  -15.193  -84.774  23.710 0.6000000238
7618  -14.643  -84.566  23.178 0.5000000000
6074  -16.576  -85.772  23.076 0.5000000000
6082  -16.715  -85.863  22.295 0.5000000000
4938  -17.437  -89.003  14.730 0.6000000238
4363  -17.915  -89.413  14.314 0.6000000238
126285  -19.458  -73.921  19.231 0.6000000238
15020  -19.447  -75.104  19.344 0.5000000000
14163  -18.484  -76.324  20.070 0.5000000000
17819  -18.677  -72.638  18.704 0.6999999881
12425  -18.634  -77.899  20.181 0.5000000000
17817  -17.402  -72.256  18.303 0.6999999881
17818  -18.286  -72.521  18.280 0.6000000238
113897  -18.517  -78.624  20.780 0.5000000000
16846  -16.328  -72.657  18.439 0.6000000238
111961  -18.944  -79.048  20.093 0.5000000000
10844  -19.014  -81.319  20.696 0.6000000238
17781  -15.011  -72.700  19.727 0.6999999881
122605  -18.886  -82.030  20.816 0.6000000238
16826  -15.300  -73.966  20.172 0.6000000238
119501  -18.126  -82.245  21.106 0.6000000238
15867  -15.016  -75.065  21.563 0.6999999881
15868  -15.333  -74.831  20.886 0.6999999881
9242  -16.470  -82.851  20.789 0.5000000000
129562  -17.247  -82.637  21.194 0.5000000000
14995  -15.156  -75.578  20.905 0.6000000238
8389  -15.800  -82.972  22.728 0.5000000000
14983  -13.913  -76.163  22.120 0.5000000000
8388  -15.097  -83.454  23.085 0.6000000238
112132  -14.714  -83.564  22.333 0.5000000000
123301  -13.187  -76.284  22.057 0.6000000238
8376  -15.162  -83.985  23.772 0.5000000000
128120  -16.052  -85.599  23.549 0.6000000238
123281  -17.427  -85.519  22.723 0.5000000000
17802  -18.585  -72.545  19.598 0.6999999881
15895  -19.161  -74.579  19.760 0.5000000000
121919  -18.657  -75.484  20.124 0.5000000000
18779  -17.226  -71.176  19.914 0.8000000119
17782  -17.917  -71.787  19.647 0.6999999881
14162  -18.035  -76.122  20.591 0.5000000000
13312  -17.444  -77.201  21.590 0.5000000000
18778  -14.931  -70.763  19.625 0.6999999881
18792  -16.583  -71.008  19.217 0.6999999881
18793  -17.357  -71.493  18.939 0.8000000119
17800  -15.553  -72.187  18.985 0.6999999881
116916  -17.628  -78.170  21.991 0.5000000000
17780  -14.413  -72.076  20.338 0.6999999881
17799  -14.866  -71.665  19.539 0.6999999881
123646  -18.877  -80.351  21.045 0.6000000238
12402  -18.180  -78.857  21.461 0.5000000000
17749  -14.053  -73.227  22.042 0.6000000238
17763  -14.158  -72.527  21.267 0.6000000238
134426  -18.652  -82.024  21.316 0.6000000238
16787  -14.036  -74.237  22.667 0.6999999881
121106  -14.522  -73.419  21.435 0.6999999881
9227  -16.606  -82.833  21.831 0.6000000238
9228  -17.480  -82.497  21.899 0.6000000238
15850  -13.607  -75.415  22.963 0.6000000238
135271  -16.034  -82.862  23.383 0.6000000238
7604  -15.593  -84.327  24.229 0.6000000238
14981  -12.558  -76.118  22.655 0.6000000238
134888  -16.505  -84.837  24.424 0.6000000238
6830  -17.357  -85.338  23.529 0.5000000000
18780  -17.814  -71.663  20.483 0.6000000238
17783  -18.198  -72.333  20.507 0.5000000000
16827  -18.956  -73.754  20.086 0.5000000000
14149  -17.525  -76.319  21.239 0.5000000000
19813  -15.862  -70.600  19.593 0.8000000119
18777  -14.167  -71.025  20.040 0.6999999881
123375  -18.683  -80.916  21.510 0.6000000238
16751  -8.345  -73.620  24.937 0.6000000238
17762  -13.396  -71.903  22.035 0.8000000119
15818  -8.675  -74.355  24.970 0.6000000238
17748  -13.436  -73.024  22.770 0.6999999881
121981  -18.645  -81.760  21.472 0.6000000238
15834  -9.646  -74.577  23.743 0.6000000238
16772  -13.307  -74.125  23.338 0.6000000238
9216  -16.749  -82.669  22.846 0.6000000238
9188  -16.721  -82.833  24.716 0.6000000238
14967  -11.305  -75.695  23.338 0.6000000238
14968  -12.008  -75.872  23.363 0.6000000238
14969  -12.763  -75.777  23.260 0.6000000238
8366  -15.877  -83.742  24.587 0.6000000238
8367  -16.500  -83.377  25.061 0.6000000238
14982  -13.204  -76.087  22.640 0.5000000000
130626  -17.187  -84.968  24.316 0.5000000000
6831  -18.288  -85.160  23.189 0.5000000000
7620  -18.677  -84.841  24.176 0.5000000000
18764  -18.210  -71.878  21.356 0.5000000000
116138  -18.652  -73.172  20.708 0.5000000000
19802  -16.880  -70.531  20.574 0.6000000238
18763  -17.538  -71.099  20.978 0.5000000000
19800  -15.197  -70.008  20.003 0.8000000119
20808  -15.635  -69.385  20.666 0.6999999881
19785  -13.676  -69.330  20.859 0.8000000119
18776  -13.556  -70.292  20.767 0.8000000119
11630  -18.473  -79.868  21.695 0.6000000238
12382  -17.369  -78.446  23.004 0.5000000000
16694  -7.286  -73.632  27.499 0.6000000238
19784  -13.087  -70.502  21.708 0.8000000119
11617  -18.160  -79.955  22.525 0.5000000000
15800  -7.965  -74.154  26.076 0.6999999881
16729  -7.673  -73.535  26.157 0.6000000238
17735  -12.653  -72.667  23.523 0.8000000119
10046  -18.294  -81.670  22.442 0.6000000238
10829  -18.457  -81.279  22.194 0.6000000238
134652  -18.443  -80.573  22.119 0.6000000238
15802  -9.217  -74.629  25.349 0.6000000238
9204  -17.325  -82.429  23.698 0.6000000238
9217  -17.605  -82.295  22.619 0.6000000238
9205  -18.399  -81.700  23.745 0.6000000238
15820  -10.235  -75.188  23.868 0.6000000238
15837  -13.018  -75.050  23.684 0.6000000238
16771  -12.528  -73.930  23.995 0.5000000000
8352  -17.144  -83.025  25.382 0.6000000238
15836  -12.241  -75.279  24.074 0.6000000238
7607  -17.864  -84.581  24.907 0.6000000238
8353  -17.676  -83.471  25.646 0.6000000238
120329  -18.944  -84.457  25.139 0.5000000000
7608  -19.668  -84.725  24.358 0.5000000000
112268  -19.323  -84.934  23.328 0.5000000000
7621  -20.357  -84.782  23.397 0.5000000000
19786  -16.516  -69.742  21.060 0.6000000238
20787  -14.109  -68.652  21.251 0.6999999881
17641  -6.658  -73.094  28.977 0.6000000238
16693  -6.965  -73.353  28.256 0.6000000238
129664  -13.130  -69.547  21.469 0.8000000119
11616  -17.767  -79.337  22.989 0.5000000000
16676  -7.262  -74.086  28.243 0.6000000238
19767  -12.467  -70.040  23.371 0.8000000119
11608  -18.185  -80.026  23.467 0.5000000000
15788  -7.602  -73.945  26.756 0.6999999881
18728  -12.340  -71.010  23.664 0.8000000119
10028  -18.455  -81.327  23.107 0.6000000238
10812  -18.610  -80.880  23.637 0.6000000238
133884  -9.170  -74.582  25.962 0.8000000119
129081  -12.277  -72.839  24.025 0.6999999881
128456  -18.035  -82.126  24.001 0.6000000238
10029  -18.762  -81.343  24.169 0.6000000238
15803  -10.086  -74.666  25.361 0.6999999881
15821  -10.771  -75.105  24.651 0.6999999881
16754  -11.876  -74.143  24.625 0.6000000238
9189  -17.580  -82.537  24.853 0.6000000238
9191  -19.058  -81.841  24.942 0.6000000238
124416  -18.929  -82.597  25.610 0.5000000000
7596  -19.238  -83.872  25.643 0.5000000000
21776  -15.740  -68.116  21.951 0.6000000238
20769  -16.520  -68.279  22.291 0.5000000000
17618  -6.585  -72.633  31.200 0.6000000238
21740  -14.514  -68.427  22.435 0.6999999881
126034  -6.522  -72.534  30.493 0.6000000238
20786  -13.382  -68.897  21.670 0.6999999881
20748  -14.228  -68.687  22.946 0.6000000238
16675  -6.839  -73.889  28.868 0.6000000238
16653  -6.686  -73.868  30.055 0.6000000238
19768  -12.813  -69.469  22.517 0.6000000238
19750  -12.720  -69.671  23.627 0.6999999881
112112  -7.862  -74.479  28.423 0.8000000119
19749  -12.267  -70.125  24.183 0.6999999881
15789  -8.315  -74.434  26.855 0.8000000119
17720  -11.507  -71.918  24.861 0.8000000119
18711  -11.556  -70.981  25.027 0.6999999881
15791  -9.658  -74.430  26.014 0.6999999881
16732  -10.840  -74.125  25.537 0.6999999881
16753  -11.271  -72.873  25.249 0.6000000238
17719  -11.304  -71.615  25.349 0.8000000119
17605  -6.631  -72.649  32.761 0.6000000238
16646  -6.847  -73.443  31.445 0.6000000238
15742  -7.059  -74.241  30.044 0.6999999881
19708  -12.415  -70.364  25.168 0.6000000238
15766  -7.313  -74.313  28.983 0.6999999881
15767  -8.578  -74.320  28.651 0.6999999881
18692  -11.879  -70.811  25.531 0.6999999881
18691  -11.398  -71.250  25.572 0.6000000238
15779  -8.433  -74.431  27.833 0.8000000119
16695  -9.545  -73.775  27.911 0.6000000238
16711  -10.064  -73.792  26.784 0.5000000000
17704  -10.933  -71.848  25.901 0.6999999881
17682  -10.818  -71.916  26.699 0.6999999881
18673  -11.362  -71.462  26.121 0.6000000238
15790  -9.256  -74.438  26.613 0.8000000119
17681  -10.542  -72.589  26.545 0.6000000238
17703  -10.717  -72.912  25.890 0.6000000238
115126  -6.371  -72.321  33.432 0.6000000238
17600  -6.676  -72.902  33.794 0.6000000238
16647  -7.463  -73.894  31.696 0.6999999881
16638  -7.055  -73.370  32.305 0.6000000238
16654  -7.118  -74.054  30.765 0.6999999881
130004  -8.182  -74.314  30.651 0.6999999881
15755  -8.066  -74.469  29.360 0.6999999881
16662  -8.665  -74.150  29.335 0.6000000238
16677  -9.151  -73.812  28.793 0.6000000238
16696  -9.869  -73.433  27.356 0.6000000238
18674  -12.306  -71.676  26.233 0.5000000000
17683  -11.826  -72.310  27.141 0.6000000238
17667  -12.972  -73.226  27.703 0.5000000000
17665  -10.968  -72.121  27.674 0.6000000238
17666  -12.252  -72.794  28.133 0.5000000000
17585  -6.235  -72.060  35.388 0.6000000238
17592  -6.645  -72.736  34.783 0.6000000238
16631  -7.829  -73.537  33.551 0.6999999881
17601  -7.281  -73.249  34.210 0.6999999881
16640  -8.360  -73.777  32.961 0.6999999881
16648  -8.236  -74.064  31.997 0.6999999881
16649  -9.105  -73.714  31.838 0.6000000238
15744  -8.460  -74.180  30.167 0.5000000000
16663  -8.912  -73.625  29.729 0.6999999881
17619  -9.380  -72.588  31.104 0.6000000238
17643  -9.633  -72.956  28.555 0.6000000238
112251  -9.553  -72.086  29.154 0.6000000238
124733  -10.253  -72.281  27.713 0.6000000238
113902  -10.516  -71.851  28.293 0.5000000000
18636  -10.757  -71.444  28.663 0.5000000000
21559  -7.312  -69.148  35.951 0.6999999881
21570  -7.529  -69.050  34.848 0.6999999881
130944  -7.612  -68.366  34.545 0.6999999881
18559  -7.515  -71.688  35.530 0.6000000238
20568  -7.510  -69.893  35.152 0.6999999881
21581  -7.761  -68.911  33.901 0.6999999881
22610  -7.851  -68.036  33.732 0.6999999881
22611  -8.223  -68.144  32.888 0.6000000238
17593  -7.585  -73.030  35.065 0.6999999881
19577  -7.601  -70.911  35.288 0.6999999881
133265  -8.413  -71.047  34.782 0.6999999881
20578  -8.213  -69.491  33.482 0.6999999881
17594  -8.521  -73.057  35.110 0.6999999881
17587  -8.045  -72.462  35.435 0.6999999881
121330  -8.794  -70.029  33.482 0.6999999881
119226  -8.873  -73.789  32.582 0.6999999881
17611  -9.964  -72.975  32.166 0.6000000238
16655  -8.881  -73.622  30.733 0.6000000238
17620  -9.596  -71.573  30.859 0.6000000238
18594  -10.338  -71.326  31.143 0.6000000238
114009  -9.029  -72.670  30.175 0.6000000238
18604  -9.155  -71.652  30.315 0.6000000238
18605  -9.592  -70.793  30.319 0.6000000238
17628  -9.336  -71.258  29.772 0.5000000000
19646  -9.845  -70.458  29.720 0.6000000238
19647  -10.467  -69.803  29.400 0.6000000238
18635  -9.947  -71.397  29.073 0.5000000000
19660  -10.269  -70.408  29.093 0.5000000000
117227  -7.496  -68.349  35.497 0.6999999881
22624  -8.006  -67.315  33.035 0.6000000238
23640  -8.239  -67.012  32.085 0.6000000238
22625  -8.485  -67.852  32.271 0.6000000238
22643  -8.757  -67.547  31.542 0.4000000060
21583  -8.864  -69.366  32.875 0.6000000238
21595  -8.651  -68.601  32.483 0.5000000000
22626  -9.026  -68.256  31.926 0.5000000000
22644  -9.516  -67.795  31.490 0.4000000060
22663  -9.867  -67.165  30.878 0.5000000000
16632  -8.633  -73.559  33.770 0.6999999881
18560  -9.709  -72.164  35.082 0.8000000119
19578  -9.240  -71.239  34.670 0.6999999881
20596  -9.887  -69.442  32.818 0.5000000000
21597  -10.310  -68.816  32.475 0.4000000060
21617  -10.490  -68.157  32.053 0.4000000060
23657  -10.978  -66.871  31.237 0.4000000060
16625  -9.803  -73.257  34.513 0.8000000119
17596  -10.277  -72.813  34.726 0.8000000119
19579  -10.219  -71.400  34.538 0.8000000119
19590  -10.795  -70.846  34.018 0.8000000119
20580  -10.394  -70.098  33.380 0.6000000238
20597  -11.019  -69.488  32.981 0.5000000000
22645  -10.592  -67.512  31.579 0.4000000060
16633  -9.478  -73.489  33.858 0.6999999881
16641  -9.675  -73.488  32.952 0.8000000119
114448  -11.160  -72.848  33.297 0.6999999881
17607  -11.760  -72.372  32.775 0.5000000000
21598  -11.600  -68.705  32.617 0.5000000000
21618  -11.458  -67.865  32.122 0.4000000060
123174  -11.455  -67.258  31.783 0.4000000060
121660  -10.852  -72.619  32.450 0.6000000238
17612  -10.182  -72.146  31.608 0.5000000000
18595  -11.677  -71.362  31.473 0.5000000000
19616  -12.166  -70.736  31.091 0.6000000238
18606  -10.639  -70.597  30.663 0.6000000238
19633  -11.051  -69.886  30.115 0.6000000238
22597  -7.591  -67.587  34.832 0.6000000238
23609  -7.620  -66.673  34.604 0.5000000000
23639  -7.934  -66.301  32.831 0.5000000000
23654  -8.123  -66.027  32.007 0.4000000060
23655  -8.478  -66.664  31.193 0.5000000000
23656  -9.035  -67.218  30.802 0.5000000000
23679  -9.308  -66.921  29.945 0.5000000000
23698  -9.789  -66.563  29.467 0.5000000000
116818  -10.078  -66.299  28.868 0.5000000000
23680  -10.458  -66.584  30.315 0.5000000000
24731  -10.849  -65.639  29.176 0.5000000000
19580  -11.027  -71.545  34.379 0.6999999881
19592  -12.363  -70.993  33.495 0.5000000000
20581  -11.623  -70.385  33.473 0.5000000000
24712  -11.263  -65.793  30.201 0.5000000000
16626  -10.476  -73.179  33.898 0.8000000119
17597  -11.050  -72.621  34.297 0.6999999881
17602  -11.679  -72.371  33.650 0.6000000238
20598  -12.260  -69.703  32.941 0.5000000000
22627  -12.455  -68.266  32.425 0.4000000060
22646  -12.348  -67.554  32.132 0.5000000000
23681  -11.550  -66.170  31.032 0.4000000060
24713  -12.296  -65.372  30.923 0.5000000000
18586  -12.258  -71.782  32.240 0.5000000000
18587  -12.850  -71.253  32.464 0.5000000000
20599  -13.108  -70.101  32.685 0.6000000238
21599  -13.178  -69.123  32.507 0.5000000000
22628  -13.380  -68.212  32.224 0.5000000000
22647  -13.287  -67.319  32.001 0.5000000000
18596  -12.764  -71.250  31.828 0.5000000000
19617  -13.146  -70.750  31.619 0.5000000000
20600  -13.608  -69.694  32.068 0.5000000000
21600  -13.947  -68.844  31.950 0.5000000000
19634  -12.851  -70.191  30.801 0.6000000238
20638  -13.452  -69.474  30.726 0.6000000238
24644  -7.553  -65.697  34.382 0.5000000000
24660  -7.726  -65.684  33.481 0.5000000000
135456  -8.214  -65.773  31.357 0.4000000060
25675  -7.507  -64.687  33.736 0.5000000000
24672  -7.902  -65.144  32.802 0.4000000060
24691  -8.353  -65.931  30.673 0.5000000000
23678  -8.735  -66.612  30.260 0.6000000238
23696  -8.859  -66.399  29.454 0.5000000000
23697  -9.235  -66.364  28.854 0.5000000000
24746  -9.596  -66.162  28.076 0.4000000060
24747  -10.266  -66.020  28.256 0.4000000060
25783  -10.822  -65.317  27.005 0.4000000060
25690  -7.890  -64.310  32.483 0.4000000060
24690  -8.135  -65.031  31.960 0.4000000060
24710  -8.206  -65.043  31.188 0.4000000060
124992  -8.480  -65.972  29.990 0.5000000000
24728  -8.539  -65.474  29.438 0.5000000000
24711  -8.310  -65.184  30.358 0.4000000060
25720  -8.385  -64.437  30.055 0.4000000060
25734  -8.675  -64.600  29.097 0.5000000000
24768  -8.877  -65.415  27.756 0.4000000060
24769  -9.257  -65.615  27.419 0.4000000060
25757  -10.017  -65.893  27.239 0.4000000060
126053  -10.207  -65.311  26.280 0.4000000060
26686  -7.479  -63.516  32.653 0.4000000060
25706  -8.044  -64.038  31.912 0.4000000060
25719  -8.224  -64.246  30.988 0.4000000060
27697  -7.976  -62.856  31.249 0.4000000060
26708  -8.272  -63.588  30.720 0.4000000060
26723  -8.588  -63.749  29.774 0.4000000060
26744  -8.959  -63.934  28.706 0.5000000000
26761  -8.978  -64.375  27.651 0.5000000000
25781  -8.881  -65.019  27.032 0.4000000060
25793  -9.230  -64.795  26.246 0.4000000060
27730  -9.212  -63.274  28.859 0.4000000060
129400  -9.602  -63.595  27.427 0.4000000060
26763  -9.558  -64.133  26.416 0.4000000060
26774  -9.960  -64.622  25.880 0.4000000060
27684  -7.325  -62.737  32.048 0.4000000060
28579  -7.581  -62.108  31.484 0.3000000119
27698  -8.421  -62.985  30.415 0.3000000119
27713  -8.852  -63.133  29.587 0.4000000060
28591  -8.041  -61.413  31.030 0.4000000060
124256  -8.259  -62.255  30.804 0.3000000119
131857  -8.718  -62.492  30.162 0.3000000119
27714  -9.220  -62.507  29.504 0.4000000060
28613  -10.407  -61.803  28.712 0.5000000000
27732  -10.096  -62.717  28.113 0.4000000060
27749  -10.119  -63.190  26.971 0.4000000060
27750  -10.770  -62.699  26.555 0.4000000060
26784  -11.812  -64.049  24.876 0.3000000119
29495  -10.613  -60.937  29.219 0.5000000000
28614  -11.065  -61.386  28.387 0.5000000000
28630  -10.653  -62.252  27.703 0.4000000060
28648  -11.459  -62.236  26.152 0.3000000119
114916  -8.574  -60.784  30.627 0.4000000060
28593  -9.301  -61.016  30.091 0.4000000060
28602  -9.954  -61.356  29.500 0.5000000000
29485  -9.054  -60.145  30.336 0.4000000060
29506  -11.819  -61.052  28.112 0.4000000060
123730  -10.645  -60.145  29.436 0.3000000119
29496  -11.368  -60.450  28.963 0.3000000119
30419  -9.484  -59.424  30.090 0.4000000060
29507  -12.459  -60.596  27.800 0.3000000119
30407  -8.766  -59.321  30.551 0.3000000119
31362  -9.102  -58.591  30.317 0.3000000119
10132  -19.136  -81.133  15.271 0.6000000238
11722  -19.809  -79.275  15.352 0.5000000000
112128  -10.467  -72.239  27.120 0.6000000238
17664  -10.153  -72.716  27.192 0.6000000238
6932  -8.168  -85.885  16.760 0.5000000000
6891  -9.129  -86.122  18.149 0.6000000238
8470  -10.835  -83.699  17.178 0.5000000000
5488  -9.171  -87.510  19.056 0.6999999881
4306  -9.461  -89.377  17.654 0.6999999881
131383  -9.846  -89.045  18.198 0.6999999881
133256  -10.801  -85.878  20.099 0.6999999881
4891  -11.024  -88.377  19.253 0.6999999881
8475  -15.043  -83.093  17.432 0.5000000000
130298  -11.171  -85.997  16.777 0.6999999881
7655  -11.791  -85.017  20.432 0.6999999881
6867  -11.550  -85.864  20.907 0.6999999881
5446  -12.728  -87.427  21.225 0.6999999881
10120  -18.881  -81.637  15.748 0.6000000238
6935  -13.351  -85.714  16.609 0.6999999881
6856  -12.529  -85.890  21.697 0.6000000238
5447  -13.700  -87.408  21.316 0.6000000238
13380  -18.039  -77.413  15.741 0.6999999881
5533  -14.766  -88.219  14.485 0.6000000238
5544  -15.345  -88.086  13.536 0.6000000238
5448  -14.578  -87.345  21.396 0.5000000000
6882  -16.146  -85.271  19.793 0.5000000000
5534  -15.190  -88.642  14.502 0.5000000000
14203  -18.519  -76.649  16.140 0.6000000238
14196  -16.773  -76.475  16.764 0.6999999881
113790  -18.461  -82.171  20.162 0.6000000238
7629  -14.146  -85.152  22.760 0.5000000000
6079  -14.531  -86.611  22.550 0.5000000000
115003  -15.841  -86.680  21.446 0.6000000238
5439  -14.965  -87.096  22.039 0.5000000000
6116  -16.377  -85.886  21.141 0.5000000000
4952  -17.663  -88.781  12.527 0.6000000238
4361  -16.704  -89.404  13.434 0.6000000238
131811  -16.718  -88.680  14.749 0.5000000000
12383  -17.857  -79.116  22.260 0.5000000000
16752  -8.745  -73.748  24.329 0.6000000238
14980  -11.736  -75.979  22.549 0.6000000238
7605  -16.119  -84.327  24.659 0.6000000238
15819  -9.133  -74.498  24.426 0.6000000238
18729  -12.865  -71.857  22.911 0.8000000119
120365  -9.848  -74.891  24.591 0.6000000238
9190  -18.424  -82.219  24.890 0.6000000238
15822  -11.557  -75.064  24.547 0.6000000238
8354  -18.582  -83.337  25.807 0.6000000238
117739  -11.914  -70.663  24.476 0.8000000119
10813  -19.010  -80.985  24.431 0.6000000238
125795  -11.893  -72.907  24.465 0.6000000238
120895  -11.319  -74.391  25.022 0.6999999881
16731  -10.366  -73.879  26.089 0.6000000238
17663  -9.912  -72.814  27.798 0.6000000238
17645  -11.592  -72.204  28.419 0.5000000000
17644  -9.948  -72.205  28.387 0.6000000238
19556  -7.025  -70.044  35.974 0.6999999881
19569  -7.067  -70.953  35.788 0.6000000238
20577  -7.792  -69.651  34.198 0.6999999881
20579  -9.475  -69.922  33.216 0.6000000238
114231  -7.759  -67.212  33.977 0.6000000238
21596  -9.339  -68.865  32.344 0.5000000000
116246  -12.094  -66.750  31.722 0.5000000000
23626  -7.742  -66.486  33.706 0.5000000000
24730  -10.513  -66.179  29.624 0.5000000000
19591  -11.626  -71.247  33.949 0.6000000238
18577  -12.598  -71.359  33.131 0.6000000238
20617  -13.898  -69.216  31.439 0.5000000000
24745  -8.986  -65.969  28.168 0.5000000000
26697  -7.498  -63.250  32.240 0.4000000060
26707  -7.929  -63.414  31.589 0.4000000060
26745  -9.214  -63.754  27.955 0.5000000000
26762  -9.192  -64.357  26.985 0.4000000060
27731  -9.535  -63.033  28.488 0.4000000060
27762  -10.325  -63.768  26.010 0.4000000060
26775  -10.931  -64.372  25.438 0.4000000060
28592  -8.803  -61.724  30.311 0.3000000119
134805  -9.416  -61.747  29.719 0.5000000000
28612  -9.826  -62.215  29.070 0.4000000060
27763  -11.157  -63.378  25.560 0.4000000060
28631  -11.288  -61.791  27.329 0.4000000060
29494  -9.893  -60.353  29.785 0.5000000000
30420  -10.228  -59.455  29.665 0.4000000060
31382  -9.815  -58.671  29.866 0.3000000119
5583  -20.633  -87.429  9.803 0.5000000000
5584  -21.713  -87.403  9.724 0.5000000000
5590  -23.898  -87.859  9.607 0.5000000000
5586  -23.348  -86.997  9.758 0.5000000000
4978  -25.223  -88.611  9.757 0.5000000000
113823  -24.096  -87.044  9.829 0.5000000000
4970  -25.838  -88.931  10.292 0.6000000238
6265  -20.404  -86.565  10.010 0.5000000000
6259  -20.998  -86.323  10.201 0.5000000000
6261  -22.442  -85.971  10.078 0.5000000000
6252  -23.221  -86.162  10.055 0.5000000000
4395  -26.497  -89.750  11.668 0.6000000238
5567  -24.004  -87.202  10.856 0.6000000238
5568  -25.133  -87.683  10.404 0.6000000238
6263  -18.985  -86.494  10.189 0.4000000060
6244  -12.906  -85.953  11.858 0.4000000060
121110  -14.542  -85.644  11.526 0.4000000060
6253  -14.963  -86.261  10.944 0.5000000000
6254  -16.410  -86.030  10.708 0.5000000000
5573  -16.641  -87.054  10.327 0.5000000000
6255  -17.274  -86.107  10.557 0.5000000000
128578  -16.214  -85.341  11.259 0.5000000000
135342  -18.296  -86.983  9.965 0.5000000000
7011  -18.738  -85.606  10.744 0.5000000000
134087  -26.810  -89.854  12.009 0.6000000238
4382  -26.748  -90.224  13.234 0.6000000238
6257  -19.410  -85.857  10.608 0.5000000000
133657  -20.897  -86.105  10.686 0.5000000000
129033  -19.791  -85.547  11.165 0.5000000000
4390  -25.951  -89.202  12.471 0.6000000238
115342  -22.025  -86.126  10.465 0.5000000000
5566  -23.217  -86.933  10.840 0.6000000238
4962  -24.891  -88.040  11.430 0.6000000238
4381  -26.481  -89.787  12.962 0.6000000238
4957  -24.530  -88.463  12.370 0.6000000238
120027  -25.631  -89.429  13.374 0.6000000238
4370  -25.372  -89.543  14.345 0.6999999881
4947  -24.198  -88.849  13.324 0.6000000238
129266  -24.907  -89.201  13.629 0.6999999881
6971  -11.242  -85.262  13.471 0.6000000238
6986  -11.660  -85.266  12.933 0.6000000238
6972  -11.955  -84.953  13.438 0.6000000238
6232  -12.372  -85.642  12.419 0.5000000000
7000  -13.244  -85.355  12.297 0.5000000000
6987  -13.581  -85.013  12.696 0.6000000238
6246  -15.406  -85.420  11.432 0.5000000000
7002  -14.975  -85.050  11.934 0.5000000000
7008  -15.859  -85.055  11.827 0.5000000000
7004  -17.567  -85.130  11.383 0.5000000000
7003  -16.710  -85.120  11.629 0.5000000000
7005  -18.481  -85.222  11.180 0.5000000000
3210  -27.573  -91.315  14.695 0.6999999881
4372  -27.030  -90.316  14.072 0.6000000238
4356  -27.359  -90.241  14.897 0.8000000119
6249  -20.393  -85.907  11.347 0.5000000000
5564  -21.060  -86.636  11.547 0.5000000000
5555  -21.797  -87.412  11.901 0.6000000238
131097  -26.769  -89.960  13.692 0.6999999881
130560  -27.062  -89.807  15.215 0.6999999881
5557  -23.822  -87.861  11.701 0.6000000238
4354  -25.183  -89.534  15.350 0.6999999881
4946  -23.258  -88.695  13.305 0.6000000238
4380  -23.543  -88.998  14.036 0.6000000238
126322  -23.109  -89.192  14.592 0.6999999881
4353  -24.163  -89.450  15.587 0.6999999881
114323  -24.837  -89.441  16.167 0.6000000238
6217  -10.325  -86.044  13.481 0.5000000000
6958  -11.517  -85.177  13.988 0.6000000238
6973  -12.936  -84.986  13.474 0.6000000238
6989  -15.303  -85.190  12.360 0.6000000238
6990  -16.250  -85.190  12.084 0.6000000238
6247  -18.102  -85.373  11.804 0.5000000000
114804  -18.024  -86.339  12.385 0.6000000238
3773  -27.794  -90.655  15.376 0.6999999881
113010  -18.813  -86.066  12.113 0.5000000000
121831  -18.294  -87.576  12.433 0.5000000000
122023  -27.550  -89.915  15.729 0.5000000000
124516  -27.320  -90.512  17.594 0.6000000238
6236  -19.675  -85.922  11.774 0.6000000238
126135  -20.866  -87.710  12.258 0.5000000000
122743  -26.981  -89.525  15.873 0.6000000238
4955  -22.229  -88.229  12.547 0.5000000000
4355  -26.223  -89.675  15.119 0.6999999881
115146  -26.009  -89.349  16.101 0.6000000238
4945  -22.570  -88.610  13.137 0.5000000000
4341  -25.335  -89.184  16.889 0.6000000238
4379  -22.500  -88.936  13.987 0.5000000000
4367  -22.532  -89.276  14.816 0.6000000238
132627  -24.173  -89.490  16.254 0.5000000000
4339  -22.664  -89.580  17.149 0.5000000000
124802  -23.699  -89.469  17.951 0.5000000000
6184  -10.276  -86.241  15.070 0.6000000238
6957  -10.954  -85.410  14.013 0.6000000238
5519  -9.722  -87.129  14.948 0.4000000060
5552  -17.273  -87.647  12.517 0.5000000000
4343  -27.323  -89.620  16.562 0.6000000238
5553  -19.306  -87.242  12.331 0.5000000000
4943  -21.406  -88.331  12.597 0.5000000000
4342  -26.864  -89.297  16.541 0.5000000000
4329  -26.731  -88.775  17.776 0.5000000000
116225  -27.032  -89.153  17.235 0.5000000000
118240  -20.410  -89.260  13.809 0.5000000000
4327  -24.711  -89.188  17.771 0.5000000000
4366  -21.763  -89.305  14.716 0.6000000238
120693  -21.163  -89.516  15.503 0.6000000238
4340  -24.229  -89.429  16.935 0.5000000000
114660  -21.534  -89.531  16.280 0.6000000238
4338  -21.825  -89.581  17.069 0.5000000000
4347  -9.626  -89.125  15.660 0.4000000060
4954  -19.863  -88.406  12.489 0.5000000000
4388  -20.073  -89.132  12.945 0.5000000000
118015  -19.761  -89.537  14.680 0.5000000000
4312  -25.165  -88.880  18.520 0.5000000000
4912  -26.444  -88.315  19.159 0.5000000000
4897  -26.753  -88.122  19.934 0.5000000000
4881  -27.168  -87.805  20.624 0.5000000000
5472  -28.561  -87.375  20.992 0.5000000000
118126  -19.215  -89.422  15.568 0.6000000238
4350  -20.143  -89.577  15.564 0.6000000238
4910  -24.630  -88.923  19.469 0.5000000000
4337  -20.997  -89.556  17.066 0.6000000238
4894  -23.422  -88.829  20.354 0.5000000000
4323  -20.284  -89.057  17.612 0.5000000000
4909  -21.332  -88.794  18.742 0.5000000000
4911  -25.525  -88.583  19.244 0.5000000000
5471  -27.605  -87.395  21.259 0.5000000000
4348  -18.419  -89.231  15.293 0.5000000000
4931  -18.379  -88.683  15.582 0.6000000238
134617  -24.944  -88.619  20.011 0.5000000000
4896  -25.710  -88.345  20.207 0.5000000000
5470  -26.653  -87.523  21.463 0.5000000000
5453  -28.119  -86.904  21.541 0.5000000000
6104  -28.744  -86.271  21.630 0.5000000000
4336  -20.172  -89.324  17.098 0.5000000000
4895  -24.184  -88.758  20.324 0.5000000000
4871  -24.551  -87.866  21.336 0.5000000000
5535  -17.469  -88.153  15.168 0.5000000000
5440  -25.977  -86.865  22.104 0.5000000000
5452  -26.068  -87.189  22.000 0.5000000000
6103  -27.182  -86.328  21.936 0.5000000000
6842  -28.873  -85.245  21.587 0.4000000060
117442  -26.498  -86.758  22.026 0.4000000060
10917  -14.555  -80.728  15.562 0.4000000060
17701  -7.752  -72.780  25.847 0.5000000000
120187  -6.639  -72.224  29.223 0.5000000000
17642  -6.881  -72.403  28.432 0.5000000000
113441  -6.513  -71.861  31.822 0.5000000000
130837  -6.505  -71.845  30.813 0.5000000000
17662  -7.159  -72.631  27.642 0.5000000000
21547  -6.862  -69.057  36.509 0.5000000000
22564  -7.254  -68.240  36.591 0.5000000000
23593  -7.551  -66.904  35.584 0.5000000000
132175  -18.446  -89.490  13.503 0.5000000000
4377  -19.421  -89.399  13.678 0.5000000000
4963  -25.596  -88.485  11.071 0.6000000238
6251  -22.536  -86.149  10.448 0.6000000238
4958  -25.421  -88.623  12.001 0.6000000238
5556  -22.741  -87.633  11.827 0.6000000238
4368  -23.817  -89.276  14.767 0.6999999881
119641  -12.604  -84.995  12.854 0.6000000238
5554  -20.260  -86.834  12.040 0.5000000000
4352  -23.109  -89.380  15.399 0.6000000238
127404  -27.759  -90.292  16.491 0.6999999881
4944  -21.849  -88.699  13.227 0.5000000000
4351  -22.115  -89.415  15.476 0.6000000238
114659  -22.471  -89.496  16.276 0.6000000238
126539  -23.467  -89.502  16.392 0.5000000000
4311  -24.049  -89.285  18.884 0.5000000000
4328  -25.822  -88.839  17.652 0.5000000000
4918  -26.191  -88.537  18.385 0.5000000000
4365  -20.780  -89.451  14.693 0.5000000000
4324  -20.754  -89.325  17.722 0.5000000000
4364  -18.792  -89.485  14.585 0.5000000000
112512  -19.708  -89.366  16.365 0.5000000000
4880  -26.243  -87.997  20.918 0.5000000000
115814  -24.710  -88.388  20.805 0.5000000000
5451  -25.293  -87.502  21.681 0.5000000000
6083  -28.152  -85.795  21.737 0.5000000000
5450  -24.667  -87.302  21.536 0.4000000060
6862  -28.325  -85.173  21.391 0.4000000060
3176  -28.379  -91.679  18.845 0.5000000000
112531  -28.478  -90.750  18.712 0.6000000238
130430  -27.916  -90.135  18.684 0.6000000238
3749  -27.483  -91.069  19.037 0.6000000238
3158  -26.323  -91.842  19.362 0.4000000060
4315  -28.693  -89.642  18.709 0.4000000060
4913  -27.654  -88.358  18.896 0.4000000060
4314  -27.850  -88.989  18.547 0.5000000000
3760  -27.552  -90.136  18.468 0.6000000238
4330  -27.291  -88.974  18.035 0.4000000060
3768  -27.052  -90.771  18.422 0.5000000000
3769  -27.333  -89.698  17.625 0.5000000000
3188  -26.681  -91.353  18.112 0.6000000238
134914  -27.925  -91.627  16.029 0.6000000238
2628  -27.538  -91.932  14.861 0.6000000238
2640  -27.310  -91.903  14.293 0.6000000238
3780  -26.857  -90.676  13.677 0.6000000238
2658  -26.619  -91.831  13.139 0.6000000238
3222  -26.525  -90.660  12.423 0.5000000000
3221  -26.491  -90.622  11.882 0.5000000000
3794  -25.970  -89.871  10.793 0.4000000060
3801  -25.345  -89.718  10.208 0.5000000000
6843  -29.508  -85.273  21.662 0.3000000119
5588  -22.267  -88.027  9.508 0.4000000060
10801  -18.661  -80.388  24.338 0.4000000060
10802  -19.396  -80.484  25.188 0.4000000060
10016  -19.514  -81.378  25.144 0.5000000000
19661  -10.859  -69.648  28.775 0.5000000000
20636  -11.012  -69.355  29.378 0.5000000000
20651  -11.003  -69.152  28.821 0.5000000000
20652  -11.508  -68.853  29.072 0.4000000060
21636  -13.973  -68.565  30.499 0.4000000060
21682  -12.855  -68.137  26.796 0.4000000060
21619  -14.197  -68.408  31.319 0.4000000060
21650  -13.170  -68.018  29.195 0.4000000060
22629  -14.024  -68.020  31.827 0.4000000060
22692  -13.036  -67.238  27.457 0.4000000060
135048  -13.989  -67.471  31.790 0.4000000060
22649  -14.688  -67.217  30.800 0.4000000060
22693  -13.882  -66.727  28.001 0.4000000060
126292  -13.012  -66.578  31.747 0.4000000060
23660  -14.484  -66.742  31.268 0.4000000060
23658  -12.419  -66.102  31.442 0.4000000060
24692  -13.471  -66.017  31.496 0.4000000060
25758  -10.788  -65.482  28.101 0.3000000119
25735  -11.376  -64.916  28.956 0.4000000060
25795  -10.649  -64.922  25.573 0.3000000119
130691  -10.978  -65.093  26.099 0.3000000119
25759  -11.422  -64.712  28.012 0.3000000119
25784  -11.540  -64.756  26.706 0.3000000119
21681  -12.063  -68.487  27.337 0.4000000060
22678  -12.422  -67.712  28.026 0.4000000060
21649  -12.014  -68.343  28.597 0.4000000060
21663  -11.824  -68.324  27.833 0.4000000060
22679  -13.464  -67.334  28.586 0.4000000060
21651  -14.197  -67.711  29.762 0.4000000060
114617  -13.805  -66.984  26.369 0.4000000060
22680  -14.329  -67.082  29.120 0.4000000060
21620  -14.413  -67.796  30.673 0.4000000060
3700  -33.185  -90.018  23.502 0.3000000119
3701  -34.026  -89.967  22.510 0.3000000119
3713  -32.696  -90.332  22.906 0.4000000060
3126  -32.665  -90.550  22.362 0.3000000119
3134  -33.040  -90.483  21.831 0.4000000060
3132  -31.669  -91.194  21.894 0.3000000119
3133  -32.302  -90.915  21.732 0.3000000119
3147  -32.760  -90.589  21.022 0.4000000060
2565  -31.046  -91.458  21.939 0.3000000119
2571  -31.743  -91.405  21.414 0.3000000119
3146  -32.165  -91.192  20.734 0.3000000119
2570  -31.130  -91.792  21.543 0.3000000119
2578  -31.514  -91.789  20.894 0.3000000119
3145  -31.674  -91.622  20.005 0.3000000119
126745  -31.060  -92.225  21.064 0.3000000119
2577  -31.129  -92.185  20.386 0.3000000119
2586  -31.041  -91.991  19.471 0.3000000119
2114  -30.632  -92.620  20.822 0.3000000119
2127  -30.583  -92.605  19.979 0.3000000119
2585  -30.320  -92.422  19.041 0.3000000119
1647  -29.271  -94.286  21.575 0.3000000119
113691  -29.680  -93.683  21.081 0.3000000119
2113  -30.099  -93.103  20.553 0.3000000119
2126  -29.913  -93.017  19.708 0.3000000119
133812  -29.840  -92.413  18.747 0.3000000119
1652  -29.112  -94.205  20.749 0.4000000060
3727  -33.748  -90.040  21.835 0.3000000119
3116  -32.159  -90.395  22.788 0.4000000060
3739  -33.056  -90.150  20.394 0.4000000060
3124  -31.631  -90.893  22.254 0.3000000119
132079  -32.580  -90.595  20.290 0.4000000060
2103  -30.542  -92.405  21.458 0.3000000119
3162  -32.148  -90.861  19.759 0.4000000060
3161  -31.471  -91.165  19.031 0.4000000060
2092  -29.956  -92.976  21.926 0.3000000119
2597  -30.731  -91.680  18.667 0.4000000060
1286  -29.282  -94.408  22.531 0.3000000119
2084  -29.481  -93.711  22.862 0.4000000060
114572  -30.040  -92.007  18.483 0.4000000060
2136  -28.774  -93.157  19.026 0.3000000119
1283  -29.366  -94.242  23.340 0.3000000119
4280  -34.409  -89.486  21.888 0.3000000119
119863  -35.311  -88.854  22.730 0.3000000119
123460  -33.962  -89.459  21.090 0.3000000119
4294  -33.625  -89.264  20.452 0.3000000119
3697  -31.039  -90.130  22.940 0.4000000060
3752  -33.125  -89.712  20.112 0.3000000119
4303  -33.183  -89.242  20.071 0.3000000119
3123  -30.426  -91.618  22.165 0.3000000119
126100  -31.041  -91.094  22.190 0.4000000060
3751  -32.648  -90.220  19.804 0.4000000060
4302  -32.603  -89.712  19.662 0.3000000119
3750  -32.022  -90.280  19.126 0.4000000060
4318  -31.547  -89.923  18.728 0.4000000060
2564  -30.389  -92.158  21.951 0.3000000119
118709  -28.954  -92.085  22.803 0.3000000119
3179  -30.921  -91.044  18.395 0.4000000060
4317  -30.844  -89.846  18.496 0.4000000060
2091  -29.527  -93.049  22.655 0.3000000119
119467  -28.855  -93.262  23.744 0.3000000119
3761  -29.527  -90.571  18.471 0.4000000060
4316  -29.847  -89.748  18.544 0.5000000000
125686  -29.103  -92.889  23.036 0.3000000119
3177  -29.353  -91.463  18.517 0.4000000060
113049  -29.020  -95.116  24.037 0.3000000119
4289  -34.668  -88.880  21.376 0.3000000119
4873  -35.204  -88.293  21.768 0.3000000119
120722  -30.146  -90.370  22.810 0.4000000060
4301  -32.015  -89.582  19.195 0.4000000060
4900  -30.687  -88.496  19.605 0.4000000060
3122  -29.699  -91.586  22.458 0.4000000060
4299  -30.253  -89.099  18.882 0.4000000060
121244  -28.671  -88.191  19.494 0.4000000060
2553  -28.416  -92.503  23.499 0.3000000119
4298  -29.228  -88.886  18.892 0.4000000060
2544  -28.058  -92.772  24.697 0.3000000119
126229  -28.324  -88.569  18.905 0.4000000060
2081  -28.962  -93.813  24.415 0.3000000119
1642  -29.233  -93.989  24.144 0.3000000119
1280  -29.099  -94.826  24.880 0.3000000119
4887  -33.723  -88.845  20.418 0.3000000119
4902  -32.613  -89.097  19.735 0.3000000119
4901  -31.741  -88.903  19.515 0.3000000119
3115  -28.807  -91.391  22.853 0.4000000060
4883  -29.029  -87.784  20.165 0.4000000060
3114  -27.929  -91.514  23.469 0.4000000060
4898  -27.713  -88.016  19.569 0.4000000060
2529  -28.183  -92.660  25.929 0.3000000119
3091  -27.622  -92.087  25.077 0.3000000119
2530  -28.386  -93.246  25.278 0.3000000119
114155  -28.767  -94.022  25.889 0.3000000119
1031  -28.634  -95.472  25.362 0.3000000119
1631  -28.843  -94.460  26.124 0.3000000119
126603  -32.170  -88.566  19.978 0.3000000119
4885  -31.424  -88.226  20.170 0.4000000060
126179  -29.874  -87.854  20.195 0.4000000060
2513  -28.492  -92.790  27.160 0.3000000119
2512  -28.256  -92.717  27.849 0.3000000119
2063  -28.599  -93.604  26.666 0.3000000119
2054  -28.499  -93.534  27.352 0.3000000119
1263  -28.756  -94.511  26.615 0.3000000119
130345  -26.755  -93.105  28.574 0.3000000119
2044  -26.569  -93.789  28.192 0.3000000119
2053  -28.018  -93.704  27.873 0.3000000119
1622  -27.762  -94.497  27.884 0.3000000119
1623  -28.361  -94.311  27.451 0.3000000119
5456  -31.124  -86.663  21.394 0.3000000119
5473  -29.967  -87.271  20.832 0.4000000060
132960  -26.014  -93.727  27.938 0.3000000119
1630  -25.717  -94.841  26.908 0.3000000119
6107  -32.765  -86.461  21.685 0.3000000119
6106  -31.892  -86.377  21.577 0.3000000119
5455  -30.163  -86.673  21.321 0.3000000119
117711  -32.118  -85.945  21.815 0.3000000119
6087  -31.415  -85.927  21.733 0.3000000119
6845  -31.060  -85.350  21.790 0.3000000119
20637  -12.102  -69.379  29.946 0.5000000000
25721  -11.738  -64.959  29.900 0.5000000000
21635  -12.827  -68.754  29.690 0.4000000060
3197  -27.667  -91.292  16.892 0.6000000238
4313  -27.101  -88.466  18.500 0.4000000060
4882  -28.122  -87.738  20.368 0.4000000060
132000  -29.323  -87.421  20.719 0.4000000060
5454  -29.195  -86.873  21.279 0.4000000060
6085  -29.575  -85.779  21.661 0.3000000119
19662  -11.531  -69.875  28.193 0.5000000000
20685  -11.910  -69.141  27.614 0.4000000060
22710  -13.154  -67.376  26.740 0.4000000060
3125  -32.183  -90.695  22.346 0.3000000119
2102  -30.104  -93.045  21.342 0.3000000119
114118  -29.642  -93.663  21.945 0.3000000119
3712  -31.429  -90.559  22.582 0.4000000060
3178  -30.251  -91.258  18.281 0.4000000060
3711  -30.495  -90.887  22.445 0.4000000060
2563  -29.713  -92.348  22.389 0.3000000119
4300  -31.221  -89.337  18.982 0.4000000060
2545  -28.553  -93.294  24.438 0.3000000119
4899  -29.619  -88.382  19.487 0.4000000060
115911  -28.877  -94.095  25.156 0.3000000119
4884  -30.636  -87.764  20.453 0.4000000060
115785  -27.872  -91.758  26.267 0.3000000119
1272  -28.386  -95.486  26.725 0.3000000119
5474  -31.317  -87.491  20.822 0.3000000119
1621  -26.899  -94.675  27.896 0.3000000119
2666  -26.420  -91.419  12.450 0.5000000000
2657  -26.333  -92.331  12.832 0.5000000000
2186  -26.672  -92.341  13.521 0.5000000000
2159  -27.339  -93.025  15.693 0.5000000000
2607  -26.607  -92.362  17.560 0.4000000060
3159  -26.807  -91.743  19.443 0.5000000000
2584  -27.081  -92.385  19.680 0.3000000119
2124  -28.354  -93.883  19.711 0.3000000119
2595  -28.234  -92.544  19.110 0.4000000060
1653  -29.495  -93.621  20.234 0.3000000119
2125  -29.163  -93.432  19.540 0.3000000119
3106  -27.377  -91.452  24.248 0.3000000119
129546  -27.528  -90.847  23.683 0.3000000119
3695  -28.184  -90.644  23.251 0.3000000119
3699  -32.747  -89.898  23.551 0.3000000119
3681  -26.969  -90.517  24.431 0.3000000119
4263  -28.441  -89.682  23.426 0.3000000119
116483  -29.251  -90.253  23.001 0.3000000119
4264  -30.399  -89.680  23.292 0.3000000119
4265  -31.582  -89.430  23.674 0.3000000119
4248  -30.755  -88.870  23.902 0.3000000119
4246  -27.789  -89.289  23.776 0.3000000119
4247  -29.509  -89.118  23.611 0.3000000119
3698  -31.975  -90.012  23.211 0.3000000119
4853  -28.504  -88.831  23.815 0.3000000119
3682  -32.466  -89.501  23.934 0.3000000119
134739  -32.198  -89.196  24.181 0.3000000119
4412  -24.601  -89.204  9.303 0.3000000119
2606  -25.866  -92.150  18.662 0.5000000000
2617  -27.526  -92.350  16.350 0.4000000060
2639  -27.266  -92.675  14.718 0.5000000000
2135  -27.707  -93.261  19.639 0.3000000119
23737  -14.424  -66.588  26.540 0.3000000119
23713  -13.703  -66.751  26.943 0.3000000119
24693  -14.439  -65.886  31.124 0.3000000119
130200  -25.758  -91.298  11.118 0.4000000060
2184  -25.369  -93.240  12.810 0.4000000060
803  -24.283  -96.339  17.261 0.4000000060
1074  -24.800  -95.296  15.373 0.4000000060
1325  -25.947  -94.496  15.223 0.4000000060
1707  -26.456  -93.923  15.076 0.4000000060
1713  -25.842  -93.969  13.970 0.4000000060
1714  -26.331  -93.642  14.292 0.4000000060
2167  -26.966  -93.360  15.191 0.4000000060
597  -23.861  -96.886  19.397 0.3000000119
804  -24.758  -96.310  17.956 0.4000000060
1064  -26.157  -95.083  17.116 0.4000000060
1724  -26.154  -93.345  13.670 0.4000000060
1068  -24.745  -95.460  16.083 0.4000000060
1324  -25.068  -94.861  14.816 0.4000000060
606  -24.011  -96.516  17.912 0.3000000119
812  -25.023  -95.856  17.297 0.4000000060
1069  -25.386  -95.201  16.008 0.4000000060
1706  -25.993  -94.249  14.572 0.4000000060
1316  -26.277  -94.453  15.815 0.4000000060
1698  -26.796  -93.859  15.982 0.4000000060
588  -24.390  -96.800  19.997 0.3000000119
607  -24.384  -96.521  18.647 0.3000000119
1058  -25.742  -95.478  17.662 0.3000000119
805  -25.372  -95.983  18.212 0.3000000119
1681  -25.904  -94.247  18.328 0.3000000119
2143  -25.546  -93.476  18.617 0.3000000119
1311  -26.348  -94.530  16.628 0.3000000119
2122  -25.779  -92.818  19.833 0.3000000119
2583  -26.271  -92.301  19.688 0.3000000119
2594  -25.867  -92.248  19.351 0.3000000119
2144  -26.117  -93.450  17.718 0.3000000119
121904  -25.697  -92.853  18.363 0.3000000119
2153  -27.039  -93.296  16.684 0.3000000119
3087  -18.889  -91.101  25.287 0.3000000119
118479  -18.470  -90.587  25.841 0.3000000119
3628  -27.216  -90.747  28.802 0.3000000119
4203  -20.090  -89.039  26.792 0.3000000119
4822  -20.856  -88.852  26.987 0.3000000119
4205  -22.400  -89.715  28.038 0.3000000119
3625  -22.905  -90.273  28.688 0.3000000119
3638  -23.374  -90.799  28.390 0.3000000119
3627  -24.388  -90.800  29.352 0.3000000119
129979  -25.030  -91.150  29.494 0.3000000119
112519  -26.041  -90.756  29.322 0.3000000119
4812  -21.152  -88.611  27.810 0.3000000119
4204  -21.938  -89.015  28.220 0.3000000119
4188  -22.515  -89.659  28.960 0.3000000119
3616  -23.083  -90.051  29.258 0.3000000119
3617  -23.697  -90.375  29.325 0.3000000119
1059  -26.206  -95.188  17.968 0.3000000119
3661  -19.424  -90.323  25.605 0.3000000119
3650  -22.866  -90.294  26.404 0.3000000119
4230  -20.901  -89.629  25.559 0.3000000119
4229  -20.115  -89.769  25.698 0.3000000119
4231  -21.984  -89.799  25.655 0.3000000119
124109  -21.938  -89.308  27.411 0.3000000119
4177  -22.144  -89.001  29.127 0.3000000119
811  -24.334  -95.860  16.593 0.4000000060
1029  -28.568  -95.494  26.106 0.3000000119
1062  -25.035  -95.551  16.549 0.4000000060
1063  -25.603  -95.339  16.808 0.4000000060
1075  -25.414  -94.854  15.346 0.4000000060
1262  -28.595  -94.852  27.022 0.3000000119
1273  -28.780  -94.919  26.434 0.3000000119
1278  -28.952  -94.891  25.765 0.3000000119
1281  -29.250  -94.417  24.067 0.3000000119
1310  -25.983  -94.916  16.339 0.4000000060
1315  -25.806  -94.775  15.747 0.4000000060
1333  -25.438  -94.456  14.337 0.4000000060
1617  -27.342  -93.999  28.136 0.3000000119
1620  -26.094  -94.360  27.623 0.3000000119
1624  -28.717  -94.181  26.968 0.3000000119
1638  -28.916  -94.383  25.433 0.3000000119
1641  -29.067  -94.217  24.725 0.3000000119
1643  -29.378  -93.972  23.649 0.3000000119
1690  -26.547  -94.128  17.068 0.3000000119
1723  -25.626  -93.628  13.389 0.4000000060
2045  -27.448  -93.298  28.320 0.3000000119
2052  -25.648  -93.608  27.628 0.3000000119
2073  -28.697  -93.744  25.207 0.3000000119
2134  -25.437  -92.963  19.242 0.3000000119
2137  -29.585  -92.847  18.992 0.3000000119
2174  -26.661  -92.913  14.029 0.5000000000
2185  -25.986  -93.015  13.071 0.4000000060
2194  -25.802  -92.652  12.443 0.4000000060
2504  -27.526  -92.483  28.495 0.3000000119
2520  -28.446  -92.916  26.581 0.3000000119
2521  -28.532  -93.404  25.966 0.3000000119
2596  -29.234  -92.354  18.696 0.4000000060
2627  -27.638  -92.216  15.456 0.5000000000
2648  -27.009  -92.335  14.040 0.5000000000
2676  -26.182  -91.298  11.704 0.4000000060
3050  -23.846  -90.936  28.923 0.3000000119
3069  -28.449  -92.071  27.471 0.3000000119
3079  -28.389  -92.197  26.889 0.3000000119
3107  -27.760  -92.133  24.093 0.4000000060
3160  -27.508  -91.817  19.340 0.3000000119
3175  -26.325  -91.613  18.933 0.4000000060
3204  -27.835  -91.442  15.374 0.6000000238
3218  -26.637  -91.150  13.211 0.6000000238
3230  -26.172  -90.597  11.253 0.4000000060
3618  -25.094  -90.432  29.458 0.3000000119
3626  -23.336  -90.515  28.998 0.3000000119
3637  -22.877  -90.358  27.690 0.3000000119
3694  -27.553  -90.056  23.647 0.3000000119
3696  -29.649  -90.908  22.625 0.4000000060
3714  -33.314  -90.313  22.670 0.3000000119
3726  -33.394  -90.103  21.085 0.3000000119
3748  -26.827  -91.245  19.028 0.6000000238
3762  -30.514  -90.508  18.309 0.4000000060
3763  -31.280  -90.462  18.542 0.4000000060
3776  -27.350  -90.750  14.469 0.6999999881
3785  -26.619  -90.375  12.767 0.5000000000
3788  -26.451  -90.039  11.472 0.5000000000
3789  -26.821  -90.069  12.039 0.6000000238
3800  -24.622  -89.628  9.653 0.3000000119
4219  -20.485  -89.336  26.273 0.3000000119
4220  -21.459  -89.297  26.557 0.3000000119
4221  -22.325  -89.695  26.932 0.3000000119
4234  -32.627  -89.161  24.757 0.3000000119
4281  -35.072  -88.924  22.047 0.3000000119
4307  -20.712  -88.966  18.145 0.5000000000
4322  -19.819  -88.946  17.289 0.5000000000
4333  -8.757  -89.509  16.710 0.5000000000
4335  -9.703  -89.428  16.169 0.6999999881
4362  -17.148  -89.408  14.058 0.6000000238
4369  -24.387  -89.226  14.156 0.6999999881
4371  -26.744  -89.883  14.467 0.6999999881
4376  -17.137  -89.259  12.793 0.6000000238
4378  -21.387  -89.089  13.915 0.5000000000
4387  -19.075  -89.215  12.842 0.6000000238
4389  -25.108  -88.933  12.909 0.6000000238
4391  -26.596  -89.556  11.942 0.6000000238
4392  -26.878  -89.971  12.370 0.6000000238
4398  -26.067  -89.454  10.936 0.6000000238
4403  -25.277  -89.085  9.713 0.5000000000
4404  -25.742  -89.143  10.256 0.6000000238
4413  -24.998  -88.967  9.424 0.5000000000
4823  -21.471  -88.989  27.371 0.3000000119
4875  -11.121  -88.191  19.944 0.6999999881
4878  -23.858  -88.287  20.883 0.5000000000
4879  -25.345  -88.050  21.253 0.5000000000
4886  -32.784  -88.480  20.217 0.3000000119
4888  -34.214  -88.842  20.814 0.3000000119
4890  -9.192  -88.363  18.866 0.6999999881
4904  -8.751  -88.740  18.172 0.6999999881
4906  -10.469  -88.717  18.340 0.6999999881
4916  -10.183  -89.128  16.831 0.6999999881
4937  -16.355  -89.261  14.189 0.6000000238
4951  -16.849  -88.871  12.614 0.6000000238
4956  -23.048  -88.298  12.558 0.6000000238
4959  -26.100  -88.956  11.654 0.6000000238
4964  -26.128  -89.104  11.053 0.6000000238
4969  -25.619  -88.491  10.312 0.6000000238
4979  -25.660  -88.904  9.965 0.6000000238
4984  -22.728  -88.729  9.226 0.4000000060
4985  -23.591  -88.648  9.230 0.5000000000
4986  -24.481  -88.669  9.407 0.5000000000
5445  -11.855  -87.316  21.034 0.6999999881
5449  -15.329  -87.151  21.411 0.6000000238
5468  -14.970  -87.311  20.868 0.6000000238
5480  -10.461  -88.207  19.723 0.6999999881
5565  -21.867  -86.570  11.020 0.5000000000
5574  -17.551  -87.101  10.020 0.5000000000
5575  -24.502  -86.983  10.311 0.6000000238
5576  -24.735  -87.180  10.041 0.5000000000
5577  -25.330  -87.938  9.977 0.6000000238
5585  -22.546  -87.073  9.732 0.5000000000
5587  -24.698  -87.833  9.772 0.5000000000
5589  -23.058  -87.911  9.518 0.4000000060
6072  -14.956  -86.113  23.100 0.6000000238
6077  -13.086  -86.234  22.013 0.6000000238
6078  -13.743  -86.415  22.360 0.5000000000
6081  -16.029  -86.282  22.444 0.6000000238
6084  -28.950  -85.647  21.655 0.3000000119
6086  -30.443  -85.995  21.682 0.3000000119
6088  -32.643  -85.702  21.987 0.3000000119
6102  -25.422  -87.076  21.944 0.5000000000
6105  -29.618  -86.295  21.540 0.3000000119
6124  -13.642  -87.028  19.492 0.6000000238
6202  -9.995  -86.275  14.142 0.6000000238
6233  -15.857  -85.696  12.669 0.6999999881
6235  -17.348  -85.946  12.396 0.6000000238
6248  -19.084  -85.418  11.426 0.5000000000
6250  -21.140  -86.083  10.875 0.5000000000
6256  -18.138  -86.236  10.419 0.5000000000
6258  -20.174  -85.916  10.671 0.5000000000
6260  -21.631  -86.118  10.338 0.5000000000
6262  -23.986  -86.690  10.109 0.5000000000
6264  -19.750  -86.357  10.234 0.5000000000
6266  -21.948  -86.331  9.929 0.5000000000
6267  -22.874  -86.135  9.961 0.5000000000
6268  -23.482  -86.484  10.045 0.5000000000
6821  -15.861  -85.002  24.104 0.6000000238
6822  -16.602  -85.314  23.864 0.5000000000
6823  -17.896  -84.997  24.022 0.5000000000
6828  -14.733  -85.373  23.236 0.5000000000
6857  -13.156  -85.494  21.993 0.6000000238
6866  -10.993  -86.382  20.553 0.6999999881
6868  -12.146  -85.428  21.148 0.6000000238
6878  -9.987  -85.962  19.243 0.6999999881
6943  -10.547  -85.820  14.340 0.6000000238
6945  -11.780  -85.462  14.879 0.6999999881
6956  -10.504  -85.739  13.824 0.5000000000
6970  -10.771  -85.602  13.549 0.6000000238
6988  -14.423  -85.085  12.431 0.6000000238
6991  -17.122  -85.254  11.944 0.5000000000
7001  -14.118  -85.115  12.084 0.5000000000
7006  -19.415  -85.428  11.017 0.5000000000
7007  -20.322  -85.781  10.976 0.5000000000
7009  -17.028  -85.306  11.010 0.5000000000
7010  -17.882  -85.379  10.886 0.5000000000
7593  -16.532  -83.892  25.144 0.6000000238
7594  -17.312  -84.029  25.435 0.6000000238
7595  -18.252  -84.021  25.595 0.6000000238
7606  -16.880  -84.443  24.898 0.6000000238
7681  -11.609  -83.959  19.003 0.6999999881
8377  -15.630  -83.254  23.859 0.6000000238
8387  -14.673  -83.944  23.014 0.5000000000
8419  -12.904  -83.795  20.303 0.6999999881
8420  -13.458  -83.649  20.708 0.6999999881
8422  -14.915  -82.911  20.109 0.6000000238
8455  -14.335  -83.087  18.112 0.5000000000
8490  -12.073  -83.111  16.401 0.6000000238
8492  -13.845  -83.284  16.310 0.6000000238
8501  -13.737  -83.193  15.899 0.6000000238
9178  -18.000  -82.819  25.547 0.6000000238
9203  -16.312  -82.796  23.927 0.6000000238
9218  -17.998  -81.963  22.976 0.6000000238
9226  -15.769  -83.021  21.669 0.5000000000
9229  -18.248  -82.067  21.926 0.6000000238
9241  -15.478  -83.008  20.840 0.5000000000
9258  -18.721  -82.115  19.213 0.6000000238
9276  -18.079  -82.264  18.373 0.5000000000
9305  -11.733  -82.632  15.987 0.5000000000
9307  -16.086  -83.011  15.800 0.6000000238
9308  -16.891  -82.751  16.021 0.6000000238
9310  -18.283  -82.174  16.001 0.6000000238
9325  -14.981  -82.563  15.419 0.6000000238
9326  -15.837  -82.515  15.270 0.6000000238
9328  -17.537  -82.262  15.497 0.6000000238
10102  -19.112  -81.615  17.918 0.4000000060
10111  -18.884  -81.831  16.709 0.5000000000
10121  -19.456  -81.181  15.971 0.6000000238
10125  -12.048  -81.243  15.629 0.5000000000
10130  -17.256  -81.624  14.904 0.5000000000
10861  -19.158  -80.908  19.707 0.6000000238
10889  -19.465  -80.014  17.865 0.6999999881
10908  -16.508  -80.098  15.226 0.5000000000
10909  -17.439  -79.980  14.976 0.5000000000
10918  -15.192  -80.799  15.149 0.5000000000
10921  -18.770  -80.619  14.918 0.6000000238
10922  -19.668  -80.346  15.332 0.6000000238
11642  -18.725  -79.462  20.923 0.5000000000
11685  -16.345  -79.125  16.804 0.6000000238
11686  -19.944  -79.819  16.833 0.6999999881
11703  -17.460  -79.172  15.524 0.6000000238
11704  -20.161  -79.666  15.905 0.5000000000
12401  -18.073  -77.938  21.123 0.5000000000
12469  -19.214  -77.981  18.742 0.5000000000
12470  -19.407  -78.051  17.898 0.6000000238
12484  -19.783  -78.058  16.838 0.6000000238
12506  -18.795  -78.615  15.063 0.6000000238
12507  -19.439  -78.751  15.128 0.5000000000
12508  -19.768  -78.408  15.608 0.5000000000
13321  -18.042  -76.968  20.622 0.5000000000
13322  -18.685  -76.914  19.686 0.5000000000
13369  -19.870  -77.281  16.470 0.6000000238
13381  -19.057  -77.278  15.664 0.6000000238
13382  -19.707  -77.469  15.923 0.5000000000
14136  -13.764  -76.304  21.399 0.6000000238
14161  -14.774  -76.131  19.897 0.5000000000
14174  -19.214  -75.951  19.276 0.5000000000
14175  -19.845  -75.878  18.279 0.6000000238
14195  -15.778  -77.157  16.832 0.6000000238
14201  -16.514  -77.194  16.480 0.6000000238
14202  -17.389  -76.889  16.298 0.6999999881
14205  -19.690  -76.802  16.493 0.6000000238
14951  -10.891  -75.469  23.877 0.6000000238
14952  -11.462  -75.479  23.994 0.6000000238
14979  -11.095  -75.484  22.757 0.6000000238
14994  -14.604  -75.864  21.560 0.6000000238
15038  -18.392  -75.118  16.971 0.6000000238
15040  -19.773  -75.637  17.290 0.6000000238
15045  -19.581  -76.103  16.736 0.5000000000
15735  -7.871  -74.250  31.069 0.6999999881
15743  -7.728  -74.397  30.257 0.6999999881
15753  -6.896  -74.141  29.502 0.6000000238
15754  -7.360  -74.360  29.621 0.6999999881
15768  -9.016  -74.258  28.128 0.6000000238
15778  -7.706  -74.269  27.560 0.8000000119
15780  -9.089  -74.362  27.437 0.8000000119
15801  -8.340  -74.190  25.464 0.6000000238
15851  -14.404  -75.342  22.244 0.6999999881
15896  -19.726  -74.483  18.934 0.6000000238
15906  -19.274  -74.060  17.871 0.6000000238
15913  -18.990  -74.464  17.321 0.6000000238
15914  -19.549  -74.883  17.568 0.6000000238
16623  -8.123  -73.356  34.439 0.6999999881
16624  -9.023  -73.347  34.536 0.8000000119
16630  -7.142  -73.322  33.236 0.6999999881
16639  -7.672  -73.701  32.635 0.6999999881
16661  -6.660  -73.639  29.431 0.6000000238
16710  -9.642  -74.093  27.236 0.5000000000
16730  -7.948  -73.574  25.557 0.6000000238
16788  -14.554  -74.231  21.901 0.6999999881
16805  -14.972  -74.089  21.153 0.6999999881
16825  -14.756  -73.113  20.707 0.6000000238
16847  -19.218  -73.210  18.978 0.6999999881
16848  -19.489  -73.852  18.527 0.6000000238
16861  -17.116  -73.139  17.944 0.6000000238
16862  -18.066  -72.937  17.870 0.6999999881
16863  -18.938  -73.135  18.125 0.6000000238
17586  -7.091  -72.344  35.449 0.6000000238
17588  -8.891  -72.506  35.295 0.8000000119
17595  -9.429  -72.962  35.039 0.8000000119
17603  -12.348  -71.901  33.011 0.6000000238
17606  -10.501  -73.131  32.999 0.8000000119
17610  -6.704  -72.796  31.926 0.6000000238
17613  -11.285  -72.039  31.891 0.5000000000
17627  -6.535  -72.953  29.825 0.6000000238
17680  -7.399  -72.922  26.716 0.6000000238
17702  -8.185  -72.738  25.120 0.6000000238
17734  -11.970  -71.798  24.268 0.8000000119
17801  -18.115  -72.042  18.780 0.8000000119
18568  -10.710  -72.122  34.688 0.8000000119
18569  -11.445  -71.956  34.224 0.6999999881
18576  -12.135  -71.694  33.667 0.6000000238
18588  -13.163  -71.049  32.034 0.5000000000
18746  -12.711  -70.701  22.703 0.8000000119
18762  -13.726  -71.404  20.972 0.8000000119
18791  -15.669  -71.273  19.161 0.6999999881
19588  -8.705  -70.561  34.177 0.6999999881
19589  -9.643  -70.577  33.897 0.6000000238
19602  -12.933  -70.834  32.902 0.6000000238
19603  -13.270  -70.609  32.191 0.5000000000
19632  -9.977  -70.072  30.041 0.6000000238
19635  -13.500  -70.047  31.541 0.5000000000
19727  -11.940  -70.215  24.916 0.6999999881
19787  -17.291  -70.211  21.459 0.5000000000
19799  -14.214  -70.042  20.061 0.8000000119
19801  -16.144  -70.135  20.225 0.8000000119
20569  -7.979  -70.382  34.525 0.6999999881
20582  -12.533  -70.427  33.129 0.5000000000
20666  -11.385  -68.898  28.083 0.4000000060
20687  -13.644  -68.686  26.821 0.4000000060
20747  -13.306  -69.186  23.155 0.6000000238
20768  -13.615  -68.757  22.431 0.6999999881
20770  -17.311  -68.672  22.789 0.5000000000
20788  -15.146  -68.658  21.253 0.6999999881
20789  -16.138  -68.783  21.460 0.6000000238
20790  -16.973  -69.187  21.882 0.5000000000
20807  -14.593  -69.279  20.586 0.6999999881
21582  -8.162  -68.808  33.117 0.5000000000
21616  -9.675  -68.386  32.035 0.5000000000
21757  -15.441  -68.168  22.473 0.6999999881
21775  -14.789  -68.358  21.871 0.6999999881
22648  -14.337  -67.579  31.338 0.4000000060
22691  -12.425  -67.844  27.215 0.4000000060
23659  -13.887  -66.942  31.717 0.4000000060
24729  -8.799  -66.052  28.822 0.5000000000
24744  -8.748  -65.438  28.512 0.5000000000
25780  -8.814  -64.801  28.069 0.4000000060
25782  -9.422  -65.304  26.528 0.4000000060
25794  -9.743  -65.049  25.940 0.4000000060
112798  -27.444  -95.125  27.728 0.3000000119
112861  -26.938  -91.811  13.707 0.6000000238
113231  -18.305  -80.126  14.857 0.6000000238
113557  -26.399  -89.049  16.998 0.5000000000
113943  -27.173  -88.194  19.142 0.5000000000
114237  -16.576  -70.663  19.858 0.8000000119
114685  -27.168  -91.265  14.016 0.6000000238
114693  -20.586  -89.535  16.339 0.6000000238
114971  -18.421  -80.721  22.801 0.6000000238
115756  -9.283  -72.892  29.342 0.6000000238
115993  -8.466  -74.141  31.099 0.6999999881
116518  -27.073  -86.957  21.849 0.5000000000
116973  -28.077  -95.046  27.541 0.3000000119
116979  -15.758  -74.517  19.287 0.6000000238
117801  -24.045  -89.200  9.023 0.3000000119
118170  -24.573  -89.427  14.837 0.6999999881
118207  -26.293  -94.767  17.525 0.3000000119
118719  -9.012  -73.663  33.225 0.6999999881
119134  -25.103  -96.357  18.608 0.3000000119
119540  -18.888  -82.052  18.428 0.4000000060
120518  -12.752  -81.791  15.716 0.5000000000
120609  -26.181  -89.731  13.870 0.6999999881
121411  -25.611  -88.600  10.044 0.6000000238
121854  -28.115  -91.002  16.043 0.6999999881
122272  -16.484  -71.701  18.715 0.6999999881
122317  -27.788  -86.468  21.757 0.5000000000
122493  -30.630  -87.172  21.007 0.3000000119
122716  -6.618  -73.304  30.651 0.6000000238
122924  -23.752  -88.482  12.669 0.6000000238
124226  -6.518  -71.996  29.995 0.5000000000
125252  -20.020  -78.868  15.803 0.5000000000
125488  -20.962  -88.891  13.137 0.5000000000
125593  -23.251  -96.822  18.748 0.3000000119
125901  -33.245  -88.854  20.130 0.3000000119
127610  -8.670  -74.508  25.950 0.8000000119
127964  -13.668  -85.853  11.684 0.4000000060
128146  -9.123  -71.984  29.776 0.6000000238
128504  -11.385  -64.559  25.140 0.3000000119
128776  -21.092  -86.889  9.861 0.5000000000
129114  -26.774  -93.305  14.632 0.4000000060
129273  -22.400  -86.974  11.148 0.6000000238
129298  -25.571  -94.571  14.863 0.4000000060
129563  -11.137  -72.826  33.841 0.6999999881
129589  -9.439  -82.278  16.261 0.5000000000
129608  -16.102  -83.187  24.555 0.6000000238
129899  -33.435  -89.706  20.593 0.3000000119
130080  -19.210  -79.065  19.299 0.5000000000
130087  -21.343  -89.490  17.676 0.5000000000
130220  -11.447  -68.744  28.391 0.4000000060
130409  -25.891  -87.677  21.559 0.5000000000
130526  -6.270  -72.463  34.120 0.6000000238
130549  -33.843  -90.016  23.307 0.3000000119
130587  -24.521  -87.539  10.930 0.6000000238
130594  -29.187  -88.406  24.064 0.3000000119
130872  -13.669  -85.083  22.281 0.5000000000
131433  -20.640  -88.580  12.666 0.5000000000
131494  -13.972  -68.489  21.875 0.6999999881
131540  -28.743  -94.186  26.474 0.3000000119
131646  -23.888  -89.137  19.823 0.5000000000
131665  -19.578  -89.113  16.876 0.5000000000
131873  -19.996  -75.881  17.577 0.5000000000
132156  -16.002  -89.279  13.584 0.6000000238
132423  -19.900  -85.560  10.993 0.5000000000
132667  -28.943  -84.887  21.389 0.4000000060
133170  -11.021  -81.361  15.627 0.5000000000
133198  -11.342  -85.430  14.371 0.6999999881
133417  -9.257  -66.600  29.396 0.5000000000
133585  -8.532  -71.776  35.191 0.8000000119
133653  -8.238  -70.051  33.862 0.6999999881
133700  -19.053  -81.724  17.363 0.5000000000
133740  -29.903  -92.621  22.248 0.3000000119
133796  -15.694  -85.919  10.881 0.5000000000
134272  -26.369  -92.790  13.412 0.5000000000
134287  -23.854  -86.665  10.340 0.5000000000
134297  -8.714  -74.484  25.442 0.6000000238
134321  -15.236  -83.201  22.298 0.5000000000
134557  -26.128  -89.711  14.444 0.6999999881
134612  -21.143  -87.463  9.772 0.5000000000
134949  -16.991  -83.567  25.407 0.6000000238
