#!ascii label  , from subject sub-v1s2x0051480_ses-1 vox2ras=TkReg
570
10620  -43.565  -80.033  39.072 0.0000000000
9932  -43.424  -81.529  31.570 0.0000000000
14855  -42.020  -75.438  35.429 0.0000000000
12277  -43.786  -77.835  34.822 0.0000000000
14889  -46.785  -75.219  31.429 0.0000000000
15658  -39.557  -74.177  40.037 0.0000000000
20554  -37.099  -70.020  36.307 0.0000000000
23544  -32.097  -66.565  38.410 0.0000000000
111950  -39.777  -73.998  32.909 0.0000000000
14877  -43.780  -75.412  33.644 0.0000000000
15746  -42.419  -73.999  30.765 0.0000000000
18530  -38.666  -71.417  38.851 0.0000000000
20508  -35.937  -69.914  39.255 0.0000000000
124245  -32.591  -63.704  38.260 0.0000000000
23601  -34.388  -66.102  35.857 0.0000000000
8218  -42.477  -83.073  35.755 0.0000000000
11490  -43.356  -79.229  32.444 0.0000000000
11480  -39.175  -78.996  33.073 0.0000000000
9929  -39.890  -81.194  30.800 0.0000000000
114264  -44.107  -75.578  38.757 0.0000000000
10663  -44.771  -79.464  37.217 0.0000000000
124014  -46.624  -76.317  34.559 0.0000000000
12298  -46.333  -77.923  31.128 0.0000000000
16596  -41.276  -73.746  38.774 0.0000000000
17581  -39.016  -72.978  36.077 0.0000000000
18578  -37.376  -71.478  33.873 0.0000000000
20505  -32.839  -69.597  39.540 0.0000000000
132973  -35.133  -68.379  37.425 0.0000000000
21572  -36.144  -68.669  34.350 0.0000000000
20626  -37.859  -69.067  31.796 0.0000000000
10691  -41.290  -80.941  34.857 0.0000000000
13198  -44.158  -78.369  29.268 0.0000000000
9969  -43.404  -81.337  29.539 0.0000000000
10014  -42.548  -81.601  25.588 0.0000000000
129344  -39.445  -73.092  31.977 0.0000000000
16644  -41.230  -74.220  31.908 0.0000000000
8998  -43.008  -81.755  37.885 0.0000000000
10720  -43.818  -80.270  32.176 0.0000000000
10718  -41.896  -79.906  32.053 0.0000000000
115592  -42.360  -82.079  31.537 0.0000000000
8286  -40.973  -83.554  29.825 0.0000000000
112493  -42.274  -82.794  30.392 0.0000000000
14835  -43.181  -75.162  37.585 0.0000000000
112972  -43.807  -75.460  36.250 0.0000000000
14884  -45.258  -75.375  33.003 0.0000000000
14879  -45.911  -75.457  33.738 0.0000000000
14886  -46.848  -75.633  32.852 0.0000000000
13146  -46.484  -76.942  32.790 0.0000000000
14049  -47.079  -75.746  31.677 0.0000000000
15660  -41.701  -74.462  39.330 0.0000000000
16565  -40.572  -73.685  39.636 0.0000000000
19543  -38.198  -70.947  38.079 0.0000000000
17574  -39.128  -72.183  37.712 0.0000000000
18561  -38.254  -72.039  36.088 0.0000000000
124842  -38.224  -72.506  34.942 0.0000000000
18570  -37.473  -71.434  34.933 0.0000000000
134047  -31.995  -68.076  39.196 0.0000000000
21499  -33.882  -68.814  38.950 0.0000000000
22528  -33.796  -67.830  38.062 0.0000000000
134986  -34.986  -65.830  34.774 0.0000000000
22589  -35.145  -67.211  35.218 0.0000000000
22614  -35.830  -67.132  33.710 0.0000000000
21586  -36.375  -68.346  33.242 0.0000000000
11451  -44.567  -79.122  36.115 0.0000000000
10672  -42.909  -80.975  35.558 0.0000000000
11473  -41.837  -79.106  34.945 0.0000000000
9914  -37.248  -80.691  32.409 0.0000000000
14069  -43.101  -77.059  29.403 0.0000000000
11529  -43.744  -79.826  29.557 0.0000000000
10788  -42.200  -81.128  26.682 0.0000000000
15721  -41.092  -75.213  34.282 0.0000000000
14868  -42.443  -75.495  34.667 0.0000000000
15725  -42.180  -75.220  33.168 0.0000000000
15731  -43.373  -75.056  32.274 0.0000000000
15739  -44.926  -75.002  31.455 0.0000000000
17548  -39.017  -72.155  40.085 0.0000000000
19515  -37.254  -70.677  39.493 0.0000000000
20522  -36.838  -69.853  38.011 0.0000000000
121171  -31.715  -65.209  38.681 0.0000000000
23570  -33.266  -66.151  37.198 0.0000000000
25621  -33.128  -64.550  37.314 0.0000000000
25647  -34.704  -64.616  35.458 0.0000000000
25665  -35.748  -64.134  34.437 0.0000000000
12284  -43.047  -77.806  33.501 0.0000000000
12274  -40.957  -78.401  34.012 0.0000000000
12290  -41.222  -78.349  32.896 0.0000000000
10735  -39.375  -80.006  31.276 0.0000000000
10767  -37.902  -80.912  29.727 0.0000000000
9968  -39.109  -82.385  29.048 0.0000000000
8329  -40.035  -83.564  27.684 0.0000000000
8346  -40.144  -82.808  26.699 0.0000000000
126556  -44.497  -77.668  39.498 0.0000000000
10623  -44.552  -79.785  38.174 0.0000000000
12255  -45.808  -77.900  37.241 0.0000000000
12264  -45.743  -78.002  36.115 0.0000000000
113665  -44.932  -75.543  35.184 0.0000000000
14022  -46.894  -75.987  35.082 0.0000000000
12278  -45.360  -77.525  34.608 0.0000000000
12286  -45.014  -77.636  33.467 0.0000000000
11492  -44.911  -79.117  32.059 0.0000000000
10740  -45.006  -80.123  31.429 0.0000000000
13971  -43.526  -76.379  39.413 0.0000000000
15686  -42.485  -74.627  38.843 0.0000000000
15697  -41.771  -74.504  37.619 0.0000000000
17575  -40.214  -72.872  38.602 0.0000000000
16616  -40.411  -73.782  37.207 0.0000000000
15714  -40.479  -74.525  35.664 0.0000000000
16627  -39.235  -73.751  34.548 0.0000000000
16634  -38.553  -72.949  33.232 0.0000000000
18590  -38.260  -71.502  31.932 0.0000000000
133010  -34.425  -69.781  39.498 0.0000000000
20536  -35.708  -69.184  38.108 0.0000000000
21533  -36.160  -68.969  36.851 0.0000000000
22572  -34.450  -67.209  36.582 0.0000000000
132288  -35.560  -68.131  36.073 0.0000000000
19570  -36.729  -69.797  35.430 0.0000000000
19593  -36.648  -70.113  33.907 0.0000000000
19605  -37.320  -70.368  32.505 0.0000000000
9864  -43.358  -81.846  36.468 0.0000000000
9894  -41.896  -82.176  34.883 0.0000000000
10689  -39.739  -79.815  34.052 0.0000000000
9058  -38.242  -81.873  33.465 0.0000000000
129609  -46.897  -76.557  30.567 0.0000000000
11533  -46.268  -78.609  30.185 0.0000000000
9953  -45.012  -80.330  30.527 0.0000000000
10770  -44.927  -80.206  29.652 0.0000000000
128519  -43.585  -81.767  30.344 0.0000000000
9142  -42.695  -82.366  29.222 0.0000000000
9174  -42.045  -82.643  26.755 0.0000000000
135346  -39.478  -72.021  31.231 0.0000000000
16650  -40.104  -73.271  31.621 0.0000000000
9843  -42.921  -81.454  38.231 0.0000000000
9844  -43.468  -80.970  38.232 0.0000000000
9916  -43.962  -80.838  31.864 0.0000000000
9931  -42.926  -81.505  31.855 0.0000000000
130070  -42.870  -82.052  31.502 0.0000000000
9093  -42.457  -82.527  31.032 0.0000000000
9094  -43.108  -82.122  31.204 0.0000000000
129488  -42.384  -75.331  36.130 0.0000000000
118206  -43.714  -75.380  37.063 0.0000000000
14856  -42.980  -75.470  35.546 0.0000000000
15733  -45.613  -75.282  32.176 0.0000000000
14885  -46.294  -75.439  32.950 0.0000000000
129051  -46.872  -75.555  32.078 0.0000000000
14887  -46.964  -75.738  32.532 0.0000000000
14890  -46.927  -75.456  31.592 0.0000000000
15673  -39.293  -74.796  39.844 0.0000000000
124307  -40.248  -74.076  39.821 0.0000000000
16564  -39.882  -73.525  39.976 0.0000000000
19542  -37.454  -70.332  37.350 0.0000000000
19560  -37.977  -71.094  37.041 0.0000000000
19559  -37.517  -70.688  36.438 0.0000000000
18548  -37.766  -71.424  36.027 0.0000000000
19571  -37.197  -70.622  35.463 0.0000000000
22526  -31.388  -66.709  39.002 0.0000000000
116882  -30.916  -67.036  39.554 0.0000000000
22513  -31.330  -67.638  39.388 0.0000000000
22527  -32.122  -67.415  38.729 0.0000000000
114579  -33.008  -67.617  38.381 0.0000000000
22550  -32.615  -67.019  38.171 0.0000000000
24661  -35.437  -65.740  34.222 0.0000000000
23628  -35.635  -66.511  33.922 0.0000000000
22615  -36.241  -67.380  33.216 0.0000000000
23646  -36.673  -66.741  32.717 0.0000000000
12262  -44.191  -78.422  35.485 0.0000000000
11450  -43.801  -79.367  35.761 0.0000000000
12261  -43.253  -78.495  35.240 0.0000000000
10778  -42.415  -79.741  29.356 0.0000000000
10782  -42.168  -81.151  27.953 0.0000000000
10781  -41.706  -80.525  28.267 0.0000000000
15723  -40.588  -74.823  33.844 0.0000000000
15724  -41.278  -74.990  33.333 0.0000000000
15728  -40.492  -74.501  33.100 0.0000000000
16651  -41.762  -74.119  31.387 0.0000000000
15736  -41.848  -74.550  32.075 0.0000000000
15737  -42.707  -74.565  31.588 0.0000000000
15738  -43.847  -74.807  31.531 0.0000000000
15747  -43.368  -74.337  30.791 0.0000000000
117476  -37.435  -70.455  38.507 0.0000000000
19529  -36.691  -70.143  38.934 0.0000000000
25594  -31.658  -64.336  39.103 0.0000000000
25595  -32.139  -64.414  38.463 0.0000000000
24611  -32.729  -65.398  37.585 0.0000000000
25620  -32.594  -64.485  37.849 0.0000000000
25648  -35.274  -64.023  35.100 0.0000000000
8217  -41.852  -83.727  35.394 0.0000000000
12292  -43.746  -78.334  32.794 0.0000000000
12291  -42.119  -78.076  33.202 0.0000000000
11489  -42.178  -78.909  32.501 0.0000000000
10736  -40.511  -80.863  31.293 0.0000000000
11501  -40.178  -79.632  31.737 0.0000000000
9949  -39.340  -81.432  30.265 0.0000000000
9948  -38.785  -81.590  29.684 0.0000000000
8310  -40.670  -83.619  29.046 0.0000000000
8309  -40.176  -83.589  28.525 0.0000000000
113411  -40.352  -83.632  28.129 0.0000000000
9160  -40.110  -83.281  26.939 0.0000000000
8331  -40.745  -83.440  27.723 0.0000000000
13972  -44.404  -76.792  39.278 0.0000000000
13973  -45.125  -77.295  39.101 0.0000000000
12265  -46.046  -77.625  36.566 0.0000000000
13104  -46.461  -77.028  36.186 0.0000000000
14869  -43.371  -75.492  34.568 0.0000000000
14857  -43.986  -75.497  35.324 0.0000000000
14870  -44.348  -75.487  34.466 0.0000000000
14873  -46.874  -75.918  34.417 0.0000000000
13125  -46.707  -76.032  35.040 0.0000000000
13124  -46.525  -76.594  35.361 0.0000000000
12279  -46.229  -77.100  34.755 0.0000000000
12287  -45.800  -77.368  33.678 0.0000000000
13161  -46.337  -77.478  31.799 0.0000000000
12295  -45.958  -77.807  32.248 0.0000000000
11493  -45.466  -78.526  31.924 0.0000000000
11502  -45.336  -79.332  31.563 0.0000000000
11503  -45.898  -78.442  31.496 0.0000000000
15674  -41.724  -74.170  39.070 0.0000000000
15675  -42.281  -74.650  39.130 0.0000000000
15685  -41.854  -74.276  38.513 0.0000000000
15698  -42.537  -74.726  38.135 0.0000000000
16608  -41.182  -74.000  37.986 0.0000000000
18513  -39.204  -71.872  39.357 0.0000000000
17549  -39.670  -72.498  39.617 0.0000000000
18531  -39.149  -71.802  38.592 0.0000000000
118576  -39.267  -72.798  36.936 0.0000000000
122536  -39.847  -73.020  37.682 0.0000000000
16615  -39.631  -73.377  36.621 0.0000000000
16622  -40.014  -73.993  36.128 0.0000000000
16628  -39.820  -74.240  35.108 0.0000000000
16621  -39.380  -73.589  35.593 0.0000000000
120000  -37.785  -72.109  34.455 0.0000000000
17598  -38.272  -72.726  34.191 0.0000000000
18579  -37.849  -72.217  33.464 0.0000000000
17608  -38.202  -72.220  32.551 0.0000000000
18589  -37.557  -71.392  32.734 0.0000000000
20506  -33.806  -69.382  39.346 0.0000000000
21515  -34.232  -68.505  38.436 0.0000000000
21516  -35.056  -68.780  38.150 0.0000000000
20537  -36.223  -69.335  37.663 0.0000000000
21532  -35.659  -68.810  37.497 0.0000000000
23587  -33.848  -65.902  36.478 0.0000000000
22571  -33.831  -66.756  36.889 0.0000000000
133448  -34.242  -66.575  36.342 0.0000000000
119491  -35.484  -67.625  34.941 0.0000000000
21565  -35.561  -67.966  35.454 0.0000000000
21566  -35.942  -68.471  35.155 0.0000000000
21553  -35.995  -68.579  35.969 0.0000000000
20563  -36.318  -69.065  35.279 0.0000000000
20570  -36.484  -69.547  34.544 0.0000000000
21607  -37.291  -68.697  32.155 0.0000000000
20606  -36.748  -69.047  32.763 0.0000000000
20607  -37.257  -69.505  32.319 0.0000000000
20608  -37.829  -69.870  31.894 0.0000000000
10651  -44.466  -80.029  37.545 0.0000000000
9846  -44.198  -80.506  37.896 0.0000000000
9865  -43.852  -80.990  36.792 0.0000000000
10692  -42.183  -81.338  35.167 0.0000000000
134752  -40.436  -82.640  34.352 0.0000000000
9044  -39.846  -81.984  34.254 0.0000000000
11481  -39.858  -78.762  33.318 0.0000000000
11471  -40.238  -78.876  33.968 0.0000000000
11470  -39.553  -79.148  33.554 0.0000000000
9075  -37.344  -81.737  32.758 0.0000000000
9905  -37.756  -80.790  33.095 0.0000000000
14896  -47.294  -75.545  30.275 0.0000000000
14070  -47.042  -76.512  29.636 0.0000000000
11549  -46.244  -78.569  29.596 0.0000000000
11516  -45.827  -79.178  30.631 0.0000000000
11532  -45.864  -79.276  29.995 0.0000000000
126233  -43.909  -80.710  29.702 0.0000000000
11530  -44.548  -80.064  29.468 0.0000000000
10769  -44.288  -80.722  29.934 0.0000000000
118771  -44.112  -81.214  30.277 0.0000000000
9970  -43.802  -81.336  29.970 0.0000000000
9123  -42.871  -82.402  30.060 0.0000000000
125200  -43.281  -81.867  29.707 0.0000000000
10001  -42.577  -81.746  26.478 0.0000000000
9162  -42.535  -82.225  27.115 0.0000000000
9175  -42.461  -82.143  26.206 0.0000000000
16642  -39.791  -73.573  32.268 0.0000000000
16643  -40.468  -74.028  32.218 0.0000000000
119574  -40.942  -73.699  31.438 0.0000000000
16656  -41.511  -73.450  30.655 0.0000000000
26611  -33.043  -63.750  37.657 0.0000000000
27614  -33.641  -62.657  38.042 0.0000000000
8191  -42.673  -82.655  36.951 0.0000000000
10719  -42.920  -80.357  32.132 0.0000000000
10738  -42.193  -81.105  31.871 0.0000000000
9950  -40.862  -82.270  30.877 0.0000000000
112605  -40.101  -82.131  30.395 0.0000000000
9107  -41.308  -83.157  30.397 0.0000000000
8287  -41.325  -83.343  30.070 0.0000000000
8288  -41.633  -83.243  30.001 0.0000000000
14836  -43.986  -75.432  37.969 0.0000000000
14846  -44.503  -75.617  37.073 0.0000000000
14847  -45.481  -75.787  36.767 0.0000000000
14883  -44.392  -75.352  33.108 0.0000000000
14878  -44.826  -75.443  33.726 0.0000000000
14880  -46.739  -75.674  33.690 0.0000000000
14042  -46.970  -75.924  33.274 0.0000000000
13136  -46.755  -76.248  33.676 0.0000000000
13147  -46.866  -76.271  32.877 0.0000000000
117466  -46.735  -76.621  32.071 0.0000000000
13162  -46.951  -76.295  31.444 0.0000000000
16566  -41.181  -73.913  39.373 0.0000000000
16583  -41.165  -73.686  39.158 0.0000000000
18540  -38.729  -71.566  38.155 0.0000000000
123504  -38.474  -71.515  37.565 0.0000000000
18549  -38.369  -71.788  36.834 0.0000000000
17590  -38.701  -73.108  35.024 0.0000000000
18571  -37.954  -72.033  35.361 0.0000000000
21498  -31.496  -68.509  39.530 0.0000000000
128520  -32.345  -68.725  39.341 0.0000000000
113171  -33.208  -68.792  39.184 0.0000000000
21513  -32.715  -68.139  38.946 0.0000000000
21514  -33.489  -68.280  38.679 0.0000000000
21531  -34.531  -68.145  37.734 0.0000000000
24638  -34.663  -65.522  35.299 0.0000000000
22588  -34.645  -66.882  35.877 0.0000000000
23616  -35.213  -66.513  34.614 0.0000000000
22601  -35.534  -67.274  34.410 0.0000000000
22602  -35.932  -67.819  33.912 0.0000000000
22635  -36.753  -67.598  32.602 0.0000000000
22636  -37.352  -67.873  32.092 0.0000000000
11428  -44.671  -79.475  36.712 0.0000000000
10674  -44.079  -80.163  36.375 0.0000000000
10673  -43.521  -80.308  35.828 0.0000000000
122856  -42.034  -80.255  35.177 0.0000000000
124377  -41.330  -79.778  34.820 0.0000000000
11485  -38.455  -79.486  32.662 0.0000000000
12308  -42.784  -78.365  29.635 0.0000000000
12309  -43.542  -78.833  29.544 0.0000000000
12310  -44.342  -79.285  29.321 0.0000000000
10768  -43.097  -80.392  29.466 0.0000000000
9985  -42.958  -81.873  28.784 0.0000000000
10783  -42.641  -81.628  28.072 0.0000000000
10789  -42.488  -81.538  26.875 0.0000000000
14854  -41.142  -75.116  35.306 0.0000000000
14867  -41.701  -75.413  34.725 0.0000000000
14876  -42.785  -75.414  33.825 0.0000000000
15726  -43.058  -75.261  33.017 0.0000000000
131382  -41.783  -74.869  32.686 0.0000000000
15730  -42.473  -74.938  32.444 0.0000000000
119519  -43.790  -75.273  32.867 0.0000000000
15732  -44.431  -75.233  32.323 0.0000000000
17532  -39.433  -72.882  40.134 0.0000000000
18512  -38.526  -71.559  39.701 0.0000000000
18511  -37.772  -71.283  40.031 0.0000000000
19530  -38.032  -70.975  39.141 0.0000000000
24565  -31.213  -65.810  39.159 0.0000000000
24586  -31.667  -66.032  38.627 0.0000000000
23569  -32.664  -66.363  37.824 0.0000000000
24587  -32.178  -65.788  38.190 0.0000000000
24626  -33.802  -65.052  36.403 0.0000000000
122970  -33.453  -63.859  37.176 0.0000000000
24627  -34.251  -65.259  35.926 0.0000000000
24639  -35.181  -64.963  34.718 0.0000000000
24652  -35.815  -64.916  33.988 0.0000000000
12276  -42.810  -77.872  34.456 0.0000000000
120848  -42.180  -77.823  33.849 0.0000000000
12283  -41.437  -78.141  33.656 0.0000000000
12289  -40.354  -78.584  32.793 0.0000000000
11500  -39.378  -79.301  31.910 0.0000000000
10756  -37.606  -80.391  30.589 0.0000000000
9120  -39.778  -83.087  28.988 0.0000000000
9140  -39.505  -82.923  28.275 0.0000000000
9159  -39.537  -82.830  27.403 0.0000000000
130679  -39.476  -82.577  26.658 0.0000000000
9172  -39.992  -82.648  26.182 0.0000000000
12228  -44.358  -78.516  39.517 0.0000000000
119231  -44.034  -79.899  39.121 0.0000000000
120577  -44.944  -78.608  39.136 0.0000000000
12230  -45.335  -78.429  38.532 0.0000000000
11411  -45.484  -78.374  37.847 0.0000000000
12250  -45.924  -77.487  37.640 0.0000000000
11430  -45.291  -78.721  37.311 0.0000000000
12254  -45.554  -78.343  36.776 0.0000000000
11452  -45.132  -78.698  36.426 0.0000000000
12263  -45.117  -78.145  35.655 0.0000000000
115792  -44.698  -75.562  36.075 0.0000000000
14871  -45.374  -75.512  34.453 0.0000000000
14859  -46.438  -75.752  35.479 0.0000000000
12280  -46.226  -77.338  35.764 0.0000000000
117587  -45.783  -77.575  35.433 0.0000000000
123897  -44.583  -77.804  35.024 0.0000000000
13123  -44.434  -77.628  34.236 0.0000000000
12285  -44.105  -77.752  33.435 0.0000000000
12293  -44.599  -78.188  32.645 0.0000000000
12288  -46.038  -77.385  33.003 0.0000000000
12294  -45.371  -77.875  32.596 0.0000000000
11491  -44.242  -79.300  32.326 0.0000000000
10721  -44.393  -80.084  31.997 0.0000000000
10739  -44.453  -80.488  31.652 0.0000000000
132038  -43.689  -77.416  39.584 0.0000000000
14818  -44.146  -75.889  39.042 0.0000000000
14817  -42.303  -75.105  39.352 0.0000000000
14825  -42.911  -75.077  39.015 0.0000000000
119978  -43.305  -75.140  38.639 0.0000000000
14844  -42.307  -75.019  36.999 0.0000000000
15706  -41.581  -74.746  36.821 0.0000000000
17533  -40.151  -73.112  39.715 0.0000000000
17566  -40.272  -72.878  39.258 0.0000000000
16595  -40.795  -73.276  38.993 0.0000000000
132405  -39.734  -72.586  38.227 0.0000000000
16607  -40.643  -73.427  38.278 0.0000000000
128252  -40.580  -74.287  36.477 0.0000000000
115117  -41.062  -74.702  36.251 0.0000000000
15720  -40.447  -74.755  34.684 0.0000000000
16636  -39.854  -74.341  33.933 0.0000000000
127756  -38.716  -73.310  34.089 0.0000000000
121521  -39.232  -73.381  32.682 0.0000000000
17609  -38.842  -72.758  32.298 0.0000000000
17614  -38.650  -72.160  31.903 0.0000000000
20507  -34.586  -69.180  38.963 0.0000000000
20521  -35.435  -69.396  38.741 0.0000000000
116845  -36.152  -69.611  38.468 0.0000000000
112280  -36.765  -69.601  37.057 0.0000000000
22551  -33.279  -67.063  37.636 0.0000000000
22552  -34.113  -67.479  37.309 0.0000000000
22553  -34.846  -67.840  37.006 0.0000000000
21552  -35.113  -67.646  36.136 0.0000000000
127818  -35.528  -68.319  36.717 0.0000000000
20553  -36.530  -69.330  36.156 0.0000000000
19582  -37.026  -70.780  34.382 0.0000000000
19594  -36.968  -70.729  33.347 0.0000000000
20583  -36.448  -69.302  33.603 0.0000000000
20584  -36.732  -69.900  32.990 0.0000000000
19606  -37.938  -70.682  31.958 0.0000000000
19624  -38.642  -70.755  31.466 0.0000000000
9845  -43.851  -80.782  38.065 0.0000000000
9021  -43.610  -81.520  37.210 0.0000000000
8206  -42.845  -82.598  36.402 0.0000000000
9878  -43.537  -81.100  36.170 0.0000000000
128246  -43.148  -81.780  35.903 0.0000000000
9046  -42.112  -83.052  35.090 0.0000000000
9045  -41.605  -82.959  34.704 0.0000000000
11472  -41.040  -78.874  34.484 0.0000000000
10690  -40.594  -79.825  34.501 0.0000000000
9892  -40.255  -80.935  34.431 0.0000000000
10705  -38.891  -79.750  33.484 0.0000000000
9907  -39.327  -80.799  34.003 0.0000000000
15748  -44.375  -74.578  30.783 0.0000000000
119485  -45.287  -74.728  30.777 0.0000000000
15740  -46.095  -74.995  31.293 0.0000000000
15751  -46.991  -75.010  30.886 0.0000000000
126220  -47.136  -75.350  30.968 0.0000000000
14056  -47.189  -75.964  30.874 0.0000000000
12299  -46.585  -77.053  31.070 0.0000000000
13199  -46.676  -77.196  29.774 0.0000000000
12303  -46.475  -77.757  30.396 0.0000000000
11517  -46.151  -78.580  30.837 0.0000000000
120182  -45.737  -79.070  31.123 0.0000000000
9935  -45.086  -80.287  30.973 0.0000000000
9951  -44.268  -81.199  30.966 0.0000000000
134852  -45.106  -79.760  29.150 0.0000000000
11531  -45.439  -79.558  29.492 0.0000000000
9971  -44.577  -80.633  30.263 0.0000000000
9110  -44.157  -81.251  30.594 0.0000000000
9095  -43.692  -81.686  30.975 0.0000000000
9109  -43.013  -82.299  30.712 0.0000000000
9122  -42.201  -82.926  29.671 0.0000000000
8299  -41.531  -83.328  29.218 0.0000000000
9161  -42.075  -82.791  27.683 0.0000000000
8312  -41.446  -83.286  28.224 0.0000000000
8347  -40.800  -83.199  26.963 0.0000000000
8228  -41.576  -83.701  34.813 0.0000000000
8298  -41.100  -83.522  29.588 0.0000000000
8330  -40.134  -83.317  27.240 0.0000000000
8348  -41.405  -83.123  27.251 0.0000000000
8999  -43.487  -81.369  37.772 0.0000000000
9007  -43.106  -82.002  37.385 0.0000000000
9020  -43.154  -82.160  36.895 0.0000000000
9033  -42.927  -82.345  35.966 0.0000000000
9074  -36.760  -81.959  32.192 0.0000000000
9092  -41.766  -82.672  31.057 0.0000000000
9106  -40.624  -83.031  30.139 0.0000000000
9108  -41.741  -83.001  30.483 0.0000000000
9121  -40.407  -83.421  29.364 0.0000000000
9141  -42.142  -82.898  28.710 0.0000000000
9173  -39.902  -82.813  26.601 0.0000000000
9832  -43.947  -80.522  38.433 0.0000000000
9856  -43.801  -80.957  37.626 0.0000000000
9893  -40.900  -82.171  34.591 0.0000000000
9895  -42.633  -82.196  35.408 0.0000000000
9906  -38.508  -80.774  33.551 0.0000000000
9913  -36.855  -81.269  32.173 0.0000000000
9915  -43.461  -81.000  31.954 0.0000000000
9930  -41.537  -81.698  31.456 0.0000000000
9933  -44.089  -81.144  31.405 0.0000000000
9934  -44.558  -80.687  31.224 0.0000000000
9952  -44.586  -80.737  30.765 0.0000000000
9967  -38.316  -81.638  29.039 0.0000000000
10621  -43.795  -80.382  38.728 0.0000000000
10622  -44.254  -79.990  38.709 0.0000000000
10635  -44.176  -80.377  38.291 0.0000000000
10650  -44.039  -80.731  37.341 0.0000000000
10662  -44.381  -80.234  36.995 0.0000000000
10704  -38.183  -80.095  33.125 0.0000000000
10717  -37.748  -80.040  32.564 0.0000000000
10722  -44.843  -79.916  31.781 0.0000000000
10737  -41.204  -80.352  31.738 0.0000000000
10757  -38.494  -80.752  30.317 0.0000000000
10758  -45.450  -79.673  31.072 0.0000000000
10759  -45.426  -79.810  30.532 0.0000000000
10771  -45.258  -80.026  30.050 0.0000000000
11385  -43.874  -79.336  39.413 0.0000000000
11386  -44.387  -79.293  39.160 0.0000000000
11387  -44.763  -79.193  38.678 0.0000000000
11398  -45.033  -79.005  38.204 0.0000000000
11410  -44.917  -79.231  37.721 0.0000000000
11429  -45.096  -78.976  36.929 0.0000000000
11449  -42.804  -79.533  35.417 0.0000000000
11486  -39.148  -79.092  32.500 0.0000000000
11546  -44.968  -79.366  28.924 0.0000000000
12227  -43.393  -78.408  39.543 0.0000000000
12229  -44.973  -78.026  39.408 0.0000000000
12243  -45.675  -77.836  38.100 0.0000000000
12275  -41.733  -78.176  34.373 0.0000000000
12281  -39.693  -78.743  32.892 0.0000000000
12282  -40.557  -78.475  33.404 0.0000000000
13061  -45.913  -77.275  38.070 0.0000000000
13092  -46.489  -76.736  36.665 0.0000000000
13122  -43.630  -77.653  34.095 0.0000000000
13176  -46.717  -77.015  30.254 0.0000000000
13177  -46.881  -76.766  29.922 0.0000000000
13200  -46.830  -76.827  29.431 0.0000000000
14046  -47.056  -76.066  32.365 0.0000000000
14057  -47.170  -76.291  30.147 0.0000000000
14826  -43.602  -75.370  38.989 0.0000000000
14827  -44.670  -76.039  38.714 0.0000000000
14843  -41.717  -75.134  36.161 0.0000000000
14845  -43.040  -75.320  36.566 0.0000000000
14860  -46.862  -75.945  35.201 0.0000000000
14872  -46.431  -75.679  34.589 0.0000000000
14875  -41.863  -75.379  33.961 0.0000000000
14881  -46.913  -75.830  33.546 0.0000000000
14906  -47.328  -75.887  29.624 0.0000000000
15659  -40.951  -74.361  39.628 0.0000000000
15696  -41.066  -74.358  37.080 0.0000000000
15729  -41.177  -74.536  32.534 0.0000000000
15734  -46.527  -75.399  32.114 0.0000000000
15750  -46.710  -74.866  30.823 0.0000000000
16563  -39.065  -73.563  40.303 0.0000000000
16582  -40.717  -73.430  39.366 0.0000000000
16635  -39.193  -73.661  33.538 0.0000000000
17565  -39.707  -72.302  38.815 0.0000000000
17580  -38.736  -72.403  36.558 0.0000000000
17589  -38.473  -72.521  35.678 0.0000000000
17615  -39.268  -72.442  31.619 0.0000000000
19581  -36.786  -70.193  34.747 0.0000000000
21571  -35.738  -67.994  34.697 0.0000000000
21606  -36.864  -68.334  32.527 0.0000000000
23509  -30.625  -66.896  40.208 0.0000000000
23602  -34.770  -66.375  35.237 0.0000000000
24612  -33.379  -65.269  36.942 0.0000000000
24678  -36.567  -66.041  32.951 0.0000000000
25635  -33.617  -64.433  36.769 0.0000000000
26612  -33.607  -63.074  37.428 0.0000000000
112745  -43.227  -75.553  39.211 0.0000000000
116424  -42.428  -78.532  34.950 0.0000000000
117692  -38.999  -81.598  33.857 0.0000000000
118827  -45.357  -77.944  39.011 0.0000000000
126114  -32.247  -65.071  38.123 0.0000000000
127692  -45.783  -75.590  35.102 0.0000000000
130212  -40.082  -78.596  33.095 0.0000000000
131256  -42.882  -78.353  32.852 0.0000000000
132809  -43.037  -77.718  39.589 0.0000000000
133467  -45.101  -75.818  37.394 0.0000000000
133649  -39.677  -72.835  31.580 0.0000000000
134626  -44.015  -78.017  39.649 0.0000000000
135361  -38.779  -82.187  28.503 0.0000000000
