#!ascii label  , from subject sub-v1s2x0051480_ses-1 vox2ras=TkReg
1130
124547  14.773  -35.317  97.688 0.0000000000
41029  5.824  -46.007  80.770 0.0000000000
44698  6.159  -42.903  97.924 0.0000000000
48682  7.103  -37.987  92.165 0.0000000000
51500  7.617  -36.309  83.604 0.0000000000
48624  9.207  -38.520  100.424 0.0000000000
52233  6.487  -35.832  97.433 0.0000000000
49628  17.174  -37.243  97.373 0.0000000000
45734  11.804  -39.776  97.520 0.0000000000
41759  10.062  -45.023  98.028 0.0000000000
52336  3.666  -34.671  88.809 0.0000000000
48740  7.431  -38.087  87.203 0.0000000000
54067  5.505  -32.495  85.836 0.0000000000
40871  3.918  -46.038  93.325 0.0000000000
112212  4.806  -43.945  90.806 0.0000000000
46750  6.282  -40.924  95.988 0.0000000000
124078  4.309  -35.196  93.137 0.0000000000
46863  5.462  -41.335  86.782 0.0000000000
45888  7.671  -41.380  82.015 0.0000000000
48848  4.965  -38.849  78.326 0.0000000000
53310  6.200  -33.675  80.694 0.0000000000
51362  11.315  -37.572  98.276 0.0000000000
52228  9.718  -36.624  97.843 0.0000000000
118641  15.698  -35.459  98.186 0.0000000000
47682  14.565  -37.975  97.477 0.0000000000
49620  13.916  -37.666  97.920 0.0000000000
127100  11.158  -39.728  99.122 0.0000000000
52347  4.104  -34.126  87.128 0.0000000000
127986  5.062  -44.932  95.589 0.0000000000
129188  5.056  -43.654  94.652 0.0000000000
130908  6.437  -41.786  97.373 0.0000000000
53160  7.792  -34.524  94.214 0.0000000000
52270  5.251  -35.088  95.485 0.0000000000
41754  7.412  -44.706  98.483 0.0000000000
39890  7.817  -46.798  96.488 0.0000000000
40850  5.862  -46.172  96.462 0.0000000000
38933  5.195  -46.468  94.360 0.0000000000
46791  6.109  -41.078  92.036 0.0000000000
46831  5.214  -42.419  89.016 0.0000000000
46800  7.836  -40.322  90.599 0.0000000000
114538  6.653  -37.921  85.466 0.0000000000
48749  9.675  -39.178  85.214 0.0000000000
48790  8.650  -38.559  82.756 0.0000000000
46944  7.185  -40.077  79.474 0.0000000000
49753  5.889  -37.682  81.906 0.0000000000
45725  7.177  -40.832  99.671 0.0000000000
47680  6.444  -39.520  98.379 0.0000000000
50506  7.444  -37.131  99.488 0.0000000000
115843  8.354  -35.393  95.567 0.0000000000
48647  18.342  -36.932  96.169 0.0000000000
47719  16.777  -38.370  92.974 0.0000000000
47703  15.742  -38.315  95.455 0.0000000000
130538  13.228  -39.323  95.370 0.0000000000
43674  10.765  -42.823  98.024 0.0000000000
43661  9.518  -42.719  99.601 0.0000000000
130504  4.627  -37.025  90.652 0.0000000000
48701  7.592  -37.911  90.203 0.0000000000
50581  4.468  -36.519  88.135 0.0000000000
51476  5.079  -35.641  86.578 0.0000000000
52367  7.400  -34.523  85.367 0.0000000000
53137  16.070  -33.663  96.405 0.0000000000
51414  19.893  -35.096  92.966 0.0000000000
52277  21.721  -34.461  94.714 0.0000000000
51386  19.153  -35.269  97.436 0.0000000000
53129  17.430  -33.186  97.182 0.0000000000
39954  3.594  -47.528  91.448 0.0000000000
121688  4.329  -46.116  90.410 0.0000000000
42694  3.965  -45.515  92.370 0.0000000000
46769  5.476  -42.137  93.146 0.0000000000
47704  7.059  -39.237  94.812 0.0000000000
125460  6.403  -38.223  97.720 0.0000000000
49644  6.004  -36.927  95.079 0.0000000000
49658  5.008  -36.638  92.552 0.0000000000
51430  3.321  -35.177  91.123 0.0000000000
42731  5.302  -44.964  89.067 0.0000000000
42761  5.595  -44.224  86.463 0.0000000000
43834  4.905  -43.512  84.396 0.0000000000
46825  9.290  -39.689  88.304 0.0000000000
46890  6.748  -40.916  84.859 0.0000000000
44918  4.795  -43.003  81.781 0.0000000000
116639  4.840  -42.440  79.797 0.0000000000
45958  4.481  -41.468  78.129 0.0000000000
54892  7.652  -31.624  84.714 0.0000000000
53286  9.161  -33.310  83.439 0.0000000000
54112  9.479  -32.613  81.343 0.0000000000
51511  7.419  -35.462  81.999 0.0000000000
50656  4.463  -36.497  80.701 0.0000000000
52216  13.297  -36.486  98.114 0.0000000000
52239  12.754  -36.055  97.372 0.0000000000
52253  13.256  -35.731  97.110 0.0000000000
52225  15.188  -35.428  98.009 0.0000000000
51368  14.799  -36.312  98.314 0.0000000000
51369  14.121  -36.086  98.198 0.0000000000
50501  12.881  -37.222  98.164 0.0000000000
40093  5.888  -46.763  79.855 0.0000000000
41950  5.084  -45.622  80.643 0.0000000000
43685  5.150  -44.294  96.870 0.0000000000
44706  5.223  -43.773  96.261 0.0000000000
110558  6.079  -42.698  97.542 0.0000000000
125809  17.698  -37.526  92.033 0.0000000000
43671  6.543  -43.565  98.381 0.0000000000
118511  6.165  -45.318  97.625 0.0000000000
41763  5.668  -45.211  97.256 0.0000000000
131904  5.188  -45.375  95.863 0.0000000000
47720  7.663  -39.596  92.629 0.0000000000
110293  7.411  -40.425  91.337 0.0000000000
117678  7.959  -39.378  91.869 0.0000000000
112091  7.114  -37.645  84.613 0.0000000000
48765  7.642  -38.228  84.208 0.0000000000
48778  7.448  -38.157  83.439 0.0000000000
48805  7.592  -38.425  81.525 0.0000000000
49752  6.543  -37.644  82.605 0.0000000000
46726  7.969  -40.217  100.653 0.0000000000
47671  7.210  -39.245  99.863 0.0000000000
49609  8.282  -38.025  100.021 0.0000000000
52242  8.895  -35.818  96.859 0.0000000000
52281  9.022  -35.139  94.019 0.0000000000
48644  17.461  -37.300  96.989 0.0000000000
47688  17.091  -37.517  96.141 0.0000000000
47686  16.116  -37.603  96.845 0.0000000000
46736  12.845  -38.667  97.371 0.0000000000
117847  13.741  -38.460  96.809 0.0000000000
118987  12.314  -39.478  96.568 0.0000000000
44696  10.815  -41.254  97.701 0.0000000000
47675  10.319  -39.744  100.580 0.0000000000
45720  10.469  -41.152  99.927 0.0000000000
45716  9.586  -41.214  100.728 0.0000000000
45723  8.515  -41.565  100.467 0.0000000000
50561  3.293  -35.939  89.934 0.0000000000
112905  4.184  -36.458  88.945 0.0000000000
51451  3.606  -35.340  88.444 0.0000000000
53263  4.960  -33.216  86.204 0.0000000000
51477  4.389  -34.961  86.969 0.0000000000
52369  5.394  -34.064  86.184 0.0000000000
113907  6.859  -35.171  85.715 0.0000000000
53261  6.903  -33.568  85.380 0.0000000000
51391  19.944  -35.784  96.470 0.0000000000
40889  3.566  -46.637  92.705 0.0000000000
123729  3.799  -45.912  91.869 0.0000000000
117404  3.935  -45.743  93.074 0.0000000000
46751  5.628  -42.026  94.982 0.0000000000
45746  5.209  -43.003  94.244 0.0000000000
46757  5.970  -41.020  94.862 0.0000000000
46767  6.364  -40.697  94.342 0.0000000000
46756  6.712  -39.853  95.178 0.0000000000
49622  6.510  -37.789  98.714 0.0000000000
48643  6.458  -38.806  98.286 0.0000000000
119678  6.224  -37.259  97.725 0.0000000000
52284  4.658  -35.091  94.603 0.0000000000
122087  5.357  -36.270  95.479 0.0000000000
131843  4.680  -35.761  93.958 0.0000000000
114170  5.637  -36.715  94.057 0.0000000000
50544  4.485  -35.992  92.748 0.0000000000
50549  4.068  -35.894  91.896 0.0000000000
52310  4.104  -34.966  92.343 0.0000000000
46763  15.183  -38.742  93.397 0.0000000000
112618  15.481  -38.899  91.686 0.0000000000
41780  10.642  -45.726  96.509 0.0000000000
40870  10.823  -46.523  94.811 0.0000000000
40845  9.948  -46.213  97.004 0.0000000000
38914  6.785  -46.902  95.803 0.0000000000
38921  7.948  -48.022  95.645 0.0000000000
111022  4.615  -46.003  94.415 0.0000000000
39928  4.095  -47.412  93.070 0.0000000000
42711  4.394  -45.062  90.867 0.0000000000
41846  4.825  -45.357  89.719 0.0000000000
122009  4.922  -44.372  89.990 0.0000000000
46847  5.316  -42.016  87.718 0.0000000000
43786  5.310  -43.157  87.088 0.0000000000
44837  5.199  -42.638  86.372 0.0000000000
42774  5.265  -43.933  85.310 0.0000000000
44855  5.042  -42.630  85.575 0.0000000000
48725  7.421  -37.830  88.193 0.0000000000
48699  9.113  -38.685  89.251 0.0000000000
48724  8.612  -38.124  87.808 0.0000000000
46901  9.069  -40.667  83.409 0.0000000000
46875  8.816  -40.626  85.255 0.0000000000
45870  7.363  -41.320  82.971 0.0000000000
45872  5.393  -41.777  83.693 0.0000000000
45889  6.501  -41.645  82.222 0.0000000000
45909  5.118  -42.479  81.381 0.0000000000
45907  6.995  -41.619  81.052 0.0000000000
47847  5.745  -39.183  78.853 0.0000000000
131946  5.372  -40.663  78.905 0.0000000000
46946  5.000  -40.062  78.463 0.0000000000
126640  8.260  -30.521  84.563 0.0000000000
54079  8.590  -32.761  84.126 0.0000000000
54902  9.559  -31.774  83.137 0.0000000000
54933  7.311  -31.626  80.371 0.0000000000
54119  8.320  -32.750  80.564 0.0000000000
53302  8.315  -34.030  81.175 0.0000000000
53309  7.172  -34.116  80.933 0.0000000000
51513  4.990  -35.964  81.544 0.0000000000
52416  5.009  -34.611  80.889 0.0000000000
49612  10.195  -38.051  99.358 0.0000000000
51364  9.549  -37.294  98.749 0.0000000000
52218  10.735  -37.006  97.837 0.0000000000
121701  16.046  -36.790  98.321 0.0000000000
48640  15.698  -37.511  97.662 0.0000000000
49618  15.379  -37.207  98.213 0.0000000000
48636  14.197  -37.812  97.837 0.0000000000
47678  12.870  -38.771  97.998 0.0000000000
126233  11.533  -39.873  98.330 0.0000000000
47672  12.281  -38.643  98.198 0.0000000000
124083  11.426  -38.392  98.985 0.0000000000
116642  4.219  -33.273  87.820 0.0000000000
125376  3.761  -34.724  88.148 0.0000000000
54043  4.279  -32.577  87.441 0.0000000000
54053  4.323  -32.443  86.893 0.0000000000
55783  5.178  -30.807  86.210 0.0000000000
41791  4.772  -45.885  94.635 0.0000000000
42680  4.363  -45.564  93.673 0.0000000000
43702  5.022  -44.365  95.020 0.0000000000
45739  5.500  -43.242  95.957 0.0000000000
46746  6.450  -41.306  96.955 0.0000000000
122145  6.985  -35.227  95.662 0.0000000000
52259  6.084  -35.163  96.100 0.0000000000
53162  6.687  -34.470  94.738 0.0000000000
53163  5.697  -34.390  94.324 0.0000000000
53181  5.187  -34.186  92.979 0.0000000000
130983  4.876  -34.117  92.311 0.0000000000
41752  8.936  -44.595  98.468 0.0000000000
40837  8.752  -45.800  97.565 0.0000000000
130401  7.246  -46.108  97.482 0.0000000000
39885  6.825  -46.458  97.025 0.0000000000
38915  6.107  -46.637  95.801 0.0000000000
38925  5.541  -46.551  94.829 0.0000000000
39894  5.528  -46.102  95.714 0.0000000000
40863  4.910  -45.801  94.972 0.0000000000
45771  5.349  -42.475  91.373 0.0000000000
44787  5.194  -43.457  89.492 0.0000000000
46803  5.380  -41.834  90.235 0.0000000000
110517  6.302  -40.866  89.948 0.0000000000
46828  6.554  -40.793  88.582 0.0000000000
49727  6.447  -37.951  85.972 0.0000000000
48738  8.925  -38.369  86.244 0.0000000000
116581  7.969  -38.246  84.917 0.0000000000
48776  9.353  -38.837  83.847 0.0000000000
128654  9.508  -40.120  82.311 0.0000000000
45906  7.793  -41.086  80.615 0.0000000000
47824  9.022  -39.434  81.027 0.0000000000
48819  7.387  -38.605  80.549 0.0000000000
48821  5.439  -37.985  80.231 0.0000000000
54122  4.958  -32.254  80.343 0.0000000000
114926  4.738  -34.045  80.416 0.0000000000
54130  4.466  -32.753  79.443 0.0000000000
44693  6.797  -42.275  98.888 0.0000000000
44695  6.441  -41.921  98.173 0.0000000000
45726  6.591  -40.645  99.084 0.0000000000
48634  6.735  -38.258  99.253 0.0000000000
51375  7.161  -36.509  98.782 0.0000000000
52220  8.734  -36.545  98.303 0.0000000000
52230  8.309  -36.084  97.789 0.0000000000
52244  7.538  -35.507  96.402 0.0000000000
52269  8.171  -35.198  95.040 0.0000000000
48659  18.069  -37.060  94.571 0.0000000000
47709  17.623  -37.674  92.987 0.0000000000
47701  17.061  -37.926  94.494 0.0000000000
47691  15.059  -38.086  96.773 0.0000000000
114971  14.370  -38.555  95.716 0.0000000000
45744  13.531  -39.717  94.097 0.0000000000
42657  11.362  -43.981  97.224 0.0000000000
42647  10.218  -44.110  98.151 0.0000000000
45727  10.684  -41.022  98.350 0.0000000000
44692  10.122  -42.261  99.237 0.0000000000
42638  9.790  -43.633  98.588 0.0000000000
43669  8.397  -43.405  99.356 0.0000000000
43664  7.382  -42.671  99.321 0.0000000000
119458  5.131  -37.250  91.289 0.0000000000
48691  7.374  -37.984  91.141 0.0000000000
49673  5.292  -37.409  90.495 0.0000000000
111606  5.779  -37.428  88.758 0.0000000000
49706  5.692  -37.249  87.267 0.0000000000
51462  4.137  -35.490  87.458 0.0000000000
50593  4.435  -36.068  87.220 0.0000000000
50606  5.892  -37.094  86.612 0.0000000000
50620  6.313  -37.311  85.913 0.0000000000
51485  7.139  -36.101  85.431 0.0000000000
51495  7.770  -35.852  84.808 0.0000000000
52251  15.196  -34.784  97.182 0.0000000000
50548  19.200  -35.747  92.788 0.0000000000
52288  23.424  -34.460  93.363 0.0000000000
52276  22.287  -34.369  94.830 0.0000000000
127886  22.134  -34.352  93.942 0.0000000000
52290  21.368  -34.453  94.099 0.0000000000
122772  20.164  -35.064  94.671 0.0000000000
49648  18.828  -36.025  94.401 0.0000000000
49626  18.767  -36.635  96.729 0.0000000000
50523  18.439  -36.323  97.401 0.0000000000
125612  18.626  -34.202  97.841 0.0000000000
51378  17.219  -35.353  98.266 0.0000000000
52223  16.320  -34.653  97.960 0.0000000000
53124  16.067  -34.439  97.277 0.0000000000
42703  4.157  -45.223  91.514 0.0000000000
43733  4.492  -44.610  91.417 0.0000000000
44731  4.637  -44.472  93.612 0.0000000000
44750  4.849  -43.524  92.747 0.0000000000
45758  5.103  -42.989  91.791 0.0000000000
46781  5.715  -41.571  92.846 0.0000000000
110532  6.855  -40.381  93.864 0.0000000000
48668  7.186  -38.287  93.725 0.0000000000
46738  6.513  -41.057  98.208 0.0000000000
46742  6.484  -40.057  97.719 0.0000000000
47692  6.491  -39.090  97.543 0.0000000000
50528  5.478  -36.296  96.105 0.0000000000
49635  6.058  -37.102  96.118 0.0000000000
48654  6.428  -37.912  96.099 0.0000000000
48653  6.485  -37.835  95.306 0.0000000000
48669  6.455  -37.531  93.878 0.0000000000
49657  5.659  -37.153  92.842 0.0000000000
49666  4.459  -36.739  91.238 0.0000000000
128549  3.286  -35.839  90.789 0.0000000000
117568  3.509  -34.551  89.728 0.0000000000
52321  4.171  -34.005  90.863 0.0000000000
53202  3.974  -33.972  89.998 0.0000000000
53219  3.982  -34.049  89.085 0.0000000000
39926  10.094  -47.263  93.901 0.0000000000
39898  8.964  -47.254  96.091 0.0000000000
43768  5.316  -43.931  88.993 0.0000000000
42747  5.756  -44.750  87.567 0.0000000000
42823  5.099  -44.391  82.636 0.0000000000
48689  8.795  -39.048  90.100 0.0000000000
47752  8.957  -39.892  89.055 0.0000000000
46844  7.963  -40.623  87.521 0.0000000000
47774  9.666  -39.575  86.618 0.0000000000
46860  8.644  -40.546  86.148 0.0000000000
46877  6.495  -40.890  85.798 0.0000000000
45853  5.325  -41.644  84.650 0.0000000000
43849  4.728  -43.295  83.234 0.0000000000
41924  5.065  -44.695  81.842 0.0000000000
124142  4.603  -44.094  81.079 0.0000000000
45941  5.923  -41.198  79.411 0.0000000000
45942  4.539  -41.930  78.947 0.0000000000
55782  5.928  -30.921  85.629 0.0000000000
55781  6.848  -30.541  85.307 0.0000000000
54878  6.098  -31.844  85.455 0.0000000000
53275  7.358  -32.934  84.975 0.0000000000
52380  8.571  -34.510  84.165 0.0000000000
52391  8.686  -34.714  83.378 0.0000000000
54105  9.677  -32.723  82.089 0.0000000000
52398  8.737  -34.646  82.641 0.0000000000
51505  7.475  -36.056  82.736 0.0000000000
50639  5.751  -37.219  81.926 0.0000000000
49764  5.121  -37.273  81.501 0.0000000000
120623  4.607  -37.238  79.752 0.0000000000
128927  4.464  -36.659  78.765 0.0000000000
124009  13.852  -35.980  98.104 0.0000000000
52226  12.974  -36.296  97.971 0.0000000000
52238  13.814  -35.778  97.852 0.0000000000
114298  14.577  -35.655  98.004 0.0000000000
51380  14.673  -35.927  98.209 0.0000000000
112396  6.862  -46.702  80.606 0.0000000000
41038  5.140  -46.182  80.088 0.0000000000
43677  5.629  -43.637  97.405 0.0000000000
127548  5.241  -43.636  97.053 0.0000000000
111098  5.827  -43.068  97.462 0.0000000000
49655  18.592  -36.358  92.500 0.0000000000
48673  18.102  -36.957  92.208 0.0000000000
43676  6.052  -43.616  97.842 0.0000000000
42649  6.181  -44.504  97.865 0.0000000000
42650  5.491  -44.522  97.274 0.0000000000
48674  7.688  -38.807  92.480 0.0000000000
48681  7.897  -38.642  91.630 0.0000000000
50633  7.176  -37.443  83.916 0.0000000000
49735  7.089  -38.020  84.085 0.0000000000
49743  6.926  -37.878  83.443 0.0000000000
123342  6.914  -37.933  82.982 0.0000000000
50637  7.052  -37.175  83.211 0.0000000000
47669  8.378  -39.151  100.708 0.0000000000
119610  7.961  -38.740  100.372 0.0000000000
49608  8.763  -38.165  100.148 0.0000000000
48649  16.885  -37.438  96.795 0.0000000000
48645  16.673  -37.405  97.174 0.0000000000
46737  12.217  -39.089  97.748 0.0000000000
46741  12.605  -38.990  96.849 0.0000000000
114709  11.673  -40.030  96.932 0.0000000000
45735  11.261  -40.727  97.336 0.0000000000
47667  9.740  -39.143  100.747 0.0000000000
46723  10.075  -40.545  100.734 0.0000000000
47668  9.010  -39.696  100.967 0.0000000000
46725  8.595  -40.416  100.913 0.0000000000
51440  3.350  -35.276  89.372 0.0000000000
50572  3.581  -35.933  89.074 0.0000000000
53262  5.880  -33.341  85.784 0.0000000000
41803  3.605  -46.243  93.042 0.0000000000
41809  3.487  -46.131  92.675 0.0000000000
41804  3.590  -45.975  93.044 0.0000000000
46749  6.499  -40.095  95.772 0.0000000000
50520  6.440  -36.857  98.341 0.0000000000
49625  6.423  -37.690  98.291 0.0000000000
51384  6.127  -36.580  97.630 0.0000000000
52299  4.561  -34.896  93.890 0.0000000000
51411  4.503  -35.392  93.908 0.0000000000
124806  4.461  -35.691  93.268 0.0000000000
51416  4.159  -35.522  92.458 0.0000000000
41768  10.333  -45.361  97.284 0.0000000000
38924  6.497  -47.216  95.275 0.0000000000
38923  7.036  -47.469  95.323 0.0000000000
129626  3.960  -46.270  93.311 0.0000000000
110755  4.302  -46.579  93.497 0.0000000000
40880  3.828  -46.722  93.065 0.0000000000
39941  3.757  -47.335  92.707 0.0000000000
43742  4.655  -44.510  90.768 0.0000000000
111115  4.635  -44.621  90.639 0.0000000000
114266  4.836  -44.366  90.341 0.0000000000
46864  5.318  -41.787  86.882 0.0000000000
45813  5.332  -42.347  87.156 0.0000000000
45827  5.299  -42.101  86.515 0.0000000000
45839  5.222  -42.024  85.891 0.0000000000
45826  5.353  -41.648  86.236 0.0000000000
45869  8.400  -41.076  82.759 0.0000000000
46902  8.212  -41.022  83.677 0.0000000000
45908  5.699  -42.087  81.461 0.0000000000
56698  8.695  -29.847  84.561 0.0000000000
55794  8.982  -30.571  84.043 0.0000000000
54903  8.999  -31.445  83.765 0.0000000000
55804  9.605  -30.933  83.357 0.0000000000
111375  6.612  -32.245  80.400 0.0000000000
111965  7.624  -32.321  80.411 0.0000000000
54120  7.141  -33.093  80.531 0.0000000000
52415  5.890  -34.422  80.987 0.0000000000
53311  5.274  -33.796  80.676 0.0000000000
116560  11.032  -37.830  98.578 0.0000000000
51363  10.396  -37.498  98.431 0.0000000000
117288  10.884  -37.288  97.956 0.0000000000
111048  12.141  -36.123  96.763 0.0000000000
50519  15.921  -36.095  98.393 0.0000000000
126541  15.513  -36.625  98.420 0.0000000000
50510  14.360  -36.923  98.111 0.0000000000
49619  14.699  -37.354  98.050 0.0000000000
47677  13.538  -38.141  97.802 0.0000000000
48637  13.549  -38.198  98.083 0.0000000000
48627  12.845  -38.081  98.095 0.0000000000
50512  12.166  -37.424  98.246 0.0000000000
50502  12.113  -37.988  98.701 0.0000000000
49611  11.284  -38.090  98.950 0.0000000000
116258  10.707  -38.508  99.501 0.0000000000
54868  4.380  -31.623  87.110 0.0000000000
55784  4.699  -31.446  86.567 0.0000000000
130136  4.801  -30.700  86.513 0.0000000000
110178  5.024  -45.307  95.091 0.0000000000
42673  4.935  -44.900  94.954 0.0000000000
44714  5.741  -42.984  96.880 0.0000000000
45738  6.211  -42.385  96.781 0.0000000000
45742  6.027  -42.265  95.915 0.0000000000
53150  7.080  -34.874  95.067 0.0000000000
53151  6.507  -34.799  95.371 0.0000000000
53161  7.232  -34.445  94.452 0.0000000000
53172  6.755  -34.170  93.984 0.0000000000
130381  5.503  -34.291  93.666 0.0000000000
113542  5.949  -33.748  92.825 0.0000000000
125316  5.391  -33.799  92.285 0.0000000000
41753  8.124  -44.721  98.550 0.0000000000
41761  8.419  -45.298  98.060 0.0000000000
41762  7.486  -45.443  98.056 0.0000000000
40840  5.878  -45.784  97.150 0.0000000000
40839  6.606  -45.864  97.574 0.0000000000
40849  6.188  -46.262  96.881 0.0000000000
39892  6.520  -46.543  96.378 0.0000000000
39893  5.717  -46.183  95.935 0.0000000000
38916  5.635  -46.268  95.429 0.0000000000
130874  4.912  -45.041  96.032 0.0000000000
114304  5.251  -45.505  95.578 0.0000000000
41781  5.097  -45.586  95.088 0.0000000000
126572  4.507  -46.054  94.715 0.0000000000
46792  5.681  -41.709  91.921 0.0000000000
118793  5.497  -42.063  90.999 0.0000000000
111792  5.782  -41.491  91.163 0.0000000000
46801  6.872  -40.705  90.569 0.0000000000
46815  7.160  -40.624  89.771 0.0000000000
110868  6.138  -40.875  89.225 0.0000000000
132173  6.868  -40.679  89.145 0.0000000000
48751  7.116  -38.186  85.438 0.0000000000
133278  8.151  -38.271  85.583 0.0000000000
48777  8.669  -38.488  83.615 0.0000000000
48789  9.376  -38.943  83.126 0.0000000000
47814  9.566  -39.617  82.694 0.0000000000
48803  9.313  -39.088  82.340 0.0000000000
47823  9.395  -39.670  81.732 0.0000000000
48804  8.785  -38.815  81.693 0.0000000000
48792  6.670  -38.042  82.304 0.0000000000
48806  6.452  -38.159  81.416 0.0000000000
48820  6.356  -38.336  80.365 0.0000000000
48807  5.533  -37.837  81.195 0.0000000000
112575  5.637  -32.033  80.377 0.0000000000
54936  4.717  -31.655  80.024 0.0000000000
54123  4.665  -32.527  79.999 0.0000000000
54941  4.495  -31.952  79.589 0.0000000000
45729  6.704  -41.466  99.027 0.0000000000
49616  7.291  -37.618  99.615 0.0000000000
121743  7.019  -38.499  99.633 0.0000000000
50507  6.942  -37.328  99.396 0.0000000000
122195  6.787  -37.221  99.186 0.0000000000
50514  7.003  -36.951  99.209 0.0000000000
52219  9.543  -36.906  98.293 0.0000000000
51372  9.155  -36.942  98.613 0.0000000000
52243  8.245  -35.778  97.085 0.0000000000
52231  7.788  -35.794  97.401 0.0000000000
52257  8.230  -35.541  96.219 0.0000000000
53139  7.649  -35.270  95.480 0.0000000000
48651  18.291  -36.992  95.459 0.0000000000
47693  17.698  -37.398  94.982 0.0000000000
47689  16.315  -37.785  96.269 0.0000000000
47695  16.627  -37.943  95.448 0.0000000000
47681  15.352  -37.650  97.456 0.0000000000
47687  15.480  -37.855  96.786 0.0000000000
124062  14.888  -38.109  96.909 0.0000000000
121591  13.555  -38.851  95.819 0.0000000000
46744  14.084  -38.477  96.383 0.0000000000
45740  13.795  -39.063  94.999 0.0000000000
45741  12.880  -39.973  94.832 0.0000000000
124543  11.948  -41.676  95.005 0.0000000000
43684  11.238  -42.886  97.364 0.0000000000
42646  11.034  -43.705  97.954 0.0000000000
46728  11.111  -40.069  98.851 0.0000000000
113024  11.058  -40.364  98.471 0.0000000000
45728  10.595  -40.905  99.127 0.0000000000
44686  9.927  -42.188  99.886 0.0000000000
44685  10.293  -41.693  99.588 0.0000000000
43660  9.797  -42.620  99.382 0.0000000000
43666  9.966  -42.897  98.869 0.0000000000
43667  9.607  -43.184  99.096 0.0000000000
43668  9.119  -43.366  99.273 0.0000000000
43662  8.922  -42.827  99.762 0.0000000000
45724  7.798  -41.320  100.147 0.0000000000
44689  7.947  -42.098  99.961 0.0000000000
44690  7.257  -41.789  99.524 0.0000000000
49692  4.922  -36.957  88.846 0.0000000000
49691  5.266  -36.985  88.031 0.0000000000
51463  3.939  -34.380  87.676 0.0000000000
122475  3.858  -35.071  87.861 0.0000000000
114726  4.033  -34.814  87.459 0.0000000000
50608  4.474  -35.778  86.984 0.0000000000
50607  5.006  -36.370  86.842 0.0000000000
132297  5.282  -36.798  86.988 0.0000000000
50621  5.800  -36.425  86.318 0.0000000000
116738  7.566  -35.321  85.249 0.0000000000
52381  8.105  -34.975  84.802 0.0000000000
53138  15.539  -34.275  96.633 0.0000000000
52291  20.866  -34.537  92.845 0.0000000000
51421  20.160  -34.929  92.081 0.0000000000
52248  21.861  -34.100  95.761 0.0000000000
110681  22.371  -34.207  95.246 0.0000000000
52289  22.659  -34.327  94.093 0.0000000000
51402  20.324  -35.083  95.253 0.0000000000
50536  19.679  -35.547  94.986 0.0000000000
51385  20.085  -35.241  97.023 0.0000000000
50527  19.436  -36.258  96.336 0.0000000000
50522  19.437  -36.063  96.899 0.0000000000
52236  18.412  -33.033  97.554 0.0000000000
53121  17.615  -33.786  97.855 0.0000000000
131002  17.686  -34.590  98.094 0.0000000000
52222  16.980  -34.539  98.170 0.0000000000
53122  16.877  -33.918  97.573 0.0000000000
111663  16.524  -33.405  96.635 0.0000000000
118615  16.415  -33.908  96.931 0.0000000000
53131  16.031  -34.214  96.949 0.0000000000
119188  3.670  -47.919  90.729 0.0000000000
39967  3.850  -47.178  90.749 0.0000000000
41820  3.887  -45.494  92.081 0.0000000000
42704  4.202  -45.180  91.773 0.0000000000
126262  4.826  -44.437  94.482 0.0000000000
111833  4.475  -45.236  93.743 0.0000000000
45749  5.200  -42.851  93.375 0.0000000000
44741  4.859  -43.650  93.491 0.0000000000
131949  4.869  -43.447  92.136 0.0000000000
119434  5.177  -42.842  92.583 0.0000000000
46782  5.463  -42.268  92.275 0.0000000000
46766  6.911  -39.936  94.550 0.0000000000
47713  7.275  -39.327  94.118 0.0000000000
46734  6.467  -40.354  98.584 0.0000000000
45731  6.533  -41.140  98.330 0.0000000000
46735  6.483  -40.351  98.318 0.0000000000
122921  6.413  -38.098  97.923 0.0000000000
115446  6.425  -38.945  97.912 0.0000000000
52260  5.637  -35.277  95.916 0.0000000000
51392  5.496  -35.798  96.360 0.0000000000
52261  5.284  -35.580  95.718 0.0000000000
49636  5.561  -36.497  95.260 0.0000000000
49651  5.029  -36.386  93.231 0.0000000000
49650  5.592  -36.869  93.473 0.0000000000
49665  5.025  -36.925  91.959 0.0000000000
49667  4.447  -36.450  91.841 0.0000000000
129343  3.491  -35.699  91.384 0.0000000000
123209  3.129  -35.187  90.292 0.0000000000
120416  3.562  -34.519  90.641 0.0000000000
53191  4.658  -33.989  91.716 0.0000000000
47710  17.210  -38.067  93.393 0.0000000000
47718  17.208  -38.111  92.440 0.0000000000
46776  16.568  -38.428  92.457 0.0000000000
40861  10.231  -46.757  95.439 0.0000000000
39905  10.194  -47.124  94.658 0.0000000000
40847  8.231  -46.389  97.078 0.0000000000
39889  8.593  -46.949  96.699 0.0000000000
110872  3.592  -48.185  91.292 0.0000000000
40938  4.943  -46.177  89.026 0.0000000000
40954  5.155  -46.624  88.230 0.0000000000
41860  5.483  -45.437  88.406 0.0000000000
45794  5.150  -42.864  89.564 0.0000000000
44799  5.379  -43.364  88.598 0.0000000000
120201  5.207  -43.215  86.739 0.0000000000
43785  5.432  -43.599  87.724 0.0000000000
42762  5.370  -43.796  87.130 0.0000000000
41870  6.022  -45.174  86.842 0.0000000000
41879  5.922  -44.657  85.806 0.0000000000
42787  5.206  -44.072  84.278 0.0000000000
41890  5.856  -44.652  84.127 0.0000000000
41905  5.694  -44.738  83.080 0.0000000000
42804  5.151  -44.211  83.443 0.0000000000
48690  8.205  -38.535  90.718 0.0000000000
48700  8.459  -38.340  89.787 0.0000000000
125975  9.475  -38.986  88.725 0.0000000000
47742  9.183  -39.313  89.236 0.0000000000
46826  8.408  -40.388  88.447 0.0000000000
127050  8.801  -40.289  87.735 0.0000000000
48737  9.661  -38.923  85.927 0.0000000000
124749  9.499  -38.780  86.656 0.0000000000
47785  9.716  -39.715  85.561 0.0000000000
46889  7.995  -40.910  84.605 0.0000000000
46876  7.745  -40.769  85.542 0.0000000000
46891  5.700  -41.144  85.169 0.0000000000
45852  5.902  -41.206  84.243 0.0000000000
45891  5.054  -42.317  83.144 0.0000000000
44888  4.813  -42.744  83.429 0.0000000000
44903  4.788  -42.830  82.736 0.0000000000
42824  4.788  -44.163  82.263 0.0000000000
43859  4.684  -43.537  82.509 0.0000000000
42842  4.782  -44.433  81.491 0.0000000000
43872  4.635  -43.822  81.725 0.0000000000
44935  4.911  -42.771  80.745 0.0000000000
44949  4.452  -42.590  79.137 0.0000000000
45923  7.571  -40.643  79.950 0.0000000000
45924  6.919  -41.265  80.092 0.0000000000
45940  6.808  -40.719  79.578 0.0000000000
46947  4.852  -41.131  78.736 0.0000000000
113798  4.591  -41.776  77.523 0.0000000000
113348  6.967  -29.750  85.607 0.0000000000
54893  6.812  -31.315  85.142 0.0000000000
54081  6.996  -32.117  85.039 0.0000000000
53273  8.661  -33.620  84.177 0.0000000000
54931  9.218  -31.562  80.683 0.0000000000
55821  9.983  -30.907  81.583 0.0000000000
54104  10.046  -31.522  81.960 0.0000000000
121896  9.842  -32.024  82.432 0.0000000000
52406  7.769  -34.763  81.569 0.0000000000
52405  8.615  -34.468  81.870 0.0000000000
51504  8.173  -35.172  82.308 0.0000000000
50638  6.476  -36.845  82.485 0.0000000000
51506  6.589  -35.976  82.066 0.0000000000
50646  5.156  -36.733  81.658 0.0000000000
50647  4.726  -36.581  81.324 0.0000000000
49765  4.633  -37.038  81.078 0.0000000000
49776  4.536  -37.111  80.487 0.0000000000
52426  4.410  -34.969  79.920 0.0000000000
51370  12.124  -37.106  98.094 0.0000000000
52217  12.017  -36.895  97.819 0.0000000000
128809  12.790  -35.558  96.305 0.0000000000
118630  15.102  -35.854  98.274 0.0000000000
51367  15.309  -36.178  98.408 0.0000000000
116840  14.302  -36.352  98.195 0.0000000000
50511  13.779  -36.894  98.068 0.0000000000
114422  13.399  -37.445  98.049 0.0000000000
127176  13.817  -36.432  98.145 0.0000000000
122474  13.143  -36.876  98.147 0.0000000000
41046  4.734  -46.290  79.484 0.0000000000
114941  4.819  -45.830  80.095 0.0000000000
42660  5.063  -44.860  96.116 0.0000000000
130634  5.045  -44.626  95.918 0.0000000000
43686  5.091  -44.157  96.404 0.0000000000
44705  5.359  -43.346  96.958 0.0000000000
45736  6.394  -41.916  97.560 0.0000000000
42642  6.930  -44.219  98.509 0.0000000000
122930  6.755  -45.049  98.115 0.0000000000
40841  5.682  -45.736  96.938 0.0000000000
126564  5.344  -45.552  96.172 0.0000000000
41764  5.314  -45.220  96.736 0.0000000000
42659  5.165  -44.870  96.657 0.0000000000
121033  7.364  -40.224  92.635 0.0000000000
46790  6.996  -40.585  92.081 0.0000000000
46789  7.710  -40.049  92.019 0.0000000000
125569  8.129  -39.858  91.301 0.0000000000
49726  7.050  -38.060  84.853 0.0000000000
48791  7.612  -38.274  82.496 0.0000000000
45719  7.738  -40.658  100.313 0.0000000000
46727  7.448  -40.038  100.114 0.0000000000
47670  7.780  -39.383  100.463 0.0000000000
48632  7.773  -38.148  99.980 0.0000000000
49615  7.879  -37.606  99.759 0.0000000000
112764  9.467  -36.153  97.342 0.0000000000
52256  8.991  -35.555  96.100 0.0000000000
52268  9.037  -35.402  95.335 0.0000000000
125773  8.616  -35.163  94.648 0.0000000000
119630  9.507  -35.383  94.721 0.0000000000
48648  17.664  -37.251  96.525 0.0000000000
48652  17.777  -37.290  95.848 0.0000000000
47690  15.509  -38.059  96.384 0.0000000000
46740  13.872  -38.379  97.050 0.0000000000
46739  14.450  -38.249  96.906 0.0000000000
121386  13.144  -38.824  96.495 0.0000000000
46745  12.645  -39.558  95.817 0.0000000000
44703  11.060  -41.859  97.108 0.0000000000
44704  10.757  -42.187  97.592 0.0000000000
47674  10.879  -39.619  99.801 0.0000000000
46729  10.789  -40.375  99.691 0.0000000000
110213  10.453  -40.733  100.262 0.0000000000
45721  10.096  -41.218  100.421 0.0000000000
110601  9.725  -41.731  100.378 0.0000000000
44687  9.410  -42.254  100.129 0.0000000000
45722  9.221  -41.706  100.546 0.0000000000
45718  8.244  -40.903  100.646 0.0000000000
50553  3.923  -36.489  90.474 0.0000000000
49681  4.556  -36.958  89.794 0.0000000000
50571  3.841  -36.398  89.632 0.0000000000
50582  3.946  -35.946  88.332 0.0000000000
53250  4.360  -33.243  86.741 0.0000000000
52359  4.599  -34.016  86.635 0.0000000000
52358  5.003  -34.739  86.525 0.0000000000
51487  5.854  -35.049  86.220 0.0000000000
130958  5.735  -35.761  86.278 0.0000000000
52368  6.386  -34.249  85.797 0.0000000000
52263  21.505  -34.488  95.346 0.0000000000
50526  19.991  -35.769  96.028 0.0000000000
52234  20.577  -34.294  96.982 0.0000000000
53130  16.791  -33.409  96.873 0.0000000000
112945  3.594  -47.113  92.164 0.0000000000
40902  3.684  -46.761  91.568 0.0000000000
118617  3.542  -46.505  92.251 0.0000000000
41810  3.625  -45.789  92.569 0.0000000000
45743  5.353  -43.004  95.133 0.0000000000
44730  4.871  -43.836  94.120 0.0000000000
46758  5.537  -42.079  94.045 0.0000000000
46768  5.827  -41.431  93.761 0.0000000000
48638  6.555  -38.120  98.885 0.0000000000
128245  6.444  -39.216  98.248 0.0000000000
114996  6.484  -38.199  98.463 0.0000000000
130916  6.196  -37.319  97.466 0.0000000000
122699  4.948  -34.918  95.113 0.0000000000
52271  4.919  -35.344  95.177 0.0000000000
51403  4.748  -35.640  94.610 0.0000000000
50530  5.056  -36.085  94.631 0.0000000000
49645  5.335  -36.382  94.271 0.0000000000
50537  4.831  -36.055  93.625 0.0000000000
49659  4.572  -36.264  92.383 0.0000000000
51423  3.717  -35.315  91.760 0.0000000000
52322  3.883  -34.602  91.552 0.0000000000
110294  15.972  -38.544  92.978 0.0000000000
119258  15.996  -38.626  92.121 0.0000000000
46777  15.164  -38.886  92.392 0.0000000000
41779  11.368  -45.218  96.019 0.0000000000
40855  10.157  -46.431  96.198 0.0000000000
40862  9.679  -46.964  95.963 0.0000000000
39900  7.561  -47.090  95.960 0.0000000000
39918  4.795  -46.513  93.870 0.0000000000
41834  4.485  -45.487  90.358 0.0000000000
111207  4.556  -46.201  89.785 0.0000000000
42720  4.687  -44.895  90.251 0.0000000000
42732  5.095  -44.551  89.543 0.0000000000
128171  5.310  -42.428  88.355 0.0000000000
45814  5.397  -42.698  87.965 0.0000000000
44838  5.304  -42.617  86.872 0.0000000000
113794  5.186  -43.500  86.148 0.0000000000
119496  5.041  -43.017  86.031 0.0000000000
43819  4.950  -43.234  85.345 0.0000000000
44872  4.843  -42.817  84.736 0.0000000000
48711  7.634  -37.834  89.242 0.0000000000
48710  8.528  -38.149  88.829 0.0000000000
48709  9.213  -38.513  88.439 0.0000000000
48708  9.586  -38.952  88.050 0.0000000000
46887  9.502  -40.221  84.043 0.0000000000
46874  9.463  -40.231  84.966 0.0000000000
46888  8.969  -40.676  84.334 0.0000000000
45851  7.047  -41.089  83.926 0.0000000000
45871  6.150  -41.419  83.283 0.0000000000
45890  5.516  -41.955  82.687 0.0000000000
114486  5.064  -42.378  82.217 0.0000000000
45926  5.299  -42.329  80.529 0.0000000000
47846  6.694  -39.384  79.343 0.0000000000
46945  6.107  -40.197  79.091 0.0000000000
121890  4.549  -40.630  77.996 0.0000000000
55795  8.309  -31.160  84.352 0.0000000000
54891  8.413  -31.937  84.195 0.0000000000
54093  9.074  -32.312  83.586 0.0000000000
54932  8.440  -31.798  80.439 0.0000000000
54118  9.131  -32.332  80.740 0.0000000000
53308  8.931  -33.269  80.957 0.0000000000
110377  8.057  -33.486  80.735 0.0000000000
52407  6.585  -35.108  81.486 0.0000000000
51512  5.782  -35.740  81.701 0.0000000000
52408  5.417  -35.188  81.304 0.0000000000
52409  4.827  -35.316  81.072 0.0000000000
51514  4.589  -35.845  80.943 0.0000000000
48631  9.961  -38.499  100.132 0.0000000000
49613  9.311  -38.084  99.911 0.0000000000
51371  9.948  -37.187  98.353 0.0000000000
112765  10.743  -36.790  97.607 0.0000000000
52227  11.832  -36.739  97.609 0.0000000000
52241  10.289  -36.325  97.278 0.0000000000
124409  16.814  -36.869  97.944 0.0000000000
48639  16.388  -37.382  97.563 0.0000000000
49623  16.023  -37.151  98.099 0.0000000000
49624  15.516  -37.302  98.138 0.0000000000
48641  15.064  -37.633  97.713 0.0000000000
50509  15.014  -36.775  98.359 0.0000000000
48635  14.887  -37.551  97.879 0.0000000000
48642  14.363  -37.832  97.745 0.0000000000
47683  13.716  -38.195  97.661 0.0000000000
47684  12.880  -38.435  97.784 0.0000000000
45732  11.513  -40.209  97.997 0.0000000000
46733  12.006  -39.227  98.031 0.0000000000
47679  11.707  -39.317  98.398 0.0000000000
47673  11.464  -39.135  98.889 0.0000000000
48628  11.730  -38.454  98.796 0.0000000000
48629  11.149  -38.877  99.393 0.0000000000
48630  10.519  -39.023  100.169 0.0000000000
53231  4.014  -34.043  88.149 0.0000000000
53239  4.132  -33.446  87.367 0.0000000000
54068  4.764  -32.394  86.355 0.0000000000
54879  5.327  -31.637  86.001 0.0000000000
41799  4.312  -45.861  93.643 0.0000000000
115920  3.933  -45.931  93.340 0.0000000000
42674  4.704  -45.291  94.395 0.0000000000
43703  4.759  -44.880  94.444 0.0000000000
43694  5.037  -44.489  95.752 0.0000000000
110080  5.084  -44.067  95.699 0.0000000000
44723  5.095  -43.903  95.221 0.0000000000
53132  6.914  -35.397  96.201 0.0000000000
52246  6.245  -35.460  96.680 0.0000000000
128778  6.605  -35.150  95.749 0.0000000000
53140  6.277  -34.962  95.717 0.0000000000
53152  6.009  -34.653  95.437 0.0000000000
112527  6.333  -34.296  94.361 0.0000000000
118516  5.672  -34.538  95.020 0.0000000000
52283  5.018  -34.673  94.655 0.0000000000
53174  4.973  -34.507  93.791 0.0000000000
52298  4.507  -34.690  93.072 0.0000000000
52309  4.433  -34.417  92.329 0.0000000000
41760  9.246  -45.145  98.042 0.0000000000
41769  9.579  -45.679  97.555 0.0000000000
40838  7.917  -45.928  97.526 0.0000000000
40848  7.479  -46.477  97.029 0.0000000000
39891  7.165  -46.731  96.346 0.0000000000
126238  6.123  -47.115  95.203 0.0000000000
125782  5.437  -46.104  95.177 0.0000000000
40857  5.017  -45.906  95.133 0.0000000000
39908  5.074  -45.960  94.737 0.0000000000
41798  4.450  -46.056  93.945 0.0000000000
110701  5.028  -43.232  90.955 0.0000000000
44772  5.040  -43.403  90.193 0.0000000000
45784  5.185  -42.608  90.389 0.0000000000
46818  5.176  -42.352  89.680 0.0000000000
110461  6.438  -40.887  91.292 0.0000000000
46816  5.579  -41.251  89.715 0.0000000000
46817  5.198  -41.878  89.342 0.0000000000
112577  5.420  -41.362  89.028 0.0000000000
46829  5.658  -41.170  88.414 0.0000000000
46845  6.042  -40.954  87.620 0.0000000000
125557  6.401  -37.934  86.728 0.0000000000
120784  8.390  -38.234  86.933 0.0000000000
48739  7.454  -38.210  86.239 0.0000000000
48750  9.147  -38.542  85.254 0.0000000000
48764  8.892  -38.483  84.377 0.0000000000
48763  9.519  -39.008  84.513 0.0000000000
47805  9.630  -39.528  83.708 0.0000000000
46900  9.509  -40.171  83.096 0.0000000000
45887  8.564  -40.977  81.902 0.0000000000
131098  7.967  -41.243  81.310 0.0000000000
46923  8.585  -40.751  81.120 0.0000000000
46933  8.358  -40.396  80.433 0.0000000000
46943  7.929  -39.916  79.901 0.0000000000
48818  8.388  -38.950  80.769 0.0000000000
47836  7.898  -39.204  80.087 0.0000000000
47845  7.414  -39.477  79.683 0.0000000000
48833  7.101  -38.864  79.759 0.0000000000
48834  6.180  -38.634  79.490 0.0000000000
48835  5.368  -38.265  79.203 0.0000000000
54121  5.713  -32.896  80.474 0.0000000000
130779  4.864  -33.151  80.361 0.0000000000
130582  4.407  -32.129  79.215 0.0000000000
41028  6.789  -46.204  81.294 0.0000000000
116489  6.434  -42.834  98.335 0.0000000000
44694  6.519  -42.052  98.393 0.0000000000
45730  6.552  -41.250  98.530 0.0000000000
123016  6.473  -39.666  98.945 0.0000000000
46731  6.902  -39.970  99.511 0.0000000000
47676  6.737  -39.176  99.285 0.0000000000
123606  6.511  -38.877  98.782 0.0000000000
49621  6.648  -37.754  99.107 0.0000000000
50515  6.642  -37.292  99.023 0.0000000000
51382  6.865  -36.232  98.163 0.0000000000
50504  8.673  -37.253  99.405 0.0000000000
51365  8.485  -36.940  99.236 0.0000000000
51366  7.980  -36.720  99.175 0.0000000000
52229  8.861  -36.194  97.614 0.0000000000
51374  7.639  -36.390  98.776 0.0000000000
51381  7.331  -36.131  98.280 0.0000000000
52232  7.010  -35.801  97.614 0.0000000000
52245  6.741  -35.532  96.755 0.0000000000
53149  7.659  -34.866  94.810 0.0000000000
110982  18.301  -36.669  94.215 0.0000000000
123558  17.897  -37.240  92.767 0.0000000000
48667  17.913  -37.140  93.611 0.0000000000
47700  17.575  -37.530  93.984 0.0000000000
47711  16.540  -38.345  93.699 0.0000000000
47694  17.268  -37.602  95.425 0.0000000000
46762  15.736  -38.534  93.898 0.0000000000
46754  14.680  -38.872  94.038 0.0000000000
48646  15.987  -37.502  97.307 0.0000000000
46743  14.749  -38.353  96.298 0.0000000000
46747  14.980  -38.450  95.654 0.0000000000
46748  14.536  -38.689  94.963 0.0000000000
110243  14.171  -39.128  94.314 0.0000000000
46755  14.040  -39.431  93.511 0.0000000000
44728  12.150  -41.076  94.458 0.0000000000
42666  11.646  -44.290  96.395 0.0000000000
41767  11.179  -44.967  96.900 0.0000000000
42658  10.744  -44.557  97.655 0.0000000000
44697  10.514  -41.960  98.193 0.0000000000
44691  10.413  -41.778  98.922 0.0000000000
43665  10.326  -42.514  98.594 0.0000000000
43675  10.343  -43.279  98.322 0.0000000000
42648  9.600  -44.406  98.335 0.0000000000
42640  8.633  -44.070  98.993 0.0000000000
42641  7.743  -44.038  99.011 0.0000000000
133100  7.750  -43.276  99.295 0.0000000000
43670  7.165  -43.441  98.905 0.0000000000
49672  6.171  -37.622  91.297 0.0000000000
113174  6.412  -37.674  90.390 0.0000000000
117179  5.500  -37.439  89.603 0.0000000000
49680  6.592  -37.664  89.491 0.0000000000
118140  6.698  -37.660  88.731 0.0000000000
49690  6.175  -37.507  88.039 0.0000000000
49705  6.540  -37.806  87.440 0.0000000000
130713  3.908  -35.566  87.939 0.0000000000
112824  4.224  -36.022  87.704 0.0000000000
50592  4.798  -36.584  87.361 0.0000000000
51486  6.348  -35.859  85.982 0.0000000000
114431  6.506  -36.644  85.811 0.0000000000
50619  6.845  -37.258  85.292 0.0000000000
132277  7.343  -36.695  84.914 0.0000000000
50630  7.534  -36.563  84.327 0.0000000000
52252  14.318  -35.347  97.203 0.0000000000
53147  15.315  -34.079  95.987 0.0000000000
125870  18.845  -36.022  93.363 0.0000000000
52275  23.148  -34.312  93.967 0.0000000000
132689  21.126  -34.460  93.542 0.0000000000
51410  20.499  -34.744  93.902 0.0000000000
51409  20.817  -34.666  94.772 0.0000000000
125402  19.535  -35.405  93.930 0.0000000000
49643  18.611  -36.574  95.055 0.0000000000
49629  19.407  -36.196  95.947 0.0000000000
49630  18.846  -36.604  96.271 0.0000000000
49631  18.223  -37.000  96.654 0.0000000000
49627  17.995  -37.031  97.122 0.0000000000
50517  17.608  -36.878  97.552 0.0000000000
122629  20.106  -33.444  97.407 0.0000000000
52235  19.756  -34.284  97.447 0.0000000000
117805  19.331  -33.473  97.654 0.0000000000
51377  18.123  -35.338  97.889 0.0000000000
117208  17.503  -36.233  97.972 0.0000000000
50518  16.645  -36.151  98.298 0.0000000000
51379  16.438  -35.356  98.292 0.0000000000
53123  16.393  -34.212  97.321 0.0000000000
52224  15.827  -34.820  97.731 0.0000000000
52237  15.417  -34.940  97.583 0.0000000000
40911  4.033  -46.388  90.903 0.0000000000
41827  4.186  -45.617  90.984 0.0000000000
42712  4.408  -44.824  91.172 0.0000000000
43714  4.293  -45.160  92.916 0.0000000000
44742  4.561  -44.322  92.816 0.0000000000
43723  4.336  -44.946  92.157 0.0000000000
44751  4.577  -44.121  92.095 0.0000000000
44759  4.765  -43.768  91.493 0.0000000000
112528  5.939  -41.250  92.649 0.0000000000
112619  6.132  -41.063  93.428 0.0000000000
46780  6.702  -40.717  92.919 0.0000000000
46779  7.369  -39.952  93.322 0.0000000000
47712  7.529  -39.031  93.276 0.0000000000
48675  7.270  -38.343  92.976 0.0000000000
125560  6.222  -42.460  97.858 0.0000000000
45733  6.411  -41.911  98.069 0.0000000000
47685  6.446  -39.821  98.196 0.0000000000
127072  6.511  -41.057  97.809 0.0000000000
129787  6.505  -40.165  97.048 0.0000000000
47698  6.599  -39.318  96.603 0.0000000000
51388  5.777  -36.090  97.089 0.0000000000
50524  5.925  -36.799  96.924 0.0000000000
49632  6.162  -37.379  96.936 0.0000000000
49633  5.776  -36.679  96.004 0.0000000000
48650  6.370  -38.086  96.997 0.0000000000
47697  6.771  -38.933  95.819 0.0000000000
47696  6.868  -38.686  95.180 0.0000000000
48661  6.601  -37.863  94.745 0.0000000000
120822  6.117  -37.171  94.431 0.0000000000
48660  7.005  -38.439  94.514 0.0000000000
49656  6.616  -37.744  93.014 0.0000000000
113846  5.877  -37.440  92.128 0.0000000000
50554  3.864  -36.182  91.267 0.0000000000
53230  4.260  -33.436  88.478 0.0000000000
112282  13.762  -35.340  96.575 0.0000000000
47726  17.245  -37.983  91.497 0.0000000000
40846  9.047  -46.314  97.123 0.0000000000
40856  9.368  -46.684  96.548 0.0000000000
39917  8.820  -47.909  94.774 0.0000000000
40939  4.531  -47.061  89.148 0.0000000000
43754  5.145  -43.968  89.649 0.0000000000
43767  5.380  -44.107  88.694 0.0000000000
117170  5.478  -43.449  87.994 0.0000000000
42748  5.516  -44.340  88.200 0.0000000000
40953  5.690  -45.883  87.688 0.0000000000
40968  5.852  -46.274  86.906 0.0000000000
114183  5.674  -44.428  84.918 0.0000000000
41923  5.536  -44.966  82.189 0.0000000000
47727  8.342  -39.194  91.065 0.0000000000
47734  8.457  -39.698  90.503 0.0000000000
46813  8.745  -39.738  89.701 0.0000000000
46814  8.150  -40.259  89.848 0.0000000000
46827  7.601  -40.567  89.029 0.0000000000
110565  7.260  -40.708  88.081 0.0000000000
127964  6.977  -40.762  87.291 0.0000000000
48723  9.146  -38.443  87.139 0.0000000000
48722  9.574  -38.906  87.323 0.0000000000
47762  9.574  -39.431  87.542 0.0000000000
46859  9.377  -40.213  85.870 0.0000000000
114619  9.244  -40.219  86.605 0.0000000000
46843  8.646  -40.458  86.992 0.0000000000
46861  7.528  -40.716  86.568 0.0000000000
46862  6.181  -40.911  86.673 0.0000000000
46878  5.556  -41.241  86.022 0.0000000000
45838  5.333  -41.603  85.534 0.0000000000
45854  5.132  -42.151  85.084 0.0000000000
121736  4.729  -43.046  83.921 0.0000000000
45873  5.031  -42.352  84.100 0.0000000000
124469  4.830  -43.549  83.655 0.0000000000
42805  4.782  -43.907  83.079 0.0000000000
41938  5.363  -45.302  81.356 0.0000000000
41939  4.949  -45.024  81.085 0.0000000000
110739  4.721  -45.266  80.360 0.0000000000
42860  4.655  -44.602  80.708 0.0000000000
45925  6.026  -41.840  80.264 0.0000000000
113015  5.153  -41.844  79.584 0.0000000000
113130  6.205  -30.237  85.713 0.0000000000
54066  6.405  -32.691  85.378 0.0000000000
53274  8.012  -33.890  84.884 0.0000000000
54080  7.855  -32.391  84.630 0.0000000000
51499  8.202  -35.496  84.010 0.0000000000
54092  9.542  -32.612  82.900 0.0000000000
53294  9.409  -33.383  82.550 0.0000000000
53300  9.352  -33.352  81.719 0.0000000000
52397  9.125  -34.009  82.208 0.0000000000
52390  9.126  -34.090  82.966 0.0000000000
114057  8.264  -35.397  83.108 0.0000000000
50645  5.702  -36.466  81.911 0.0000000000
49775  4.883  -37.507  80.888 0.0000000000
48822  4.882  -37.617  80.021 0.0000000000
48836  4.936  -37.772  79.030 0.0000000000
52417  4.633  -34.995  80.478 0.0000000000
50666  4.395  -36.627  79.795 0.0000000000
41770  5.165  -45.227  96.138 0.0000000000
41771  5.099  -45.354  95.825 0.0000000000
41937  6.137  -45.578  81.695 0.0000000000
42639  9.327  -43.910  98.811 0.0000000000
42667  4.833  -45.186  95.740 0.0000000000
42788  4.944  -43.834  83.716 0.0000000000
43663  8.162  -42.799  99.719 0.0000000000
44688  8.713  -42.247  100.174 0.0000000000
44816  5.376  -42.960  87.534 0.0000000000
45717  8.933  -41.117  100.818 0.0000000000
45802  5.274  -42.897  88.798 0.0000000000
46724  9.368  -40.541  100.995 0.0000000000
46730  10.571  -40.226  100.302 0.0000000000
46732  6.531  -39.963  99.085 0.0000000000
46797  16.721  -38.423  90.943 0.0000000000
46802  5.922  -41.107  90.498 0.0000000000
46830  5.236  -41.858  88.472 0.0000000000
46842  9.336  -40.022  87.320 0.0000000000
46846  5.360  -41.521  87.608 0.0000000000
46910  9.187  -40.358  81.703 0.0000000000
46911  9.142  -40.583  82.521 0.0000000000
46922  9.053  -40.054  80.977 0.0000000000
47796  9.717  -39.706  84.694 0.0000000000
47835  8.547  -39.654  80.491 0.0000000000
48625  8.469  -38.498  100.390 0.0000000000
48626  7.468  -38.636  100.039 0.0000000000
48633  7.170  -38.071  99.701 0.0000000000
49610  11.941  -38.071  98.898 0.0000000000
49614  8.586  -37.682  99.781 0.0000000000
49617  6.891  -37.721  99.438 0.0000000000
50503  9.276  -37.571  99.327 0.0000000000
50505  8.147  -37.192  99.531 0.0000000000
50508  6.762  -37.433  99.266 0.0000000000
50513  7.408  -36.713  99.130 0.0000000000
50516  6.441  -37.457  98.507 0.0000000000
50521  6.317  -37.141  98.147 0.0000000000
50525  5.587  -36.271  96.671 0.0000000000
51373  8.595  -36.710  98.890 0.0000000000
51376  6.736  -36.817  98.710 0.0000000000
51383  6.439  -36.411  97.898 0.0000000000
51387  5.993  -35.947  97.246 0.0000000000
51395  5.096  -35.914  95.406 0.0000000000
52221  7.920  -36.155  98.209 0.0000000000
52247  5.811  -35.589  96.569 0.0000000000
52258  6.494  -35.283  96.098 0.0000000000
53141  5.870  -34.888  95.705 0.0000000000
53153  5.464  -34.748  95.336 0.0000000000
53301  8.941  -33.855  81.540 0.0000000000
54921  9.658  -31.731  81.218 0.0000000000
110230  8.467  -40.213  89.249 0.0000000000
112987  6.167  -34.460  94.969 0.0000000000
115356  6.016  -36.721  97.336 0.0000000000
117429  9.933  -37.709  99.016 0.0000000000
118072  4.964  -43.975  90.205 0.0000000000
120263  8.931  -34.098  83.616 0.0000000000
121138  9.775  -39.937  100.972 0.0000000000
121338  10.135  -41.644  100.087 0.0000000000
121672  7.249  -35.612  96.981 0.0000000000
122318  8.962  -38.958  100.715 0.0000000000
123413  8.113  -33.102  84.565 0.0000000000
123834  6.465  -38.751  98.433 0.0000000000
124326  8.289  -39.780  100.811 0.0000000000
124877  9.312  -38.536  87.773 0.0000000000
125016  8.930  -37.079  99.027 0.0000000000
126922  5.275  -35.991  96.085 0.0000000000
128477  9.816  -32.143  81.764 0.0000000000
129264  6.005  -46.340  96.314 0.0000000000
129629  7.472  -35.869  97.727 0.0000000000
131302  6.822  -42.935  98.768 0.0000000000
131421  6.932  -38.069  99.535 0.0000000000
131514  5.568  -34.953  95.615 0.0000000000
132095  8.175  -36.453  98.726 0.0000000000
132523  5.445  -43.735  88.333 0.0000000000
