#!ascii label  , from subject sub-v1s2x0051480_ses-1 vox2ras=TkReg
1705
24690  33.860  -64.428  22.622 0.6000000238
113844  34.604  -64.233  21.977 0.5000000000
26672  34.009  -61.790  23.560 0.6999999881
26673  33.291  -62.288  23.976 0.6000000238
26657  32.533  -62.626  24.221 0.6000000238
27612  32.520  -61.887  24.526 0.6000000238
125438  34.482  -62.772  22.574 0.6999999881
26684  33.903  -62.588  23.241 0.6000000238
25662  33.106  -63.179  23.680 0.5000000000
25663  32.513  -63.825  23.837 0.5000000000
25650  32.084  -63.237  24.177 0.5000000000
26658  31.580  -62.404  24.506 0.6000000238
131183  34.216  -63.889  22.400 0.5000000000
115892  33.178  -64.073  23.329 0.6000000238
27613  30.871  -61.804  24.602 0.6000000238
24705  35.285  -64.409  21.315 0.5000000000
25701  35.927  -63.899  20.907 0.5000000000
29529  33.824  -59.961  24.823 0.6000000238
29513  33.105  -59.698  25.310 0.6999999881
28577  35.005  -60.598  23.332 0.6000000238
28578  34.191  -61.031  23.819 0.6999999881
28559  33.628  -60.688  24.515 0.6000000238
28545  33.126  -60.307  24.991 0.6000000238
110585  32.637  -60.958  24.876 0.6000000238
27643  34.544  -62.000  22.882 0.6000000238
122389  31.656  -61.421  24.821 0.6000000238
26694  34.978  -62.923  22.095 0.5000000000
27642  35.269  -61.342  22.624 0.5000000000
110711  30.951  -60.903  24.777 0.6000000238
25688  35.268  -63.519  21.643 0.5000000000
27614  30.399  -61.465  24.382 0.6000000238
25687  36.068  -63.085  21.151 0.5000000000
27629  30.006  -61.213  23.924 0.6000000238
28579  30.207  -60.259  23.728 0.6999999881
27630  29.719  -61.746  23.405 0.6000000238
28591  30.136  -60.309  22.633 0.6999999881
27645  29.737  -61.559  22.725 0.6000000238
27644  29.990  -61.042  22.271 0.6000000238
27657  30.292  -61.248  21.382 0.6000000238
29606  33.238  -59.722  17.669 0.5000000000
29614  33.664  -59.285  17.099 0.6999999881
29605  33.583  -59.344  17.265 0.6000000238
30562  33.326  -58.566  16.831 0.8000000119
29619  32.884  -60.061  16.857 0.6999999881
29512  33.928  -59.158  25.296 0.6000000238
30463  32.973  -58.989  25.680 0.6999999881
29546  35.131  -59.774  23.753 0.6999999881
113743  34.436  -60.285  24.144 0.6999999881
29528  34.603  -59.509  24.496 0.6000000238
28546  32.433  -60.159  25.229 0.6999999881
29514  32.339  -59.487  25.497 0.6999999881
112927  35.530  -59.922  23.140 0.6000000238
29545  35.715  -59.235  23.338 0.6000000238
29515  31.681  -59.322  25.351 0.8000000119
28589  36.370  -60.105  22.102 0.5000000000
28590  35.731  -60.422  22.664 0.5000000000
29530  31.152  -59.210  25.007 0.8000000119
28561  31.220  -59.963  25.007 0.6000000238
27641  36.084  -60.961  22.061 0.5000000000
29531  30.736  -59.536  24.570 0.8000000119
28562  30.620  -60.224  24.518 0.6000000238
125872  36.683  -62.700  20.655 0.5000000000
29547  30.408  -59.280  23.849 0.8000000119
30490  30.572  -58.410  23.598 0.8000000119
131435  30.458  -59.824  24.198 0.6999999881
30517  30.621  -58.900  22.300 0.6999999881
128277  30.454  -58.851  23.100 0.6999999881
29571  31.016  -59.092  21.328 0.6999999881
29581  31.529  -59.450  20.388 0.6000000238
29582  30.933  -59.945  21.026 0.6000000238
28608  30.405  -60.480  21.658 0.6000000238
30540  32.088  -59.026  19.728 0.6999999881
28619  31.475  -60.290  20.114 0.6999999881
30549  33.115  -58.198  18.484 0.6999999881
28628  32.662  -60.207  18.399 0.6000000238
30558  33.672  -58.865  17.260 0.8000000119
30548  33.354  -58.935  17.999 0.8000000119
31537  33.700  -58.182  17.163 0.8999999762
30559  32.509  -58.697  16.776 0.6999999881
32556  33.983  -57.261  16.981 0.8000000119
130264  32.761  -59.389  16.796 0.6999999881
31442  33.675  -57.816  26.005 0.6000000238
31424  33.134  -57.194  26.227 0.6999999881
30462  34.296  -58.317  25.502 0.6000000238
32428  32.976  -56.405  26.325 0.6000000238
31466  36.262  -57.506  23.649 0.4000000060
29527  35.295  -59.008  24.055 0.6000000238
30477  34.813  -58.737  24.805 0.6000000238
30448  32.815  -58.146  25.969 0.6999999881
30489  35.900  -58.363  23.627 0.6000000238
118262  32.064  -58.120  25.751 0.8000000119
29558  36.695  -59.174  22.016 0.4000000060
29559  36.073  -59.603  22.695 0.5000000000
31443  31.649  -57.600  25.408 0.8000000119
119240  36.827  -59.849  21.498 0.5000000000
31455  31.069  -57.762  24.704 0.8000000119
28607  36.676  -60.571  21.443 0.4000000060
28618  37.170  -60.984  20.672 0.5000000000
31483  31.027  -57.508  22.447 0.8000000119
32508  31.645  -56.817  21.368 0.8000000119
30516  31.088  -58.152  21.732 0.6999999881
30503  30.703  -58.226  22.745 0.8000000119
31504  32.163  -57.853  19.998 0.8000000119
31494  31.612  -57.598  20.994 0.6999999881
32520  32.468  -56.353  20.016 0.8999999762
31517  32.706  -57.821  19.133 0.8999999762
30526  31.616  -58.506  20.592 0.6999999881
30539  32.585  -58.518  19.153 0.6000000238
32548  33.850  -57.524  17.499 0.8999999762
31528  33.593  -58.236  17.741 0.8999999762
32557  32.687  -56.583  16.673 0.8000000119
122313  31.446  -56.968  17.230 0.8000000119
32560  33.450  -57.225  16.686 0.8000000119
31539  31.845  -57.796  16.873 0.8000000119
117461  34.175  -56.718  16.644 0.8000000119
31542  32.890  -57.926  16.711 0.6999999881
31423  33.964  -57.065  26.238 0.6999999881
32427  33.668  -56.417  26.434 0.6000000238
31441  34.497  -57.571  25.774 0.6000000238
32447  34.678  -56.953  26.009 0.5000000000
31453  36.071  -57.074  24.329 0.4000000060
31454  35.601  -57.358  24.834 0.5000000000
30461  35.139  -57.942  25.054 0.6000000238
132256  32.539  -56.851  26.074 0.6999999881
32493  36.728  -57.167  23.055 0.5000000000
32449  31.923  -56.782  25.598 0.6999999881
32492  37.262  -56.874  22.410 0.5000000000
29544  36.291  -58.755  22.837 0.6000000238
31493  37.658  -57.752  20.921 0.4000000060
31481  37.243  -57.623  21.881 0.4000000060
33436  31.488  -55.518  23.861 0.8000000119
32464  31.304  -56.279  24.339 0.8000000119
30514  37.568  -58.528  20.730 0.4000000060
31468  31.107  -56.922  23.000 0.8000000119
32479  31.271  -56.246  23.442 0.8000000119
31456  30.705  -57.875  24.042 0.8000000119
28606  37.192  -60.152  20.799 0.3000000119
124562  32.100  -55.578  21.260 0.8000000119
33454  31.996  -55.131  21.853 0.8000000119
126336  31.393  -56.288  22.650 0.8000000119
116293  32.390  -54.964  21.039 0.8000000119
33455  31.694  -56.025  21.862 0.8000000119
34401  32.769  -54.961  20.154 0.8999999762
34409  33.393  -55.142  19.275 0.8999999762
32537  33.082  -56.567  19.020 0.8999999762
124889  33.851  -54.662  18.969 0.8999999762
33476  33.672  -55.978  18.637 0.8999999762
32536  33.934  -56.859  18.030 0.8999999762
33510  32.460  -55.837  16.816 0.8000000119
32558  31.851  -56.323  17.039 0.8000000119
33496  34.564  -56.214  17.519 0.8999999762
111712  34.273  -56.887  17.251 0.8999999762
33515  33.520  -56.391  16.538 0.8000000119
33509  34.615  -56.340  16.754 0.8000000119
33392  35.020  -55.760  26.569 0.6000000238
32426  34.424  -56.384  26.413 0.6000000238
34331  34.555  -54.503  27.106 0.6000000238
33408  35.659  -55.826  25.941 0.6000000238
33435  36.959  -56.013  23.842 0.4000000060
32462  36.365  -56.284  24.578 0.4000000060
32463  35.761  -56.776  25.075 0.4000000060
32425  35.251  -56.471  25.904 0.5000000000
127434  32.683  -55.557  26.114 0.6999999881
32478  36.571  -56.751  23.740 0.4000000060
33409  31.987  -55.965  25.511 0.6999999881
119974  37.484  -56.181  22.679 0.5000000000
32477  37.088  -56.472  23.156 0.4000000060
33427  31.619  -55.670  24.757 0.6999999881
32491  37.814  -56.214  22.058 0.5000000000
34373  32.087  -54.120  24.086 0.8000000119
34366  31.776  -54.895  24.395 0.8000000119
35245  32.481  -53.698  22.260 0.8000000119
33445  31.609  -55.468  22.799 0.8000000119
35256  32.817  -53.565  21.365 0.8000000119
34400  33.295  -54.363  19.803 0.8999999762
33466  32.421  -55.612  20.520 0.8999999762
35269  33.947  -53.945  19.243 0.8999999762
34408  34.252  -55.406  18.380 0.8999999762
33495  35.028  -55.562  17.544 1.0000000000
34433  33.362  -55.388  16.548 0.8000000119
34422  35.592  -55.216  17.043 1.0000000000
33508  35.244  -55.792  16.769 1.0000000000
33513  35.227  -55.774  16.312 0.8000000119
34432  34.700  -55.365  16.149 0.8000000119
33393  34.180  -55.519  26.764 0.6000000238
35195  34.087  -53.730  27.091 0.6000000238
33391  35.758  -55.121  26.397 0.6000000238
33425  36.808  -55.573  24.482 0.4000000060
34364  37.019  -54.869  24.820 0.4000000060
33407  36.322  -55.511  25.341 0.4000000060
33434  37.439  -55.733  23.213 0.4000000060
34350  32.502  -54.644  25.694 0.6999999881
116273  38.395  -54.762  22.476 0.5000000000
34382  37.884  -54.929  23.146 0.4000000060
34365  32.181  -54.403  24.910 0.8000000119
110720  32.229  -53.871  23.185 0.8000000119
36070  32.584  -52.742  24.751 0.8000000119
36091  32.821  -52.983  21.960 0.8000000119
34383  32.066  -54.530  22.532 0.8000000119
35255  33.243  -52.733  21.213 0.8000000119
34392  32.415  -54.352  21.641 0.8000000119
35263  32.798  -54.255  20.736 0.8999999762
36104  34.056  -53.075  19.533 0.8999999762
35268  34.763  -53.680  18.604 1.0000000000
35280  35.660  -54.359  17.504 1.0000000000
115818  32.243  -55.048  17.081 0.8000000119
35286  36.076  -54.678  16.413 1.0000000000
34425  36.092  -54.703  15.952 0.8000000119
34426  35.653  -55.284  16.276 0.8000000119
34329  36.076  -54.232  26.715 0.6000000238
111084  35.044  -55.006  26.993 0.6000000238
34316  34.772  -53.799  27.363 0.6000000238
35196  33.357  -53.940  26.511 0.6999999881
36042  33.426  -53.006  26.539 0.6999999881
34349  36.575  -54.584  25.744 0.5000000000
130265  32.961  -53.434  26.082 0.8000000119
36055  33.161  -52.230  26.123 0.8000000119
33424  37.375  -55.130  23.932 0.4000000060
35212  32.641  -53.441  25.440 0.8000000119
35244  38.963  -52.962  22.724 0.4000000060
35234  38.347  -53.246  23.498 0.4000000060
35236  32.391  -53.277  23.887 0.8000000119
111300  32.622  -52.916  22.878 0.8000000119
36095  33.733  -52.508  20.353 0.8999999762
36918  34.274  -50.892  20.901 0.8000000119
36103  34.739  -52.769  18.937 1.0000000000
36959  35.522  -52.483  18.450 1.0000000000
121966  34.735  -51.960  19.323 1.0000000000
36114  35.639  -53.428  18.004 1.0000000000
36119  36.692  -53.507  16.295 1.0000000000
35292  34.871  -54.365  15.938 0.8999999762
34428  32.498  -54.328  17.079 0.8000000119
35287  33.607  -53.313  16.513 0.8999999762
35291  36.362  -54.020  15.878 1.0000000000
36125  35.631  -53.046  15.833 1.0000000000
36126  34.486  -53.113  16.069 1.0000000000
36967  37.443  -52.231  16.342 1.0000000000
36966  37.916  -51.693  16.403 1.0000000000
36973  37.311  -52.180  15.986 1.0000000000
37903  38.719  -50.770  16.691 1.0000000000
36972  38.028  -51.753  15.860 1.0000000000
35170  35.263  -53.349  27.542 0.6999999881
35171  34.644  -53.134  27.473 0.6999999881
36826  34.888  -51.720  27.864 0.6999999881
36041  36.556  -52.897  27.180 0.6000000238
35169  35.842  -52.758  27.681 0.6000000238
35172  34.065  -52.868  27.134 0.6999999881
35211  36.864  -53.728  26.037 0.6000000238
34348  37.333  -53.905  25.056 0.5000000000
110578  33.280  -51.428  26.034 0.8000000119
35225  38.294  -52.548  24.119 0.4000000060
36872  32.863  -51.965  25.368 0.8000000119
36885  32.774  -51.775  24.402 0.8000000119
36899  32.908  -51.674  23.516 0.8000000119
36087  33.185  -52.097  22.122 0.8000000119
115706  32.886  -52.151  23.018 0.8000000119
36919  33.662  -51.850  21.065 0.6999999881
130406  33.671  -51.320  21.661 0.8000000119
36933  34.198  -51.761  20.209 0.8999999762
36949  34.787  -51.199  19.827 0.8999999762
129872  34.965  -50.569  20.233 1.0000000000
37887  35.475  -50.794  19.479 1.0000000000
37886  36.078  -50.317  19.311 1.0000000000
36958  36.315  -52.229  17.866 1.0000000000
110597  36.711  -50.572  18.558 1.0000000000
38880  38.099  -50.095  17.819 1.0000000000
37894  38.029  -51.053  17.118 1.0000000000
36975  35.240  -52.069  15.997 1.0000000000
36120  33.549  -52.457  16.680 1.0000000000
36974  36.476  -52.611  15.842 1.0000000000
37911  36.583  -51.673  15.749 1.0000000000
37910  37.642  -51.397  15.632 1.0000000000
37908  39.092  -51.116  15.735 1.0000000000
37909  38.594  -51.335  15.505 1.0000000000
36015  35.140  -52.556  27.781 0.6999999881
36827  34.246  -51.441  27.297 0.6999999881
36040  37.219  -52.190  26.817 0.5000000000
125414  33.751  -51.151  26.668 0.6999999881
132253  36.508  -53.502  26.773 0.6000000238
35210  37.466  -53.016  25.474 0.5000000000
35193  37.100  -52.955  26.388 0.5000000000
36871  33.017  -50.952  25.073 0.8000000119
36884  33.023  -51.017  23.995 0.6999999881
37840  33.411  -50.447  23.523 0.8000000119
36907  33.455  -51.219  22.383 0.8000000119
36898  33.226  -51.082  23.147 0.8000000119
116994  34.443  -50.062  21.572 0.6999999881
37862  33.888  -50.645  21.908 0.6999999881
38861  34.938  -50.037  20.816 0.8999999762
39817  35.559  -48.621  21.458 0.8000000119
40771  35.851  -47.756  21.801 0.8000000119
40770  36.387  -47.335  21.371 0.8000000119
38860  35.606  -49.371  20.672 0.8999999762
39835  36.015  -48.701  20.757 0.8000000119
39816  36.184  -48.085  21.094 0.8000000119
110420  35.986  -49.683  19.894 1.0000000000
40786  36.699  -47.676  20.674 0.8999999762
41692  36.845  -46.916  20.883 0.8000000119
38859  36.283  -49.111  20.134 0.8999999762
39845  36.890  -48.827  19.633 1.0000000000
38881  37.371  -50.372  18.221 1.0000000000
37895  37.309  -51.388  17.463 1.0000000000
38879  38.828  -49.822  17.331 1.0000000000
38897  36.504  -50.720  15.866 1.0000000000
39853  38.807  -48.756  17.828 1.0000000000
38889  39.446  -50.513  16.205 1.0000000000
38895  38.084  -50.837  15.344 1.0000000000
39862  39.547  -49.526  16.696 1.0000000000
39861  40.367  -49.215  16.013 1.0000000000
38893  40.051  -50.166  15.139 1.0000000000
125527  36.467  -51.411  27.921 0.6999999881
132061  35.264  -51.147  28.123 0.6999999881
37772  34.682  -50.848  27.763 0.6999999881
36824  37.241  -51.336  27.318 0.6000000238
37793  34.105  -50.537  27.080 0.6999999881
36851  37.798  -51.412  26.284 0.5000000000
37794  33.566  -50.321  26.035 0.6999999881
116194  37.631  -52.148  25.800 0.5000000000
37812  33.414  -50.148  25.076 0.6999999881
126627  33.609  -49.898  23.842 0.6999999881
38813  33.703  -49.589  24.538 0.6999999881
38827  33.779  -49.870  23.140 0.6999999881
37848  34.069  -49.954  22.344 0.6999999881
38847  35.011  -49.414  21.455 0.6999999881
111508  34.536  -49.491  22.041 0.6999999881
39799  35.353  -48.166  22.322 0.8000000119
41672  35.786  -46.659  22.760 0.8000000119
41671  36.179  -45.998  22.386 0.8000000119
40758  36.081  -46.957  22.084 0.8000000119
42567  36.657  -45.666  21.631 0.8000000119
39833  37.118  -48.055  20.007 1.0000000000
40785  37.225  -47.275  20.251 0.8999999762
41681  36.958  -46.160  21.017 0.8000000119
41707  37.668  -46.799  19.782 1.0000000000
41691  37.288  -46.508  20.433 0.8000000119
38872  37.427  -49.405  18.790 1.0000000000
39844  37.546  -48.494  19.214 1.0000000000
39854  38.145  -49.100  18.364 1.0000000000
41729  39.379  -47.226  17.617 1.0000000000
39870  38.395  -49.969  15.234 1.0000000000
38890  36.552  -49.838  16.298 1.0000000000
40811  40.234  -47.967  16.499 1.0000000000
40819  41.026  -48.687  15.346 1.0000000000
39874  39.607  -50.053  14.990 1.0000000000
40818  41.470  -47.958  14.639 1.0000000000
128826  36.331  -50.212  28.220 0.6999999881
37751  35.767  -49.956  28.331 0.6999999881
38764  34.617  -49.841  27.634 0.6000000238
129860  34.495  -49.111  27.231 0.6000000238
39751  34.295  -48.801  26.588 0.6000000238
38795  33.901  -49.294  25.961 0.6999999881
39774  34.165  -48.853  24.323 0.6999999881
38812  33.949  -49.007  25.143 0.6999999881
38826  33.984  -49.343  23.697 0.6999999881
39790  34.443  -48.696  23.545 0.6999999881
41653  35.424  -46.974  23.431 0.8000000119
114477  34.818  -48.461  22.883 0.6999999881
115705  35.172  -47.787  23.084 0.8000000119
43580  36.455  -44.899  22.287 0.8000000119
42575  37.116  -45.424  21.045 0.8000000119
42588  37.658  -45.988  20.008 0.8000000119
43600  37.583  -45.169  20.380 0.8000000119
40798  38.191  -47.183  19.096 1.0000000000
41706  38.185  -46.265  19.360 1.0000000000
42587  38.121  -45.397  19.635 0.6999999881
41720  38.714  -46.654  18.556 1.0000000000
42604  38.751  -45.620  18.881 0.8999999762
41719  39.365  -46.145  17.997 1.0000000000
42617  40.166  -45.535  17.347 1.0000000000
39864  36.117  -49.250  17.398 1.0000000000
41728  40.108  -46.725  16.924 1.0000000000
41737  41.044  -47.480  15.742 1.0000000000
39873  40.600  -49.324  14.609 1.0000000000
39871  37.343  -49.772  15.772 1.0000000000
39867  41.065  -48.789  14.538 1.0000000000
38763  35.238  -49.502  28.140 0.6999999881
39761  34.236  -48.499  25.765 0.6000000238
40713  34.545  -47.710  25.520 0.6999999881
40740  34.943  -47.587  23.828 0.6999999881
40724  34.709  -47.599  24.636 0.6999999881
131007  34.785  -48.133  23.482 0.6999999881
40723  35.088  -46.949  24.320 0.8000000119
42541  35.710  -45.985  23.390 0.6999999881
42540  36.040  -45.249  23.018 0.6999999881
44619  36.880  -44.236  21.708 0.6999999881
44618  37.364  -43.887  21.088 0.6999999881
126983  37.619  -44.370  20.541 0.6999999881
43610  38.561  -44.902  19.321 0.8000000119
43599  38.099  -44.494  19.876 0.6999999881
43624  39.719  -44.677  18.059 1.0000000000
39863  36.761  -48.929  16.840 1.0000000000
41727  41.086  -46.271  16.121 1.0000000000
40827  39.798  -48.875  14.584 1.0000000000
40825  41.386  -48.002  14.105 1.0000000000
39732  35.433  -48.687  28.207 0.6000000238
39733  34.890  -48.924  27.756 0.6000000238
40683  34.654  -48.355  27.210 0.6000000238
40699  34.896  -47.355  27.161 0.6000000238
40700  34.517  -47.946  26.432 0.6000000238
41617  34.704  -47.022  26.173 0.6000000238
41629  34.828  -46.922  25.207 0.6000000238
41640  35.169  -46.249  24.807 0.6999999881
43567  35.714  -44.976  23.804 0.6999999881
44600  36.295  -43.443  23.425 0.6999999881
44611  36.554  -43.834  22.524 0.6999999881
45635  36.714  -42.879  22.776 0.6999999881
44610  37.123  -43.258  21.827 0.6999999881
123603  37.558  -43.199  21.044 0.6999999881
49524  43.721  -38.348  22.035 0.3000000119
44628  38.402  -43.079  19.911 0.6999999881
44629  37.898  -43.647  20.388 0.6999999881
49534  44.818  -37.961  20.939 0.3000000119
44638  38.795  -43.463  19.257 0.8000000119
37876  32.383  -50.373  20.218 0.8999999762
43625  39.052  -44.773  18.769 1.0000000000
38874  34.306  -49.512  19.085 1.0000000000
39857  35.022  -49.130  18.731 1.0000000000
42616  41.337  -45.251  16.275 1.0000000000
41743  41.964  -47.158  14.007 1.0000000000
41736  41.773  -46.854  14.850 1.0000000000
40826  40.701  -48.466  14.166 1.0000000000
39869  38.663  -48.967  15.226 1.0000000000
41746  41.748  -47.249  13.795 1.0000000000
40667  36.513  -47.587  28.499 0.6000000238
120445  35.358  -47.362  27.862 0.6000000238
41583  36.044  -46.150  28.026 0.6000000238
41600  35.428  -46.611  27.584 0.6000000238
43503  36.036  -44.819  27.302 0.6000000238
43526  35.670  -44.795  26.660 0.6999999881
43540  35.455  -44.840  25.770 0.6999999881
42498  35.312  -45.503  26.364 0.6000000238
44585  41.513  -43.516  24.319 0.3000000119
45613  40.708  -42.729  25.185 0.3000000119
43550  35.530  -44.795  24.768 0.6999999881
43549  35.860  -43.941  24.223 0.6999999881
117369  43.266  -38.829  22.574 0.3000000119
49516  43.156  -38.004  22.648 0.4000000060
50436  44.197  -37.767  21.601 0.4000000060
50429  43.566  -37.469  22.215 0.4000000060
115142  31.752  -50.605  20.771 0.6999999881
37864  31.548  -50.192  21.628 0.6999999881
53060  45.577  -34.155  20.853 0.3000000119
50448  44.636  -37.148  21.273 0.3000000119
45649  38.391  -42.224  20.097 0.6999999881
125518  33.361  -49.588  20.076 0.8999999762
120457  45.874  -35.024  20.617 0.3000000119
51284  44.013  -36.875  21.827 0.3000000119
44649  39.319  -43.946  18.613 0.8000000119
39848  33.957  -49.087  20.010 0.8999999762
52139  45.241  -35.062  21.051 0.3000000119
52140  43.814  -35.978  21.944 0.3000000119
122864  40.809  -43.969  17.107 1.0000000000
40814  36.886  -47.978  17.283 1.0000000000
128426  42.317  -45.033  15.186 1.0000000000
40820  38.764  -47.935  15.175 1.0000000000
40821  38.031  -47.998  15.937 1.0000000000
42625  42.116  -45.827  15.099 1.0000000000
129941  40.760  -47.727  13.909 1.0000000000
41742  42.218  -46.235  13.694 1.0000000000
41744  40.541  -46.941  13.919 1.0000000000
42632  41.865  -45.236  13.501 1.0000000000
43502  36.858  -44.472  27.594 0.6999999881
43525  36.202  -44.164  26.921 0.6999999881
43539  40.156  -44.132  25.795 0.3000000119
44569  40.503  -43.587  25.354 0.4000000060
44558  35.821  -44.039  26.167 0.6999999881
44572  35.707  -43.964  25.287 0.6999999881
45625  36.494  -42.582  23.670 0.6999999881
46616  40.992  -41.938  24.969 0.3000000119
122909  40.221  -42.037  25.606 0.5000000000
46628  36.754  -41.733  24.068 0.6999999881
45624  36.925  -42.003  23.102 0.6999999881
46597  40.592  -41.218  25.184 0.5000000000
45634  37.237  -42.293  22.219 0.6999999881
48533  42.116  -39.581  23.804 0.4000000060
48514  40.124  -39.290  24.806 0.6000000238
49485  40.665  -38.801  24.382 0.5000000000
46646  37.681  -41.680  21.676 0.6999999881
48542  42.788  -39.397  23.177 0.3000000119
46653  38.022  -41.940  20.871 0.6999999881
53047  41.739  -34.537  21.407 0.4000000060
50416  41.575  -37.351  23.416 0.4000000060
45650  37.969  -42.760  20.617 0.6999999881
38834  31.188  -49.680  22.209 0.6999999881
114087  43.231  -33.828  21.563 0.4000000060
130991  42.636  -37.750  23.042 0.4000000060
126649  42.267  -37.215  23.137 0.4000000060
36908  29.918  -51.025  22.088 0.6000000238
53893  44.678  -34.244  21.354 0.3000000119
53044  43.881  -34.377  21.700 0.3000000119
51267  43.330  -36.605  22.368 0.4000000060
51248  41.831  -36.730  23.114 0.4000000060
45659  38.851  -42.544  19.246 0.6999999881
46665  38.750  -41.640  19.562 0.6999999881
37863  32.275  -49.977  21.112 0.6999999881
52126  42.840  -34.979  22.129 0.4000000060
51268  42.480  -36.415  22.776 0.4000000060
51269  41.582  -36.092  22.683 0.4000000060
115090  39.239  -43.147  18.733 0.8000000119
128036  44.402  -35.279  21.535 0.3000000119
116243  43.070  -35.751  22.361 0.3000000119
52127  42.275  -35.515  22.448 0.4000000060
44648  39.797  -43.321  18.117 0.8000000119
39856  35.661  -48.756  18.301 1.0000000000
45679  40.425  -42.865  17.473 0.8999999762
43638  41.758  -44.342  16.008 1.0000000000
41745  39.758  -47.661  14.370 1.0000000000
43659  42.638  -45.052  13.488 1.0000000000
42631  42.583  -45.357  13.580 1.0000000000
43650  42.880  -44.482  14.288 1.0000000000
42633  40.510  -45.850  14.180 1.0000000000
42634  39.389  -46.439  14.813 1.0000000000
42626  40.460  -44.854  14.621 1.0000000000
42627  39.247  -45.156  15.530 1.0000000000
44530  37.800  -43.904  27.397 0.6000000238
44556  37.487  -43.116  26.898 0.6000000238
110062  36.857  -43.041  26.693 0.6999999881
44554  39.201  -43.383  26.486 0.5000000000
44555  38.377  -43.252  26.866 0.6000000238
45584  36.568  -42.735  26.184 0.6999999881
45596  40.183  -42.895  25.642 0.5000000000
45597  39.597  -42.679  26.054 0.4000000060
45599  36.434  -42.444  25.386 0.6999999881
45614  36.382  -42.465  24.518 0.6999999881
46598  39.255  -41.785  26.065 0.6000000238
46601  36.833  -41.796  25.341 0.6999999881
119141  39.864  -41.164  25.586 0.6000000238
46618  36.638  -41.905  24.843 0.6999999881
47548  40.240  -40.626  25.272 0.6000000238
47549  39.563  -40.367  25.428 0.6000000238
46627  37.222  -41.219  23.403 0.6999999881
47587  37.638  -40.643  22.869 0.6999999881
48513  40.842  -39.637  24.656 0.5000000000
49486  39.820  -38.676  24.364 0.6000000238
49487  39.009  -38.802  24.110 0.6000000238
46639  37.413  -41.443  22.539 0.6000000238
123556  41.218  -35.052  20.077 0.4000000060
49505  42.115  -37.934  23.425 0.4000000060
49506  41.294  -38.191  23.858 0.4000000060
48535  38.397  -39.272  23.685 0.6000000238
53061  41.615  -34.432  20.450 0.4000000060
49507  40.323  -38.114  23.920 0.5000000000
46645  38.158  -41.106  21.137 0.6999999881
53046  42.530  -34.254  21.639 0.4000000060
50417  40.743  -37.442  23.484 0.4000000060
51249  41.140  -36.759  23.116 0.4000000060
46652  38.440  -41.385  20.341 0.6999999881
38848  32.713  -49.221  21.260 0.8999999762
38849  31.944  -49.450  21.779 0.6999999881
117344  43.556  -35.140  21.929 0.4000000060
51270  40.790  -36.358  22.525 0.4000000060
46673  39.610  -41.462  18.338 0.6999999881
46674  39.153  -41.830  18.916 0.6999999881
39847  34.632  -48.672  19.508 0.8999999762
44662  41.356  -43.430  16.515 0.8999999762
40807  35.789  -47.879  18.561 0.8999999762
41738  38.723  -47.011  15.260 1.0000000000
40806  36.314  -47.445  18.044 1.0000000000
44676  42.634  -43.701  14.893 1.0000000000
40813  37.416  -47.511  16.700 1.0000000000
43649  42.743  -44.725  13.552 1.0000000000
41739  38.020  -47.131  16.046 1.0000000000
41731  36.823  -46.984  17.478 1.0000000000
43657  42.751  -44.333  13.515 1.0000000000
45698  39.888  -42.716  15.279 0.8999999762
44684  41.631  -43.152  14.170 1.0000000000
43658  41.142  -44.148  14.402 1.0000000000
42628  38.261  -46.082  16.074 1.0000000000
44677  40.242  -43.431  15.245 1.0000000000
43652  38.793  -44.084  16.431 1.0000000000
43653  38.208  -44.881  16.699 0.8999999762
44678  39.264  -43.350  16.058 1.0000000000
45582  37.995  -42.522  26.613 0.6000000238
45583  37.220  -42.527  26.478 0.6999999881
45598  36.941  -42.076  25.940 0.6999999881
46599  38.332  -41.291  25.923 0.6999999881
46617  37.067  -41.271  24.829 0.6999999881
129722  39.161  -40.999  25.767 0.6000000238
47550  38.646  -40.511  25.481 0.6000000238
129970  37.161  -41.027  24.099 0.6999999881
47566  38.203  -40.138  24.855 0.6999999881
48517  37.977  -39.931  24.101 0.6000000238
48536  37.930  -39.898  23.265 0.6000000238
53085  42.305  -34.651  18.593 0.3000000119
48496  39.670  -39.701  25.109 0.6000000238
48515  39.369  -39.253  24.723 0.6000000238
47586  38.056  -40.013  22.352 0.6000000238
52163  41.618  -35.162  19.082 0.4000000060
51310  41.454  -35.934  18.683 0.4000000060
120340  38.825  -38.560  23.192 0.6000000238
48543  38.313  -39.253  22.798 0.6000000238
49518  39.058  -38.143  22.406 0.5000000000
47594  38.354  -40.189  21.354 0.6000000238
50431  39.613  -37.438  22.441 0.4000000060
47602  38.554  -40.580  20.568 0.6000000238
52164  40.963  -35.764  19.708 0.5000000000
51271  40.119  -36.673  21.932 0.4000000060
47611  38.828  -40.818  19.815 0.6000000238
51298  40.484  -36.341  20.328 0.5000000000
115957  40.619  -36.115  21.912 0.4000000060
46664  39.183  -41.102  19.080 0.6000000238
51285  40.432  -36.185  21.228 0.4000000060
51299  40.017  -36.834  20.892 0.4000000060
38862  33.349  -49.081  20.685 0.8999999762
46684  40.403  -41.894  17.408 0.8999999762
39836  34.325  -48.213  20.256 0.8999999762
40800  35.360  -47.418  19.206 0.8999999762
41722  35.822  -46.995  18.690 0.8999999762
44683  43.076  -43.220  13.809 1.0000000000
41730  37.428  -46.532  16.884 1.0000000000
42618  37.521  -45.539  17.161 0.8999999762
44664  38.290  -43.202  16.635 1.0000000000
43641  37.576  -44.458  17.426 0.8999999762
45681  37.466  -42.631  16.179 1.0000000000
46600  37.371  -41.462  25.628 0.6999999881
53919  42.855  -33.228  19.073 0.3000000119
52177  42.428  -35.242  17.941 0.3000000119
48549  38.453  -39.338  21.862 0.6000000238
51325  41.170  -36.752  18.374 0.5000000000
51324  42.031  -36.108  17.588 0.4000000060
49526  38.919  -38.582  21.521 0.5000000000
49525  39.251  -37.868  21.741 0.5000000000
48557  38.781  -39.428  20.876 0.5000000000
51311  40.738  -36.534  19.368 0.5000000000
113826  39.365  -38.050  20.993 0.5000000000
49535  39.234  -38.722  20.600 0.5000000000
50461  40.498  -37.320  19.096 0.5000000000
50450  39.750  -37.573  20.534 0.5000000000
50449  40.211  -37.091  19.992 0.5000000000
47621  39.634  -40.609  18.513 0.6999999881
49561  40.306  -38.466  18.458 0.5000000000
49548  39.937  -38.420  19.174 0.5000000000
47633  40.128  -40.939  17.647 0.6000000238
45678  41.313  -42.591  16.495 0.8999999762
45697  42.219  -43.073  15.489 0.8999999762
45696  43.020  -43.069  14.150 0.8999999762
111892  40.701  -42.196  14.376 0.8999999762
45711  42.415  -42.480  13.446 0.8999999762
44675  43.046  -43.806  13.674 1.0000000000
42619  36.861  -46.055  17.675 0.8999999762
41721  36.319  -46.532  18.199 0.8999999762
43642  36.938  -45.039  17.903 0.8999999762
45712  39.053  -41.977  14.802 0.8000000119
45680  38.374  -42.433  15.564 0.6999999881
42605  36.322  -45.581  18.371 0.8999999762
43626  37.003  -43.697  17.944 0.8999999762
53932  42.986  -33.605  17.967 0.3000000119
53084  42.852  -34.406  17.812 0.3000000119
52186  42.965  -34.838  17.206 0.4000000060
52198  42.900  -34.811  16.662 0.3000000119
52187  42.849  -35.446  16.756 0.3000000119
50471  40.851  -37.655  18.094 0.5000000000
50470  41.711  -36.931  17.310 0.4000000060
112971  39.561  -38.733  19.784 0.5000000000
121383  38.940  -39.981  20.124 0.5000000000
50462  39.941  -37.909  19.685 0.5000000000
48566  39.421  -39.520  19.537 0.5000000000
49562  39.796  -39.015  18.973 0.5000000000
124021  39.722  -39.781  18.729 0.5000000000
48580  40.239  -39.214  18.082 0.5000000000
48591  40.165  -40.075  17.833 0.5000000000
48590  40.942  -38.476  17.294 0.5000000000
47632  40.787  -40.426  16.783 0.6000000238
115290  40.771  -41.186  16.758 0.6000000238
48602  41.671  -39.863  15.619 0.6999999881
47646  41.810  -40.944  15.445 0.6999999881
46683  41.461  -41.807  16.176 0.6999999881
118294  42.345  -41.844  14.875 0.6999999881
47645  42.865  -41.501  13.666 0.8000000119
118144  35.800  -46.130  18.808 0.8999999762
46720  42.817  -42.136  13.027 0.8999999762
45710  43.271  -42.773  13.296 0.8999999762
127150  39.908  -41.601  14.385 0.6999999881
42606  35.683  -45.141  18.911 0.8999999762
43627  36.277  -44.373  18.498 0.8999999762
45699  36.998  -42.125  14.755 1.0000000000
53102  42.432  -34.439  16.439 0.3000000119
52199  42.573  -35.098  15.981 0.4000000060
53103  41.410  -34.307  15.962 0.3000000119
51334  42.584  -36.292  16.494 0.4000000060
53113  41.650  -35.078  15.471 0.3000000119
50478  42.270  -37.116  16.243 0.4000000060
51344  42.571  -36.550  15.621 0.4000000060
52209  42.290  -35.906  15.309 0.4000000060
50484  42.456  -37.495  15.125 0.4000000060
49573  41.843  -37.980  16.142 0.4000000060
49584  41.645  -38.879  15.990 0.5000000000
119035  40.823  -39.495  16.983 0.5000000000
47660  42.812  -40.212  13.782 0.6000000238
120999  42.978  -41.029  12.912 0.8000000119
46715  41.522  -41.727  13.425 0.6999999881
46717  38.747  -41.507  14.590 0.6999999881
44651  36.151  -43.040  18.116 0.8999999762
124443  35.404  -43.842  18.878 0.8999999762
133016  36.568  -42.327  15.193 0.8999999762
45667  35.824  -42.536  16.800 0.8000000119
130978  35.792  -42.325  14.961 0.6999999881
45700  35.505  -42.199  14.874 0.8000000119
53104  40.312  -33.995  15.936 0.3000000119
53114  40.622  -34.702  15.448 0.3000000119
52210  41.043  -35.444  14.945 0.3000000119
51353  42.432  -36.854  14.827 0.4000000060
51354  41.567  -36.302  14.576 0.4000000060
50499  41.864  -37.595  13.816 0.5000000000
49583  42.319  -38.332  15.151 0.5000000000
49605  42.436  -38.413  13.657 0.5000000000
49606  41.744  -38.244  13.341 0.5000000000
49598  42.532  -38.364  14.268 0.5000000000
48621  42.429  -39.187  13.172 0.5000000000
48615  42.738  -39.251  13.566 0.5000000000
47665  42.785  -40.042  12.992 0.6000000238
46721  42.678  -41.445  12.819 0.6999999881
46722  41.536  -40.974  13.114 0.6999999881
46716  40.081  -41.211  14.039 0.6999999881
47662  38.997  -41.111  14.369 0.6999999881
45713  37.776  -41.892  14.654 0.6999999881
47647  38.412  -40.851  15.153 0.6999999881
46702  36.993  -41.925  14.687 0.8000000119
47648  37.522  -41.384  15.241 0.6999999881
53951  40.541  -33.429  16.334 0.3000000119
53952  40.103  -33.435  16.415 0.3000000119
53105  39.933  -34.082  16.296 0.4000000060
53115  40.078  -34.528  15.646 0.3000000119
52211  40.062  -35.112  15.041 0.4000000060
51355  40.337  -35.879  14.422 0.4000000060
51361  41.039  -36.768  14.081 0.4000000060
110388  39.927  -36.596  14.193 0.3000000119
49607  40.677  -38.109  13.607 0.5000000000
112844  41.307  -39.056  13.172 0.6000000238
50495  39.870  -37.484  14.193 0.3000000119
49599  39.809  -38.539  14.279 0.4000000060
48622  42.337  -39.830  12.851 0.6999999881
48623  41.461  -40.143  13.069 0.6999999881
48616  40.136  -39.694  13.949 0.6000000238
47661  40.201  -40.625  13.820 0.6999999881
48617  39.265  -40.234  14.764 0.6000000238
52200  39.803  -35.001  15.783 0.3000000119
128319  39.616  -35.883  15.124 0.3000000119
50485  39.468  -36.951  15.087 0.3000000119
51335  39.340  -35.785  16.463 0.3000000119
51345  39.210  -36.672  16.198 0.3000000119
50480  38.724  -37.396  17.073 0.3000000119
123780  39.452  -37.784  15.086 0.3000000119
50486  39.149  -37.596  16.057 0.4000000060
48603  39.249  -39.299  15.180 0.5000000000
49585  39.154  -38.432  15.676 0.5000000000
49586  38.632  -38.393  16.782 0.5000000000
119896  38.771  -39.044  16.133 0.6000000238
48604  38.677  -39.859  15.805 0.6000000238
53934  39.812  -33.543  17.804 0.4000000060
53094  39.690  -34.203  17.337 0.3000000119
124626  39.535  -34.971  16.883 0.3000000119
52188  39.293  -35.051  17.980 0.3000000119
52189  39.065  -35.753  17.600 0.3000000119
51336  38.861  -36.525  17.287 0.3000000119
50472  38.405  -37.190  18.028 0.3000000119
49563  38.163  -38.122  17.863 0.4000000060
48592  38.335  -39.425  16.740 0.6000000238
49574  38.098  -38.939  17.431 0.4000000060
49575  37.637  -39.023  18.089 0.4000000060
48593  37.691  -39.905  17.358 0.5000000000
47634  38.042  -40.455  16.261 0.6000000238
45684  34.686  -42.391  15.683 0.8000000119
53922  39.655  -33.879  18.944 0.4000000060
53086  39.476  -34.436  18.435 0.3000000119
52178  39.052  -35.090  18.867 0.3000000119
52179  38.809  -35.695  18.614 0.3000000119
51326  38.592  -36.419  18.290 0.3000000119
50473  37.947  -37.666  18.604 0.4000000060
48567  37.082  -39.245  18.762 0.4000000060
122677  37.206  -39.748  18.116 0.4000000060
48581  36.591  -40.006  18.405 0.4000000060
47635  37.244  -40.884  16.398 0.6000000238
47622  36.914  -40.442  17.521 0.4000000060
46686  35.911  -41.749  14.953 0.6999999881
47623  36.142  -40.643  17.649 0.4000000060
47624  35.352  -40.707  17.773 0.4000000060
47637  35.719  -41.224  16.436 0.6000000238
114023  34.990  -41.078  16.497 0.5000000000
46687  35.220  -41.514  15.135 0.6000000238
111307  34.938  -42.184  14.904 0.6999999881
46704  34.754  -41.694  15.013 0.6999999881
53909  39.842  -33.357  19.525 0.3000000119
131355  39.179  -34.667  19.579 0.3000000119
52165  38.660  -35.549  19.637 0.3000000119
51312  38.389  -36.322  19.235 0.3000000119
50463  38.115  -37.030  18.901 0.3000000119
50464  37.542  -37.737  19.454 0.4000000060
115970  37.564  -38.390  18.750 0.3000000119
49549  36.889  -38.698  19.586 0.3000000119
48558  36.030  -39.197  20.009 0.3000000119
47612  35.787  -40.204  18.631 0.3000000119
48569  35.504  -39.740  19.422 0.3000000119
47613  35.031  -40.319  18.788 0.3000000119
47625  34.551  -40.578  17.797 0.3000000119
47626  34.030  -40.389  17.116 0.4000000060
121385  34.468  -40.692  16.430 0.5000000000
46688  34.589  -41.061  15.358 0.5000000000
47649  34.244  -41.051  15.075 0.5000000000
53910  39.617  -33.568  20.751 0.3000000119
53062  39.204  -34.404  20.647 0.3000000119
53063  38.745  -35.108  20.496 0.3000000119
51300  38.210  -36.259  20.139 0.3000000119
51313  37.864  -36.912  19.781 0.3000000119
49537  36.422  -38.517  20.450 0.3000000119
48559  35.203  -39.312  20.100 0.3000000119
48570  34.721  -39.760  19.432 0.3000000119
48582  33.938  -40.061  18.088 0.3000000119
47638  34.013  -40.382  15.657 0.5000000000
47650  33.550  -40.346  15.495 0.5000000000
46705  33.823  -41.256  15.212 0.5000000000
133339  38.418  -35.725  20.500 0.3000000119
51286  38.040  -36.162  21.006 0.3000000119
50451  37.352  -37.470  20.380 0.3000000119
49536  37.042  -38.095  20.174 0.3000000119
49538  35.659  -38.755  20.652 0.3000000119
49550  34.402  -39.134  19.848 0.3000000119
48594  33.696  -39.895  16.931 0.4000000060
48605  33.517  -39.614  15.617 0.4000000060
49587  33.308  -38.904  15.329 0.4000000060
48606  33.163  -39.413  15.233 0.4000000060
54715  40.450  -32.215  20.802 0.3000000119
54716  39.922  -32.835  21.332 0.3000000119
52143  37.858  -35.957  21.902 0.3000000119
51287  37.448  -36.630  21.584 0.3000000119
50438  37.108  -37.301  21.246 0.3000000119
50452  36.760  -37.912  20.870 0.3000000119
49539  34.830  -38.739  20.602 0.3000000119
48571  34.070  -39.538  18.995 0.3000000119
49551  33.818  -38.752  19.267 0.3000000119
49564  33.594  -39.189  18.063 0.3000000119
49576  33.527  -39.036  16.435 0.3000000119
53897  39.534  -33.397  21.737 0.3000000119
53048  39.224  -34.070  21.598 0.3000000119
53035  38.661  -34.396  22.399 0.3000000119
53049  38.753  -34.798  21.415 0.3000000119
52131  37.520  -35.602  22.728 0.3000000119
51288  36.728  -37.053  22.068 0.3000000119
51273  36.288  -36.607  22.712 0.3000000119
50439  36.391  -37.666  21.609 0.3000000119
49528  35.281  -38.266  21.276 0.3000000119
50440  35.782  -37.879  21.665 0.3000000119
49540  34.137  -38.389  20.139 0.3000000119
54700  39.604  -32.800  22.384 0.3000000119
52130  38.277  -35.243  22.154 0.3000000119
53017  38.264  -34.215  23.133 0.3000000119
53036  37.949  -34.841  22.960 0.3000000119
52132  36.658  -35.900  23.089 0.3000000119
130685  34.829  -37.887  21.436 0.3000000119
50454  33.934  -37.739  20.327 0.3000000119
118573  33.635  -37.803  19.476 0.3000000119
53860  38.956  -33.175  23.087 0.3000000119
54689  38.514  -32.707  23.716 0.3000000119
52110  37.045  -35.070  23.448 0.3000000119
53018  37.631  -34.309  23.531 0.4000000060
51250  35.846  -36.092  23.220 0.3000000119
51274  35.487  -36.623  22.737 0.3000000119
50433  34.944  -37.061  22.238 0.3000000119
120806  36.345  -34.767  23.767 0.4000000060
53862  37.344  -33.725  24.017 0.4000000060
52112  35.393  -35.476  23.383 0.4000000060
54690  37.704  -33.003  24.170 0.3000000119
53863  36.604  -33.751  24.209 0.4000000060
35279  36.364  -53.998  16.825 1.0000000000
36968  36.938  -52.793  16.694 1.0000000000
35285  36.476  -54.134  16.085 0.8999999762
46703  36.204  -42.017  14.702 0.8000000119
46685  36.592  -41.696  15.009 0.6999999881
27611  33.418  -61.469  24.273 0.6000000238
28547  31.836  -59.908  25.305 0.6000000238
27656  35.808  -61.826  21.927 0.5000000000
26692  36.281  -62.274  21.261 0.5000000000
31467  35.739  -57.764  24.278 0.5000000000
30515  37.216  -58.423  21.515 0.4000000060
30502  36.781  -58.232  22.300 0.5000000000
29570  37.310  -59.276  20.992 0.4000000060
114414  31.302  -56.948  24.897 0.6999999881
32507  32.030  -56.209  20.927 0.8999999762
129981  33.420  -55.292  26.582 0.6999999881
130984  36.876  -57.553  22.525 0.5000000000
32506  37.692  -56.931  21.513 0.5000000000
128050  37.653  -59.782  20.106 0.4000000060
34333  33.082  -54.708  26.331 0.6999999881
35262  33.365  -53.462  20.337 0.8000000119
34427  33.585  -54.360  16.477 0.8000000119
34330  35.283  -54.179  27.225 0.6000000238
35235  37.793  -53.522  24.189 0.4000000060
34371  38.388  -54.014  22.994 0.4000000060
36113  36.372  -53.140  17.328 1.0000000000
35226  37.733  -53.013  24.704 0.5000000000
36124  36.638  -53.521  15.972 1.0000000000
36014  36.541  -52.126  27.596 0.6999999881
37896  36.308  -51.244  18.430 1.0000000000
36957  36.974  -52.071  17.292 1.0000000000
38898  39.505  -50.694  15.277 1.0000000000
38888  40.058  -50.106  15.624 1.0000000000
39800  34.920  -48.879  22.139 0.8000000119
40804  38.744  -47.690  18.220 1.0000000000
43589  36.842  -44.971  21.545 0.8000000119
40805  38.155  -48.115  18.757 1.0000000000
42522  35.452  -45.645  24.325 0.6999999881
43639  40.602  -44.603  17.203 1.0000000000
122889  40.059  -43.999  17.815 1.0000000000
41616  35.077  -46.329  26.759 0.6000000238
130078  35.255  -45.479  25.793 0.6999999881
47576  42.497  -40.373  23.536 0.4000000060
128821  32.981  -50.182  19.721 1.0000000000
114859  42.112  -38.767  23.665 0.4000000060
46615  41.306  -41.134  24.646 0.4000000060
48534  41.469  -39.175  24.183 0.5000000000
127789  41.612  -40.207  24.298 0.5000000000
52153  41.160  -35.026  21.068 0.4000000060
52128  41.507  -35.295  22.021 0.4000000060
50418  39.925  -37.610  23.322 0.5000000000
44650  36.704  -42.652  16.847 0.8000000119
48601  42.479  -39.117  14.583 0.5000000000
50494  42.434  -37.630  14.270 0.5000000000
46701  37.986  -41.666  14.718 0.6999999881
47636  36.458  -41.163  16.411 0.6000000238
27664  30.702  -61.536  20.475 0.5000000000
27663  31.383  -61.097  19.831 0.5000000000
29595  32.072  -59.838  19.432 0.5000000000
25702  30.300  -63.279  20.198 0.5000000000
26706  30.551  -62.339  20.274 0.5000000000
25703  29.654  -63.317  21.358 0.5000000000
130829  30.009  -62.673  20.953 0.5000000000
117659  29.442  -63.127  22.396 0.5000000000
25666  29.721  -63.329  23.734 0.4000000060
122418  29.571  -62.300  22.736 0.5000000000
25665  29.984  -63.924  24.007 0.4000000060
25653  29.667  -62.488  23.595 0.5000000000
25651  31.083  -63.266  24.355 0.5000000000
26660  29.945  -62.598  24.133 0.5000000000
36117  30.037  -52.719  18.704 0.6999999881
35270  29.215  -52.960  19.183 0.6999999881
36123  31.087  -52.821  17.822 0.8000000119
36122  31.905  -52.648  17.546 0.8000000119
35290  31.033  -53.708  17.843 0.8000000119
36121  32.793  -52.523  17.156 0.8999999762
36105  30.200  -52.222  18.848 0.6999999881
116172  32.128  -51.906  17.509 0.8999999762
36115  31.270  -52.076  17.834 0.8999999762
113740  32.979  -51.821  17.112 0.8999999762
36970  34.103  -51.936  16.489 0.8999999762
36950  31.032  -51.505  19.435 0.6000000238
36961  30.881  -51.803  18.479 0.8000000119
133104  32.453  -51.419  17.513 0.8999999762
37907  33.120  -51.242  17.222 0.8999999762
128808  34.647  -51.447  16.434 0.8999999762
36969  35.520  -51.549  16.022 0.8999999762
40680  39.325  -47.543  27.754 0.5000000000
39715  37.735  -48.294  28.301 0.5000000000
123322  37.302  -47.758  28.486 0.5000000000
38761  37.825  -49.727  27.758 0.6000000238
38742  37.198  -49.060  28.214 0.5000000000
127851  36.216  -48.588  28.471 0.5000000000
37770  36.777  -50.731  27.930 0.6000000238
36934  31.142  -51.213  20.482 0.6000000238
115893  31.504  -51.337  18.754 0.8999999762
37899  32.503  -50.951  17.802 0.8999999762
36960  31.770  -51.453  17.971 0.8999999762
37898  33.361  -50.686  17.694 0.8999999762
110914  33.974  -51.107  17.002 0.8999999762
37905  35.633  -50.806  16.246 0.8999999762
42462  37.714  -45.972  28.310 0.5000000000
42463  36.867  -45.926  28.314 0.5000000000
41599  38.525  -46.292  28.099 0.5000000000
40666  37.266  -47.126  28.540 0.5000000000
125399  36.600  -46.684  28.454 0.5000000000
41598  39.210  -46.713  27.729 0.5000000000
40665  37.945  -47.543  28.399 0.5000000000
115619  32.446  -50.589  19.356 0.8999999762
37877  31.783  -50.948  19.631 0.6999999881
37889  32.108  -50.919  18.607 0.8999999762
38884  33.846  -50.201  18.437 0.8999999762
37897  34.224  -50.486  17.505 0.8999999762
38892  35.027  -50.231  17.166 0.8999999762
42476  38.304  -45.346  27.914 0.5000000000
42478  36.390  -45.326  27.824 0.5000000000
124148  39.113  -45.904  27.585 0.5000000000
118642  39.637  -46.375  27.278 0.5000000000
37888  32.976  -50.518  18.704 0.8999999762
38883  34.603  -49.820  18.131 0.8999999762
38882  35.379  -49.516  17.796 0.8999999762
43501  37.731  -44.677  27.773 0.5000000000
131009  39.339  -44.591  26.854 0.5000000000
43524  38.873  -44.116  27.036 0.5000000000
42497  39.707  -45.016  26.626 0.5000000000
43523  39.637  -44.215  26.408 0.4000000060
39820  31.453  -48.878  22.199 0.6000000238
39801  30.849  -48.275  22.275 0.6000000238
39819  32.230  -48.628  21.775 0.8000000119
126022  31.573  -48.074  22.001 0.6999999881
132517  30.961  -47.584  22.055 0.6999999881
40775  30.549  -46.802  21.663 0.6999999881
41686  29.515  -46.659  21.297 0.6999999881
39818  33.116  -48.319  21.261 0.8000000119
39837  33.735  -48.484  20.627 0.8000000119
40772  33.032  -47.190  21.295 0.6999999881
41684  31.545  -46.510  21.434 0.6999999881
42569  30.903  -45.922  21.139 0.6999999881
42577  32.634  -45.680  20.735 0.6999999881
42568  31.766  -45.812  21.010 0.6999999881
40787  34.395  -47.322  20.298 0.8000000119
41693  34.345  -46.355  20.176 0.8000000119
41709  34.934  -46.962  19.772 0.8000000119
119570  33.542  -45.993  20.547 0.6999999881
42576  33.989  -45.568  20.178 0.8000000119
120454  35.370  -46.603  19.268 0.8000000119
43601  33.292  -45.174  20.311 0.6999999881
132893  34.569  -44.895  19.612 0.8000000119
43613  33.057  -44.296  19.836 0.6000000238
41708  35.252  -45.787  19.330 0.8000000119
42589  35.025  -44.911  19.362 0.8000000119
44639  34.581  -43.315  18.746 0.6000000238
44652  33.628  -43.098  18.497 0.6000000238
44653  32.654  -43.197  18.552 0.6000000238
43611  34.596  -44.240  19.376 0.8000000119
45670  33.526  -42.681  17.341 0.6000000238
112746  35.336  -42.845  17.994 0.6999999881
45669  34.419  -42.697  17.369 0.6000000238
45701  34.496  -42.114  15.191 0.6999999881
45686  33.329  -42.322  16.565 0.6000000238
45685  34.024  -42.467  16.110 0.6000000238
45702  33.876  -42.055  15.599 0.6000000238
45668  35.119  -42.545  16.639 0.6999999881
25664  31.637  -64.032  24.171 0.4000000060
25652  30.228  -63.283  24.212 0.5000000000
116729  30.287  -62.072  24.341 0.5000000000
26696  29.683  -62.510  21.772 0.5000000000
43522  40.218  -44.830  25.994 0.3000000119
40788  33.809  -47.733  20.833 0.8000000119
25678  29.389  -63.706  23.026 0.5000000000
36116  30.606  -52.382  18.237 0.8000000119
39731  38.167  -48.963  27.955 0.5000000000
41694  33.751  -46.826  20.726 0.8000000119
41695  33.104  -46.401  20.947 0.6999999881
129458  34.922  -46.260  19.681 0.8000000119
42591  34.012  -44.789  19.829 0.6999999881
36068  38.629  -51.914  24.552 0.4000000060
36067  39.065  -51.792  24.319 0.4000000060
36870  38.335  -51.631  25.400 0.4000000060
36869  38.839  -51.659  24.956 0.4000000060
36850  38.467  -51.078  26.159 0.5000000000
36053  40.149  -52.460  25.589 0.4000000060
36052  41.012  -52.987  25.878 0.4000000060
37792  37.989  -50.776  26.826 0.5000000000
37769  37.532  -50.472  27.516 0.5000000000
36849  39.004  -50.880  26.264 0.5000000000
36848  40.154  -51.330  26.517 0.4000000060
124258  38.954  -51.325  25.666 0.4000000060
36037  41.470  -52.651  26.260 0.4000000060
36038  40.693  -52.155  26.302 0.4000000060
36039  39.724  -51.799  26.019 0.4000000060
35192  41.851  -53.296  26.121 0.4000000060
38760  38.621  -49.545  27.567 0.5000000000
37791  38.747  -50.543  26.722 0.5000000000
36847  40.989  -51.340  26.560 0.4000000060
126105  41.559  -51.961  26.437 0.4000000060
36843  44.898  -51.889  26.100 0.4000000060
36844  43.966  -52.097  26.133 0.4000000060
36036  42.314  -52.554  26.372 0.4000000060
36842  45.730  -52.087  26.281 0.4000000060
36034  44.507  -52.579  26.299 0.4000000060
37767  39.128  -50.023  27.166 0.5000000000
37789  40.525  -50.602  26.745 0.4000000060
119621  48.821  -50.209  21.537 0.3000000119
38830  48.393  -49.860  22.255 0.3000000119
36846  42.319  -51.569  26.386 0.4000000060
37847  49.253  -50.205  22.262 0.3000000119
37838  48.513  -50.004  23.807 0.3000000119
37822  47.480  -50.186  24.643 0.3000000119
37823  46.836  -50.282  24.895 0.3000000119
37808  45.794  -50.917  25.541 0.4000000060
36867  44.327  -51.287  25.831 0.4000000060
36845  43.098  -51.915  26.259 0.4000000060
37821  48.339  -50.318  24.669 0.3000000119
37806  47.605  -50.698  25.337 0.3000000119
37807  46.638  -50.846  25.482 0.4000000060
38759  39.368  -49.318  27.441 0.4000000060
38782  40.041  -49.810  27.082 0.4000000060
37788  41.367  -50.575  26.614 0.4000000060
110749  40.975  -49.830  26.847 0.4000000060
38845  48.048  -49.921  21.234 0.3000000119
38832  46.848  -49.233  22.013 0.3000000119
117475  47.208  -49.656  23.589 0.3000000119
110272  46.096  -49.536  24.098 0.3000000119
117901  45.638  -49.780  24.629 0.4000000060
38792  45.195  -50.324  25.222 0.4000000060
37810  43.807  -50.606  25.730 0.4000000060
38823  47.888  -49.737  23.134 0.3000000119
38808  46.885  -49.826  24.215 0.3000000119
37824  46.066  -50.339  25.050 0.3000000119
128543  38.882  -48.904  27.766 0.4000000060
39788  44.710  -48.443  23.584 0.3000000119
39772  43.578  -48.490  24.737 0.3000000119
39758  43.425  -49.035  25.311 0.4000000060
39759  42.811  -48.468  25.396 0.4000000060
39748  42.195  -48.939  26.152 0.4000000060
110292  41.402  -49.032  26.672 0.4000000060
39814  46.214  -48.726  21.753 0.3000000119
39787  45.456  -48.711  23.189 0.3000000119
39771  44.419  -48.831  24.352 0.3000000119
38811  44.063  -49.261  25.016 0.4000000060
38794  42.917  -49.348  25.729 0.4000000060
38780  41.780  -49.790  26.490 0.4000000060
39786  45.910  -49.202  23.526 0.3000000119
38825  45.305  -49.143  24.025 0.3000000119
38810  44.844  -49.552  24.764 0.4000000060
38793  43.617  -49.727  25.511 0.4000000060
37811  43.027  -50.172  25.937 0.4000000060
38824  46.545  -49.457  23.530 0.3000000119
113646  44.368  -50.007  25.317 0.4000000060
41614  40.251  -46.482  26.750 0.4000000060
41613  40.876  -46.898  26.393 0.4000000060
40679  39.933  -47.757  27.409 0.4000000060
39729  39.503  -48.444  27.601 0.4000000060
40711  42.441  -47.594  25.127 0.3000000119
40697  41.345  -47.552  26.279 0.4000000060
39750  41.018  -48.274  26.805 0.4000000060
39728  40.298  -48.334  27.241 0.4000000060
39773  43.002  -47.911  24.787 0.4000000060
39760  42.069  -47.995  25.846 0.4000000060
39749  41.622  -48.346  26.360 0.4000000060
38781  40.646  -49.062  27.069 0.4000000060
43602  32.437  -44.869  20.331 0.6000000238
42579  30.410  -45.536  20.427 0.6000000238
44641  32.384  -43.767  19.372 0.5000000000
125637  32.189  -44.339  19.859 0.5000000000
113485  31.712  -43.523  18.752 0.5000000000
45671  32.783  -42.694  17.600 0.5000000000
45703  33.179  -41.672  16.025 0.5000000000
120816  33.495  -36.270  19.819 0.3000000119
52166  33.420  -35.489  19.465 0.3000000119
116072  33.307  -35.945  18.779 0.3000000119
51275  34.787  -36.302  22.575 0.3000000119
51289  34.339  -36.490  21.802 0.3000000119
51290  33.820  -36.579  20.846 0.3000000119
52155  33.584  -35.646  20.357 0.3000000119
52180  33.359  -34.780  18.437 0.3000000119
52113  34.739  -35.497  22.929 0.3000000119
52144  34.319  -35.724  22.145 0.3000000119
124301  33.893  -35.750  21.297 0.3000000119
119078  33.712  -34.932  20.777 0.3000000119
117830  33.505  -34.834  19.780 0.3000000119
125276  33.536  -34.136  19.262 0.3000000119
114687  33.587  -33.607  18.343 0.3000000119
53935  33.683  -32.796  17.229 0.3000000119
53020  35.655  -34.774  23.687 0.3000000119
53037  34.534  -34.674  22.858 0.3000000119
52145  34.019  -35.042  21.669 0.3000000119
53050  34.214  -34.441  22.110 0.3000000119
53051  33.934  -34.285  21.242 0.3000000119
53899  34.005  -33.640  20.879 0.3000000119
53064  33.722  -34.055  20.225 0.3000000119
53849  35.934  -33.213  24.303 0.3000000119
53850  35.082  -32.981  23.892 0.3000000119
120059  34.414  -33.906  22.694 0.3000000119
53880  34.207  -33.602  21.747 0.3000000119
53898  34.240  -33.012  20.968 0.3000000119
53911  34.059  -33.192  20.153 0.3000000119
54732  34.329  -32.415  20.209 0.3000000119
54675  36.133  -32.312  24.583 0.3000000119
54677  34.830  -32.243  23.882 0.3000000119
54691  34.597  -32.616  23.379 0.3000000119
118368  34.404  -32.238  22.805 0.3000000119
54717  34.417  -32.293  21.123 0.3000000119
54676  35.374  -32.298  24.276 0.3000000119
55567  34.878  -31.552  24.126 0.3000000119
56515  34.563  -30.780  23.650 0.3000000119
55588  34.412  -31.590  22.405 0.3000000119
55546  35.543  -30.487  24.734 0.3000000119
118315  34.991  -29.982  24.520 0.3000000119
57350  35.585  -29.755  24.917 0.3000000119
36035  43.287  -52.737  26.326 0.4000000060
111957  38.839  -51.986  23.899 0.4000000060
36066  39.755  -52.375  24.485 0.4000000060
35191  42.762  -53.351  26.197 0.4000000060
35208  41.480  -53.677  25.402 0.4000000060
36841  46.580  -52.224  26.420 0.4000000060
36033  45.160  -52.714  26.404 0.4000000060
35190  43.638  -53.404  26.217 0.4000000060
37846  50.245  -50.532  22.210 0.3000000119
37837  49.655  -50.287  23.215 0.3000000119
37820  49.288  -50.326  24.180 0.3000000119
37804  49.143  -50.599  24.966 0.3000000119
36863  48.078  -51.269  25.849 0.3000000119
36864  47.250  -51.503  26.035 0.3000000119
37860  49.790  -50.673  21.137 0.3000000119
128225  47.311  -49.499  21.380 0.3000000119
39797  45.581  -48.430  22.329 0.3000000119
38846  46.723  -49.150  21.039 0.3000000119
41627  40.818  -46.262  25.996 0.4000000060
41626  41.280  -46.830  25.915 0.4000000060
40712  41.771  -47.197  25.526 0.4000000060
40738  43.352  -47.435  23.505 0.3000000119
39789  43.943  -48.124  23.949 0.3000000119
42496  40.268  -45.629  26.301 0.4000000060
41685  30.009  -46.101  20.898 0.6000000238
118381  37.039  -32.402  24.564 0.3000000119
55565  36.580  -31.570  24.720 0.3000000119
55545  36.248  -30.797  24.845 0.3000000119
56473  36.080  -30.162  24.996 0.3000000119
58294  37.069  -28.885  24.891 0.3000000119
37873  48.795  -50.823  19.256 0.3000000119
36069  37.967  -52.266  24.924 0.4000000060
37787  42.242  -50.592  26.334 0.4000000060
38831  47.586  -49.582  22.168 0.3000000119
40698  40.528  -47.465  26.902 0.4000000060
126717  35.274  -33.964  23.771 0.3000000119
53923  33.786  -33.378  19.294 0.3000000119
126081  34.326  -32.844  21.685 0.3000000119
58295  36.232  -28.597  25.241 0.3000000119
36080  38.820  -52.373  23.374 0.3000000119
36078  40.025  -52.375  23.482 0.3000000119
30560  31.406  -58.502  17.088 0.6000000238
31540  31.087  -57.666  17.457 0.6999999881
30550  30.773  -58.398  17.713 0.6999999881
35224  40.427  -52.909  24.228 0.3000000119
31503  37.945  -58.281  20.194 0.3000000119
31492  38.213  -57.022  20.608 0.3000000119
31518  30.467  -56.856  18.570 0.6999999881
31530  30.626  -57.631  18.106 0.6999999881
115287  40.291  -52.434  22.786 0.3000000119
35233  40.642  -52.974  23.485 0.3000000119
34370  41.327  -53.562  23.435 0.3000000119
34361  43.299  -54.831  24.666 0.3000000119
34362  42.474  -54.537  24.397 0.3000000119
34363  41.723  -54.133  24.268 0.3000000119
34344  44.492  -54.649  25.608 0.3000000119
34345  43.671  -54.533  25.472 0.3000000119
34346  42.838  -54.415  25.309 0.3000000119
32505  38.374  -56.213  21.230 0.3000000119
34391  39.036  -54.538  21.773 0.4000000060
32549  30.645  -55.966  18.302 0.6999999881
34380  39.448  -53.305  21.975 0.3000000119
34381  38.857  -53.912  22.398 0.3000000119
112062  30.906  -56.873  17.837 0.6999999881
35242  40.323  -52.496  22.021 0.3000000119
34379  41.563  -53.428  22.462 0.3000000119
34368  42.970  -54.796  23.685 0.3000000119
130075  41.558  -53.994  24.835 0.3000000119
33406  44.945  -55.238  25.108 0.3000000119
33497  30.567  -54.937  18.422 0.6999999881
34390  39.893  -53.888  21.265 0.3000000119
35241  41.095  -52.792  21.663 0.3000000119
35254  40.166  -52.795  21.511 0.3000000119
33512  31.017  -55.420  17.875 0.6999999881
34378  42.216  -53.885  22.310 0.3000000119
32559  31.192  -56.157  17.588 0.6999999881
35189  44.511  -53.355  26.348 0.3000000119
35206  43.219  -53.976  25.931 0.3000000119
34326  45.678  -54.281  26.391 0.3000000119
34327  44.887  -54.127  26.195 0.3000000119
34430  31.040  -54.631  17.869 0.6999999881
35253  40.846  -52.853  21.193 0.3000000119
35289  31.759  -53.521  17.529 0.6999999881
35250  43.264  -53.936  20.741 0.3000000119
34388  42.625  -53.905  21.610 0.3000000119
34429  31.633  -54.421  17.501 0.6999999881
35187  46.178  -53.739  26.699 0.3000000119
35251  42.300  -53.378  20.702 0.3000000119
35288  32.675  -53.410  17.136 0.6999999881
36032  45.959  -52.892  26.554 0.3000000119
42510  41.397  -46.333  25.208 0.3000000119
28644  32.057  -60.453  16.746 0.5000000000
29607  30.487  -59.163  18.079 0.6999999881
124390  31.261  -59.952  16.961 0.6000000238
28637  30.512  -60.078  17.636 0.6000000238
29616  31.953  -59.443  16.805 0.6000000238
121733  30.132  -56.825  19.363 0.6999999881
32538  30.168  -56.169  19.142 0.6999999881
32519  38.710  -56.483  20.348 0.3000000119
124125  29.711  -55.700  19.674 0.6999999881
33465  39.055  -55.808  20.582 0.4000000060
34410  29.815  -54.353  18.992 0.6999999881
34399  40.185  -54.487  20.482 0.4000000060
33453  38.837  -55.411  21.311 0.4000000060
35282  30.490  -53.093  18.219 0.6999999881
34389  40.703  -53.464  20.592 0.3000000119
34398  41.332  -53.831  19.786 0.3000000119
35266  42.580  -53.635  19.028 0.3000000119
36086  39.320  -52.314  22.887 0.3000000119
34423  30.498  -53.992  18.354 0.6999999881
29617  30.989  -59.223  17.336 0.6000000238
35259  42.807  -53.480  19.760 0.3000000119
33463  40.812  -54.701  19.449 0.3000000119
26715  31.113  -62.745  19.314 0.5000000000
27681  32.680  -61.249  17.356 0.5000000000
26725  32.326  -62.676  17.528 0.5000000000
23791  27.222  -65.518  19.415 0.4000000060
129041  26.020  -65.200  19.163 0.5000000000
28636  32.585  -61.016  18.126 0.4000000060
27672  31.954  -61.466  18.833 0.5000000000
23805  24.585  -65.974  18.032 0.4000000060
130050  23.397  -66.286  18.104 0.4000000060
132039  26.685  -65.673  19.308 0.5000000000
28647  32.469  -61.041  16.845 0.4000000060
23806  23.721  -65.552  18.279 0.4000000060
24739  25.331  -64.477  18.877 0.4000000060
24728  26.716  -64.930  19.693 0.5000000000
24726  28.219  -64.149  19.235 0.5000000000
27684  29.147  -62.029  18.819 0.4000000060
28645  31.171  -60.741  16.931 0.5000000000
28646  30.335  -61.089  17.496 0.4000000060
27683  29.704  -61.551  18.140 0.4000000060
23807  22.855  -65.904  18.380 0.4000000060
25723  20.851  -62.993  19.314 0.4000000060
24740  24.544  -64.763  18.454 0.4000000060
26729  22.724  -62.142  18.839 0.4000000060
24729  26.088  -64.257  19.532 0.5000000000
27686  24.409  -61.503  18.306 0.4000000060
24718  26.801  -64.041  20.127 0.5000000000
28639  24.811  -60.819  18.146 0.4000000060
25711  27.506  -63.749  20.108 0.5000000000
27674  28.598  -61.681  19.753 0.5000000000
29609  25.554  -59.235  18.533 0.4000000060
30553  25.318  -58.442  18.389 0.4000000060
26716  28.503  -62.617  19.495 0.5000000000
28638  29.862  -60.680  18.361 0.5000000000
131663  21.564  -62.914  19.012 0.4000000060
24741  23.646  -64.445  18.544 0.4000000060
120464  23.435  -62.829  18.579 0.4000000060
25712  26.205  -63.262  19.876 0.5000000000
25713  25.465  -63.586  19.134 0.4000000060
26728  23.887  -62.211  18.471 0.4000000060
25704  26.963  -63.191  20.424 0.5000000000
27685  25.113  -61.531  18.378 0.4000000060
26717  27.667  -62.947  20.234 0.5000000000
28631  28.750  -60.814  19.963 0.5000000000
30552  25.929  -58.514  18.867 0.4000000060
28630  29.446  -60.331  19.320 0.6000000238
29608  30.022  -59.800  18.607 0.6000000238
25722  22.459  -63.034  18.804 0.4000000060
25720  24.842  -63.763  18.657 0.4000000060
25721  24.327  -63.068  18.506 0.4000000060
26719  25.305  -62.229  18.797 0.4000000060
26708  27.184  -62.482  20.443 0.5000000000
121369  25.990  -60.863  19.297 0.4000000060
29600  25.761  -60.078  18.840 0.4000000060
26707  27.839  -62.119  20.307 0.5000000000
29599  26.242  -59.358  19.389 0.4000000060
123236  22.876  -64.943  18.690 0.4000000060
119871  23.525  -63.558  18.604 0.4000000060
123529  25.063  -62.946  18.694 0.4000000060
26727  24.762  -62.248  18.433 0.4000000060
26709  26.613  -62.450  20.232 0.5000000000
26718  25.893  -62.349  19.606 0.5000000000
27666  26.262  -61.637  19.943 0.5000000000
113725  26.278  -60.217  19.647 0.5000000000
28621  28.164  -60.362  20.493 0.5000000000
115707  27.086  -61.650  20.456 0.5000000000
28623  26.608  -60.837  20.189 0.5000000000
29597  28.911  -59.951  20.147 0.6000000238
30543  26.568  -58.464  19.615 0.5000000000
31521  26.218  -57.748  19.115 0.4000000060
119445  30.162  -59.089  18.808 0.6000000238
29596  29.583  -59.401  19.524 0.6000000238
29584  28.274  -59.442  20.562 0.6000000238
124263  27.643  -59.952  20.573 0.5000000000
29598  26.849  -59.111  20.126 0.5000000000
29583  29.004  -59.222  20.276 0.6000000238
30529  27.940  -58.749  20.671 0.6000000238
29585  27.474  -59.289  20.516 0.5000000000
31505  29.561  -58.012  20.073 0.6000000238
31519  30.218  -57.646  19.135 0.6000000238
34412  28.211  -53.937  19.494 0.5000000000
113576  29.026  -54.331  19.459 0.6000000238
33468  28.114  -55.585  20.101 0.5000000000
33467  29.034  -55.727  20.189 0.6000000238
32523  28.419  -56.372  20.421 0.6000000238
32524  27.717  -56.226  20.184 0.5000000000
32540  27.053  -56.613  19.779 0.5000000000
30528  28.686  -58.500  20.489 0.6000000238
124219  27.902  -57.945  20.546 0.5000000000
30542  27.283  -58.525  20.312 0.5000000000
31520  26.986  -57.599  19.910 0.5000000000
126615  26.454  -57.033  19.295 0.5000000000
34411  29.100  -53.627  19.206 0.5000000000
35283  29.873  -53.382  18.738 0.6000000238
33479  29.384  -55.034  19.629 0.6000000238
31507  27.761  -56.983  20.404 0.5000000000
32539  29.691  -56.320  19.903 0.6000000238
32522  29.136  -56.535  20.372 0.6000000238
26730  32.194  -62.038  16.685 0.4000000060
27691  31.956  -61.405  16.593 0.4000000060
29615  33.373  -59.810  17.097 0.5000000000
28643  32.862  -60.653  17.083 0.4000000060
120903  29.702  -57.115  20.033 0.6000000238
26714  31.882  -62.304  18.546 0.5000000000
25725  32.150  -63.967  16.555 0.5000000000
26724  32.490  -62.057  17.094 0.5000000000
24727  27.404  -64.618  19.760 0.5000000000
129062  24.064  -60.840  18.263 0.4000000060
29610  25.088  -59.965  18.187 0.4000000060
121620  24.223  -63.906  18.558 0.4000000060
123612  25.553  -62.873  19.235 0.4000000060
24742  22.778  -64.009  18.783 0.4000000060
31506  28.753  -57.342  20.546 0.6000000238
125678  21.290  -62.166  19.365 0.3000000119
28640  24.253  -60.175  18.177 0.3000000119
27687  23.243  -61.284  18.653 0.3000000119
115373  24.894  -59.065  18.147 0.3000000119
28641  23.328  -60.353  18.591 0.3000000119
117893  24.063  -58.899  18.211 0.3000000119
29612  23.494  -59.497  18.468 0.3000000119
24716  35.843  -64.713  20.622 0.5000000000
25676  34.562  -63.462  22.246 0.5000000000
25677  33.898  -63.477  22.843 0.6000000238
26659  30.611  -62.569  24.399 0.6000000238
26683  35.108  -62.253  22.313 0.5000000000
26693  35.570  -62.645  21.745 0.5000000000
26695  30.160  -62.003  21.156 0.5000000000
26731  32.277  -62.991  16.696 0.5000000000
27615  29.889  -61.933  24.048 0.5000000000
27628  34.603  -61.346  23.214 0.6000000238
27655  36.500  -61.420  21.339 0.5000000000
27658  29.821  -61.755  22.009 0.6000000238
27665  27.988  -61.239  20.462 0.5000000000
27673  29.309  -61.211  19.109 0.6000000238
27675  25.618  -61.557  19.014 0.4000000060
27682  32.478  -61.827  17.860 0.4000000060
27690  32.525  -61.420  16.995 0.4000000060
28560  31.726  -60.563  25.106 0.6000000238
28592  29.877  -61.003  23.146 0.6000000238
28620  30.829  -60.747  20.734 0.5000000000
28622  27.376  -60.671  20.551 0.5000000000
28629  32.040  -60.659  19.137 0.5000000000
28632  25.413  -60.809  18.507 0.4000000060
28635  32.978  -60.465  17.464 0.5000000000
29560  30.290  -59.523  22.947 0.6999999881
29572  30.499  -59.685  21.972 0.6000000238
29586  26.875  -59.924  20.290 0.5000000000
29594  32.674  -59.381  18.719 0.6000000238
29611  24.419  -59.522  18.155 0.3000000119
29618  33.391  -59.294  16.902 0.6999999881
30464  32.199  -58.783  25.693 0.8000000119
30465  31.468  -58.504  25.279 0.8000000119
30476  35.402  -58.372  24.352 0.5000000000
30478  30.774  -58.648  24.498 0.8000000119
30527  29.400  -58.754  20.026 0.6000000238
30541  29.951  -58.570  19.355 0.6000000238
30551  30.392  -58.413  18.476 0.6999999881
30561  33.680  -58.786  17.000 0.6999999881
31425  32.328  -57.464  25.913 0.8000000119
31440  35.192  -57.205  25.481 0.6000000238
31469  30.788  -57.655  23.306 0.8000000119
31482  36.466  -57.921  22.989 0.6000000238
31529  33.309  -57.495  18.475 0.8999999762
31538  32.319  -57.135  16.759 0.8000000119
31541  33.572  -58.045  16.945 0.8000000119
32446  35.900  -56.191  25.361 0.4000000060
32448  32.420  -56.325  25.949 0.6999999881
32465  30.912  -57.055  23.986 0.8000000119
32494  31.343  -56.809  22.176 0.8000000119
32521  32.027  -56.976  20.466 0.8000000119
33394  33.396  -55.876  26.523 0.6999999881
33426  32.013  -55.155  25.292 0.6999999881
33443  38.372  -55.472  21.920 0.4000000060
33444  37.872  -55.563  22.576 0.5000000000
33452  39.502  -54.967  20.940 0.4000000060
33477  32.888  -55.722  19.599 0.8999999762
33478  30.093  -55.345  19.068 0.6999999881
33480  28.571  -54.879  19.803 0.6000000238
33511  31.569  -55.391  17.394 0.6999999881
33514  34.478  -56.106  16.453 0.8000000119
34328  44.069  -54.026  26.034 0.3000000119
34332  33.787  -54.647  26.816 0.6999999881
34347  42.028  -54.266  25.083 0.3000000119
34369  42.115  -54.222  23.303 0.3000000119
34372  37.837  -54.197  23.659 0.4000000060
34374  31.813  -54.712  23.470 0.8000000119
34431  35.522  -55.266  16.056 0.8000000119
35188  45.378  -53.549  26.490 0.3000000119
35194  35.912  -53.524  27.304 0.6000000238
35207  42.343  -53.921  25.792 0.4000000060
35209  40.611  -53.104  25.102 0.4000000060
35223  41.081  -53.568  24.437 0.3000000119
35227  32.384  -53.663  24.720 0.8000000119
35232  40.840  -52.830  22.574 0.3000000119
35240  41.868  -53.330  21.565 0.3000000119
35243  39.700  -52.491  22.273 0.3000000119
35252  41.504  -53.058  20.874 0.3000000119
35260  42.042  -53.310  20.033 0.3000000119
35261  41.405  -53.293  20.381 0.3000000119
35267  41.901  -53.656  19.393 0.3000000119
35281  34.804  -54.734  18.214 1.0000000000
36016  34.441  -52.314  27.459 0.6999999881
36054  39.327  -51.859  25.161 0.4000000060
36056  32.856  -52.784  25.746 0.8000000119
36079  39.327  -52.074  23.527 0.3000000119
36081  32.653  -52.414  23.741 0.8000000119
36085  39.807  -52.292  22.768 0.3000000119
36118  36.858  -52.916  16.149 1.0000000000
36808  35.926  -50.845  28.267 0.6999999881
36825  35.714  -51.832  28.008 0.6999999881
36852  33.729  -52.057  26.781 0.6999999881
36865  46.257  -51.493  25.962 0.4000000060
36866  45.053  -51.097  25.663 0.4000000060
36868  43.654  -51.387  25.990 0.4000000060
36935  30.405  -51.659  20.173 0.6000000238
36948  35.457  -51.588  18.904 1.0000000000
36951  30.385  -51.833  19.240 0.6999999881
37768  38.312  -50.194  27.289 0.5000000000
37771  35.190  -50.364  28.171 0.6999999881
37786  43.029  -51.044  26.095 0.4000000060
37790  39.594  -50.615  26.703 0.4000000060
37805  48.595  -50.870  25.442 0.3000000119
37809  44.561  -50.661  25.541 0.4000000060
37825  33.337  -50.331  24.343 0.6999999881
37839  47.723  -49.904  24.040 0.3000000119
37849  33.607  -50.523  22.718 0.8000000119
37850  30.700  -50.510  22.070 0.6000000238
37875  35.494  -50.106  20.092 0.8999999762
37904  38.479  -51.450  16.079 1.0000000000
37906  34.767  -50.896  16.685 0.8999999762
37912  39.177  -51.025  15.374 1.0000000000
38743  36.340  -49.504  28.330 0.6999999881
38744  35.754  -49.245  28.367 0.5000000000
38758  39.986  -49.014  27.336 0.4000000060
38762  36.993  -49.952  27.960 0.6999999881
38779  42.441  -49.763  26.139 0.4000000060
38783  34.115  -49.639  26.786 0.6000000238
38796  33.670  -49.656  25.353 0.6999999881
38809  46.302  -49.937  24.576 0.3000000119
38822  48.781  -49.984  23.066 0.3000000119
38833  34.345  -49.229  22.809 0.6999999881
38863  32.881  -49.733  20.532 0.8999999762
38873  36.661  -49.728  19.252 1.0000000000
38891  35.801  -50.007  16.728 0.8999999762
38894  39.564  -50.701  15.428 1.0000000000
38896  37.177  -50.556  15.612 1.0000000000
38899  39.001  -50.873  15.232 1.0000000000
39716  36.992  -48.257  28.445 0.5000000000
39730  38.636  -48.139  28.063 0.5000000000
39796  46.221  -49.051  22.753 0.3000000119
39834  36.532  -48.403  20.406 0.8999999762
39846  35.246  -48.292  19.053 0.8999999762
39855  36.271  -48.375  17.821 1.0000000000
39868  40.621  -49.512  15.091 1.0000000000
39872  41.093  -48.606  14.216 1.0000000000
40668  35.679  -47.860  28.287 0.6000000238
40681  38.634  -47.164  28.150 0.5000000000
40682  35.100  -48.073  27.804 0.6000000238
40737  44.182  -47.771  23.158 0.3000000119
40741  34.565  -48.189  24.110 0.6999999881
40759  35.615  -47.390  22.565 0.8000000119
40773  32.305  -47.758  21.657 0.6999999881
40774  31.519  -47.271  21.772 0.6999999881
40799  37.636  -47.641  19.543 1.0000000000
40801  34.864  -47.819  19.729 0.8999999762
40812  39.499  -48.399  17.184 1.0000000000
40828  41.285  -47.987  13.937 1.0000000000
41582  37.918  -46.755  28.410 0.5000000000
41584  35.840  -47.000  28.262 0.6000000238
41597  39.841  -47.044  27.325 0.5000000000
41615  39.694  -45.738  26.976 0.5000000000
41628  35.029  -46.118  25.777 0.6000000238
41639  41.749  -46.227  24.402 0.3000000119
41682  36.519  -46.518  21.563 0.8000000119
41683  32.396  -46.413  21.200 0.6999999881
41735  42.427  -46.108  14.025 1.0000000000
41747  41.292  -47.327  13.762 1.0000000000
42475  39.099  -45.030  27.282 0.5000000000
42477  37.308  -45.234  28.077 0.5000000000
42479  35.606  -45.597  27.266 0.6000000238
42512  35.295  -45.511  25.208 0.6999999881
42578  31.213  -45.365  20.602 0.6000000238
42590  34.597  -45.533  19.755 0.8000000119
42603  39.382  -45.327  18.275 1.0000000000
42624  42.763  -45.230  14.123 1.0000000000
42635  41.671  -46.387  13.609 1.0000000000
43500  38.384  -44.594  27.533 0.5000000000
43548  41.050  -44.067  24.769 0.3000000119
43566  36.136  -44.383  23.213 0.6999999881
43588  37.247  -44.678  21.063 0.8000000119
43612  33.876  -43.786  19.400 0.6000000238
43640  38.137  -43.991  17.070 0.8999999762
43651  39.778  -44.110  15.543 1.0000000000
44531  36.875  -43.625  27.102 0.6000000238
44557  36.346  -43.441  26.501 0.6999999881
44570  39.877  -43.482  25.964 0.4000000060
44571  36.058  -43.249  25.756 0.6999999881
44586  41.010  -43.308  24.846 0.3000000119
44587  35.978  -43.135  24.910 0.6999999881
44640  33.142  -43.549  19.254 0.5000000000
44663  40.442  -43.518  17.488 0.8999999762
45581  38.825  -42.585  26.439 0.4000000060
45641  37.587  -42.515  21.375 0.6999999881
45666  39.577  -42.437  18.337 0.8000000119
45682  35.943  -42.334  15.187 0.6999999881
45683  35.365  -42.344  15.221 0.6999999881
45714  34.301  -41.631  15.084 0.6999999881
46578  38.440  -41.986  26.333 0.6000000238
46579  37.685  -41.919  26.233 0.6999999881
46626  41.673  -41.921  24.334 0.3000000119
46700  42.912  -42.421  13.774 0.8999999762
46714  42.988  -42.004  13.057 0.8000000119
47551  37.779  -40.794  25.251 0.6999999881
47565  40.819  -40.461  24.883 0.5000000000
47567  37.581  -40.593  24.471 0.6999999881
47577  37.545  -40.526  23.706 0.6999999881
47595  37.837  -40.832  21.972 0.6000000238
47610  39.295  -40.302  19.319 0.5000000000
47651  32.870  -39.906  15.413 0.4000000060
47666  42.571  -40.593  12.784 0.6999999881
48495  40.237  -39.978  25.093 0.6000000238
48497  38.952  -39.807  25.154 0.6000000238
48516  38.603  -39.480  24.470 0.6000000238
48556  39.197  -39.282  20.182 0.5000000000
48568  36.314  -39.527  19.192 0.3000000119
49508  39.505  -38.239  23.693 0.5000000000
49517  42.696  -38.438  23.120 0.4000000060
49519  38.648  -38.729  22.362 0.5000000000
49527  36.080  -38.267  21.186 0.3000000119
50415  42.921  -37.230  22.735 0.4000000060
50430  40.359  -36.968  22.891 0.4000000060
50432  35.839  -37.328  22.246 0.3000000119
50437  39.620  -37.369  21.405 0.5000000000
50453  34.448  -38.026  20.944 0.3000000119
50479  41.480  -37.642  17.045 0.4000000060
50500  40.821  -37.400  13.712 0.5000000000
51251  35.237  -36.064  23.078 0.4000000060
51272  37.113  -36.352  22.441 0.3000000119
51283  44.503  -36.305  21.473 0.3000000119
51301  37.668  -36.780  20.676 0.3000000119
51360  41.980  -37.063  14.292 0.5000000000
52111  36.150  -35.398  23.525 0.4000000060
52129  41.031  -35.843  22.212 0.4000000060
52141  40.850  -35.634  21.561 0.4000000060
52142  38.379  -35.517  21.249 0.3000000119
52154  40.758  -35.633  20.677 0.5000000000
53019  36.066  -34.168  24.055 0.4000000060
53021  34.986  -34.797  23.415 0.3000000119
53034  42.164  -34.863  22.026 0.4000000060
53045  43.238  -34.509  21.842 0.4000000060
53073  42.631  -33.977  18.713 0.3000000119
53861  38.197  -33.592  23.565 0.4000000060
53864  34.687  -33.460  23.344 0.3000000119
53878  39.160  -33.631  22.386 0.3000000119
53879  38.671  -33.810  22.939 0.3000000119
54674  36.853  -33.181  24.378 0.3000000119
54701  34.397  -32.994  22.555 0.3000000119
55566  35.614  -31.415  24.592 0.3000000119
55581  34.498  -31.719  23.373 0.3000000119
56498  34.955  -30.742  24.347 0.3000000119
57349  36.312  -29.465  25.081 0.3000000119
57373  34.682  -30.173  24.060 0.3000000119
110267  39.514  -34.012  19.919 0.3000000119
110696  48.851  -50.507  20.572 0.3000000119
111653  34.729  -34.181  23.288 0.3000000119
112365  29.479  -62.988  23.148 0.5000000000
112715  35.192  -37.681  21.787 0.3000000119
113243  39.336  -37.942  23.048 0.5000000000
113502  47.036  -49.458  22.875 0.3000000119
114481  37.566  -48.665  16.147 1.0000000000
114550  38.698  -44.229  19.277 0.8000000119
116629  36.149  -43.090  24.154 0.6999999881
116828  32.494  -54.035  25.335 0.8000000119
117056  42.883  -54.515  22.612 0.3000000119
117185  30.405  -60.814  24.347 0.6000000238
117228  39.566  -38.211  20.317 0.5000000000
117234  41.690  -51.224  26.500 0.4000000060
117532  36.860  -34.331  23.903 0.4000000060
117648  32.799  -54.035  25.945 0.6999999881
117664  42.803  -35.846  15.964 0.4000000060
118081  32.577  -57.155  19.520 0.8999999762
119425  34.368  -48.309  24.911 0.6999999881
120292  33.134  -42.891  18.040 0.6000000238
121350  32.173  -47.012  21.524 0.6999999881
123910  34.400  -32.259  22.009 0.3000000119
124632  45.545  -51.488  25.908 0.4000000060
124973  39.477  -51.180  26.265 0.5000000000
124983  33.536  -58.502  25.750 0.6999999881
124991  43.983  -52.861  26.312 0.4000000060
125594  42.395  -45.572  13.541 1.0000000000
125646  35.657  -53.945  15.809 0.8999999762
126031  31.246  -61.902  19.551 0.5000000000
126381  35.374  -46.366  24.044 0.6999999881
126472  43.343  -47.824  24.269 0.4000000060
126566  37.478  -54.344  24.326 0.4000000060
126569  37.580  -43.292  17.221 1.0000000000
126625  33.140  -51.649  22.826 0.8000000119
126672  21.811  -63.581  18.988 0.4000000060
126788  33.575  -49.880  19.353 1.0000000000
126984  31.567  -56.319  25.055 0.6999999881
127999  35.524  -54.655  26.895 0.6000000238
128416  34.407  -40.103  18.731 0.3000000119
128847  40.281  -37.966  18.926 0.5000000000
129213  22.118  -64.408  18.959 0.4000000060
129331  42.295  -42.479  15.230 0.8999999762
129593  28.168  -63.393  19.672 0.5000000000
130297  32.098  -58.469  19.898 0.6999999881
130390  38.645  -40.036  20.710 0.5000000000
130937  29.850  -63.708  20.757 0.5000000000
131348  34.247  -52.379  19.695 0.8999999762
131386  37.276  -46.479  28.467 0.5000000000
131894  31.328  -57.366  21.750 0.6999999881
131951  37.329  -45.852  20.583 0.8000000119
132013  38.387  -43.787  19.745 0.6999999881
132034  29.117  -62.717  18.528 0.4000000060
132864  36.468  -32.790  24.487 0.3000000119
133125  34.337  -35.094  22.369 0.3000000119
133289  49.046  -50.120  23.594 0.3000000119
133326  31.913  -45.249  20.624 0.6999999881
