#!ascii label  , from subject sub-v1s2x0051480_ses-1 vox2ras=TkReg
352
69336  30.767  -15.565  15.047 0.0000000000
60151  25.805  -27.556  16.813 0.0000000000
74416  29.783  -9.432  14.836 0.0000000000
83094  24.528  0.714  13.328 0.0000000000
59280  23.721  -28.164  17.597 0.0000000000
76243  31.604  -7.414  12.391 0.0000000000
78930  30.152  -4.656  14.015 0.0000000000
67657  27.838  -17.870  15.057 0.0000000000
65089  28.335  -21.575  15.511 0.0000000000
119835  31.213  -19.710  15.487 0.0000000000
70992  34.381  -13.396  14.378 0.0000000000
68501  34.357  -17.090  15.625 0.0000000000
71839  30.314  -12.530  14.864 0.0000000000
73579  33.068  -10.184  12.999 0.0000000000
80749  25.067  -2.338  13.706 0.0000000000
110963  29.318  -2.081  13.323 0.0000000000
61066  27.066  -25.444  16.315 0.0000000000
78027  29.459  -5.417  14.779 0.0000000000
78933  27.451  -4.443  14.606 0.0000000000
68506  29.561  -16.864  14.803 0.0000000000
66767  29.470  -18.461  15.054 0.0000000000
67653  31.303  -17.942  15.423 0.0000000000
59296  24.354  -27.484  17.272 0.0000000000
72678  30.212  -10.971  14.888 0.0000000000
118879  32.471  -10.970  14.831 0.0000000000
74414  31.900  -9.543  14.598 0.0000000000
77199  31.140  -6.894  10.657 0.0000000000
75332  31.739  -8.585  10.715 0.0000000000
83106  23.281  0.518  11.824 0.0000000000
80769  23.515  -2.363  11.293 0.0000000000
123621  24.379  -0.755  13.242 0.0000000000
83809  28.728  1.741  11.758 0.0000000000
83114  28.926  0.433  11.403 0.0000000000
130954  28.993  -0.677  13.018 0.0000000000
112149  29.133  -1.157  10.745 0.0000000000
118138  29.728  -2.433  11.745 0.0000000000
63512  29.617  -22.447  15.720 0.0000000000
129794  27.996  -23.579  15.829 0.0000000000
58408  22.342  -28.297  18.551 0.0000000000
75293  30.723  -8.196  14.804 0.0000000000
77127  30.191  -6.789  14.886 0.0000000000
77162  30.847  -6.011  13.374 0.0000000000
78064  30.788  -5.511  11.670 0.0000000000
115908  26.591  -20.799  15.722 0.0000000000
65936  27.647  -19.746  15.453 0.0000000000
65088  29.390  -20.858  15.331 0.0000000000
131896  31.077  -22.031  15.114 0.0000000000
70139  32.946  -14.441  15.529 0.0000000000
114674  32.773  -16.065  15.630 0.0000000000
70137  34.656  -15.015  15.051 0.0000000000
69348  29.508  -15.545  14.257 0.0000000000
70995  29.422  -13.686  14.042 0.0000000000
122804  30.937  -14.030  15.082 0.0000000000
71826  32.767  -12.857  15.226 0.0000000000
71852  33.841  -12.120  13.837 0.0000000000
72704  33.903  -11.876  11.615 0.0000000000
75305  32.306  -8.890  13.269 0.0000000000
74456  32.356  -10.147  10.590 0.0000000000
79883  25.368  -3.573  13.715 0.0000000000
125595  27.075  0.767  14.268 0.0000000000
82334  27.334  -0.653  14.414 0.0000000000
81562  27.289  -1.704  14.489 0.0000000000
128339  28.167  -3.171  14.675 0.0000000000
79882  29.974  -3.408  13.194 0.0000000000
79900  30.185  -3.921  11.293 0.0000000000
61081  25.251  -25.503  16.539 0.0000000000
63502  26.383  -22.707  16.119 0.0000000000
67651  32.862  -18.667  15.718 0.0000000000
113290  31.959  -20.374  15.925 0.0000000000
78932  28.111  -4.867  14.767 0.0000000000
128678  30.350  -16.315  14.947 0.0000000000
130974  30.050  -16.852  14.951 0.0000000000
114227  31.153  -16.344  15.221 0.0000000000
57448  21.815  -30.146  19.224 0.0000000000
58395  21.316  -28.936  19.440 0.0000000000
59295  25.349  -28.124  17.068 0.0000000000
73553  29.612  -10.328  14.716 0.0000000000
73552  30.612  -10.015  14.958 0.0000000000
74415  31.273  -9.472  14.837 0.0000000000
76269  30.851  -7.031  9.561 0.0000000000
76268  31.171  -7.521  10.101 0.0000000000
131798  23.700  0.850  12.399 0.0000000000
82346  23.673  -0.610  12.336 0.0000000000
82337  24.794  -0.058  13.624 0.0000000000
82360  29.105  -0.336  11.312 0.0000000000
81593  29.151  -1.895  10.160 0.0000000000
63499  30.198  -22.390  15.627 0.0000000000
63500  29.296  -22.792  15.898 0.0000000000
61069  23.552  -25.774  17.432 0.0000000000
76189  29.142  -7.414  15.057 0.0000000000
77129  28.605  -6.736  14.993 0.0000000000
78026  30.120  -5.314  14.430 0.0000000000
115175  30.557  -5.932  14.207 0.0000000000
78042  30.504  -5.309  13.721 0.0000000000
78054  30.734  -5.425  12.750 0.0000000000
129558  30.608  -4.913  12.249 0.0000000000
83787  23.639  2.432  12.101 0.0000000000
66770  26.863  -18.843  15.406 0.0000000000
66769  27.799  -18.846  15.317 0.0000000000
119834  30.344  -19.324  15.311 0.0000000000
119758  29.458  -19.554  15.260 0.0000000000
65934  30.368  -20.572  15.320 0.0000000000
65087  30.505  -21.830  15.245 0.0000000000
65933  30.903  -20.351  15.345 0.0000000000
124445  23.153  -28.563  17.989 0.0000000000
114759  23.097  -29.424  18.171 0.0000000000
70976  33.953  -13.754  14.841 0.0000000000
70138  33.833  -14.443  15.193 0.0000000000
70157  34.748  -14.156  14.565 0.0000000000
69349  28.834  -15.500  14.232 0.0000000000
71840  29.584  -12.731  14.409 0.0000000000
116603  30.017  -13.288  14.515 0.0000000000
70994  30.160  -14.110  14.350 0.0000000000
70980  30.649  -13.270  14.995 0.0000000000
70979  31.645  -13.208  15.381 0.0000000000
71827  32.029  -12.227  15.307 0.0000000000
73549  32.931  -10.833  14.388 0.0000000000
72676  33.413  -11.495  14.112 0.0000000000
73565  33.304  -10.870  13.541 0.0000000000
72691  33.865  -11.717  13.002 0.0000000000
73578  33.449  -11.025  12.372 0.0000000000
76206  31.302  -7.839  14.333 0.0000000000
75292  31.872  -8.338  13.872 0.0000000000
75306  31.984  -8.176  12.884 0.0000000000
75331  32.186  -9.081  11.220 0.0000000000
73606  32.599  -11.128  9.939 0.0000000000
80763  23.784  -2.283  12.312 0.0000000000
79893  23.725  -3.035  11.867 0.0000000000
79885  23.992  -2.919  12.766 0.0000000000
79892  24.210  -3.669  12.512 0.0000000000
79869  25.411  -2.913  13.781 0.0000000000
83798  28.742  1.462  12.453 0.0000000000
84463  28.590  2.229  12.527 0.0000000000
83770  28.098  0.828  14.106 0.0000000000
83082  28.275  0.211  14.032 0.0000000000
81571  28.860  -1.226  13.479 0.0000000000
81561  28.049  -1.263  14.375 0.0000000000
80761  28.670  -1.811  14.150 0.0000000000
80746  27.740  -2.572  14.610 0.0000000000
80745  28.437  -2.579  14.484 0.0000000000
79865  28.783  -3.323  14.467 0.0000000000
117655  29.567  -2.865  13.492 0.0000000000
79908  29.365  -3.240  9.617 0.0000000000
80774  29.939  -3.078  11.560 0.0000000000
79907  29.815  -3.992  9.965 0.0000000000
121178  30.267  -4.549  10.636 0.0000000000
61925  24.437  -24.705  17.003 0.0000000000
64256  26.473  -21.769  15.905 0.0000000000
64272  27.475  -21.647  15.679 0.0000000000
61938  27.463  -24.596  16.174 0.0000000000
118273  27.519  -24.291  15.959 0.0000000000
61939  27.126  -25.073  16.008 0.0000000000
118686  26.639  -25.824  16.174 0.0000000000
112660  32.622  -17.577  15.571 0.0000000000
115545  33.550  -17.838  15.708 0.0000000000
115531  29.287  -6.090  15.005 0.0000000000
78028  28.496  -5.677  14.876 0.0000000000
120765  28.873  -4.776  14.741 0.0000000000
127177  29.717  -4.172  14.179 0.0000000000
68507  28.945  -16.865  14.676 0.0000000000
67656  28.778  -17.694  14.862 0.0000000000
67655  29.483  -17.593  14.899 0.0000000000
128592  30.015  -18.271  15.154 0.0000000000
66766  30.661  -18.615  15.385 0.0000000000
58407  24.184  -29.466  17.518 0.0000000000
121291  24.846  -28.817  17.103 0.0000000000
57459  25.280  -29.818  17.409 0.0000000000
71008  34.779  -13.163  13.617 0.0000000000
70156  35.631  -14.259  13.692 0.0000000000
72679  29.367  -11.199  14.523 0.0000000000
72666  30.705  -11.672  15.056 0.0000000000
72665  31.548  -11.559  15.186 0.0000000000
73536  31.108  -10.849  15.048 0.0000000000
73550  32.310  -10.290  14.632 0.0000000000
131790  32.367  -9.715  14.240 0.0000000000
75318  31.918  -8.255  11.764 0.0000000000
76255  31.510  -7.651  11.062 0.0000000000
119704  31.336  -8.215  9.989 0.0000000000
81573  24.009  -1.510  12.774 0.0000000000
81565  24.704  -1.588  13.545 0.0000000000
83115  28.632  1.096  10.880 0.0000000000
83104  29.111  0.260  12.146 0.0000000000
82344  28.592  -0.342  13.639 0.0000000000
118176  29.312  -1.013  11.697 0.0000000000
81579  29.299  -1.326  12.562 0.0000000000
121354  29.577  -2.056  12.365 0.0000000000
81585  29.481  -1.760  11.441 0.0000000000
64270  28.800  -21.890  15.451 0.0000000000
64271  28.399  -22.368  15.655 0.0000000000
63514  28.405  -22.983  15.802 0.0000000000
62740  28.065  -23.963  15.999 0.0000000000
59272  21.421  -28.021  19.220 0.0000000000
59282  21.889  -27.263  18.792 0.0000000000
60139  23.222  -27.074  17.780 0.0000000000
60153  23.636  -26.563  17.495 0.0000000000
120934  24.387  -26.468  17.095 0.0000000000
60166  25.231  -26.331  16.575 0.0000000000
113957  29.131  -8.976  14.760 0.0000000000
120226  30.642  -9.045  14.888 0.0000000000
75279  30.175  -7.830  15.006 0.0000000000
76187  30.629  -7.349  14.730 0.0000000000
77144  31.144  -7.054  14.113 0.0000000000
77146  30.040  -6.082  14.807 0.0000000000
118490  30.924  -6.454  13.924 0.0000000000
77174  31.271  -6.764  13.199 0.0000000000
77175  31.108  -6.197  12.338 0.0000000000
77189  31.037  -6.221  11.256 0.0000000000
77200  30.813  -6.161  10.201 0.0000000000
114246  23.318  1.611  11.906 0.0000000000
83095  24.019  1.210  12.695 0.0000000000
83774  24.559  1.652  13.210 0.0000000000
65937  26.718  -19.864  15.591 0.0000000000
119848  28.381  -20.717  15.416 0.0000000000
66768  28.651  -18.659  15.138 0.0000000000
65935  28.530  -19.717  15.329 0.0000000000
128829  28.952  -21.518  15.376 0.0000000000
123151  29.672  -21.756  15.376 0.0000000000
64269  30.088  -22.200  15.442 0.0000000000
64255  30.658  -22.281  15.248 0.0000000000
70140  32.087  -14.611  15.570 0.0000000000
114531  32.039  -16.181  15.427 0.0000000000
117807  33.355  -14.971  15.557 0.0000000000
127616  34.356  -15.935  15.480 0.0000000000
69332  35.390  -15.771  14.836 0.0000000000
115659  35.571  -14.933  14.346 0.0000000000
68517  36.192  -16.637  14.528 0.0000000000
68519  28.453  -16.151  14.444 0.0000000000
68518  29.168  -16.173  14.476 0.0000000000
69347  30.100  -15.575  14.534 0.0000000000
122583  29.594  -14.451  13.959 0.0000000000
70142  30.483  -14.834  14.719 0.0000000000
70141  31.257  -14.752  15.257 0.0000000000
119099  31.667  -14.057  15.440 0.0000000000
70977  33.260  -13.711  15.201 0.0000000000
70993  33.654  -13.079  14.785 0.0000000000
121666  32.680  -12.027  15.089 0.0000000000
71838  33.371  -12.212  14.635 0.0000000000
71837  34.118  -12.712  14.132 0.0000000000
71851  34.485  -12.569  13.046 0.0000000000
72703  34.362  -12.353  12.045 0.0000000000
112326  31.478  -8.749  14.546 0.0000000000
74413  32.144  -9.090  14.109 0.0000000000
74441  32.671  -9.528  12.594 0.0000000000
75317  32.331  -8.863  12.229 0.0000000000
116834  32.533  -9.556  11.674 0.0000000000
73594  32.940  -10.347  11.728 0.0000000000
73593  33.367  -11.349  11.101 0.0000000000
117151  25.989  -4.092  14.155 0.0000000000
83773  25.473  1.477  13.807 0.0000000000
83772  26.470  1.455  14.039 0.0000000000
83086  25.142  0.685  13.875 0.0000000000
82336  25.535  -0.192  14.188 0.0000000000
121630  25.865  -1.013  14.334 0.0000000000
81564  25.459  -1.680  14.055 0.0000000000
82333  28.140  -0.457  14.206 0.0000000000
125832  26.618  -1.108  14.453 0.0000000000
81563  26.290  -1.766  14.349 0.0000000000
80747  26.744  -2.652  14.377 0.0000000000
79867  26.600  -3.484  14.313 0.0000000000
119644  26.838  -4.058  14.357 0.0000000000
120829  28.312  -3.992  14.711 0.0000000000
78931  29.145  -4.063  14.505 0.0000000000
78945  30.043  -4.034  13.611 0.0000000000
79891  29.831  -2.750  12.594 0.0000000000
79881  30.197  -3.532  12.308 0.0000000000
78955  30.434  -4.266  12.231 0.0000000000
78964  30.496  -4.744  11.470 0.0000000000
78074  30.556  -5.305  10.597 0.0000000000
61068  24.365  -25.587  16.979 0.0000000000
63503  25.504  -22.858  16.442 0.0000000000
63515  27.512  -22.686  15.814 0.0000000000
62742  26.307  -23.495  16.189 0.0000000000
62743  25.690  -23.899  16.444 0.0000000000
61940  26.393  -25.014  16.096 0.0000000000
61080  25.943  -25.933  16.132 0.0000000000
68504  31.713  -17.198  15.355 0.0000000000
67652  32.011  -18.301  15.439 0.0000000000
66765  31.465  -18.865  15.523 0.0000000000
118461  33.868  -18.894  15.716 0.0000000000
66764  32.307  -19.309  15.717 0.0000000000
119071  31.857  -19.872  15.730 0.0000000000
65932  31.496  -20.874  15.498 0.0000000000
58424  25.133  -29.684  17.148 0.0000000000
60152  25.258  -27.192  16.788 0.0000000000
62741  27.139  -23.580  15.918 0.0000000000
63501  28.585  -23.223  16.010 0.0000000000
63513  28.996  -22.721  15.779 0.0000000000
64267  31.542  -21.749  15.092 0.0000000000
64268  30.739  -22.217  15.204 0.0000000000
66763  33.234  -19.536  15.824 0.0000000000
67654  30.147  -17.620  15.124 0.0000000000
68500  35.239  -16.676  15.226 0.0000000000
68502  33.348  -16.650  15.713 0.0000000000
68503  32.468  -16.717  15.544 0.0000000000
68505  30.729  -17.207  15.224 0.0000000000
69333  33.390  -15.649  15.619 0.0000000000
69334  32.608  -15.314  15.622 0.0000000000
69335  31.638  -15.462  15.382 0.0000000000
69337  29.749  -16.218  14.635 0.0000000000
69346  36.384  -15.802  14.026 0.0000000000
70158  29.909  -14.925  14.097 0.0000000000
70978  32.415  -13.784  15.471 0.0000000000
70991  35.038  -13.660  13.957 0.0000000000
71828  31.154  -12.389  15.224 0.0000000000
72664  32.265  -11.496  15.107 0.0000000000
72677  32.884  -11.474  14.769 0.0000000000
73535  31.897  -10.857  15.045 0.0000000000
73551  31.544  -10.144  14.921 0.0000000000
73566  32.823  -10.195  13.958 0.0000000000
74429  32.582  -9.572  13.580 0.0000000000
75280  29.602  -7.854  15.043 0.0000000000
75294  29.858  -8.504  14.963 0.0000000000
76188  29.914  -7.310  15.054 0.0000000000
76224  31.554  -7.578  13.532 0.0000000000
76281  30.961  -7.848  9.168 0.0000000000
77128  29.566  -6.716  15.053 0.0000000000
77145  30.617  -6.592  14.495 0.0000000000
77188  31.348  -6.834  11.690 0.0000000000
78029  27.314  -5.510  14.581 0.0000000000
78934  26.615  -4.816  14.260 0.0000000000
78944  30.434  -4.635  13.104 0.0000000000
78946  25.295  -4.349  13.461 0.0000000000
79864  29.523  -3.477  14.008 0.0000000000
79866  27.448  -3.462  14.574 0.0000000000
79868  25.977  -3.186  14.101 0.0000000000
79884  24.697  -3.093  13.347 0.0000000000
79901  29.788  -3.360  10.664 0.0000000000
80748  25.822  -2.424  14.091 0.0000000000
80760  29.095  -2.663  14.075 0.0000000000
80762  24.340  -2.294  13.148 0.0000000000
80775  29.537  -2.602  10.668 0.0000000000
81572  28.436  -1.034  13.997 0.0000000000
82355  28.969  0.055  12.959 0.0000000000
83083  27.712  0.239  14.284 0.0000000000
83085  26.092  0.566  14.296 0.0000000000
83105  28.833  0.829  12.737 0.0000000000
83797  28.907  0.984  11.930 0.0000000000
111876  32.858  -10.943  10.681 0.0000000000
113813  28.083  -1.970  14.522 0.0000000000
117017  30.823  -18.046  15.400 0.0000000000
119760  30.981  -21.450  15.085 0.0000000000
120590  27.505  -20.711  15.565 0.0000000000
120837  29.602  -4.718  14.481 0.0000000000
121516  28.347  -8.950  14.518 0.0000000000
121961  33.918  -15.173  15.411 0.0000000000
123109  25.093  -0.895  13.928 0.0000000000
124729  26.015  -25.503  16.206 0.0000000000
127463  29.868  -11.854  14.708 0.0000000000
128608  30.266  -3.958  12.906 0.0000000000
131187  27.672  0.815  14.233 0.0000000000
132521  30.806  -5.800  10.950 0.0000000000
132862  31.366  -6.793  12.427 0.0000000000
