#!ascii label  , from subject sub-v1s2x0051490_ses-1 vox2ras=TkReg
1664
55605  -46.616  -31.768  75.429 0.0000000000
147877  -32.759  -41.169  79.640 0.0000000000
61208  -45.585  -27.575  60.355 0.0000000000
55734  -46.413  -32.280  66.498 0.0000000000
52429  -50.592  -35.084  67.120 0.0000000000
49960  -39.886  -36.716  78.395 0.0000000000
50087  -31.707  -37.537  69.398 0.0000000000
53550  -39.402  -34.390  66.794 0.0000000000
44657  -24.262  -41.310  81.233 0.0000000000
74034  -53.254  -14.680  62.566 0.0000000000
128215  -23.698  -41.726  68.429 0.0000000000
56773  -46.895  -31.066  70.295 0.0000000000
51230  -48.639  -36.187  68.570 0.0000000000
53469  -50.371  -33.287  71.835 0.0000000000
52282  -43.323  -34.091  76.412 0.0000000000
50054  -40.678  -37.000  72.349 0.0000000000
54597  -43.377  -33.596  70.549 0.0000000000
56821  -42.946  -31.417  66.914 0.0000000000
146232  -54.380  -14.709  57.886 0.0000000000
126478  -28.669  -43.030  79.745 0.0000000000
44731  -24.831  -41.739  75.012 0.0000000000
43670  -28.415  -41.908  74.745 0.0000000000
56875  -48.771  -31.657  63.552 0.0000000000
46828  -36.770  -39.390  79.337 0.0000000000
46882  -33.149  -39.655  75.061 0.0000000000
141952  -37.405  -38.090  73.739 0.0000000000
50123  -35.760  -37.336  67.436 0.0000000000
43551  -22.099  -43.700  82.127 0.0000000000
59032  -55.009  -29.282  67.259 0.0000000000
63299  -53.233  -25.755  63.529 0.0000000000
71043  -54.913  -18.425  64.748 0.0000000000
137417  -50.769  -21.532  59.287 0.0000000000
71131  -48.869  -18.500  55.681 0.0000000000
42541  -22.020  -43.754  75.974 0.0000000000
47916  -28.278  -40.132  69.033 0.0000000000
56736  -46.699  -31.339  72.710 0.0000000000
55646  -48.792  -31.989  71.851 0.0000000000
55620  -48.582  -31.938  73.762 0.0000000000
53416  -45.021  -32.819  75.749 0.0000000000
52337  -43.748  -34.906  73.614 0.0000000000
54560  -45.379  -32.767  73.216 0.0000000000
55664  -44.761  -32.398  70.606 0.0000000000
60208  -42.546  -28.513  57.374 0.0000000000
62309  -45.499  -26.290  57.637 0.0000000000
43585  -30.559  -42.138  79.863 0.0000000000
43628  -29.283  -42.886  77.233 0.0000000000
44724  -30.892  -41.642  77.238 0.0000000000
139873  -46.211  -35.129  66.081 0.0000000000
50115  -49.179  -37.039  68.110 0.0000000000
130349  -48.095  -38.198  65.952 0.0000000000
144783  -49.191  -36.319  64.777 0.0000000000
54694  -48.488  -33.803  62.579 0.0000000000
54667  -50.377  -33.617  64.678 0.0000000000
127547  -38.465  -37.755  79.055 0.0000000000
46858  -37.372  -39.312  76.844 0.0000000000
48905  -38.900  -38.031  75.497 0.0000000000
52383  -39.825  -35.790  69.386 0.0000000000
51211  -39.019  -36.946  70.023 0.0000000000
52408  -37.980  -36.065  67.230 0.0000000000
57997  -44.874  -30.815  66.636 0.0000000000
61161  -54.433  -27.480  64.971 0.0000000000
69086  -53.138  -20.552  62.319 0.0000000000
71089  -52.656  -18.138  60.199 0.0000000000
69117  -50.461  -20.401  57.548 0.0000000000
73050  -51.237  -16.321  59.274 0.0000000000
73112  -52.397  -17.021  54.697 0.0000000000
45764  -22.402  -41.135  81.297 0.0000000000
43608  -22.279  -43.749  78.466 0.0000000000
45794  -22.248  -41.330  78.756 0.0000000000
45870  -23.654  -41.251  71.088 0.0000000000
140903  -22.092  -41.797  71.640 0.0000000000
43731  -22.264  -42.918  68.868 0.0000000000
48949  -32.411  -38.448  71.960 0.0000000000
145342  -30.321  -39.629  71.789 0.0000000000
48974  -29.835  -38.499  69.455 0.0000000000
151287  -46.611  -31.011  67.830 0.0000000000
53544  -47.682  -34.118  67.075 0.0000000000
54613  -48.385  -32.951  68.886 0.0000000000
52371  -49.353  -34.965  69.513 0.0000000000
51218  -50.387  -35.395  69.343 0.0000000000
51145  -41.618  -35.212  77.592 0.0000000000
50006  -40.939  -36.660  75.470 0.0000000000
51176  -42.220  -36.039  74.513 0.0000000000
52354  -42.434  -35.503  71.691 0.0000000000
54610  -41.268  -33.904  68.930 0.0000000000
55715  -41.196  -32.965  66.847 0.0000000000
55680  -42.801  -32.804  69.065 0.0000000000
56811  -44.877  -31.168  68.566 0.0000000000
76180  -52.350  -13.260  60.515 0.0000000000
78156  -54.779  -10.915  60.622 0.0000000000
43581  -26.762  -42.953  80.651 0.0000000000
147059  -24.677  -41.554  77.995 0.0000000000
43625  -26.918  -42.954  77.560 0.0000000000
43657  -26.473  -42.064  73.979 0.0000000000
44778  -26.422  -41.968  71.317 0.0000000000
51270  -47.102  -37.229  66.910 0.0000000000
56895  -46.320  -31.812  61.894 0.0000000000
60161  -46.563  -28.627  62.638 0.0000000000
45789  -34.836  -40.173  79.478 0.0000000000
45820  -33.171  -40.736  76.977 0.0000000000
130983  -35.123  -39.766  76.767 0.0000000000
47876  -34.957  -38.698  74.064 0.0000000000
147130  -34.697  -38.132  71.223 0.0000000000
48945  -38.613  -37.994  72.886 0.0000000000
50077  -36.737  -37.956  70.195 0.0000000000
127727  -33.751  -37.346  68.790 0.0000000000
56686  -48.308  -31.223  75.637 0.0000000000
46803  -33.946  -40.216  81.906 0.0000000000
48811  -37.755  -37.677  81.403 0.0000000000
51106  -39.996  -35.889  80.763 0.0000000000
55601  -49.892  -31.719  74.378 0.0000000000
142879  -51.763  -32.643  72.298 0.0000000000
139777  -52.647  -32.552  70.000 0.0000000000
57926  -54.301  -29.820  69.279 0.0000000000
55736  -52.439  -31.689  67.020 0.0000000000
137078  -51.696  -30.697  65.585 0.0000000000
60139  -50.252  -28.249  64.615 0.0000000000
62232  -49.465  -26.388  62.794 0.0000000000
66837  -55.219  -22.565  63.101 0.0000000000
65755  -51.661  -23.557  61.395 0.0000000000
63359  -48.273  -25.122  59.759 0.0000000000
65819  -48.272  -23.212  57.273 0.0000000000
74100  -51.284  -15.524  56.765 0.0000000000
40560  -21.569  -45.257  79.689 0.0000000000
41578  -21.110  -45.489  73.165 0.0000000000
44741  -22.331  -41.758  74.702 0.0000000000
139875  -21.794  -43.580  72.602 0.0000000000
45842  -31.089  -41.038  74.897 0.0000000000
45872  -28.488  -41.350  71.823 0.0000000000
135220  -26.359  -41.798  68.654 0.0000000000
46979  -26.312  -40.595  65.433 0.0000000000
55618  -46.705  -31.481  73.505 0.0000000000
56727  -48.048  -31.438  73.009 0.0000000000
147736  -47.972  -31.596  74.449 0.0000000000
54508  -45.699  -32.277  75.660 0.0000000000
53440  -44.939  -33.376  74.510 0.0000000000
54542  -45.959  -31.946  73.897 0.0000000000
55631  -46.008  -31.838  73.015 0.0000000000
60175  -44.527  -28.609  60.337 0.0000000000
60186  -44.508  -27.758  58.936 0.0000000000
61245  -43.735  -27.746  57.614 0.0000000000
62293  -45.175  -27.089  58.621 0.0000000000
44687  -32.124  -41.606  79.768 0.0000000000
43600  -30.616  -41.996  78.916 0.0000000000
44700  -32.058  -41.366  78.503 0.0000000000
54645  -45.469  -33.173  66.024 0.0000000000
147477  -46.797  -33.738  66.490 0.0000000000
51271  -49.870  -36.565  67.528 0.0000000000
146627  -49.543  -36.963  66.724 0.0000000000
52443  -49.996  -35.393  65.715 0.0000000000
52485  -49.725  -34.757  64.190 0.0000000000
53565  -50.305  -34.602  65.432 0.0000000000
48854  -38.993  -37.206  78.676 0.0000000000
48881  -38.710  -37.836  77.381 0.0000000000
48882  -39.445  -37.377  77.048 0.0000000000
53530  -39.298  -35.201  67.948 0.0000000000
52398  -38.966  -35.823  68.334 0.0000000000
52423  -38.390  -35.412  66.842 0.0000000000
52440  -37.477  -35.663  65.676 0.0000000000
56841  -45.845  -31.441  66.441 0.0000000000
143199  -44.579  -31.381  65.776 0.0000000000
54654  -45.165  -32.349  65.822 0.0000000000
72029  -53.448  -17.346  61.502 0.0000000000
74058  -52.911  -16.189  60.925 0.0000000000
72052  -52.262  -17.785  59.590 0.0000000000
74046  -52.182  -15.023  61.114 0.0000000000
45765  -23.416  -41.029  81.529 0.0000000000
45775  -22.124  -41.329  80.441 0.0000000000
45777  -23.309  -41.049  79.830 0.0000000000
45903  -23.188  -41.328  69.378 0.0000000000
130081  -22.571  -41.471  69.912 0.0000000000
45921  -22.743  -41.809  68.408 0.0000000000
42644  -23.352  -44.222  66.915 0.0000000000
43781  -23.472  -43.416  66.568 0.0000000000
48963  -32.472  -38.122  71.020 0.0000000000
48961  -30.822  -38.445  70.526 0.0000000000
50086  -30.905  -37.682  69.261 0.0000000000
56795  -46.609  -31.057  69.337 0.0000000000
55701  -47.841  -32.131  68.440 0.0000000000
55684  -48.062  -31.944  69.315 0.0000000000
54576  -49.869  -32.952  71.561 0.0000000000
53484  -49.574  -33.395  70.622 0.0000000000
53485  -50.120  -33.652  70.819 0.0000000000
51216  -49.854  -35.469  69.548 0.0000000000
52357  -50.462  -34.452  70.489 0.0000000000
52281  -42.872  -34.391  76.913 0.0000000000
51164  -42.242  -35.223  75.818 0.0000000000
52311  -42.838  -34.763  75.178 0.0000000000
53482  -43.772  -34.433  71.915 0.0000000000
52355  -43.201  -35.182  72.209 0.0000000000
53481  -43.009  -34.866  71.352 0.0000000000
53500  -41.927  -34.575  70.076 0.0000000000
54596  -42.553  -33.799  69.993 0.0000000000
54627  -42.033  -33.222  68.829 0.0000000000
54612  -43.092  -33.161  69.746 0.0000000000
151038  -46.359  -31.140  70.708 0.0000000000
55683  -45.231  -31.660  69.913 0.0000000000
56794  -45.613  -31.108  69.142 0.0000000000
57944  -46.125  -30.923  68.617 0.0000000000
43582  -27.483  -43.039  80.286 0.0000000000
141078  -26.785  -42.969  79.225 0.0000000000
129186  -27.472  -43.081  78.818 0.0000000000
43651  -28.958  -42.494  75.926 0.0000000000
43649  -27.896  -42.708  75.816 0.0000000000
143852  -27.591  -41.993  74.534 0.0000000000
43684  -26.576  -41.918  72.662 0.0000000000
144222  -27.186  -41.835  72.538 0.0000000000
137061  -47.874  -35.214  67.441 0.0000000000
52415  -47.438  -36.185  67.123 0.0000000000
137262  -47.931  -37.178  67.601 0.0000000000
51317  -48.212  -37.180  64.427 0.0000000000
50161  -47.281  -38.354  65.553 0.0000000000
50192  -47.025  -37.593  64.095 0.0000000000
130388  -48.438  -33.006  62.742 0.0000000000
55795  -47.085  -33.366  61.631 0.0000000000
56883  -47.118  -31.704  62.497 0.0000000000
58035  -46.454  -30.308  62.648 0.0000000000
58028  -47.728  -30.457  63.369 0.0000000000
46827  -36.295  -39.774  79.398 0.0000000000
126815  -35.485  -40.143  78.169 0.0000000000
46836  -36.342  -40.022  78.632 0.0000000000
125690  -37.248  -38.827  74.890 0.0000000000
47853  -36.664  -39.158  75.411 0.0000000000
47877  -35.844  -38.527  73.935 0.0000000000
133471  -34.793  -38.275  72.812 0.0000000000
48942  -35.593  -38.024  72.430 0.0000000000
50039  -41.006  -37.095  73.962 0.0000000000
48915  -39.664  -37.825  74.177 0.0000000000
50053  -39.946  -37.353  72.277 0.0000000000
50107  -37.226  -37.455  68.599 0.0000000000
50078  -37.661  -37.788  70.573 0.0000000000
50092  -36.562  -37.869  69.296 0.0000000000
131724  -34.948  -37.642  68.954 0.0000000000
55716  -41.817  -32.528  67.189 0.0000000000
49916  -38.919  -36.901  81.235 0.0000000000
53367  -42.287  -34.274  78.996 0.0000000000
55589  -48.942  -31.299  75.289 0.0000000000
55610  -51.261  -31.353  73.407 0.0000000000
56729  -51.958  -31.229  72.262 0.0000000000
148786  -52.465  -32.941  71.052 0.0000000000
55634  -52.668  -31.391  70.933 0.0000000000
57962  -54.663  -29.793  68.110 0.0000000000
56814  -53.692  -30.766  68.363 0.0000000000
56844  -53.760  -30.588  67.182 0.0000000000
56855  -52.237  -31.299  66.287 0.0000000000
58010  -53.629  -29.957  66.267 0.0000000000
62188  -54.044  -26.768  64.424 0.0000000000
61160  -52.780  -27.613  64.721 0.0000000000
61175  -51.379  -26.948  64.121 0.0000000000
62208  -49.837  -26.873  63.635 0.0000000000
62234  -51.265  -25.943  63.085 0.0000000000
69078  -54.898  -21.002  63.816 0.0000000000
68024  -51.813  -21.010  60.401 0.0000000000
66875  -52.672  -21.890  61.427 0.0000000000
66873  -51.471  -22.343  60.545 0.0000000000
64491  -50.128  -24.302  60.813 0.0000000000
65795  -49.540  -23.441  59.384 0.0000000000
64520  -48.007  -24.214  58.189 0.0000000000
144430  -49.458  -22.583  58.255 0.0000000000
70154  -49.850  -19.795  56.552 0.0000000000
68055  -48.985  -21.632  56.072 0.0000000000
147299  -48.209  -20.565  54.920 0.0000000000
76202  -53.605  -13.795  58.886 0.0000000000
75119  -51.653  -14.545  58.794 0.0000000000
74088  -53.183  -14.964  57.303 0.0000000000
42539  -22.252  -43.922  76.680 0.0000000000
41557  -22.074  -44.055  77.159 0.0000000000
41562  -21.836  -44.526  75.948 0.0000000000
145346  -21.471  -45.362  74.717 0.0000000000
41579  -21.781  -44.585  73.867 0.0000000000
44707  -24.475  -41.457  76.639 0.0000000000
45807  -23.396  -41.213  76.779 0.0000000000
45829  -23.176  -41.225  75.362 0.0000000000
43683  -21.930  -42.659  72.726 0.0000000000
39672  -23.628  -46.780  69.433 0.0000000000
45833  -32.931  -40.573  76.282 0.0000000000
45832  -32.080  -40.801  76.005 0.0000000000
46880  -31.549  -40.383  74.432 0.0000000000
46911  -29.379  -39.986  70.869 0.0000000000
46902  -29.720  -40.202  71.737 0.0000000000
46909  -28.167  -40.984  70.093 0.0000000000
45906  -27.415  -41.402  69.802 0.0000000000
45925  -26.919  -41.055  68.137 0.0000000000
46005  -25.801  -41.865  64.852 0.0000000000
131367  -46.938  -31.033  71.121 0.0000000000
56774  -47.763  -31.255  70.736 0.0000000000
56754  -48.202  -31.427  72.209 0.0000000000
55632  -48.718  -31.988  72.767 0.0000000000
54562  -49.928  -32.824  72.540 0.0000000000
53415  -44.493  -33.277  76.072 0.0000000000
52312  -43.719  -34.284  74.942 0.0000000000
53439  -44.401  -33.781  74.806 0.0000000000
53452  -44.917  -33.501  73.761 0.0000000000
53483  -44.406  -33.668  72.093 0.0000000000
54598  -44.120  -33.125  70.821 0.0000000000
55644  -45.375  -32.164  71.592 0.0000000000
55645  -46.058  -31.619  72.201 0.0000000000
63407  -45.353  -25.587  56.288 0.0000000000
43584  -29.910  -42.808  80.073 0.0000000000
127386  -28.836  -43.042  78.896 0.0000000000
43613  -29.999  -42.306  78.385 0.0000000000
43643  -29.732  -42.508  77.026 0.0000000000
44733  -29.267  -42.064  75.672 0.0000000000
50114  -48.741  -37.298  67.927 0.0000000000
50113  -48.309  -37.521  67.709 0.0000000000
50146  -48.861  -37.696  67.232 0.0000000000
51305  -48.682  -37.314  65.191 0.0000000000
51335  -48.451  -36.337  63.774 0.0000000000
141005  -47.797  -35.252  62.503 0.0000000000
52506  -48.914  -34.806  63.135 0.0000000000
54679  -49.541  -33.761  63.551 0.0000000000
150340  -49.381  -32.221  63.761 0.0000000000
139988  -37.674  -38.541  79.199 0.0000000000
46838  -37.322  -39.260  78.109 0.0000000000
47832  -37.836  -38.644  77.886 0.0000000000
47841  -38.133  -38.834  76.636 0.0000000000
47868  -38.311  -38.294  74.521 0.0000000000
51213  -40.398  -36.205  70.514 0.0000000000
50080  -39.346  -37.075  70.746 0.0000000000
51226  -39.222  -36.407  69.443 0.0000000000
51246  -38.674  -36.474  68.796 0.0000000000
51245  -37.420  -36.846  67.666 0.0000000000
51283  -35.778  -36.906  66.395 0.0000000000
52439  -36.680  -36.100  65.469 0.0000000000
148880  -43.536  -31.132  66.741 0.0000000000
56839  -43.488  -31.188  66.070 0.0000000000
60114  -56.471  -27.707  67.114 0.0000000000
59052  -54.747  -28.659  66.056 0.0000000000
61145  -56.033  -27.394  65.925 0.0000000000
62190  -55.804  -26.542  64.900 0.0000000000
145519  -54.976  -25.386  63.758 0.0000000000
72007  -54.728  -17.341  64.157 0.0000000000
70101  -54.177  -19.869  63.690 0.0000000000
71071  -53.550  -18.235  62.555 0.0000000000
70123  -52.655  -19.156  61.273 0.0000000000
69103  -51.440  -20.487  59.547 0.0000000000
69109  -50.730  -20.579  58.279 0.0000000000
70138  -51.501  -19.391  58.622 0.0000000000
70148  -51.030  -19.073  57.895 0.0000000000
72069  -50.151  -17.467  57.396 0.0000000000
74103  -54.839  -15.509  56.884 0.0000000000
73085  -53.455  -15.766  56.178 0.0000000000
72087  -54.327  -16.916  54.973 0.0000000000
147100  -21.732  -42.884  81.797 0.0000000000
43580  -22.097  -43.687  80.249 0.0000000000
43579  -21.735  -42.630  80.572 0.0000000000
43607  -21.904  -42.702  78.806 0.0000000000
131980  -22.044  -42.380  77.014 0.0000000000
45849  -23.705  -41.221  73.088 0.0000000000
45848  -22.948  -41.258  73.442 0.0000000000
45869  -22.948  -41.159  71.457 0.0000000000
144576  -22.081  -41.869  70.253 0.0000000000
42602  -22.519  -44.091  69.458 0.0000000000
40707  -23.342  -45.901  68.504 0.0000000000
40725  -23.634  -45.862  67.725 0.0000000000
47874  -32.309  -39.160  73.526 0.0000000000
47873  -31.703  -39.431  73.220 0.0000000000
47886  -31.467  -39.178  72.510 0.0000000000
125982  -30.529  -38.881  70.954 0.0000000000
47918  -29.450  -39.140  69.768 0.0000000000
56825  -46.837  -31.533  67.430 0.0000000000
148590  -46.792  -32.927  66.604 0.0000000000
136081  -47.452  -32.264  67.612 0.0000000000
54628  -48.032  -33.281  67.894 0.0000000000
53519  -48.556  -34.070  68.577 0.0000000000
54614  -48.720  -32.706  69.801 0.0000000000
133180  -48.818  -33.682  69.229 0.0000000000
52386  -48.978  -35.639  68.941 0.0000000000
136027  -49.278  -36.336  68.719 0.0000000000
51233  -49.939  -35.959  68.905 0.0000000000
52403  -50.861  -35.136  68.584 0.0000000000
130870  -41.059  -35.604  77.913 0.0000000000
49977  -40.669  -36.359  76.991 0.0000000000
136227  -41.345  -35.938  76.589 0.0000000000
51162  -41.604  -36.274  75.006 0.0000000000
51181  -41.507  -36.625  73.459 0.0000000000
131715  -43.134  -35.287  73.902 0.0000000000
52336  -42.705  -35.893  73.419 0.0000000000
52343  -41.879  -36.106  72.093 0.0000000000
52369  -40.782  -35.621  70.210 0.0000000000
53517  -40.848  -34.654  69.249 0.0000000000
53541  -40.275  -34.156  67.899 0.0000000000
54635  -40.051  -34.003  67.122 0.0000000000
54625  -40.901  -33.735  68.196 0.0000000000
55698  -41.938  -32.835  68.009 0.0000000000
56809  -43.068  -31.816  67.827 0.0000000000
55663  -43.910  -32.873  70.093 0.0000000000
56792  -44.114  -31.742  68.800 0.0000000000
56810  -43.661  -31.586  68.142 0.0000000000
57980  -44.536  -30.858  67.325 0.0000000000
57981  -45.407  -30.777  67.393 0.0000000000
76165  -52.557  -13.106  61.987 0.0000000000
149843  -53.279  -11.794  62.670 0.0000000000
78163  -53.942  -11.322  61.092 0.0000000000
77152  -54.628  -12.589  59.650 0.0000000000
75109  -55.891  -13.837  58.455 0.0000000000
73072  -56.039  -15.398  57.085 0.0000000000
43565  -25.906  -42.317  80.942 0.0000000000
44670  -24.466  -41.385  79.557 0.0000000000
44685  -25.353  -42.020  79.241 0.0000000000
44708  -25.246  -42.021  77.381 0.0000000000
44722  -25.599  -42.077  76.360 0.0000000000
43626  -27.678  -43.061  77.263 0.0000000000
43638  -26.706  -42.406  76.006 0.0000000000
44743  -25.803  -41.966  74.536 0.0000000000
143115  -25.401  -41.951  73.115 0.0000000000
44797  -24.764  -41.786  70.823 0.0000000000
44817  -25.023  -42.058  69.966 0.0000000000
138703  -47.032  -34.953  66.563 0.0000000000
52414  -46.574  -36.047  66.402 0.0000000000
50144  -47.456  -38.311  66.480 0.0000000000
59084  -45.259  -29.410  61.739 0.0000000000
60170  -46.129  -28.226  61.995 0.0000000000
45788  -34.096  -40.713  79.706 0.0000000000
44711  -32.843  -41.036  78.452 0.0000000000
45798  -34.216  -40.684  78.919 0.0000000000
45821  -33.939  -40.457  77.367 0.0000000000
46869  -34.415  -39.709  76.152 0.0000000000
129526  -36.684  -39.761  77.074 0.0000000000
46870  -35.418  -39.553  76.020 0.0000000000
47863  -33.678  -39.086  74.618 0.0000000000
48926  -33.571  -38.491  73.249 0.0000000000
128893  -33.753  -38.252  72.090 0.0000000000
48964  -33.452  -37.985  70.835 0.0000000000
141672  -39.682  -37.617  75.644 0.0000000000
48913  -38.848  -38.012  74.125 0.0000000000
47879  -38.130  -37.982  73.656 0.0000000000
50064  -38.864  -37.538  71.386 0.0000000000
48954  -37.501  -37.941  71.534 0.0000000000
146074  -36.907  -37.913  71.850 0.0000000000
48965  -35.202  -38.044  70.640 0.0000000000
50074  -33.865  -37.733  70.036 0.0000000000
140841  -39.672  -33.671  65.563 0.0000000000
55597  -46.577  -31.813  76.098 0.0000000000
55598  -47.635  -31.667  75.786 0.0000000000
45740  -22.044  -41.055  83.175 0.0000000000
44658  -25.160  -41.929  81.639 0.0000000000
44659  -26.032  -42.308  81.853 0.0000000000
43567  -27.568  -43.044  81.238 0.0000000000
43570  -30.257  -42.233  81.237 0.0000000000
126078  -31.533  -42.044  81.216 0.0000000000
44674  -32.701  -41.406  81.272 0.0000000000
45768  -33.832  -40.758  81.295 0.0000000000
46810  -34.854  -39.951  80.983 0.0000000000
46811  -35.708  -39.536  80.587 0.0000000000
130396  -36.761  -38.969  80.363 0.0000000000
48810  -37.084  -37.847  81.683 0.0000000000
47794  -37.348  -38.560  80.396 0.0000000000
48827  -38.569  -37.715  80.413 0.0000000000
49932  -39.134  -37.249  80.093 0.0000000000
51130  -40.050  -36.475  79.224 0.0000000000
52243  -41.022  -35.309  79.079 0.0000000000
52244  -41.595  -34.770  79.079 0.0000000000
53381  -42.777  -34.117  78.199 0.0000000000
54496  -45.663  -32.268  76.320 0.0000000000
55599  -48.496  -31.752  74.947 0.0000000000
54528  -49.902  -32.265  73.881 0.0000000000
54545  -50.438  -32.656  73.272 0.0000000000
56702  -50.445  -31.029  74.347 0.0000000000
146715  -51.009  -32.174  73.533 0.0000000000
53453  -50.832  -33.118  72.752 0.0000000000
132912  -51.385  -33.844  71.204 0.0000000000
52389  -51.319  -34.568  69.668 0.0000000000
53534  -51.701  -33.820  68.628 0.0000000000
55685  -53.026  -31.439  69.576 0.0000000000
54640  -52.266  -32.445  68.038 0.0000000000
53557  -51.392  -33.758  67.178 0.0000000000
55748  -51.343  -32.642  65.819 0.0000000000
134827  -50.710  -31.957  65.008 0.0000000000
56867  -50.201  -31.265  64.666 0.0000000000
59063  -53.409  -28.736  65.429 0.0000000000
143265  -50.563  -29.228  64.844 0.0000000000
58030  -49.126  -29.753  64.194 0.0000000000
60154  -48.868  -28.445  64.022 0.0000000000
61188  -48.203  -27.352  62.863 0.0000000000
62247  -47.890  -26.626  61.521 0.0000000000
65710  -55.959  -23.636  63.514 0.0000000000
148714  -54.394  -24.028  62.941 0.0000000000
140501  -54.158  -21.763  62.839 0.0000000000
66835  -53.849  -22.729  62.399 0.0000000000
64455  -52.418  -24.383  62.392 0.0000000000
63333  -50.344  -25.199  61.924 0.0000000000
62264  -48.924  -25.624  61.260 0.0000000000
62275  -47.189  -26.041  59.874 0.0000000000
63374  -46.639  -25.620  58.337 0.0000000000
64535  -46.700  -24.738  57.289 0.0000000000
64558  -46.171  -24.090  55.826 0.0000000000
66916  -49.226  -21.938  56.805 0.0000000000
65835  -47.259  -23.034  55.876 0.0000000000
65833  -45.841  -23.754  55.076 0.0000000000
75099  -51.757  -14.454  60.326 0.0000000000
74085  -50.664  -15.887  57.957 0.0000000000
73093  -49.660  -16.806  56.028 0.0000000000
74107  -51.694  -15.845  55.891 0.0000000000
73109  -49.809  -16.839  55.280 0.0000000000
71134  -48.349  -18.336  54.081 0.0000000000
41545  -21.959  -44.349  78.714 0.0000000000
45795  -22.830  -41.098  78.364 0.0000000000
45805  -22.185  -41.737  76.961 0.0000000000
43645  -22.136  -42.636  75.764 0.0000000000
44749  -22.431  -41.633  73.803 0.0000000000
142510  -21.972  -43.083  73.479 0.0000000000
42554  -21.827  -43.962  73.680 0.0000000000
131639  -21.715  -44.372  72.891 0.0000000000
44725  -31.624  -41.089  77.163 0.0000000000
44735  -30.829  -41.592  76.126 0.0000000000
44753  -29.445  -41.633  74.322 0.0000000000
46887  -30.512  -40.433  73.247 0.0000000000
146489  -29.983  -41.147  73.710 0.0000000000
44767  -28.373  -41.676  72.675 0.0000000000
44800  -27.063  -41.866  70.910 0.0000000000
148369  -25.900  -42.124  69.942 0.0000000000
45923  -24.651  -42.145  67.846 0.0000000000
48994  -28.518  -38.361  67.729 0.0000000000
48981  -28.079  -39.103  67.810 0.0000000000
46946  -27.257  -40.234  67.619 0.0000000000
45962  -26.085  -41.414  67.048 0.0000000000
45960  -24.816  -42.185  66.391 0.0000000000
44871  -24.221  -42.569  66.204 0.0000000000
129831  -46.873  -31.556  74.478 0.0000000000
55606  -47.795  -31.662  75.171 0.0000000000
149758  -45.845  -32.095  75.303 0.0000000000
54526  -45.903  -31.965  74.771 0.0000000000
60176  -45.158  -28.237  60.779 0.0000000000
142725  -44.341  -28.338  59.631 0.0000000000
60187  -44.902  -27.962  59.934 0.0000000000
61221  -45.338  -27.340  59.479 0.0000000000
145635  -31.946  -41.656  79.040 0.0000000000
44701  -32.464  -41.309  79.064 0.0000000000
55733  -45.795  -32.309  66.087 0.0000000000
54646  -46.239  -33.037  66.298 0.0000000000
51272  -50.221  -35.820  67.616 0.0000000000
51291  -49.991  -35.841  66.728 0.0000000000
52444  -50.435  -34.881  66.251 0.0000000000
48868  -39.182  -37.254  77.839 0.0000000000
49976  -39.987  -36.803  77.443 0.0000000000
53540  -39.640  -34.573  67.568 0.0000000000
56853  -45.178  -31.662  65.899 0.0000000000
74047  -53.732  -15.872  62.183 0.0000000000
131579  -52.865  -15.488  61.525 0.0000000000
75094  -52.411  -14.539  61.661 0.0000000000
131506  -23.364  -41.044  80.759 0.0000000000
145224  -24.313  -41.341  80.402 0.0000000000
139660  -23.011  -41.521  68.635 0.0000000000
45922  -23.129  -41.801  68.075 0.0000000000
43765  -23.029  -42.741  67.409 0.0000000000
44850  -23.367  -42.277  67.508 0.0000000000
50072  -32.068  -37.771  70.177 0.0000000000
50071  -31.262  -37.961  70.001 0.0000000000
56796  -47.484  -31.299  69.793 0.0000000000
52356  -50.100  -34.504  70.424 0.0000000000
53486  -50.546  -33.839  71.078 0.0000000000
52297  -42.828  -34.580  76.104 0.0000000000
53502  -43.393  -34.215  71.138 0.0000000000
53501  -42.745  -34.369  70.637 0.0000000000
56772  -46.080  -31.153  70.021 0.0000000000
43583  -28.308  -43.025  80.544 0.0000000000
43596  -27.456  -43.059  79.553 0.0000000000
43597  -28.106  -43.070  79.224 0.0000000000
43661  -28.665  -42.141  75.347 0.0000000000
43660  -28.132  -42.077  74.936 0.0000000000
43669  -27.955  -41.872  74.134 0.0000000000
43668  -27.319  -41.900  73.812 0.0000000000
43685  -27.556  -41.816  73.314 0.0000000000
52402  -48.171  -36.232  67.947 0.0000000000
51334  -47.666  -36.899  63.731 0.0000000000
50174  -47.515  -37.791  64.582 0.0000000000
56885  -48.372  -32.241  63.046 0.0000000000
128582  -47.794  -32.406  62.572 0.0000000000
56884  -47.860  -31.464  63.119 0.0000000000
125585  -47.101  -30.830  62.912 0.0000000000
147823  -48.317  -30.880  63.596 0.0000000000
128931  -36.744  -39.721  78.894 0.0000000000
127553  -37.118  -38.492  74.287 0.0000000000
47866  -36.408  -38.821  74.609 0.0000000000
47878  -36.675  -38.294  73.805 0.0000000000
48929  -36.189  -38.078  73.182 0.0000000000
50055  -40.918  -37.116  73.161 0.0000000000
151280  -40.276  -37.367  72.904 0.0000000000
51244  -36.496  -37.436  67.872 0.0000000000
50106  -36.325  -37.710  68.596 0.0000000000
50105  -35.531  -37.567  68.275 0.0000000000
55732  -42.264  -31.881  66.784 0.0000000000
56738  -52.406  -31.340  71.647 0.0000000000
59033  -55.568  -28.764  67.411 0.0000000000
133881  -55.076  -29.259  68.316 0.0000000000
144201  -54.735  -29.713  67.683 0.0000000000
56828  -54.290  -30.208  67.862 0.0000000000
57999  -54.233  -30.116  67.011 0.0000000000
56857  -53.719  -30.356  66.733 0.0000000000
141178  -54.250  -29.766  66.615 0.0000000000
62212  -53.633  -26.219  63.892 0.0000000000
61176  -52.291  -26.903  64.232 0.0000000000
62210  -51.878  -26.238  63.660 0.0000000000
62209  -50.975  -26.458  63.645 0.0000000000
63297  -51.925  -25.667  63.099 0.0000000000
71024  -54.699  -18.360  65.467 0.0000000000
70081  -55.075  -19.409  64.852 0.0000000000
70092  -55.410  -20.527  64.629 0.0000000000
69064  -54.903  -20.202  64.375 0.0000000000
68038  -51.275  -21.229  59.747 0.0000000000
68023  -51.564  -21.683  60.311 0.0000000000
66889  -51.055  -21.924  59.962 0.0000000000
65796  -50.161  -23.016  59.792 0.0000000000
66888  -50.510  -22.265  59.514 0.0000000000
65810  -49.211  -23.203  58.662 0.0000000000
66900  -50.331  -21.892  58.893 0.0000000000
70163  -49.234  -19.093  56.094 0.0000000000
133187  -49.319  -20.021  55.896 0.0000000000
70162  -48.618  -19.232  55.374 0.0000000000
70166  -48.112  -18.948  54.560 0.0000000000
75121  -53.998  -14.240  58.341 0.0000000000
75120  -52.797  -14.134  58.621 0.0000000000
75138  -53.493  -14.620  57.907 0.0000000000
42512  -22.156  -44.453  81.688 0.0000000000
41563  -21.945  -43.877  76.408 0.0000000000
41568  -21.839  -44.042  75.694 0.0000000000
132507  -21.842  -44.621  74.930 0.0000000000
42545  -21.877  -43.976  75.206 0.0000000000
144326  -24.004  -41.329  75.372 0.0000000000
45819  -23.726  -41.279  76.045 0.0000000000
45830  -23.784  -41.288  74.737 0.0000000000
40679  -23.011  -46.431  69.580 0.0000000000
46867  -32.630  -40.285  75.553 0.0000000000
46881  -32.326  -39.993  74.748 0.0000000000
47907  -29.093  -39.791  70.093 0.0000000000
46910  -28.760  -40.463  70.499 0.0000000000
46920  -28.519  -40.266  69.713 0.0000000000
46919  -27.911  -40.753  69.337 0.0000000000
46930  -27.671  -40.396  68.504 0.0000000000
56752  -46.792  -31.148  71.939 0.0000000000
56753  -47.591  -31.154  71.656 0.0000000000
56737  -47.467  -31.216  72.439 0.0000000000
54543  -49.358  -32.475  73.196 0.0000000000
53426  -44.081  -33.714  75.488 0.0000000000
53427  -44.596  -33.369  75.404 0.0000000000
54541  -45.406  -32.791  74.198 0.0000000000
53468  -44.770  -33.606  72.902 0.0000000000
54559  -45.093  -33.016  72.267 0.0000000000
56751  -46.128  -31.331  71.397 0.0000000000
59117  -42.975  -28.764  58.404 0.0000000000
148742  -44.670  -26.842  57.229 0.0000000000
62318  -45.013  -26.345  56.979 0.0000000000
146035  -30.181  -42.368  80.526 0.0000000000
43599  -29.992  -42.590  79.262 0.0000000000
43614  -30.618  -41.788  77.994 0.0000000000
43629  -29.970  -42.230  77.664 0.0000000000
140610  -30.213  -41.993  77.289 0.0000000000
43652  -29.531  -42.332  76.332 0.0000000000
44723  -30.253  -41.872  76.666 0.0000000000
53555  -46.156  -34.338  66.142 0.0000000000
142001  -48.854  -37.482  67.710 0.0000000000
51306  -49.350  -36.767  65.655 0.0000000000
149679  -48.754  -36.630  64.387 0.0000000000
52461  -49.045  -35.921  64.008 0.0000000000
52483  -48.750  -35.546  63.334 0.0000000000
52484  -49.275  -35.162  63.719 0.0000000000
53592  -49.933  -34.061  64.091 0.0000000000
53591  -49.439  -34.444  63.563 0.0000000000
54680  -50.015  -33.314  64.171 0.0000000000
132724  -49.536  -32.979  63.649 0.0000000000
47805  -37.981  -38.130  79.427 0.0000000000
47816  -38.025  -38.286  78.596 0.0000000000
48895  -38.874  -37.874  76.695 0.0000000000
133171  -38.565  -38.486  77.020 0.0000000000
47842  -38.639  -38.485  76.468 0.0000000000
129366  -38.428  -38.639  75.781 0.0000000000
47855  -38.590  -38.402  74.956 0.0000000000
52368  -40.262  -35.890  69.954 0.0000000000
51212  -39.731  -36.422  70.139 0.0000000000
52409  -38.652  -35.602  67.615 0.0000000000
52397  -38.306  -36.277  68.009 0.0000000000
51265  -37.265  -36.462  66.757 0.0000000000
51284  -36.605  -36.593  66.218 0.0000000000
52421  -37.185  -36.157  66.098 0.0000000000
57979  -44.092  -30.951  66.643 0.0000000000
56840  -44.368  -31.037  66.025 0.0000000000
61132  -56.746  -27.176  67.297 0.0000000000
145075  -56.216  -27.604  66.334 0.0000000000
63278  -57.027  -25.304  64.990 0.0000000000
62191  -56.607  -26.143  65.079 0.0000000000
63277  -56.622  -25.388  64.624 0.0000000000
62214  -55.368  -26.011  64.240 0.0000000000
63301  -56.343  -25.062  64.092 0.0000000000
75059  -54.534  -15.022  64.721 0.0000000000
75044  -54.185  -15.158  65.391 0.0000000000
74011  -54.799  -15.883  64.571 0.0000000000
72994  -54.884  -16.710  64.438 0.0000000000
71060  -54.363  -18.000  63.790 0.0000000000
72019  -54.402  -17.144  63.524 0.0000000000
72041  -52.992  -17.704  60.851 0.0000000000
133356  -53.162  -17.937  61.402 0.0000000000
70131  -52.428  -18.869  60.393 0.0000000000
70122  -52.298  -19.649  60.655 0.0000000000
70130  -51.984  -19.334  59.891 0.0000000000
69111  -51.630  -19.764  59.341 0.0000000000
71088  -52.149  -18.643  59.588 0.0000000000
72051  -51.636  -17.257  59.073 0.0000000000
71100  -51.506  -18.602  58.414 0.0000000000
72060  -51.259  -17.672  58.474 0.0000000000
71110  -50.354  -18.513  57.311 0.0000000000
72059  -50.576  -17.115  58.034 0.0000000000
128286  -55.112  -16.025  56.125 0.0000000000
73098  -54.752  -16.475  55.577 0.0000000000
44656  -21.701  -41.885  81.838 0.0000000000
43563  -21.705  -42.496  81.275 0.0000000000
44669  -21.771  -41.763  80.912 0.0000000000
45784  -22.231  -41.192  79.668 0.0000000000
44696  -21.812  -41.774  79.206 0.0000000000
44706  -21.892  -41.850  78.311 0.0000000000
43622  -22.042  -42.759  77.851 0.0000000000
150548  -21.958  -41.932  77.568 0.0000000000
141954  -23.839  -41.228  72.405 0.0000000000
45860  -23.031  -41.175  72.448 0.0000000000
45861  -23.517  -41.212  71.856 0.0000000000
44796  -22.163  -42.018  69.452 0.0000000000
43715  -21.931  -42.877  70.039 0.0000000000
42615  -22.778  -44.084  68.542 0.0000000000
41649  -23.260  -45.027  68.208 0.0000000000
41681  -23.939  -45.043  66.223 0.0000000000
41682  -23.962  -45.671  66.787 0.0000000000
47887  -32.227  -38.839  72.779 0.0000000000
48939  -31.810  -38.772  72.128 0.0000000000
47909  -30.101  -38.840  70.315 0.0000000000
48973  -29.221  -38.790  69.008 0.0000000000
56826  -47.189  -31.456  68.109 0.0000000000
55667  -48.749  -31.990  70.793 0.0000000000
55666  -48.203  -31.754  70.079 0.0000000000
53503  -49.167  -33.904  69.877 0.0000000000
53520  -48.978  -34.638  69.063 0.0000000000
51231  -48.984  -36.394  68.764 0.0000000000
52387  -49.414  -35.754  69.154 0.0000000000
52373  -50.351  -35.093  69.905 0.0000000000
51217  -50.009  -35.643  69.359 0.0000000000
51234  -50.360  -35.626  68.809 0.0000000000
51144  -41.188  -35.802  77.291 0.0000000000
51152  -41.758  -35.373  76.908 0.0000000000
51163  -42.244  -35.674  75.139 0.0000000000
135072  -41.645  -36.025  75.814 0.0000000000
51175  -41.567  -36.496  74.257 0.0000000000
138674  -42.121  -36.194  73.792 0.0000000000
52326  -43.977  -34.449  74.237 0.0000000000
52325  -43.323  -34.799  74.428 0.0000000000
150992  -43.597  -34.872  74.026 0.0000000000
52344  -42.601  -35.756  72.574 0.0000000000
52353  -41.678  -35.784  71.252 0.0000000000
51201  -41.016  -36.030  70.836 0.0000000000
52370  -41.467  -35.381  70.476 0.0000000000
53518  -41.407  -34.382  69.518 0.0000000000
53499  -41.164  -35.004  69.826 0.0000000000
53532  -40.565  -34.365  68.601 0.0000000000
55699  -42.575  -32.508  68.319 0.0000000000
56793  -44.836  -31.521  69.229 0.0000000000
55682  -44.392  -32.121  69.671 0.0000000000
56823  -44.280  -31.169  68.036 0.0000000000
57960  -44.906  -30.881  67.931 0.0000000000
56812  -46.661  -31.010  68.476 0.0000000000
57982  -46.102  -30.812  67.949 0.0000000000
56824  -46.179  -30.955  67.197 0.0000000000
78155  -54.249  -10.782  61.393 0.0000000000
78164  -54.691  -11.293  60.500 0.0000000000
77138  -54.158  -11.821  60.286 0.0000000000
77139  -55.012  -12.062  59.796 0.0000000000
76191  -56.084  -13.209  58.667 0.0000000000
75110  -56.410  -13.726  58.309 0.0000000000
74073  -55.933  -14.790  57.668 0.0000000000
75125  -56.688  -14.157  57.983 0.0000000000
44671  -25.153  -42.037  80.155 0.0000000000
43594  -26.176  -42.522  79.845 0.0000000000
43610  -26.819  -42.954  78.405 0.0000000000
128482  -26.202  -42.516  77.923 0.0000000000
43624  -26.354  -42.532  76.994 0.0000000000
133775  -28.930  -43.012  77.951 0.0000000000
150155  -28.178  -43.079  77.741 0.0000000000
43627  -28.549  -43.046  77.029 0.0000000000
150563  -27.322  -42.169  74.863 0.0000000000
129185  -27.400  -42.711  76.112 0.0000000000
43647  -26.749  -42.169  74.899 0.0000000000
44751  -25.618  -41.975  73.746 0.0000000000
44764  -26.266  -42.018  71.939 0.0000000000
44763  -25.669  -41.999  72.406 0.0000000000
44777  -25.634  -42.020  71.476 0.0000000000
44798  -25.759  -42.052  70.633 0.0000000000
54638  -47.390  -33.113  67.008 0.0000000000
50145  -48.200  -38.132  66.890 0.0000000000
50129  -47.711  -37.946  67.262 0.0000000000
130055  -46.735  -38.118  64.788 0.0000000000
52525  -47.865  -34.732  62.318 0.0000000000
53628  -47.877  -34.148  62.171 0.0000000000
55794  -46.501  -32.858  61.414 0.0000000000
56894  -45.382  -31.261  61.486 0.0000000000
59077  -46.442  -29.432  62.730 0.0000000000
59076  -45.819  -29.846  62.267 0.0000000000
59085  -45.860  -28.989  62.254 0.0000000000
60169  -45.453  -28.592  61.575 0.0000000000
45780  -34.490  -40.252  80.291 0.0000000000
46845  -34.838  -40.057  77.479 0.0000000000
46856  -34.387  -39.967  76.916 0.0000000000
46847  -37.117  -39.682  77.596 0.0000000000
46871  -36.887  -39.388  76.209 0.0000000000
47865  -35.422  -39.007  74.655 0.0000000000
47852  -35.837  -39.232  75.335 0.0000000000
47851  -34.922  -39.289  75.404 0.0000000000
47864  -34.516  -39.040  74.731 0.0000000000
47875  -33.561  -38.741  73.907 0.0000000000
147471  -34.205  -38.747  74.209 0.0000000000
48951  -34.618  -38.206  72.030 0.0000000000
48941  -34.022  -38.316  72.735 0.0000000000
133190  -33.986  -38.146  71.413 0.0000000000
49992  -40.817  -36.484  76.221 0.0000000000
50005  -40.260  -37.092  75.926 0.0000000000
138956  -40.296  -37.215  75.204 0.0000000000
48931  -39.476  -37.779  73.197 0.0000000000
148224  -38.761  -37.983  73.462 0.0000000000
50079  -38.568  -37.420  70.639 0.0000000000
48944  -37.405  -37.934  72.409 0.0000000000
48967  -36.832  -37.933  71.113 0.0000000000
48953  -36.223  -37.895  71.684 0.0000000000
48966  -36.039  -38.010  70.811 0.0000000000
50075  -34.874  -37.826  69.798 0.0000000000
50090  -34.215  -37.545  69.238 0.0000000000
50089  -33.391  -37.486  69.425 0.0000000000
54636  -40.695  -33.575  67.424 0.0000000000
54642  -39.856  -33.848  66.307 0.0000000000
54643  -40.503  -33.415  66.587 0.0000000000
44642  -21.789  -41.730  82.811 0.0000000000
44645  -26.551  -42.445  82.416 0.0000000000
131183  -29.741  -42.744  80.879 0.0000000000
46809  -34.159  -40.285  81.483 0.0000000000
45769  -34.218  -40.390  80.925 0.0000000000
46804  -34.631  -39.824  81.563 0.0000000000
46812  -36.249  -39.137  80.546 0.0000000000
47793  -36.694  -38.847  81.008 0.0000000000
49914  -37.483  -37.316  82.000 0.0000000000
48825  -37.249  -38.213  81.082 0.0000000000
48826  -37.980  -38.055  80.781 0.0000000000
48840  -37.899  -38.003  80.040 0.0000000000
49924  -38.460  -37.512  81.072 0.0000000000
51122  -39.424  -36.682  80.560 0.0000000000
146613  -39.754  -36.983  80.087 0.0000000000
49933  -39.743  -37.026  79.747 0.0000000000
137255  -40.061  -36.429  80.024 0.0000000000
51123  -40.457  -35.775  79.464 0.0000000000
52222  -41.027  -35.084  79.852 0.0000000000
53368  -42.964  -33.941  78.979 0.0000000000
54482  -46.389  -31.828  76.642 0.0000000000
55588  -48.224  -31.428  75.528 0.0000000000
55590  -49.540  -31.300  74.829 0.0000000000
54509  -49.707  -31.951  74.298 0.0000000000
54529  -50.491  -32.253  73.681 0.0000000000
54547  -51.553  -32.104  72.949 0.0000000000
54530  -51.285  -31.810  73.382 0.0000000000
150413  -51.296  -32.527  73.027 0.0000000000
54546  -50.927  -32.675  73.250 0.0000000000
53454  -51.212  -32.939  72.770 0.0000000000
53471  -51.230  -33.448  72.107 0.0000000000
53472  -51.765  -33.290  71.676 0.0000000000
53506  -52.523  -32.936  70.507 0.0000000000
53505  -52.081  -33.628  70.265 0.0000000000
53522  -52.273  -33.248  69.735 0.0000000000
52404  -51.416  -34.450  69.050 0.0000000000
53535  -52.120  -33.141  69.045 0.0000000000
144047  -54.742  -29.224  69.490 0.0000000000
56755  -53.058  -30.925  70.407 0.0000000000
132098  -53.261  -31.001  69.838 0.0000000000
55719  -52.583  -31.753  67.726 0.0000000000
55702  -52.675  -31.818  68.333 0.0000000000
54639  -51.782  -33.116  67.635 0.0000000000
54647  -51.527  -33.003  66.972 0.0000000000
53567  -51.211  -33.607  66.464 0.0000000000
54656  -51.471  -32.858  66.339 0.0000000000
58008  -51.909  -31.243  65.930 0.0000000000
56854  -51.656  -31.915  65.901 0.0000000000
142102  -51.356  -31.588  65.518 0.0000000000
56868  -50.922  -30.983  65.173 0.0000000000
60142  -54.255  -28.322  65.495 0.0000000000
59051  -53.918  -29.092  65.950 0.0000000000
60140  -51.176  -28.333  64.809 0.0000000000
60141  -52.136  -28.336  64.925 0.0000000000
131264  -49.847  -29.735  64.601 0.0000000000
59060  -49.570  -28.916  64.484 0.0000000000
148849  -49.006  -29.077  64.164 0.0000000000
60138  -49.550  -28.102  64.353 0.0000000000
61189  -48.948  -27.092  63.209 0.0000000000
62231  -48.578  -26.649  62.323 0.0000000000
61199  -47.924  -27.112  62.220 0.0000000000
67986  -55.996  -21.733  64.033 0.0000000000
66821  -56.367  -22.266  63.989 0.0000000000
66838  -55.882  -22.771  63.470 0.0000000000
64457  -55.134  -23.899  63.196 0.0000000000
65736  -54.603  -23.206  62.867 0.0000000000
69087  -53.596  -20.196  62.998 0.0000000000
69077  -54.380  -20.885  63.526 0.0000000000
67984  -53.812  -21.106  62.950 0.0000000000
66853  -52.598  -22.503  61.488 0.0000000000
66854  -53.244  -22.164  61.916 0.0000000000
65756  -52.378  -23.269  61.682 0.0000000000
65734  -52.814  -23.804  62.176 0.0000000000
64475  -52.090  -24.008  61.917 0.0000000000
64454  -51.810  -24.664  62.264 0.0000000000
64474  -51.361  -24.267  61.730 0.0000000000
64490  -49.506  -24.412  60.310 0.0000000000
63347  -49.381  -24.981  60.863 0.0000000000
63346  -48.604  -25.370  60.520 0.0000000000
62276  -47.896  -25.702  60.201 0.0000000000
63358  -47.592  -25.474  59.422 0.0000000000
62295  -46.917  -25.829  59.086 0.0000000000
136715  -48.320  -23.613  57.827 0.0000000000
64536  -47.356  -24.458  57.690 0.0000000000
64550  -47.129  -24.086  56.983 0.0000000000
64549  -46.458  -24.428  56.547 0.0000000000
68043  -50.262  -21.056  57.806 0.0000000000
68049  -49.756  -21.505  57.318 0.0000000000
69116  -50.006  -20.824  57.108 0.0000000000
68062  -47.846  -21.781  55.112 0.0000000000
66924  -48.321  -22.049  55.712 0.0000000000
66923  -47.619  -22.408  55.480 0.0000000000
65834  -46.537  -23.376  55.509 0.0000000000
141669  -52.297  -13.372  61.224 0.0000000000
76172  -52.038  -13.861  60.783 0.0000000000
76186  -51.958  -13.896  60.094 0.0000000000
75136  -51.520  -14.926  58.047 0.0000000000
74071  -51.065  -15.309  58.576 0.0000000000
74099  -50.509  -15.872  57.155 0.0000000000
139998  -50.267  -16.538  57.437 0.0000000000
73083  -50.094  -16.384  56.605 0.0000000000
72086  -53.262  -16.823  54.924 0.0000000000
73096  -52.842  -16.093  55.627 0.0000000000
129376  -52.166  -16.448  55.187 0.0000000000
136412  -50.167  -17.029  54.657 0.0000000000
72095  -49.497  -17.345  54.653 0.0000000000
43593  -22.149  -43.735  79.331 0.0000000000
145711  -22.126  -44.448  79.866 0.0000000000
138934  -22.131  -44.317  78.985 0.0000000000
41556  -21.856  -44.515  76.799 0.0000000000
41550  -21.885  -44.540  77.615 0.0000000000
41560  -20.985  -45.794  75.120 0.0000000000
143158  -21.599  -45.174  73.969 0.0000000000
41567  -20.822  -45.725  74.098 0.0000000000
41590  -20.427  -45.859  72.538 0.0000000000
44684  -24.608  -41.450  78.708 0.0000000000
45786  -23.604  -41.117  78.947 0.0000000000
143950  -23.767  -41.190  78.153 0.0000000000
45818  -22.845  -41.277  76.093 0.0000000000
45806  -22.611  -41.369  76.876 0.0000000000
45817  -22.392  -41.625  76.200 0.0000000000
44720  -22.080  -42.082  76.308 0.0000000000
44730  -22.189  -41.919  75.550 0.0000000000
45859  -22.486  -41.544  72.885 0.0000000000
44761  -22.087  -41.880  72.404 0.0000000000
143572  -21.970  -43.482  74.483 0.0000000000
40708  -23.975  -46.583  68.144 0.0000000000
39689  -24.348  -47.061  68.564 0.0000000000
45809  -33.293  -40.853  77.759 0.0000000000
44710  -32.271  -41.014  77.873 0.0000000000
150240  -32.525  -40.834  77.313 0.0000000000
45831  -31.324  -41.181  75.705 0.0000000000
44736  -31.492  -41.185  76.417 0.0000000000
44746  -30.569  -41.525  75.403 0.0000000000
44745  -29.787  -41.789  75.127 0.0000000000
45841  -30.279  -41.353  74.598 0.0000000000
46893  -31.030  -39.765  72.852 0.0000000000
46888  -31.263  -40.076  73.629 0.0000000000
46892  -30.353  -40.031  72.409 0.0000000000
45873  -29.220  -40.913  71.984 0.0000000000
45863  -29.712  -40.821  72.682 0.0000000000
45862  -29.002  -41.328  72.474 0.0000000000
45850  -29.069  -41.569  73.337 0.0000000000
44780  -27.768  -41.751  72.144 0.0000000000
45871  -27.746  -41.673  71.324 0.0000000000
45905  -26.564  -41.928  69.598 0.0000000000
44818  -25.560  -42.136  69.147 0.0000000000
45924  -25.560  -42.096  68.233 0.0000000000
48993  -27.787  -38.530  66.973 0.0000000000
47951  -27.155  -39.099  66.360 0.0000000000
137645  -26.514  -40.093  65.866 0.0000000000
47934  -26.858  -39.975  66.662 0.0000000000
46945  -26.613  -40.832  67.277 0.0000000000
46965  -26.277  -40.824  66.330 0.0000000000
141150  -25.394  -42.292  65.169 0.0000000000
141112  -25.345  -41.866  65.927 0.0000000000
45980  -24.940  -42.360  65.681 0.0000000000
44894  -24.351  -43.007  65.640 0.0000000000
56726  -47.319  -31.320  73.078 0.0000000000
55619  -47.611  -31.467  73.731 0.0000000000
150440  -45.220  -32.765  75.329 0.0000000000
141688  -44.923  -33.184  75.096 0.0000000000
54525  -45.383  -32.717  74.977 0.0000000000
59090  -44.205  -29.358  60.510 0.0000000000
59106  -43.948  -28.916  59.820 0.0000000000
60185  -43.847  -28.500  59.052 0.0000000000
144807  -43.751  -28.091  58.321 0.0000000000
60209  -43.228  -28.202  57.735 0.0000000000
142504  -44.193  -27.623  58.127 0.0000000000
61235  -44.649  -27.310  58.196 0.0000000000
137888  -45.644  -26.521  58.291 0.0000000000
44672  -31.469  -41.934  80.280 0.0000000000
44686  -31.382  -41.840  79.388 0.0000000000
44699  -31.381  -41.673  78.605 0.0000000000
44709  -31.486  -41.422  77.884 0.0000000000
50131  -49.362  -37.155  67.612 0.0000000000
143576  -49.769  -36.191  65.972 0.0000000000
52442  -49.707  -35.916  65.166 0.0000000000
52462  -49.530  -35.541  64.412 0.0000000000
52463  -49.864  -35.060  64.924 0.0000000000
53576  -50.151  -34.329  64.725 0.0000000000
53577  -50.581  -33.858  65.283 0.0000000000
48867  -38.518  -37.774  78.198 0.0000000000
145939  -39.007  -37.822  76.094 0.0000000000
52399  -39.581  -35.448  68.644 0.0000000000
52422  -37.747  -35.828  66.448 0.0000000000
53548  -38.170  -35.263  66.011 0.0000000000
53560  -37.908  -35.090  65.141 0.0000000000
133689  -45.090  -31.051  66.162 0.0000000000
74036  -54.537  -16.015  63.475 0.0000000000
72018  -54.057  -16.994  62.894 0.0000000000
73026  -53.830  -16.767  62.146 0.0000000000
73025  -53.401  -16.470  61.473 0.0000000000
73039  -53.067  -16.961  60.861 0.0000000000
72040  -52.693  -17.366  60.218 0.0000000000
73051  -52.012  -16.826  59.724 0.0000000000
73037  -51.597  -15.794  60.030 0.0000000000
45776  -22.585  -41.076  80.383 0.0000000000
45785  -22.711  -41.060  79.105 0.0000000000
45885  -23.014  -41.119  70.458 0.0000000000
45902  -22.657  -41.611  69.059 0.0000000000
43747  -22.614  -42.407  68.192 0.0000000000
42628  -23.094  -44.181  67.706 0.0000000000
147745  -23.113  -43.526  67.271 0.0000000000
42664  -23.684  -44.312  66.223 0.0000000000
48948  -31.747  -38.520  71.497 0.0000000000
48962  -31.569  -38.251  70.745 0.0000000000
48975  -30.521  -38.228  69.776 0.0000000000
56813  -47.356  -31.361  68.918 0.0000000000
54575  -49.298  -32.674  71.322 0.0000000000
54599  -49.150  -32.999  70.511 0.0000000000
53504  -49.651  -34.353  70.190 0.0000000000
52372  -49.741  -35.114  69.868 0.0000000000
139780  -50.074  -35.039  70.109 0.0000000000
52280  -42.242  -34.844  77.232 0.0000000000
151181  -41.870  -35.523  76.324 0.0000000000
52296  -42.283  -34.949  76.540 0.0000000000
51177  -42.681  -35.383  74.496 0.0000000000
53466  -43.818  -34.806  72.812 0.0000000000
53480  -42.239  -35.141  70.848 0.0000000000
54595  -41.898  -33.835  69.493 0.0000000000
54611  -42.439  -33.346  69.445 0.0000000000
55665  -45.637  -31.598  70.713 0.0000000000
57961  -45.503  -30.880  68.269 0.0000000000
43595  -26.888  -43.002  79.903 0.0000000000
142558  -27.534  -43.066  78.038 0.0000000000
43642  -29.189  -42.783  76.546 0.0000000000
43641  -28.519  -42.827  76.164 0.0000000000
43650  -28.361  -42.464  75.563 0.0000000000
43659  -27.800  -42.315  75.205 0.0000000000
43658  -27.054  -42.113  74.232 0.0000000000
43667  -26.793  -41.950  73.513 0.0000000000
149833  -27.072  -41.858  73.161 0.0000000000
44765  -26.658  -41.895  72.019 0.0000000000
53533  -48.220  -34.414  67.851 0.0000000000
50162  -48.007  -37.939  65.117 0.0000000000
55783  -47.760  -33.364  62.147 0.0000000000
55782  -47.093  -32.614  62.027 0.0000000000
58042  -45.937  -30.773  62.119 0.0000000000
141617  -46.557  -31.087  62.454 0.0000000000
58036  -47.093  -29.922  63.073 0.0000000000
46826  -35.632  -39.889  79.644 0.0000000000
46835  -35.612  -40.089  79.022 0.0000000000
46857  -35.800  -39.946  77.319 0.0000000000
148835  -37.344  -39.029  75.542 0.0000000000
48928  -35.318  -38.327  73.327 0.0000000000
50022  -41.029  -36.938  74.738 0.0000000000
139730  -40.297  -37.361  74.452 0.0000000000
50038  -40.270  -37.437  73.639 0.0000000000
50052  -39.169  -37.712  72.188 0.0000000000
51224  -38.115  -37.185  69.070 0.0000000000
50094  -38.281  -37.350  69.869 0.0000000000
50093  -37.435  -37.629  69.588 0.0000000000
50076  -35.862  -37.989  69.955 0.0000000000
50091  -35.693  -37.842  69.114 0.0000000000
47763  -34.608  -38.928  81.659 0.0000000000
49915  -38.219  -37.016  81.737 0.0000000000
147289  -38.645  -36.350  81.726 0.0000000000
52223  -41.684  -34.293  79.594 0.0000000000
56687  -48.841  -30.720  75.727 0.0000000000
56688  -49.276  -31.065  75.218 0.0000000000
137947  -49.836  -30.902  74.886 0.0000000000
55621  -51.619  -31.579  72.853 0.0000000000
54548  -52.103  -31.826  72.232 0.0000000000
54577  -52.257  -32.827  71.495 0.0000000000
54564  -52.398  -32.169  71.674 0.0000000000
54578  -52.620  -32.318  71.015 0.0000000000
54600  -52.738  -32.118  70.393 0.0000000000
59003  -55.539  -28.699  68.665 0.0000000000
59002  -54.964  -29.274  68.948 0.0000000000
133239  -54.496  -29.831  68.666 0.0000000000
56797  -53.848  -30.388  69.149 0.0000000000
56815  -54.084  -30.287  68.502 0.0000000000
56827  -53.786  -30.693  67.714 0.0000000000
55737  -53.178  -31.143  67.428 0.0000000000
55749  -51.877  -31.983  66.378 0.0000000000
55750  -52.509  -31.304  66.631 0.0000000000
56856  -52.984  -30.716  66.525 0.0000000000
58009  -52.560  -30.483  66.032 0.0000000000
141134  -53.611  -27.338  64.698 0.0000000000
138204  -53.597  -28.024  64.996 0.0000000000
61159  -51.750  -27.585  64.620 0.0000000000
61158  -50.826  -27.566  64.486 0.0000000000
61157  -49.991  -27.498  64.306 0.0000000000
61174  -50.559  -26.972  64.023 0.0000000000
149877  -50.433  -26.606  63.639 0.0000000000
62233  -50.387  -26.216  63.106 0.0000000000
69051  -56.038  -21.077  64.676 0.0000000000
69079  -55.702  -21.341  64.175 0.0000000000
67985  -55.241  -21.532  63.669 0.0000000000
68004  -52.751  -20.888  61.694 0.0000000000
144098  -52.904  -21.531  61.715 0.0000000000
68025  -52.415  -21.286  61.187 0.0000000000
66874  -52.095  -21.934  60.910 0.0000000000
65777  -51.225  -23.112  60.812 0.0000000000
64492  -50.938  -23.897  61.109 0.0000000000
65776  -50.513  -23.460  60.478 0.0000000000
65775  -49.857  -23.814  60.073 0.0000000000
64508  -49.230  -24.145  59.720 0.0000000000
64506  -47.967  -24.814  58.930 0.0000000000
65794  -48.971  -23.905  59.036 0.0000000000
65809  -48.639  -23.710  58.392 0.0000000000
66899  -48.869  -23.037  57.865 0.0000000000
69122  -50.141  -20.285  56.982 0.0000000000
68056  -49.546  -21.223  56.583 0.0000000000
68064  -49.236  -20.865  55.894 0.0000000000
68063  -48.517  -21.227  55.360 0.0000000000
68070  -47.799  -21.063  54.761 0.0000000000
76187  -52.932  -13.012  59.876 0.0000000000
144926  -52.415  -13.507  59.808 0.0000000000
76201  -52.907  -13.569  59.303 0.0000000000
75137  -52.363  -14.648  57.974 0.0000000000
74087  -52.038  -15.082  57.233 0.0000000000
72115  -52.441  -17.972  53.902 0.0000000000
72097  -51.969  -17.422  54.338 0.0000000000
41533  -21.813  -44.814  80.078 0.0000000000
43623  -22.439  -43.806  77.836 0.0000000000
42530  -22.221  -44.167  78.215 0.0000000000
42536  -22.272  -44.008  77.504 0.0000000000
41561  -21.654  -45.291  75.530 0.0000000000
44697  -24.081  -41.298  77.405 0.0000000000
45828  -22.613  -41.502  75.404 0.0000000000
44775  -21.873  -42.194  70.963 0.0000000000
42581  -21.774  -43.790  71.414 0.0000000000
42569  -21.658  -44.219  71.920 0.0000000000
41618  -22.031  -45.660  70.261 0.0000000000
150378  -24.665  -47.704  69.760 0.0000000000
45808  -32.267  -40.768  76.723 0.0000000000
45843  -31.845  -40.651  75.224 0.0000000000
46901  -29.025  -40.707  71.288 0.0000000000
45889  -28.323  -41.150  70.915 0.0000000000
45888  -27.630  -41.518  70.542 0.0000000000
45926  -27.156  -41.259  69.003 0.0000000000
46006  -26.458  -41.393  64.610 0.0000000000
46978  -26.027  -41.220  65.070 0.0000000000
56775  -48.261  -31.467  71.451 0.0000000000
54561  -49.352  -32.558  72.299 0.0000000000
53414  -43.885  -33.660  76.266 0.0000000000
52298  -43.460  -34.178  75.719 0.0000000000
135779  -44.503  -33.891  74.197 0.0000000000
53451  -44.276  -34.209  73.493 0.0000000000
53467  -44.222  -34.157  72.660 0.0000000000
54574  -43.977  -33.712  71.313 0.0000000000
55643  -44.642  -33.048  71.446 0.0000000000
55630  -45.540  -32.258  72.470 0.0000000000
61244  -43.105  -27.925  56.906 0.0000000000
143375  -29.215  -43.005  80.445 0.0000000000
43598  -29.444  -42.971  79.495 0.0000000000
43612  -29.545  -42.825  78.623 0.0000000000
140695  -29.600  -42.652  77.795 0.0000000000
51250  -48.625  -36.889  68.158 0.0000000000
50130  -48.430  -37.771  67.530 0.0000000000
51290  -48.828  -37.654  66.292 0.0000000000
52482  -48.001  -35.851  63.053 0.0000000000
52505  -48.360  -35.105  62.790 0.0000000000
53608  -48.465  -34.459  62.643 0.0000000000
53609  -49.033  -34.147  63.023 0.0000000000
54695  -49.025  -33.424  63.109 0.0000000000
55772  -48.960  -32.608  63.274 0.0000000000
47814  -37.274  -38.917  79.286 0.0000000000
46829  -37.060  -39.355  78.769 0.0000000000
47815  -37.505  -38.799  78.651 0.0000000000
46848  -37.685  -39.007  77.371 0.0000000000
47833  -38.307  -38.339  77.663 0.0000000000
130283  -38.392  -38.629  77.151 0.0000000000
47840  -37.736  -38.979  76.036 0.0000000000
47854  -38.019  -38.724  75.149 0.0000000000
47867  -37.745  -38.410  74.397 0.0000000000
51200  -40.560  -36.457  71.107 0.0000000000
50066  -40.332  -36.886  71.618 0.0000000000
51199  -40.005  -36.711  70.932 0.0000000000
51225  -38.696  -36.871  69.428 0.0000000000
147680  -39.270  -35.990  68.913 0.0000000000
147489  -37.986  -36.874  68.401 0.0000000000
51264  -36.487  -37.066  66.986 0.0000000000
150820  -35.798  -37.153  66.929 0.0000000000
145328  -36.062  -36.566  65.760 0.0000000000
52438  -35.837  -36.289  65.143 0.0000000000
56838  -42.561  -31.489  66.037 0.0000000000
56851  -42.969  -31.447  65.221 0.0000000000
56852  -43.837  -31.448  65.365 0.0000000000
60113  -55.991  -28.183  67.553 0.0000000000
59043  -55.502  -28.688  66.876 0.0000000000
58011  -54.703  -29.189  66.515 0.0000000000
59053  -55.283  -28.566  66.421 0.0000000000
60128  -55.312  -28.105  65.973 0.0000000000
60143  -55.140  -27.836  65.544 0.0000000000
61164  -56.857  -26.427  65.746 0.0000000000
150913  -56.176  -26.688  65.324 0.0000000000
61162  -55.268  -27.177  65.137 0.0000000000
62189  -54.902  -26.660  64.635 0.0000000000
62213  -54.504  -26.127  63.996 0.0000000000
63300  -53.999  -25.422  63.499 0.0000000000
131005  -54.899  -17.745  64.559 0.0000000000
70102  -54.452  -19.060  64.102 0.0000000000
71059  -53.920  -18.654  63.385 0.0000000000
70112  -53.519  -19.170  62.808 0.0000000000
72030  -53.687  -17.494  62.326 0.0000000000
71070  -53.105  -18.569  61.880 0.0000000000
69097  -52.639  -20.035  61.517 0.0000000000
69096  -52.280  -20.478  60.918 0.0000000000
69104  -51.862  -20.089  60.122 0.0000000000
68044  -50.521  -21.272  58.558 0.0000000000
68037  -50.965  -20.826  59.028 0.0000000000
69118  -50.920  -19.887  58.066 0.0000000000
71101  -51.815  -18.852  58.947 0.0000000000
70147  -50.455  -19.609  57.258 0.0000000000
71121  -49.834  -18.867  56.687 0.0000000000
71120  -49.263  -18.235  56.196 0.0000000000
74089  -54.920  -14.984  57.600 0.0000000000
130321  -54.206  -15.043  57.376 0.0000000000
73086  -54.414  -15.926  56.169 0.0000000000
73097  -53.909  -16.365  55.557 0.0000000000
43564  -22.027  -43.535  81.216 0.0000000000
44683  -21.751  -41.768  80.078 0.0000000000
43592  -21.821  -42.698  79.705 0.0000000000
43637  -22.268  -43.430  77.043 0.0000000000
43646  -22.259  -43.597  76.151 0.0000000000
44742  -24.757  -41.639  74.255 0.0000000000
45840  -23.663  -41.241  73.924 0.0000000000
45868  -22.524  -41.465  71.960 0.0000000000
45884  -22.442  -41.483  70.938 0.0000000000
41634  -22.943  -45.031  68.930 0.0000000000
41663  -23.467  -45.013  67.364 0.0000000000
40726  -24.275  -46.542  67.273 0.0000000000
47862  -32.812  -39.245  74.209 0.0000000000
46889  -32.004  -39.729  73.948 0.0000000000
47885  -30.827  -39.416  72.168 0.0000000000
48947  -31.076  -38.670  71.203 0.0000000000
47898  -30.661  -39.134  71.525 0.0000000000
47897  -30.043  -39.426  71.102 0.0000000000
47908  -29.599  -39.407  70.454 0.0000000000
47917  -28.780  -39.519  69.235 0.0000000000
56842  -46.491  -31.615  66.888 0.0000000000
55718  -46.974  -32.277  66.954 0.0000000000
52385  -48.513  -35.284  68.408 0.0000000000
51251  -49.054  -36.795  68.418 0.0000000000
51252  -49.501  -36.477  68.499 0.0000000000
51232  -49.642  -35.967  68.973 0.0000000000
50116  -49.719  -36.740  68.099 0.0000000000
137835  -49.988  -36.341  68.007 0.0000000000
51254  -50.333  -35.756  68.228 0.0000000000
52416  -50.781  -35.167  67.878 0.0000000000
49961  -40.538  -36.165  77.762 0.0000000000
134672  -41.347  -36.589  72.599 0.0000000000
52345  -43.241  -35.337  73.117 0.0000000000
51183  -42.664  -35.863  74.049 0.0000000000
51182  -42.043  -36.236  72.977 0.0000000000
129278  -41.072  -36.425  71.681 0.0000000000
52384  -40.523  -35.340  69.598 0.0000000000
53516  -40.247  -35.097  68.940 0.0000000000
53531  -39.929  -34.795  68.273 0.0000000000
54626  -41.482  -33.377  68.360 0.0000000000
54637  -41.342  -33.190  67.691 0.0000000000
55717  -42.414  -32.150  67.527 0.0000000000
55681  -43.572  -32.479  69.339 0.0000000000
55700  -43.289  -32.181  68.579 0.0000000000
56822  -43.703  -31.209  67.381 0.0000000000
57998  -45.514  -30.870  66.709 0.0000000000
75087  -52.530  -13.874  62.124 0.0000000000
77120  -53.171  -12.352  62.924 0.0000000000
77128  -52.993  -12.236  62.060 0.0000000000
77136  -52.586  -12.758  61.269 0.0000000000
78154  -53.612  -11.246  62.243 0.0000000000
77137  -53.280  -12.010  61.104 0.0000000000
77151  -53.558  -12.440  60.091 0.0000000000
76188  -53.882  -13.179  59.364 0.0000000000
76203  -54.538  -13.848  58.781 0.0000000000
78157  -55.417  -10.983  60.041 0.0000000000
77153  -55.521  -12.772  59.197 0.0000000000
76190  -55.619  -13.415  58.791 0.0000000000
75122  -54.966  -14.440  58.193 0.0000000000
74072  -55.408  -14.746  57.783 0.0000000000
74090  -55.457  -15.215  57.309 0.0000000000
73099  -55.782  -16.166  55.950 0.0000000000
143622  -56.582  -15.528  56.817 0.0000000000
73100  -56.540  -16.351  55.821 0.0000000000
147718  -24.945  -41.896  80.880 0.0000000000
44698  -25.402  -42.054  78.350 0.0000000000
43609  -26.158  -42.520  78.831 0.0000000000
44721  -24.765  -41.648  75.784 0.0000000000
43611  -28.180  -43.080  78.439 0.0000000000
43640  -27.850  -42.984  76.495 0.0000000000
43639  -27.130  -42.862  76.731 0.0000000000
44732  -25.821  -42.025  75.421 0.0000000000
44750  -24.654  -41.536  73.491 0.0000000000
44762  -24.646  -41.558  72.738 0.0000000000
44776  -24.524  -41.531  71.825 0.0000000000
43666  -26.179  -42.002  73.221 0.0000000000
45886  -23.852  -41.375  70.126 0.0000000000
144718  -24.261  -41.737  69.228 0.0000000000
50101  -31.346  -37.285  68.619 0.0000000000
52428  -45.738  -35.723  65.932 0.0000000000
50143  -46.857  -37.978  66.570 0.0000000000
54713  -47.307  -33.946  61.613 0.0000000000
139002  -45.255  -30.294  61.748 0.0000000000
59083  -44.639  -29.894  61.148 0.0000000000
59091  -44.825  -28.991  61.070 0.0000000000
60177  -45.842  -27.875  61.194 0.0000000000
45787  -33.389  -41.007  80.022 0.0000000000
45797  -33.372  -41.007  79.150 0.0000000000
125925  -33.662  -40.899  78.450 0.0000000000
45799  -34.869  -40.269  78.732 0.0000000000
45810  -34.318  -40.510  78.148 0.0000000000
46855  -33.698  -40.191  76.636 0.0000000000
46868  -33.461  -39.937  75.867 0.0000000000
46837  -36.956  -39.833  78.326 0.0000000000
46846  -36.489  -40.022  77.837 0.0000000000
136165  -36.179  -39.456  75.903 0.0000000000
130687  -36.037  -39.691  76.550 0.0000000000
47850  -33.993  -39.386  75.352 0.0000000000
48925  -32.892  -38.727  73.412 0.0000000000
48940  -33.115  -38.396  72.582 0.0000000000
48927  -34.347  -38.459  73.503 0.0000000000
48950  -33.176  -38.204  71.661 0.0000000000
50073  -32.949  -37.711  70.189 0.0000000000
49991  -40.140  -36.942  76.657 0.0000000000
48896  -39.627  -37.485  76.335 0.0000000000
48906  -39.720  -37.760  74.971 0.0000000000
48930  -37.601  -37.937  73.121 0.0000000000
50065  -39.633  -37.234  71.508 0.0000000000
50063  -38.181  -37.802  71.213 0.0000000000
48955  -38.258  -37.955  72.035 0.0000000000
139255  -37.976  -37.986  72.825 0.0000000000
47888  -37.007  -37.938  73.112 0.0000000000
48943  -36.582  -37.881  72.440 0.0000000000
48952  -35.397  -38.057  71.466 0.0000000000
137017  -34.340  -37.983  70.659 0.0000000000
50088  -32.547  -37.472  69.463 0.0000000000
56837  -42.110  -31.706  65.316 0.0000000000
55587  -47.320  -31.565  76.247 0.0000000000
55576  -47.703  -31.354  76.199 0.0000000000
43550  -21.741  -42.725  82.487 0.0000000000
45753  -22.180  -41.191  82.357 0.0000000000
147070  -22.598  -40.896  82.822 0.0000000000
45754  -22.996  -40.887  82.179 0.0000000000
44643  -24.303  -41.150  82.202 0.0000000000
43566  -26.717  -42.811  81.580 0.0000000000
150911  -28.817  -43.021  80.929 0.0000000000
43569  -29.172  -42.929  81.405 0.0000000000
43571  -30.815  -42.083  80.752 0.0000000000
44673  -32.152  -41.784  80.795 0.0000000000
44688  -32.699  -41.281  80.374 0.0000000000
45778  -33.340  -41.053  80.855 0.0000000000
45779  -33.964  -40.765  80.519 0.0000000000
47791  -35.197  -39.511  81.131 0.0000000000
46818  -35.265  -39.855  80.217 0.0000000000
46819  -35.931  -39.615  80.028 0.0000000000
46820  -36.378  -39.325  79.988 0.0000000000
47803  -37.019  -38.918  79.834 0.0000000000
47804  -37.605  -38.612  79.750 0.0000000000
48841  -38.652  -37.843  79.806 0.0000000000
49925  -38.987  -37.299  80.716 0.0000000000
49946  -39.009  -37.288  79.428 0.0000000000
49947  -39.569  -36.974  79.132 0.0000000000
145722  -40.333  -35.661  80.090 0.0000000000
132489  -40.632  -35.882  78.605 0.0000000000
51136  -41.414  -35.106  78.373 0.0000000000
137819  -42.066  -34.614  78.525 0.0000000000
52264  -42.140  -34.710  77.907 0.0000000000
52265  -42.631  -34.435  77.523 0.0000000000
53397  -43.078  -34.010  77.477 0.0000000000
53398  -43.626  -33.714  77.045 0.0000000000
53369  -43.483  -33.553  78.512 0.0000000000
53382  -43.621  -33.647  77.808 0.0000000000
53399  -44.379  -33.269  76.846 0.0000000000
55607  -48.725  -31.978  74.653 0.0000000000
55600  -49.200  -31.614  74.837 0.0000000000
55608  -49.281  -31.992  74.452 0.0000000000
54527  -49.356  -32.329  73.979 0.0000000000
54544  -49.916  -32.594  73.283 0.0000000000
54563  -50.413  -33.012  72.655 0.0000000000
136381  -50.175  -31.431  74.380 0.0000000000
56714  -50.853  -31.078  73.817 0.0000000000
55609  -50.760  -31.580  73.834 0.0000000000
149636  -50.413  -31.898  73.982 0.0000000000
53470  -50.742  -33.466  72.009 0.0000000000
53487  -50.895  -33.944  71.273 0.0000000000
52358  -50.910  -34.444  70.539 0.0000000000
53488  -52.097  -33.479  70.996 0.0000000000
52375  -51.514  -34.186  70.351 0.0000000000
52374  -50.908  -34.844  69.861 0.0000000000
52388  -50.888  -35.052  69.242 0.0000000000
52417  -51.290  -34.520  68.243 0.0000000000
52430  -51.126  -34.473  67.489 0.0000000000
56739  -52.734  -30.913  71.009 0.0000000000
55668  -52.879  -31.554  70.170 0.0000000000
54616  -52.815  -32.001  69.880 0.0000000000
55703  -53.038  -31.449  68.849 0.0000000000
54630  -52.791  -31.932  69.373 0.0000000000
53546  -52.006  -33.151  68.336 0.0000000000
53545  -51.561  -33.829  67.907 0.0000000000
53556  -50.940  -34.324  66.725 0.0000000000
53566  -50.736  -34.098  65.976 0.0000000000
54655  -51.060  -33.391  65.816 0.0000000000
54668  -50.863  -33.146  65.251 0.0000000000
55762  -51.109  -32.409  65.387 0.0000000000
55761  -50.583  -32.862  64.778 0.0000000000
55773  -50.007  -32.330  64.312 0.0000000000
56876  -49.507  -31.453  64.103 0.0000000000
145478  -54.310  -29.383  66.342 0.0000000000
59050  -53.071  -29.537  65.743 0.0000000000
58022  -52.141  -29.819  65.482 0.0000000000
140064  -52.920  -28.373  65.026 0.0000000000
59061  -51.633  -29.131  65.063 0.0000000000
58021  -51.238  -30.029  65.144 0.0000000000
58020  -50.398  -30.290  64.832 0.0000000000
58019  -49.665  -30.533  64.416 0.0000000000
128080  -48.958  -30.723  63.946 0.0000000000
58029  -48.362  -30.098  63.812 0.0000000000
59069  -47.764  -29.545  63.515 0.0000000000
60152  -47.951  -28.596  63.503 0.0000000000
61173  -49.224  -27.583  63.940 0.0000000000
60153  -48.459  -27.792  63.525 0.0000000000
60162  -47.298  -28.284  62.925 0.0000000000
60171  -46.895  -27.925  62.279 0.0000000000
61197  -46.586  -27.565  61.543 0.0000000000
61209  -46.335  -27.259  60.720 0.0000000000
64437  -55.632  -24.622  63.638 0.0000000000
64436  -54.665  -24.671  63.299 0.0000000000
140307  -53.836  -24.596  62.971 0.0000000000
146523  -54.547  -21.471  63.273 0.0000000000
133051  -54.945  -21.924  63.186 0.0000000000
68005  -53.418  -21.468  62.267 0.0000000000
66855  -53.850  -22.088  62.402 0.0000000000
66836  -54.442  -22.353  62.818 0.0000000000
65735  -53.678  -23.688  62.572 0.0000000000
64456  -53.041  -24.443  62.678 0.0000000000
63320  -52.350  -25.047  62.794 0.0000000000
63319  -51.519  -25.280  62.683 0.0000000000
63318  -50.756  -25.555  62.554 0.0000000000
62249  -49.972  -25.803  62.326 0.0000000000
64473  -50.635  -24.574  61.524 0.0000000000
63332  -49.626  -25.409  61.632 0.0000000000
62248  -49.153  -25.937  62.026 0.0000000000
62263  -48.195  -25.913  60.981 0.0000000000
62262  -47.500  -26.308  60.655 0.0000000000
62261  -46.828  -26.703  60.251 0.0000000000
62274  -46.524  -26.421  59.483 0.0000000000
62294  -46.259  -26.174  58.712 0.0000000000
62310  -46.023  -25.961  57.963 0.0000000000
147162  -47.512  -24.764  58.296 0.0000000000
63394  -46.962  -25.037  57.991 0.0000000000
63392  -45.731  -25.791  57.211 0.0000000000
63408  -46.040  -25.097  56.858 0.0000000000
64548  -45.838  -24.815  56.071 0.0000000000
141779  -49.952  -21.857  58.189 0.0000000000
66908  -49.356  -22.249  57.580 0.0000000000
66907  -48.780  -22.607  57.099 0.0000000000
66915  -48.612  -22.299  56.408 0.0000000000
129038  -47.644  -23.343  56.670 0.0000000000
65827  -46.864  -23.725  56.243 0.0000000000
75093  -51.998  -14.446  60.993 0.0000000000
74056  -51.714  -15.034  60.563 0.0000000000
74065  -51.123  -15.538  59.318 0.0000000000
75106  -51.628  -14.483  59.659 0.0000000000
147606  -51.280  -14.963  59.277 0.0000000000
73049  -50.795  -15.965  58.691 0.0000000000
72068  -49.765  -16.997  56.747 0.0000000000
72080  -49.396  -17.457  56.149 0.0000000000
133387  -52.998  -15.298  56.738 0.0000000000
74101  -52.349  -15.520  56.367 0.0000000000
73111  -51.536  -16.816  54.826 0.0000000000
73095  -51.107  -16.276  55.474 0.0000000000
73094  -50.211  -16.409  55.810 0.0000000000
72085  -49.345  -17.296  55.472 0.0000000000
71130  -48.584  -18.267  54.986 0.0000000000
42519  -22.164  -44.465  80.792 0.0000000000
42525  -21.927  -44.536  79.553 0.0000000000
137068  -21.816  -44.681  79.224 0.0000000000
41551  -22.062  -44.202  77.944 0.0000000000
41566  -19.826  -46.047  73.805 0.0000000000
45796  -23.045  -41.124  77.547 0.0000000000
135747  -22.337  -41.438  77.775 0.0000000000
43656  -22.118  -43.529  75.413 0.0000000000
45839  -22.889  -41.312  74.486 0.0000000000
144317  -22.051  -42.029  73.229 0.0000000000
134294  -22.111  -42.310  74.083 0.0000000000
43655  -22.147  -42.508  74.955 0.0000000000
42544  -21.823  -44.191  74.467 0.0000000000
132587  -21.606  -45.008  73.041 0.0000000000
41592  -21.513  -44.829  71.921 0.0000000000
41591  -21.133  -45.390  72.160 0.0000000000
40695  -23.785  -46.608  68.851 0.0000000000
147904  -31.036  -41.510  76.664 0.0000000000
44734  -29.992  -41.805  75.922 0.0000000000
44744  -28.999  -41.832  74.942 0.0000000000
45851  -30.799  -40.773  74.077 0.0000000000
44752  -28.198  -41.809  73.408 0.0000000000
44766  -27.789  -41.793  72.818 0.0000000000
44779  -27.109  -41.861  71.713 0.0000000000
45887  -27.043  -41.843  70.232 0.0000000000
44799  -26.464  -42.008  70.426 0.0000000000
45904  -24.798  -42.105  68.554 0.0000000000
45942  -23.791  -42.102  67.654 0.0000000000
50085  -30.177  -37.904  69.037 0.0000000000
48983  -29.558  -38.184  68.707 0.0000000000
50098  -29.179  -37.894  68.002 0.0000000000
147881  -29.026  -38.434  68.389 0.0000000000
48982  -28.653  -38.971  68.446 0.0000000000
47924  -28.243  -39.653  68.480 0.0000000000
47935  -27.475  -39.421  67.245 0.0000000000
134291  -27.762  -39.748  67.935 0.0000000000
45944  -26.215  -41.605  67.798 0.0000000000
46964  -25.863  -41.328  65.720 0.0000000000
45961  -25.571  -41.727  66.514 0.0000000000
45943  -25.517  -41.965  67.398 0.0000000000
125718  -24.711  -42.163  67.074 0.0000000000
44851  -24.020  -42.301  66.907 0.0000000000
44893  -23.839  -43.032  66.107 0.0000000000
43801  -23.950  -43.648  65.823 0.0000000000
43636  -22.139  -42.772  76.435 0.0000000000
43648  -27.343  -42.432  75.490 0.0000000000
43748  -22.682  -43.261  67.941 0.0000000000
44816  -22.385  -42.077  68.768 0.0000000000
44870  -23.624  -42.682  66.756 0.0000000000
44912  -25.687  -42.546  64.918 0.0000000000
45981  -25.573  -41.824  65.386 0.0000000000
47899  -31.253  -38.937  71.848 0.0000000000
48914  -39.080  -37.955  74.727 0.0000000000
51253  -49.908  -36.238  68.420 0.0000000000
53521  -51.754  -34.002  69.714 0.0000000000
54510  -50.117  -32.044  74.074 0.0000000000
54615  -52.543  -32.533  69.490 0.0000000000
54629  -52.481  -32.349  68.802 0.0000000000
54648  -52.035  -32.393  67.372 0.0000000000
55633  -52.465  -31.700  71.539 0.0000000000
55647  -52.727  -31.683  70.676 0.0000000000
55720  -53.210  -31.270  68.086 0.0000000000
55735  -51.826  -32.378  66.814 0.0000000000
56728  -51.562  -31.008  72.871 0.0000000000
56843  -53.130  -30.956  66.913 0.0000000000
57983  -54.172  -30.299  67.437 0.0000000000
57984  -54.531  -29.911  67.336 0.0000000000
58000  -54.627  -29.606  66.865 0.0000000000
59018  -55.125  -29.247  67.799 0.0000000000
59019  -55.587  -28.768  67.993 0.0000000000
59042  -54.985  -29.037  66.744 0.0000000000
59062  -52.569  -29.008  65.265 0.0000000000
59070  -48.479  -29.242  63.923 0.0000000000
59078  -47.153  -29.049  63.111 0.0000000000
60120  -56.017  -28.196  67.006 0.0000000000
60121  -56.380  -27.640  66.637 0.0000000000
60129  -55.710  -27.899  66.143 0.0000000000
60144  -55.556  -27.652  65.725 0.0000000000
60163  -47.882  -27.932  63.108 0.0000000000
61136  -56.765  -27.230  66.704 0.0000000000
61163  -56.360  -26.827  65.643 0.0000000000
61177  -53.189  -26.847  64.303 0.0000000000
61187  -47.564  -27.629  62.576 0.0000000000
61198  -47.329  -27.295  61.869 0.0000000000
61210  -47.109  -26.969  61.063 0.0000000000
61222  -46.098  -27.018  59.879 0.0000000000
61246  -44.332  -27.240  57.520 0.0000000000
62211  -52.796  -26.273  63.825 0.0000000000
62215  -56.134  -25.779  64.458 0.0000000000
62273  -45.870  -26.800  59.054 0.0000000000
62308  -45.036  -26.842  57.760 0.0000000000
63259  -57.155  -25.115  65.536 0.0000000000
63298  -52.565  -25.694  63.333 0.0000000000
63321  -53.178  -25.175  63.106 0.0000000000
63334  -51.089  -24.947  62.090 0.0000000000
63348  -50.029  -24.911  61.344 0.0000000000
63375  -47.257  -25.258  58.688 0.0000000000
63393  -46.344  -25.376  57.612 0.0000000000
64489  -48.935  -24.774  60.091 0.0000000000
64507  -48.648  -24.521  59.377 0.0000000000
64521  -48.448  -24.242  58.785 0.0000000000
65711  -56.495  -23.121  63.866 0.0000000000
65737  -55.413  -23.214  63.163 0.0000000000
65757  -53.152  -23.040  61.961 0.0000000000
65778  -51.946  -22.793  61.106 0.0000000000
65818  -47.789  -23.829  57.436 0.0000000000
65828  -48.249  -22.826  56.723 0.0000000000
66872  -50.829  -22.678  60.187 0.0000000000
66887  -49.892  -22.605  58.953 0.0000000000
66914  -47.951  -22.661  56.147 0.0000000000
66922  -46.925  -22.696  55.161 0.0000000000
69065  -55.642  -20.981  64.435 0.0000000000
69110  -51.234  -20.147  58.769 0.0000000000
69121  -49.738  -20.540  56.485 0.0000000000
69130  -48.708  -20.311  55.357 0.0000000000
70091  -54.920  -19.474  64.630 0.0000000000
70111  -53.015  -19.583  62.194 0.0000000000
70139  -51.799  -19.193  59.268 0.0000000000
71035  -54.992  -18.240  64.884 0.0000000000
71050  -54.717  -18.289  64.361 0.0000000000
71079  -52.808  -18.378  60.989 0.0000000000
71099  -50.839  -18.083  57.899 0.0000000000
71109  -49.705  -17.869  56.775 0.0000000000
71998  -54.926  -17.212  64.628 0.0000000000
72061  -51.885  -18.190  58.952 0.0000000000
72084  -48.948  -17.644  55.039 0.0000000000
72096  -50.989  -17.216  54.453 0.0000000000
73012  -54.150  -16.317  62.837 0.0000000000
73038  -52.410  -16.480  60.423 0.0000000000
73059  -50.593  -16.402  58.157 0.0000000000
73060  -50.941  -16.747  58.630 0.0000000000
73073  -56.527  -15.071  57.343 0.0000000000
73084  -50.703  -15.963  56.294 0.0000000000
73087  -55.547  -15.669  56.633 0.0000000000
73088  -56.230  -15.834  56.420 0.0000000000
73110  -50.587  -16.682  55.055 0.0000000000
74002  -54.510  -15.433  65.111 0.0000000000
74021  -54.544  -15.385  63.786 0.0000000000
74057  -52.214  -15.657  60.782 0.0000000000
74074  -56.443  -14.559  57.744 0.0000000000
74086  -51.038  -15.382  57.656 0.0000000000
74102  -53.928  -15.442  56.779 0.0000000000
75058  -54.273  -14.937  65.121 0.0000000000
75107  -52.119  -13.968  59.366 0.0000000000
75108  -55.359  -13.902  58.604 0.0000000000
75123  -55.642  -14.316  58.151 0.0000000000
75124  -56.166  -14.229  58.084 0.0000000000
76173  -52.207  -13.839  61.478 0.0000000000
76189  -55.034  -13.305  59.095 0.0000000000
77150  -52.835  -12.631  60.549 0.0000000000
78165  -55.378  -11.415  59.928 0.0000000000
79175  -54.859  -10.423  60.681 0.0000000000
126263  -28.015  -43.031  79.885 0.0000000000
127433  -48.524  -26.114  61.636 0.0000000000
127837  -53.505  -30.877  69.063 0.0000000000
129886  -55.656  -22.106  63.526 0.0000000000
130734  -51.370  -14.998  59.894 0.0000000000
131075  -53.415  -17.909  61.887 0.0000000000
131594  -52.862  -31.290  70.411 0.0000000000
134136  -53.915  -17.707  63.125 0.0000000000
134228  -28.631  -41.813  74.163 0.0000000000
134373  -52.609  -31.812  71.159 0.0000000000
135035  -55.768  -27.203  65.505 0.0000000000
137495  -55.855  -28.091  66.557 0.0000000000
138681  -49.014  -17.862  55.598 0.0000000000
139441  -54.699  -15.355  64.266 0.0000000000
139762  -51.836  -33.737  69.232 0.0000000000
144161  -22.893  -42.093  67.888 0.0000000000
146456  -55.736  -25.420  63.958 0.0000000000
147352  -23.635  -44.877  66.657 0.0000000000
148373  -54.349  -15.328  65.272 0.0000000000
150799  -56.509  -23.673  63.857 0.0000000000
