#!ascii label  , from subject sub-v1s2x0051490_ses-1 vox2ras=TkReg
476
22237  -31.380  -65.267  14.292 0.6999999881
127926  -32.031  -64.686  13.165 0.6000000238
22269  -32.073  -65.511  12.810 0.6000000238
134135  -31.771  -65.893  10.853 0.4000000060
23359  -25.861  -64.001  9.135 0.6999999881
146173  -25.886  -63.346  8.823 0.6999999881
23348  -25.956  -64.045  9.884 0.6999999881
24439  -25.848  -63.379  9.574 0.6000000238
23349  -26.517  -64.400  10.481 0.6999999881
24440  -26.079  -63.494  10.367 0.6000000238
23341  -27.216  -64.471  11.364 0.6000000238
24431  -26.563  -63.595  11.095 0.6000000238
23331  -28.163  -64.673  12.726 0.6000000238
24432  -27.022  -63.502  11.823 0.6000000238
25501  -27.726  -62.374  12.575 0.5000000000
24408  -28.676  -63.473  13.476 0.5000000000
131254  -28.155  -62.956  13.008 0.5000000000
24410  -30.293  -62.933  14.219 0.6000000238
149306  -30.504  -64.229  14.450 0.6000000238
24393  -30.850  -63.581  14.334 0.6000000238
23319  -31.565  -63.579  13.864 0.6000000238
148077  -31.860  -63.951  13.353 0.6000000238
24469  -26.264  -62.915  8.069 0.6000000238
25545  -26.344  -62.111  8.206 0.6000000238
25529  -25.932  -62.686  9.007 0.6000000238
25517  -25.915  -62.669  9.971 0.6000000238
151089  -26.569  -61.360  10.786 0.6000000238
145562  -26.628  -62.915  11.473 0.6000000238
25511  -27.065  -62.612  12.016 0.6000000238
26649  -27.376  -61.622  12.040 0.6000000238
26634  -28.148  -61.649  12.723 0.6000000238
25489  -28.833  -62.638  13.476 0.6000000238
26613  -28.970  -61.746  13.317 0.6999999881
25490  -29.674  -62.325  13.874 0.6000000238
25491  -30.642  -62.150  14.031 0.6000000238
23332  -31.986  -64.014  12.595 0.5000000000
142457  -31.856  -64.182  11.583 0.5000000000
25575  -26.281  -62.595  6.413 0.6000000238
25558  -26.461  -62.357  7.227 0.6000000238
131642  -26.446  -61.419  8.344 0.6000000238
25530  -26.127  -61.825  9.308 0.6000000238
131062  -26.378  -61.139  9.998 0.6000000238
27707  -26.622  -60.381  9.615 0.6000000238
146891  -26.915  -60.483  10.672 0.6000000238
26658  -26.932  -61.219  11.342 0.6000000238
26648  -26.634  -62.051  11.333 0.6000000238
27695  -27.476  -60.697  11.616 0.6000000238
27679  -28.085  -60.905  12.319 0.6999999881
143723  -31.405  -62.209  13.579 0.6000000238
148750  -31.878  -62.996  13.011 0.6000000238
23342  -31.812  -65.039  11.170 0.4000000060
26712  -25.701  -61.608  6.175 0.6000000238
26699  -26.186  -61.730  6.527 0.6000000238
26685  -26.469  -61.514  7.410 0.6000000238
26670  -26.435  -60.941  8.973 0.6000000238
28728  -26.784  -59.752  9.244 0.5000000000
28714  -26.874  -59.815  9.960 0.6000000238
28699  -27.632  -59.922  11.223 0.6999999881
27681  -29.687  -60.056  13.214 0.6000000238
130410  -28.637  -61.076  12.894 0.6000000238
26635  -29.356  -60.871  13.285 0.6000000238
26614  -29.970  -61.490  13.743 0.6000000238
26615  -30.888  -61.363  13.722 0.6000000238
144977  -31.858  -62.277  12.380 0.6000000238
127186  -31.691  -63.388  11.048 0.4000000060
125975  -31.948  -63.472  12.043 0.5000000000
25557  -24.758  -61.768  6.651 0.5000000000
26697  -25.208  -60.989  6.618 0.6000000238
27743  -26.205  -60.903  6.822 0.6000000238
140970  -26.557  -60.703  7.741 0.5000000000
145873  -26.645  -59.927  7.706 0.5000000000
27733  -26.650  -60.172  8.606 0.5000000000
28729  -27.051  -59.076  9.507 0.6000000238
29751  -27.546  -58.660  10.169 0.6000000238
28715  -27.367  -59.472  10.515 0.6999999881
28700  -28.241  -59.373  11.463 0.6999999881
27696  -28.151  -60.115  11.909 0.6999999881
132714  -29.105  -58.910  12.127 0.6000000238
27680  -28.813  -60.276  12.676 0.6999999881
28678  -29.349  -59.469  12.700 0.6000000238
28658  -29.991  -59.373  13.159 0.6000000238
27661  -30.270  -60.680  13.535 0.6000000238
27662  -31.089  -60.567  13.435 0.6000000238
26616  -31.422  -61.271  13.196 0.6000000238
24433  -31.892  -62.800  11.906 0.5000000000
27741  -25.047  -60.207  6.989 0.6000000238
27742  -25.865  -60.435  6.432 0.5000000000
147776  -26.282  -60.032  6.971 0.6000000238
28754  -26.581  -59.313  7.265 0.5000000000
28742  -26.870  -59.320  8.292 0.6000000238
29772  -26.925  -58.653  7.380 0.5000000000
28743  -27.142  -58.313  8.503 0.5000000000
30803  -27.660  -58.005  9.929 0.5000000000
28716  -27.978  -58.949  10.847 0.6000000238
30804  -27.974  -57.266  10.061 0.5000000000
29752  -28.069  -58.164  10.562 0.5000000000
29737  -28.644  -58.499  11.404 0.6000000238
30790  -28.584  -57.569  10.929 0.4000000060
148611  -28.694  -59.094  11.753 0.6999999881
146223  -29.057  -57.728  11.531 0.4000000060
29718  -29.846  -58.668  12.774 0.5000000000
29719  -30.644  -58.156  13.062 0.5000000000
29699  -30.599  -58.957  13.227 0.6000000238
29700  -31.285  -58.507  13.123 0.5000000000
27663  -31.545  -60.492  12.926 0.6000000238
25518  -31.414  -61.954  10.898 0.5000000000
28660  -31.318  -59.871  13.198 0.6000000238
26636  -31.704  -61.088  12.583 0.6000000238
25512  -31.787  -62.088  11.679 0.6000000238
135625  -25.687  -59.740  6.778 0.5000000000
28753  -26.222  -59.256  6.619 0.5000000000
147104  -26.565  -58.809  6.825 0.4000000060
30827  -27.107  -57.865  7.282 0.4000000060
29762  -27.351  -58.333  9.497 0.5000000000
140026  -27.500  -57.647  9.202 0.5000000000
31858  -28.752  -55.870  10.528 0.4000000060
133617  -28.630  -56.707  10.657 0.4000000060
31842  -29.170  -56.240  11.188 0.4000000060
31843  -29.663  -56.561  11.826 0.5000000000
30791  -29.544  -57.352  11.981 0.5000000000
31828  -30.218  -56.931  12.414 0.5000000000
30772  -30.040  -57.758  12.583 0.5000000000
30752  -31.206  -57.759  13.064 0.5000000000
27708  -31.619  -60.608  11.005 0.5000000000
141911  -31.730  -61.277  11.470 0.5000000000
148685  -31.664  -59.857  12.740 0.6000000238
26637  -31.918  -60.963  12.069 0.5000000000
30828  -27.336  -57.350  8.152 0.4000000060
143029  -27.409  -56.607  7.860 0.5000000000
30814  -27.663  -56.668  8.915 0.5000000000
31869  -27.845  -55.656  9.075 0.5000000000
30773  -30.777  -57.366  12.875 0.5000000000
27709  -31.843  -60.072  11.205 0.5000000000
26659  -31.273  -61.192  10.647 0.3000000119
31829  -31.011  -56.555  12.775 0.5000000000
30753  -31.816  -57.717  12.890 0.5000000000
28680  -31.950  -59.346  12.327 0.5000000000
32880  -28.353  -55.366  9.907 0.4000000060
32879  -27.955  -54.744  9.258 0.4000000060
32865  -29.183  -54.668  10.990 0.4000000060
143627  -28.843  -55.178  10.515 0.4000000060
32850  -29.883  -54.962  11.735 0.4000000060
33775  -29.701  -54.046  11.548 0.4000000060
32831  -30.773  -55.120  12.445 0.5000000000
133491  -32.037  -59.402  11.003 0.4000000060
28717  -31.536  -59.992  10.632 0.4000000060
31809  -31.479  -57.089  12.900 0.5000000000
133650  -32.171  -59.131  11.684 0.5000000000
31830  -31.932  -56.204  12.826 0.5000000000
30774  -32.227  -57.899  12.414 0.5000000000
29721  -32.258  -58.562  12.085 0.5000000000
33792  -29.018  -53.817  10.871 0.4000000060
33776  -30.515  -54.196  12.181 0.4000000060
145723  -31.978  -58.773  10.510 0.4000000060
128002  -32.430  -57.954  11.870 0.5000000000
146187  -31.224  -55.806  12.703 0.5000000000
31831  -32.295  -56.731  12.451 0.5000000000
30792  -32.498  -57.462  11.258 0.4000000060
29753  -32.103  -57.978  10.315 0.3000000119
149380  -32.181  -55.568  12.608 0.5000000000
128921  -32.458  -57.342  12.136 0.5000000000
34760  -29.506  -53.209  11.398 0.4000000060
134498  -32.574  -56.698  11.039 0.3000000119
30805  -32.362  -57.067  10.356 0.3000000119
31844  -32.579  -56.678  11.789 0.5000000000
33756  -31.396  -54.308  12.607 0.4000000060
32832  -31.823  -55.177  12.758 0.5000000000
32833  -32.432  -55.883  12.245 0.5000000000
35727  -30.036  -52.600  11.774 0.4000000060
31859  -32.459  -56.261  10.447 0.3000000119
31871  -32.111  -56.566  9.650 0.3000000119
34761  -30.249  -53.376  11.942 0.4000000060
32851  -32.594  -55.069  11.643 0.4000000060
34743  -31.095  -53.418  12.445 0.4000000060
33758  -32.450  -54.318  12.080 0.4000000060
36690  -29.910  -51.796  11.554 0.5000000000
32866  -32.527  -55.439  10.634 0.3000000119
32881  -32.224  -55.741  9.746 0.4000000060
32895  -31.877  -55.157  8.955 0.4000000060
132008  -31.788  -56.058  8.941 0.4000000060
35707  -31.201  -52.691  12.289 0.4000000060
33777  -32.560  -54.255  11.412 0.5000000000
33793  -32.548  -54.576  10.724 0.4000000060
34744  -31.777  -53.060  12.361 0.5000000000
34745  -32.222  -53.638  12.280 0.5000000000
34762  -32.492  -53.631  11.646 0.5000000000
34777  -32.563  -53.660  10.768 0.4000000060
34792  -32.345  -54.072  9.903 0.4000000060
33830  -32.026  -54.428  9.258 0.4000000060
142757  -31.581  -55.627  8.265 0.3000000119
36691  -30.759  -52.081  11.985 0.5000000000
35708  -31.691  -52.208  11.964 0.5000000000
149062  -32.092  -53.009  9.090 0.4000000060
34807  -31.637  -53.531  7.970 0.3000000119
144673  -30.535  -50.516  11.429 0.5000000000
150567  -32.463  -52.480  9.887 0.4000000060
132133  -32.376  -53.167  9.769 0.4000000060
34808  -31.969  -53.617  8.990 0.4000000060
33829  -31.743  -54.323  8.463 0.4000000060
138482  -31.412  -54.792  7.222 0.3000000119
37558  -30.624  -51.217  11.666 0.5000000000
35729  -32.201  -52.092  11.478 0.5000000000
136739  -32.548  -52.809  10.542 0.5000000000
125821  -31.331  -51.484  11.770 0.5000000000
35761  -32.209  -52.508  9.201 0.4000000060
35775  -31.852  -52.766  8.399 0.4000000060
38450  -30.432  -49.030  10.974 0.5000000000
34823  -31.591  -53.562  7.099 0.3000000119
37559  -31.403  -50.661  11.461 0.5000000000
37560  -32.196  -50.668  10.810 0.5000000000
36708  -32.473  -51.239  10.179 0.5000000000
35744  -32.487  -52.061  10.396 0.5000000000
36693  -32.367  -51.621  10.947 0.5000000000
136465  -31.898  -52.210  7.801 0.4000000060
39351  -30.547  -48.146  10.534 0.5000000000
38459  -32.281  -49.613  9.434 0.5000000000
35790  -32.123  -52.248  7.120 0.3000000119
35774  -31.710  -52.854  7.450 0.3000000119
141395  -31.259  -48.725  10.652 0.5000000000
38451  -31.668  -49.278  10.643 0.5000000000
38452  -32.085  -49.763  10.324 0.5000000000
129402  -31.723  -64.522  13.819 0.6000000238
22280  -31.992  -65.690  11.817 0.5000000000
24423  -28.069  -63.800  12.903 0.6000000238
25503  -31.718  -61.910  12.873 0.6000000238
127571  -27.796  -59.432  11.025 0.6999999881
141057  -31.846  -61.593  12.209 0.6000000238
28677  -28.714  -59.539  12.110 0.6999999881
29738  -29.348  -58.147  12.089 0.5000000000
28659  -30.592  -59.813  13.372 0.6000000238
31870  -28.181  -56.253  9.881 0.5000000000
28679  -31.559  -59.238  12.934 0.5000000000
27697  -31.880  -60.515  11.637 0.5000000000
32849  -29.239  -55.456  11.106 0.4000000060
32830  -30.376  -56.029  12.315 0.5000000000
127483  -32.608  -56.004  11.334 0.4000000060
33811  -32.322  -54.916  9.870 0.4000000060
32894  -31.575  -54.951  7.972 0.3000000119
146594  -31.234  -49.283  11.045 0.5000000000
37573  -32.389  -50.403  9.863 0.5000000000
16326  -24.699  -70.878  13.707 0.5000000000
16352  -25.521  -71.734  11.882 0.5000000000
16341  -25.220  -71.477  12.967 0.5000000000
16377  -28.160  -70.975  10.075 0.5000000000
150619  -26.857  -71.332  10.658 0.5000000000
130012  -26.357  -71.410  11.331 0.4000000060
17339  -25.108  -70.187  13.972 0.5000000000
16342  -26.041  -71.258  12.484 0.6000000238
17359  -25.608  -70.839  13.446 0.6000000238
16354  -27.196  -71.061  11.170 0.5000000000
16353  -26.871  -70.985  12.091 0.5000000000
17412  -29.710  -70.854  9.546 0.4000000060
132040  -24.150  -68.301  12.625 0.6999999881
142790  -24.801  -68.294  13.463 0.6999999881
18392  -26.527  -69.588  14.155 0.6999999881
17341  -27.816  -70.050  13.383 0.5000000000
17340  -26.927  -70.167  13.641 0.6999999881
17378  -29.403  -70.260  11.282 0.5000000000
17377  -28.503  -70.391  11.483 0.5000000000
17362  -28.180  -70.251  12.417 0.5000000000
17399  -30.820  -70.648  10.540 0.5000000000
147433  -29.801  -70.550  10.367 0.5000000000
132687  -24.867  -68.567  9.844 0.5000000000
19380  -24.673  -68.246  10.726 0.6999999881
19365  -25.397  -67.867  11.099 0.6999999881
127707  -23.955  -68.336  11.510 0.6999999881
19349  -24.943  -67.866  12.665 0.6999999881
128554  -24.770  -68.960  14.084 0.6000000238
18394  -28.314  -69.559  13.968 0.6999999881
18393  -27.423  -69.629  14.115 0.6000000238
17364  -29.872  -70.015  11.965 0.5000000000
17363  -29.056  -70.025  12.152 0.6000000238
18412  -28.698  -69.837  13.084 0.6000000238
17379  -30.494  -70.310  11.323 0.5000000000
17381  -32.091  -70.368  10.716 0.5000000000
19381  -25.746  -68.130  10.128 0.5000000000
20265  -25.679  -67.800  13.312 0.6999999881
20281  -26.497  -67.407  12.660 0.6999999881
20296  -25.707  -67.599  12.016 0.6999999881
18375  -26.255  -68.944  14.374 0.8000000119
20251  -27.046  -67.999  14.336 0.6999999881
18395  -29.738  -69.240  13.773 0.6000000238
18378  -28.948  -69.035  14.423 0.6999999881
18414  -30.715  -69.557  12.999 0.6999999881
150550  -30.209  -69.401  13.361 0.6000000238
18433  -31.887  -70.111  11.562 0.6000000238
17365  -30.656  -69.960  12.250 0.6000000238
18434  -32.311  -69.860  11.193 0.6000000238
19403  -26.339  -68.551  8.330 0.5000000000
20343  -27.028  -67.865  8.265 0.6000000238
19391  -25.669  -68.643  9.184 0.5000000000
19392  -26.522  -68.123  9.193 0.6000000238
19382  -26.651  -67.664  10.015 0.6000000238
20314  -26.275  -67.664  10.908 0.6999999881
20282  -27.253  -67.199  13.020 0.6999999881
20298  -27.485  -67.111  11.499 0.6000000238
20266  -26.646  -67.612  13.630 0.6999999881
20267  -27.484  -67.413  13.949 0.6999999881
19321  -28.394  -68.484  14.649 0.6999999881
18397  -31.325  -69.178  13.149 0.6999999881
18416  -32.118  -69.577  11.971 0.6999999881
137070  -31.848  -69.237  12.590 0.6999999881
21292  -27.022  -66.770  9.466 0.6000000238
136761  -27.036  -67.244  9.975 0.6000000238
20315  -27.094  -67.279  10.728 0.6000000238
20268  -28.320  -67.237  14.270 0.8000000119
21239  -28.653  -66.517  13.896 0.5000000000
21252  -28.154  -66.435  12.394 0.6000000238
19322  -29.290  -68.234  14.644 0.6999999881
20254  -29.751  -67.331  14.623 0.6999999881
20269  -31.730  -67.748  13.447 0.6999999881
20256  -31.250  -67.535  14.166 0.6999999881
19366  -32.448  -69.066  11.482 0.5000000000
19351  -32.195  -68.822  12.286 0.6999999881
20317  -32.200  -67.341  11.091 0.5000000000
20365  -26.974  -67.446  7.040 0.5000000000
21328  -26.655  -66.513  7.225 0.5000000000
21312  -26.668  -66.226  8.335 0.6000000238
129493  -26.951  -67.156  8.661 0.6000000238
22302  -26.755  -65.767  9.403 0.6000000238
21293  -27.183  -66.190  10.140 0.6000000238
22289  -26.886  -65.304  10.149 0.6000000238
21280  -27.587  -66.439  10.799 0.6000000238
22290  -27.328  -65.727  10.609 0.6000000238
22234  -29.236  -66.005  14.200 0.6000000238
22253  -28.714  -65.752  13.515 0.5000000000
22279  -27.711  -65.652  11.236 0.5000000000
21224  -30.508  -66.598  14.622 0.6000000238
21223  -29.834  -66.346  14.586 0.6000000238
21240  -31.711  -66.899  13.857 0.6000000238
21225  -31.206  -66.754  14.447 0.6000000238
21254  -32.090  -66.351  12.414 0.5000000000
139912  -26.316  -65.879  6.541 0.5000000000
129188  -26.358  -65.763  7.319 0.6000000238
22317  -26.301  -65.326  8.759 0.6000000238
22268  -28.311  -65.630  12.660 0.5000000000
22267  -27.923  -65.087  11.977 0.5000000000
139063  -29.807  -65.446  14.502 0.4000000060
22235  -29.120  -65.009  13.952 0.5000000000
135019  -28.548  -65.076  13.263 0.5000000000
126652  -31.944  -66.202  13.351 0.6000000238
132385  -26.120  -66.168  6.010 0.5000000000
22337  -26.257  -64.922  6.756 0.6000000238
23393  -26.233  -64.272  7.442 0.6000000238
22325  -26.190  -65.206  7.866 0.6000000238
24409  -29.969  -63.722  14.336 0.5000000000
131786  -29.210  -64.021  13.999 0.4000000060
142096  -25.662  -65.711  5.905 0.5000000000
22336  -26.055  -65.227  6.117 0.5000000000
23407  -26.406  -63.999  6.603 0.6000000238
24468  -26.058  -63.738  8.188 0.6000000238
22335  -24.938  -65.460  5.944 0.5000000000
23405  -25.466  -64.711  5.904 0.5000000000
137234  -25.635  -63.667  5.837 0.6000000238
24482  -26.435  -63.311  7.095 0.6000000238
22324  -23.533  -65.284  7.139 0.5000000000
23404  -24.370  -64.938  6.272 0.5000000000
137720  -24.633  -64.001  6.090 0.5000000000
24496  -25.870  -62.797  5.876 0.6000000238
24497  -26.221  -63.418  6.279 0.6000000238
23392  -23.872  -64.413  6.931 0.5000000000
24494  -24.083  -63.522  6.795 0.5000000000
127144  -23.453  -63.923  7.655 0.5000000000
25574  -26.037  -62.124  5.979 0.5000000000
143055  -23.591  -63.212  7.451 0.5000000000
24495  -24.913  -63.091  6.103 0.5000000000
131401  -22.977  -64.203  8.574 0.5000000000
24467  -23.146  -63.387  8.259 0.5000000000
24481  -24.250  -62.628  6.903 0.5000000000
25573  -25.292  -62.256  6.074 0.4000000060
24466  -22.425  -63.497  8.765 0.5000000000
25544  -23.417  -62.666  7.879 0.5000000000
25556  -23.875  -61.974  7.515 0.4000000060
25543  -22.688  -62.757  8.611 0.4000000060
131922  -23.155  -62.070  8.485 0.4000000060
26684  -23.645  -61.386  8.111 0.4000000060
145586  -30.926  -65.532  14.570 0.6000000238
21267  -32.045  -66.516  11.456 0.4000000060
138354  -28.132  -65.936  11.892 0.6000000238
26696  -24.313  -61.372  7.294 0.4000000060
27740  -24.256  -60.757  7.621 0.4000000060
19336  -26.272  -68.208  14.101 0.6999999881
20253  -28.783  -67.739  14.647 0.6999999881
18396  -30.533  -69.034  13.706 0.6999999881
18379  -29.838  -68.667  14.305 0.6999999881
21253  -28.389  -66.263  13.118 0.6000000238
21266  -27.924  -66.609  11.525 0.6000000238
19350  -31.801  -68.604  13.030 0.6999999881
21222  -29.140  -66.915  14.431 0.6999999881
20255  -30.600  -67.363  14.552 0.6999999881
139104  -32.019  -67.047  12.977 0.6000000238
20299  -32.202  -67.205  12.052 0.6000000238
16375  -26.952  -71.431  10.107 0.5000000000
16376  -27.953  -70.771  10.888 0.5000000000
17360  -26.482  -70.711  13.086 0.6000000238
17361  -27.324  -70.482  12.725 0.5000000000
17376  -27.670  -70.645  11.766 0.5000000000
17380  -31.279  -70.176  11.749 0.6000000238
17398  -28.785  -70.561  10.596 0.5000000000
17400  -31.446  -70.428  11.023 0.6000000238
18376  -27.079  -69.109  14.418 0.8000000119
18377  -27.949  -69.111  14.477 0.6000000238
18391  -25.547  -69.458  14.189 0.6000000238
18413  -29.768  -69.699  12.918 0.6000000238
18415  -31.474  -69.746  12.358 0.6999999881
19319  -26.804  -68.568  14.430 0.8000000119
19320  -27.522  -68.571  14.567 0.6999999881
19323  -30.108  -68.009  14.578 0.6999999881
19334  -24.114  -68.786  13.623 0.6999999881
19335  -25.501  -68.560  14.057 0.6999999881
19337  -30.479  -68.427  14.187 0.6999999881
19338  -31.162  -68.397  13.778 0.6999999881
19364  -24.734  -67.921  11.775 0.6999999881
20252  -27.893  -67.911  14.586 0.6999999881
20283  -32.088  -67.931  12.600 0.6999999881
20297  -26.749  -67.376  11.644 0.6000000238
20300  -32.316  -68.118  11.716 0.5000000000
20316  -27.557  -66.923  10.965 0.6000000238
20325  -26.922  -67.526  9.271 0.6000000238
21238  -28.012  -66.844  13.292 0.6000000238
21279  -27.357  -66.899  10.335 0.6000000238
22236  -30.476  -65.823  14.626 0.6000000238
22254  -31.864  -65.365  13.660 0.6000000238
23302  -29.816  -64.554  14.398 0.4000000060
23303  -31.230  -64.347  14.314 0.6000000238
23318  -28.599  -64.332  13.399 0.5000000000
23330  -27.622  -64.126  12.215 0.5000000000
23350  -27.159  -65.081  10.751 0.6000000238
23360  -26.226  -64.791  9.524 0.6999999881
23381  -26.015  -64.580  8.518 0.6000000238
23406  -26.142  -64.258  6.150 0.6000000238
24394  -31.154  -62.863  14.071 0.6000000238
24422  -27.556  -63.231  12.448 0.5000000000
25502  -28.328  -62.259  13.044 0.5000000000
25510  -26.231  -62.781  10.843 0.6000000238
26698  -25.993  -61.070  6.297 0.6000000238
27682  -31.834  -60.303  12.302 0.6000000238
28701  -31.997  -59.804  11.705 0.5000000000
29720  -31.881  -58.533  12.665 0.5000000000
29739  -32.306  -58.482  11.252 0.4000000060
30754  -32.023  -56.995  12.821 0.5000000000
33757  -32.122  -54.342  12.587 0.4000000060
33852  -31.533  -54.227  7.558 0.3000000119
35709  -32.281  -52.855  11.806 0.5000000000
35728  -30.662  -52.815  12.152 0.4000000060
35730  -32.459  -52.407  11.108 0.5000000000
36692  -31.997  -51.409  11.478 0.5000000000
37568  -31.669  -49.869  11.013 0.5000000000
38441  -30.896  -49.842  11.305 0.5000000000
38458  -31.889  -48.900  9.953 0.5000000000
126106  -31.668  -62.597  11.141 0.5000000000
126675  -31.992  -64.846  12.205 0.5000000000
126840  -26.185  -61.947  10.424 0.6000000238
127664  -26.924  -67.082  7.903 0.5000000000
129542  -29.403  -63.159  13.970 0.6000000238
132414  -31.593  -66.084  14.111 0.6000000238
133473  -27.189  -67.196  12.184 0.6999999881
134056  -31.085  -66.009  14.563 0.6000000238
134160  -26.024  -70.196  13.855 0.6999999881
134340  -27.734  -66.921  12.261 0.6000000238
135105  -31.193  -60.541  10.439 0.3000000119
137145  -30.611  -65.016  14.538 0.6000000238
137404  -29.088  -69.467  13.670 0.6000000238
138873  -29.115  -57.034  11.332 0.4000000060
139076  -32.544  -53.062  11.221 0.5000000000
140432  -29.731  -55.792  11.693 0.4000000060
140568  -32.322  -55.046  12.380 0.5000000000
140881  -27.428  -71.143  10.398 0.5000000000
143734  -31.787  -53.726  12.579 0.4000000060
143848  -26.396  -71.667  10.404 0.5000000000
144609  -30.734  -67.958  14.328 0.6999999881
147386  -31.088  -59.263  13.281 0.6000000238
147941  -31.518  -62.919  13.670 0.6000000238
149821  -30.181  -55.479  12.043 0.5000000000
150639  -24.357  -68.570  10.226 0.5000000000
151236  -32.192  -57.322  12.584 0.5000000000
