#!ascii label  , from subject sub-v1s2x0051490_ses-1 vox2ras=TkReg
347
69713  -30.938  -20.737  2.548 0.0000000000
71726  -28.920  -18.548  -1.695 0.0000000000
84527  -27.490  -5.876  -4.313 0.0000000000
79776  -28.647  -10.084  -1.465 0.0000000000
75762  -31.697  -14.737  -2.657 0.0000000000
74641  -32.892  -16.056  1.649 0.0000000000
86312  -26.816  -4.010  -5.677 0.0000000000
78774  -30.312  -12.143  -0.284 0.0000000000
75779  -28.535  -14.753  -1.215 0.0000000000
69747  -30.441  -20.372  -0.588 0.0000000000
72642  -31.533  -18.057  -1.620 0.0000000000
71684  -31.553  -18.579  1.256 0.0000000000
62976  -28.067  -26.201  1.389 0.0000000000
67550  -29.504  -22.486  0.060 0.0000000000
90707  -24.454  1.620  -7.738 0.0000000000
89891  -27.042  0.337  -5.799 0.0000000000
88081  -28.327  -1.298  -4.779 0.0000000000
86304  -29.522  -3.728  -3.601 0.0000000000
84508  -30.431  -5.503  -2.054 0.0000000000
81773  -27.972  -8.097  -3.057 0.0000000000
139165  -31.829  -7.904  -0.907 0.0000000000
79779  -32.473  -10.494  -1.718 0.0000000000
77828  -32.680  -12.691  -3.105 0.0000000000
141485  -33.183  -13.994  -2.929 0.0000000000
73648  -29.878  -16.707  -1.237 0.0000000000
74672  -32.434  -15.819  -1.644 0.0000000000
76805  -27.533  -13.542  -2.733 0.0000000000
136496  -27.304  -15.047  -3.238 0.0000000000
69734  -30.523  -20.480  0.548 0.0000000000
70759  -31.292  -19.228  0.544 0.0000000000
70747  -31.358  -19.304  1.681 0.0000000000
58681  -29.534  -31.096  4.206 0.0000000000
143893  -29.417  -29.021  4.189 0.0000000000
60844  -29.268  -27.920  3.884 0.0000000000
67576  -28.275  -22.045  -1.405 0.0000000000
67563  -27.993  -22.849  -1.453 0.0000000000
89025  -27.657  -0.935  -5.462 0.0000000000
85402  -26.917  -4.867  -5.276 0.0000000000
85403  -28.161  -4.046  -4.595 0.0000000000
147460  -28.210  -4.808  -4.161 0.0000000000
85396  -30.073  -4.316  -2.955 0.0000000000
84519  -28.703  -5.885  -3.195 0.0000000000
80776  -28.490  -9.310  -1.940 0.0000000000
81759  -29.565  -7.832  -1.372 0.0000000000
80762  -29.858  -9.171  -0.644 0.0000000000
81762  -32.170  -8.741  -1.122 0.0000000000
80745  -30.225  -10.085  -0.370 0.0000000000
76770  -30.520  -13.645  -0.613 0.0000000000
131316  -31.825  -12.123  -1.566 0.0000000000
76791  -32.218  -13.868  -2.880 0.0000000000
145512  -32.669  -13.433  -3.024 0.0000000000
75796  -32.076  -14.632  -3.094 0.0000000000
71738  -28.084  -18.267  -2.398 0.0000000000
73663  -28.481  -16.677  -1.640 0.0000000000
72658  -29.586  -18.010  -1.589 0.0000000000
73632  -32.187  -16.850  -0.423 0.0000000000
73651  -32.224  -16.509  -1.309 0.0000000000
140187  -32.477  -16.022  -0.384 0.0000000000
75746  -33.389  -14.186  0.018 0.0000000000
74656  -33.254  -14.697  0.826 0.0000000000
64045  -29.455  -25.627  3.440 0.0000000000
129501  -28.346  -25.577  1.162 0.0000000000
65271  -29.307  -24.410  2.582 0.0000000000
66415  -29.533  -23.541  2.351 0.0000000000
78817  -28.287  -11.408  -2.043 0.0000000000
78797  -29.527  -11.522  -0.686 0.0000000000
77827  -28.262  -12.269  -1.956 0.0000000000
76769  -29.672  -13.292  -0.442 0.0000000000
138330  -29.977  -14.268  -0.474 0.0000000000
70790  -30.276  -19.761  -1.836 0.0000000000
71728  -31.023  -19.194  -2.190 0.0000000000
71708  -31.245  -19.357  -1.837 0.0000000000
71695  -31.507  -18.537  0.044 0.0000000000
73619  -32.489  -16.834  1.582 0.0000000000
62931  -29.751  -26.640  4.010 0.0000000000
140513  -28.348  -19.670  -1.763 0.0000000000
69767  -29.492  -20.372  -1.417 0.0000000000
68684  -29.667  -21.705  -0.475 0.0000000000
68667  -29.872  -21.854  0.572 0.0000000000
128845  -25.645  3.180  -7.760 0.0000000000
89899  -23.644  0.493  -7.000 0.0000000000
89890  -26.511  0.787  -6.442 0.0000000000
89892  -27.925  0.731  -5.437 0.0000000000
89883  -29.350  0.276  -4.304 0.0000000000
88073  -29.794  -1.458  -3.781 0.0000000000
87224  -27.880  -2.614  -5.089 0.0000000000
87215  -29.240  -2.855  -4.031 0.0000000000
88074  -31.165  -2.190  -3.368 0.0000000000
86306  -32.009  -3.291  -2.868 0.0000000000
85386  -32.377  -4.678  -2.237 0.0000000000
147966  -32.892  -5.887  -1.954 0.0000000000
82716  -27.758  -7.264  -3.521 0.0000000000
83605  -29.356  -6.544  -2.389 0.0000000000
139511  -31.712  -6.454  -1.360 0.0000000000
82704  -33.360  -7.535  -2.311 0.0000000000
81776  -33.352  -8.362  -2.503 0.0000000000
139482  -32.774  -11.029  -3.239 0.0000000000
79756  -31.062  -10.903  -0.462 0.0000000000
78798  -32.161  -11.199  -1.493 0.0000000000
74701  -27.657  -15.505  -2.530 0.0000000000
74688  -29.253  -15.263  -0.745 0.0000000000
128571  -30.888  -15.611  -1.690 0.0000000000
131067  -30.996  -17.762  -2.063 0.0000000000
74689  -31.565  -16.258  -2.058 0.0000000000
75782  -32.022  -15.183  -3.032 0.0000000000
75784  -32.886  -14.492  -2.672 0.0000000000
76772  -33.687  -13.727  -0.673 0.0000000000
66446  -28.930  -23.847  -0.285 0.0000000000
67516  -29.748  -22.714  2.003 0.0000000000
67517  -30.288  -22.134  2.518 0.0000000000
69723  -30.668  -20.576  1.627 0.0000000000
70746  -30.934  -19.863  1.103 0.0000000000
70731  -31.136  -20.015  2.116 0.0000000000
58682  -30.072  -30.581  4.752 0.0000000000
59763  -29.500  -30.328  4.145 0.0000000000
59764  -30.138  -29.638  4.784 0.0000000000
84526  -27.122  -5.710  -4.959 0.0000000000
85393  -27.608  -5.118  -4.578 0.0000000000
84518  -28.018  -5.664  -3.783 0.0000000000
85394  -28.723  -5.129  -3.538 0.0000000000
79790  -28.144  -10.001  -2.372 0.0000000000
79789  -27.762  -10.003  -3.173 0.0000000000
148195  -29.157  -8.727  -1.356 0.0000000000
129464  -29.302  -9.671  -0.938 0.0000000000
80763  -30.712  -9.226  -0.502 0.0000000000
76771  -31.293  -13.915  -1.459 0.0000000000
76790  -31.807  -14.153  -2.649 0.0000000000
72657  -28.710  -17.674  -1.690 0.0000000000
73633  -32.453  -16.386  0.683 0.0000000000
74655  -32.815  -15.540  0.723 0.0000000000
141679  -33.635  -14.398  1.668 0.0000000000
74642  -33.389  -15.181  1.803 0.0000000000
64064  -29.067  -25.281  2.708 0.0000000000
78816  -27.823  -11.792  -2.860 0.0000000000
77826  -27.690  -12.647  -2.786 0.0000000000
76788  -27.996  -13.969  -1.802 0.0000000000
76806  -28.191  -13.143  -1.838 0.0000000000
76789  -28.921  -13.832  -0.877 0.0000000000
75780  -29.333  -14.660  -0.638 0.0000000000
69768  -30.306  -20.156  -1.366 0.0000000000
70791  -30.987  -19.809  -2.024 0.0000000000
131230  -30.969  -19.863  -1.405 0.0000000000
72615  -31.735  -17.856  0.866 0.0000000000
72616  -32.129  -17.443  1.508 0.0000000000
72601  -32.481  -17.434  2.375 0.0000000000
72600  -31.880  -17.997  1.879 0.0000000000
58680  -28.390  -31.760  3.493 0.0000000000
57572  -28.513  -31.845  4.121 0.0000000000
62953  -29.308  -27.088  3.707 0.0000000000
62932  -30.329  -26.595  4.369 0.0000000000
133118  -28.550  -20.305  -1.534 0.0000000000
67564  -29.251  -22.384  -0.678 0.0000000000
68695  -29.073  -21.883  -1.137 0.0000000000
91498  -23.827  2.240  -7.580 0.0000000000
136416  -24.904  2.429  -7.966 0.0000000000
91499  -26.402  2.347  -7.272 0.0000000000
89901  -25.721  1.373  -7.315 0.0000000000
89034  -25.918  -0.328  -6.573 0.0000000000
89889  -25.718  0.433  -6.902 0.0000000000
142940  -27.223  0.974  -6.004 0.0000000000
89026  -28.099  -0.563  -4.911 0.0000000000
89027  -28.716  -0.524  -4.396 0.0000000000
89019  -29.537  -0.559  -3.928 0.0000000000
88082  -28.985  -1.161  -4.113 0.0000000000
86313  -27.436  -3.406  -5.213 0.0000000000
86303  -28.734  -3.491  -4.219 0.0000000000
87216  -29.983  -2.879  -3.607 0.0000000000
138170  -30.351  -2.161  -3.589 0.0000000000
87217  -30.659  -2.726  -3.362 0.0000000000
141534  -31.293  -2.924  -3.098 0.0000000000
86305  -30.515  -3.469  -3.162 0.0000000000
85384  -30.488  -4.854  -2.351 0.0000000000
85385  -31.354  -4.564  -2.096 0.0000000000
85378  -31.813  -5.066  -1.822 0.0000000000
84509  -33.158  -5.486  -2.375 0.0000000000
84496  -32.442  -5.463  -1.887 0.0000000000
136449  -27.517  -8.737  -3.554 0.0000000000
81788  -27.343  -8.016  -3.835 0.0000000000
83604  -28.792  -6.556  -2.846 0.0000000000
82702  -28.932  -7.177  -2.451 0.0000000000
136608  -30.961  -7.811  -0.839 0.0000000000
135268  -30.267  -7.305  -1.252 0.0000000000
82686  -31.280  -7.172  -1.092 0.0000000000
139822  -32.546  -6.749  -1.604 0.0000000000
82703  -32.968  -7.378  -1.702 0.0000000000
140615  -32.681  -8.047  -1.346 0.0000000000
80765  -32.408  -9.654  -1.469 0.0000000000
81775  -32.949  -8.906  -1.869 0.0000000000
80777  -32.814  -10.115  -2.425 0.0000000000
79755  -30.284  -11.185  -0.371 0.0000000000
78775  -31.122  -11.986  -0.717 0.0000000000
78799  -32.243  -12.034  -2.493 0.0000000000
78818  -32.489  -11.918  -3.306 0.0000000000
76793  -33.791  -13.558  -2.423 0.0000000000
133023  -27.345  -15.763  -3.344 0.0000000000
149697  -29.162  -16.438  -1.063 0.0000000000
73647  -29.575  -15.906  -0.983 0.0000000000
129806  -30.049  -15.228  -0.804 0.0000000000
74671  -30.467  -16.161  -1.456 0.0000000000
71729  -31.348  -18.773  -1.939 0.0000000000
72660  -31.259  -18.302  -2.098 0.0000000000
73665  -32.026  -16.385  -2.124 0.0000000000
74690  -32.019  -15.653  -2.641 0.0000000000
74691  -32.194  -15.512  -2.650 0.0000000000
75783  -32.275  -14.931  -3.018 0.0000000000
75763  -32.660  -15.119  -2.166 0.0000000000
67503  -30.089  -22.951  2.888 0.0000000000
66432  -29.354  -23.349  1.395 0.0000000000
67504  -30.680  -22.408  3.290 0.0000000000
76817  -27.272  -13.091  -3.652 0.0000000000
75795  -27.310  -14.283  -3.057 0.0000000000
75778  -27.700  -14.681  -2.240 0.0000000000
70758  -30.854  -19.808  -0.118 0.0000000000
71671  -31.702  -18.735  2.245 0.0000000000
70732  -31.534  -19.488  2.613 0.0000000000
70719  -31.837  -19.768  3.346 0.0000000000
60831  -30.243  -28.509  4.846 0.0000000000
68709  -27.677  -21.348  -1.510 0.0000000000
148004  -28.778  -22.654  -1.114 0.0000000000
90706  -23.460  1.483  -7.103 0.0000000000
89035  -26.852  -0.458  -5.928 0.0000000000
89881  -27.608  -0.137  -5.312 0.0000000000
140721  -27.074  -1.207  -5.909 0.0000000000
88080  -27.653  -1.770  -5.501 0.0000000000
146247  -27.513  -4.344  -5.013 0.0000000000
148607  -27.894  -4.576  -4.593 0.0000000000
130765  -28.775  -4.313  -3.880 0.0000000000
85395  -29.356  -4.671  -3.280 0.0000000000
85383  -29.814  -5.065  -2.711 0.0000000000
137952  -30.108  -5.320  -2.396 0.0000000000
81774  -28.548  -8.489  -2.335 0.0000000000
81758  -29.022  -7.841  -1.993 0.0000000000
81760  -30.196  -8.316  -0.795 0.0000000000
81761  -31.248  -8.533  -0.715 0.0000000000
80764  -31.657  -9.394  -0.817 0.0000000000
80746  -31.246  -10.079  -0.536 0.0000000000
77789  -30.245  -12.885  -0.289 0.0000000000
77790  -30.935  -12.965  -0.603 0.0000000000
77811  -31.709  -13.161  -1.632 0.0000000000
77812  -32.283  -12.920  -2.463 0.0000000000
75797  -32.598  -14.141  -2.944 0.0000000000
73677  -27.891  -17.376  -2.507 0.0000000000
72640  -29.304  -17.158  -1.282 0.0000000000
72641  -30.200  -17.521  -1.577 0.0000000000
72626  -31.742  -17.740  -0.459 0.0000000000
73650  -31.881  -17.215  -1.448 0.0000000000
141674  -32.873  -15.113  -0.528 0.0000000000
75732  -33.665  -13.871  1.114 0.0000000000
76734  -34.387  -13.082  1.451 0.0000000000
62952  -28.800  -26.214  2.826 0.0000000000
64063  -28.509  -25.798  2.013 0.0000000000
65270  -28.845  -25.003  1.854 0.0000000000
65285  -29.069  -24.147  1.681 0.0000000000
66396  -29.932  -23.877  3.301 0.0000000000
129563  -27.882  -10.828  -2.882 0.0000000000
148052  -28.311  -10.668  -2.012 0.0000000000
79777  -29.422  -10.580  -0.803 0.0000000000
136555  -28.840  -11.023  -1.361 0.0000000000
78796  -28.866  -11.890  -1.201 0.0000000000
77810  -29.568  -12.408  -0.541 0.0000000000
77809  -28.898  -12.792  -1.056 0.0000000000
75761  -30.889  -14.739  -1.372 0.0000000000
145535  -29.131  -19.312  -1.634 0.0000000000
71727  -30.066  -18.951  -1.894 0.0000000000
71709  -31.529  -18.683  -1.241 0.0000000000
70771  -31.316  -19.302  -0.799 0.0000000000
72627  -32.106  -17.162  0.658 0.0000000000
71672  -32.181  -18.242  2.733 0.0000000000
57557  -28.001  -31.625  4.914 0.0000000000
62966  -28.190  -26.627  1.966 0.0000000000
61877  -28.760  -27.607  3.254 0.0000000000
145505  -28.897  -26.858  3.227 0.0000000000
132019  -29.349  -26.380  3.568 0.0000000000
64026  -29.955  -26.024  4.000 0.0000000000
70789  -29.173  -19.886  -1.540 0.0000000000
68710  -28.686  -21.138  -1.392 0.0000000000
68696  -29.548  -21.016  -1.096 0.0000000000
68697  -30.021  -20.884  -0.756 0.0000000000
68685  -30.204  -21.160  0.013 0.0000000000
68668  -30.264  -21.214  1.111 0.0000000000
92208  -23.737  3.207  -7.229 0.0000000000
89900  -24.603  0.810  -7.432 0.0000000000
142602  -26.881  1.508  -6.584 0.0000000000
89882  -28.375  0.119  -4.809 0.0000000000
89876  -30.142  0.024  -3.860 0.0000000000
89020  -30.437  -0.658  -3.678 0.0000000000
89021  -31.324  -0.765  -3.675 0.0000000000
87233  -27.031  -2.499  -5.652 0.0000000000
137968  -28.334  -2.083  -4.915 0.0000000000
86314  -28.159  -3.253  -4.720 0.0000000000
87225  -28.557  -2.715  -4.540 0.0000000000
88072  -28.952  -1.984  -4.254 0.0000000000
137798  -30.817  -1.432  -3.534 0.0000000000
88075  -31.701  -1.548  -3.509 0.0000000000
87218  -32.081  -2.429  -3.259 0.0000000000
86298  -33.222  -3.831  -3.247 0.0000000000
86295  -30.852  -4.074  -2.557 0.0000000000
86297  -32.624  -3.893  -2.753 0.0000000000
82728  -27.243  -7.213  -4.193 0.0000000000
83620  -27.598  -6.483  -3.890 0.0000000000
83621  -28.207  -6.518  -3.348 0.0000000000
84506  -29.185  -6.044  -2.774 0.0000000000
84493  -30.353  -6.038  -1.864 0.0000000000
82685  -29.465  -7.164  -1.836 0.0000000000
83585  -29.949  -6.528  -1.839 0.0000000000
84494  -30.951  -5.832  -1.517 0.0000000000
83587  -32.468  -6.115  -1.675 0.0000000000
83606  -33.196  -6.531  -2.120 0.0000000000
80778  -33.184  -9.279  -2.877 0.0000000000
79791  -32.993  -10.181  -3.437 0.0000000000
145887  -32.895  -10.909  -3.970 0.0000000000
79757  -31.654  -10.759  -0.829 0.0000000000
78776  -31.572  -11.385  -0.943 0.0000000000
140045  -32.561  -11.159  -2.393 0.0000000000
143715  -33.235  -13.317  -3.135 0.0000000000
149144  -28.102  -15.293  -1.764 0.0000000000
74686  -28.093  -15.913  -1.921 0.0000000000
74687  -28.722  -15.751  -1.149 0.0000000000
72659  -30.653  -18.363  -2.047 0.0000000000
73649  -30.892  -17.037  -1.810 0.0000000000
73664  -31.490  -17.365  -1.942 0.0000000000
75781  -31.623  -15.405  -2.488 0.0000000000
75764  -33.221  -14.490  -1.356 0.0000000000
76792  -33.508  -13.982  -1.934 0.0000000000
66461  -28.560  -23.435  -1.008 0.0000000000
67549  -29.147  -23.063  -0.499 0.0000000000
66447  -29.301  -23.239  0.401 0.0000000000
67533  -29.593  -22.575  1.038 0.0000000000
68654  -30.003  -21.950  1.592 0.0000000000
68655  -30.458  -21.332  2.113 0.0000000000
57573  -29.131  -31.575  4.043 0.0000000000
79778  -32.008  -10.265  -1.062 0.0000000000
82687  -32.226  -7.267  -1.264 0.0000000000
82701  -28.594  -7.769  -2.589 0.0000000000
82717  -28.389  -7.238  -2.970 0.0000000000
83586  -30.713  -6.534  -1.442 0.0000000000
84495  -31.751  -5.653  -1.574 0.0000000000
84507  -29.806  -5.821  -2.416 0.0000000000
84520  -29.255  -5.436  -2.977 0.0000000000
85377  -31.089  -5.184  -1.772 0.0000000000
86296  -31.753  -3.980  -2.493 0.0000000000
136261  -29.648  -2.270  -3.842 0.0000000000
136474  -31.272  -3.519  -2.775 0.0000000000
138392  -26.374  0.157  -6.232 0.0000000000
144133  -33.175  -8.062  -1.865 0.0000000000
147979  -28.845  -9.446  -1.401 0.0000000000
148264  -27.594  -14.088  -2.432 0.0000000000
