#!ascii label  , from subject sub-v1s2x0051473_ses-1 vox2ras=TkReg
1296
45370  -18.271  -46.258  85.849 0.0000000000
69754  -38.955  -25.734  81.598 0.0000000000
77650  -44.353  -18.357  75.441 0.0000000000
66462  -51.574  -28.243  73.070 0.0000000000
142876  -36.463  -30.653  81.853 0.0000000000
75594  -49.503  -20.905  74.039 0.0000000000
74623  -54.184  -20.884  65.244 0.0000000000
78818  -58.198  -18.028  61.786 0.0000000000
167494  -43.586  -29.325  80.781 0.0000000000
66399  -47.112  -28.621  78.366 0.0000000000
74425  -40.857  -21.496  78.183 0.0000000000
163134  -21.388  -45.432  88.542 0.0000000000
49592  -24.762  -43.308  87.051 0.0000000000
53874  -28.643  -39.885  87.869 0.0000000000
55179  -29.284  -37.483  82.836 0.0000000000
57473  -31.579  -36.185  84.234 0.0000000000
59601  -35.493  -33.763  86.458 0.0000000000
64101  -39.405  -30.669  84.682 0.0000000000
64233  -48.658  -30.462  74.542 0.0000000000
80733  -58.542  -15.860  59.965 0.0000000000
146763  -40.841  -25.923  82.935 0.0000000000
70852  -42.293  -24.217  81.316 0.0000000000
72092  -39.903  -23.613  79.986 0.0000000000
49590  -22.014  -44.784  86.829 0.0000000000
48573  -23.482  -45.196  87.601 0.0000000000
60749  -32.136  -33.250  85.052 0.0000000000
58521  -33.596  -35.003  86.183 0.0000000000
61799  -34.260  -32.790  85.714 0.0000000000
66370  -37.875  -27.963  81.597 0.0000000000
65285  -37.410  -29.668  84.973 0.0000000000
157683  -39.142  -27.316  84.008 0.0000000000
65303  -41.743  -30.027  82.873 0.0000000000
73259  -44.722  -22.561  78.134 0.0000000000
66434  -48.962  -29.026  76.279 0.0000000000
72126  -44.946  -23.326  76.538 0.0000000000
70953  -50.573  -24.803  73.703 0.0000000000
69820  -45.398  -25.021  73.250 0.0000000000
67533  -46.951  -27.832  72.129 0.0000000000
64301  -48.465  -30.661  70.822 0.0000000000
72287  -57.348  -23.118  64.831 0.0000000000
71045  -55.972  -25.090  67.580 0.0000000000
62929  -35.460  -32.186  82.280 0.0000000000
71003  -50.507  -24.856  69.525 0.0000000000
76825  -56.428  -19.216  63.532 0.0000000000
73495  -58.387  -22.049  62.284 0.0000000000
76904  -58.754  -19.138  57.462 0.0000000000
61895  -44.408  -32.336  76.595 0.0000000000
65345  -45.464  -29.280  78.925 0.0000000000
73236  -44.161  -23.308  79.615 0.0000000000
45354  -19.919  -46.755  88.190 0.0000000000
46385  -26.353  -46.279  85.915 0.0000000000
50656  -26.776  -41.973  87.992 0.0000000000
144122  -29.015  -43.759  87.227 0.0000000000
51781  -30.715  -41.427  86.532 0.0000000000
55149  -31.117  -39.011  84.657 0.0000000000
55203  -30.177  -38.295  80.615 0.0000000000
57494  -29.951  -36.353  81.603 0.0000000000
56376  -33.408  -37.679  83.293 0.0000000000
64097  -35.877  -31.006  85.144 0.0000000000
61792  -37.620  -32.166  85.651 0.0000000000
59634  -40.354  -34.057  83.594 0.0000000000
60781  -41.670  -32.662  81.457 0.0000000000
61855  -43.560  -31.485  79.343 0.0000000000
72146  -44.526  -23.276  74.855 0.0000000000
68723  -54.791  -26.569  69.182 0.0000000000
63131  -53.065  -30.960  70.434 0.0000000000
46377  -18.486  -46.173  87.415 0.0000000000
69741  -39.640  -25.372  82.599 0.0000000000
70835  -40.291  -24.628  82.273 0.0000000000
152720  -39.466  -25.025  81.239 0.0000000000
60765  -32.598  -32.865  84.173 0.0000000000
60736  -32.815  -33.356  85.501 0.0000000000
61816  -33.574  -32.828  84.150 0.0000000000
67433  -38.341  -27.144  81.329 0.0000000000
67406  -38.429  -27.282  83.271 0.0000000000
68582  -38.717  -26.523  82.890 0.0000000000
69720  -39.622  -26.373  83.410 0.0000000000
72117  -45.773  -23.956  77.472 0.0000000000
76631  -45.003  -19.885  76.003 0.0000000000
68688  -51.255  -26.422  73.379 0.0000000000
68685  -49.428  -26.561  73.970 0.0000000000
66473  -49.146  -28.236  73.137 0.0000000000
65466  -47.533  -29.193  71.529 0.0000000000
64264  -50.218  -29.883  72.437 0.0000000000
71100  -56.518  -24.953  63.696 0.0000000000
69951  -56.257  -25.674  64.626 0.0000000000
68819  -54.303  -26.446  63.634 0.0000000000
76857  -55.109  -18.997  61.778 0.0000000000
77840  -57.404  -18.566  62.569 0.0000000000
75757  -57.785  -20.577  63.385 0.0000000000
76827  -58.295  -19.649  62.243 0.0000000000
73528  -58.821  -21.588  60.945 0.0000000000
76858  -58.929  -19.232  61.087 0.0000000000
78853  -58.766  -17.082  58.603 0.0000000000
62962  -44.334  -30.355  79.369 0.0000000000
140274  -45.908  -30.445  78.013 0.0000000000
155019  -44.242  -28.371  80.430 0.0000000000
164991  -41.414  -22.695  80.719 0.0000000000
72068  -43.435  -24.293  80.588 0.0000000000
74396  -42.218  -21.704  79.955 0.0000000000
75527  -43.002  -20.819  78.884 0.0000000000
76627  -41.232  -20.353  77.457 0.0000000000
45355  -21.326  -47.133  88.175 0.0000000000
143674  -22.131  -46.706  88.654 0.0000000000
48574  -24.074  -44.989  87.658 0.0000000000
152532  -27.547  -40.251  88.149 0.0000000000
51764  -27.943  -41.463  88.216 0.0000000000
50675  -28.088  -42.853  87.858 0.0000000000
50658  -28.567  -41.990  88.090 0.0000000000
141590  -29.837  -42.665  87.248 0.0000000000
52834  -29.970  -40.667  87.259 0.0000000000
56374  -30.024  -37.852  83.661 0.0000000000
158092  -30.847  -38.637  82.656 0.0000000000
55191  -29.371  -37.636  81.943 0.0000000000
58533  -30.783  -34.724  85.164 0.0000000000
58560  -29.642  -35.436  83.437 0.0000000000
57485  -30.277  -36.055  82.789 0.0000000000
57505  -30.773  -36.733  81.161 0.0000000000
57496  -31.804  -36.999  82.587 0.0000000000
56385  -33.156  -37.864  82.287 0.0000000000
56362  -32.882  -37.165  83.928 0.0000000000
58513  -34.975  -34.792  86.455 0.0000000000
57448  -34.720  -36.038  86.057 0.0000000000
161235  -36.257  -35.976  85.916 0.0000000000
58525  -37.358  -35.160  85.546 0.0000000000
148727  -35.258  -31.547  83.895 0.0000000000
64125  -36.347  -30.292  83.955 0.0000000000
146399  -38.379  -29.845  85.114 0.0000000000
64086  -37.429  -30.799  85.412 0.0000000000
62888  -38.861  -31.294  85.054 0.0000000000
60738  -38.924  -32.972  85.052 0.0000000000
61810  -40.108  -32.336  84.241 0.0000000000
62904  -41.143  -31.597  83.435 0.0000000000
66344  -42.600  -28.892  81.920 0.0000000000
62931  -42.596  -31.043  81.402 0.0000000000
62961  -43.807  -30.806  79.924 0.0000000000
63019  -44.170  -31.214  77.222 0.0000000000
153797  -20.689  -44.533  87.994 0.0000000000
48564  -20.103  -44.735  88.942 0.0000000000
47449  -19.973  -45.172  89.084 0.0000000000
63000  -47.460  -31.284  77.717 0.0000000000
61880  -48.016  -32.827  77.113 0.0000000000
65418  -49.029  -30.056  75.281 0.0000000000
76665  -48.565  -19.831  74.532 0.0000000000
74468  -47.257  -21.114  75.141 0.0000000000
157653  -47.668  -21.875  74.918 0.0000000000
68705  -43.668  -26.693  72.442 0.0000000000
67490  -43.691  -26.613  73.571 0.0000000000
67578  -55.970  -27.739  67.505 0.0000000000
69866  -55.290  -25.687  68.639 0.0000000000
65531  -55.260  -28.996  68.516 0.0000000000
66516  -54.673  -28.973  69.753 0.0000000000
146728  -53.611  -30.775  68.826 0.0000000000
62024  -51.218  -32.175  68.963 0.0000000000
79787  -56.747  -16.471  60.671 0.0000000000
79781  -58.279  -16.630  60.963 0.0000000000
80742  -57.378  -14.982  60.155 0.0000000000
82746  -57.988  -13.594  59.491 0.0000000000
67407  -42.292  -27.256  82.162 0.0000000000
68584  -42.819  -26.472  81.732 0.0000000000
69742  -41.822  -25.161  82.102 0.0000000000
72064  -40.597  -23.661  81.280 0.0000000000
73246  -40.687  -22.410  79.581 0.0000000000
48579  -21.472  -44.877  87.696 0.0000000000
47458  -22.113  -45.689  88.285 0.0000000000
165604  -23.905  -43.068  86.887 0.0000000000
58534  -31.631  -35.051  85.337 0.0000000000
57459  -32.823  -36.114  85.175 0.0000000000
59607  -32.379  -34.141  85.987 0.0000000000
145983  -33.701  -33.721  86.260 0.0000000000
61788  -34.704  -32.951  86.240 0.0000000000
149238  -37.199  -29.403  81.718 0.0000000000
65310  -36.833  -29.613  84.117 0.0000000000
66340  -37.557  -28.517  83.286 0.0000000000
66319  -38.357  -28.637  84.612 0.0000000000
65288  -39.591  -29.345  84.380 0.0000000000
145752  -40.936  -30.122  83.537 0.0000000000
66331  -40.745  -28.490  83.578 0.0000000000
67394  -40.948  -27.709  83.336 0.0000000000
144089  -20.946  -44.531  86.957 0.0000000000
68631  -46.617  -26.616  78.018 0.0000000000
65385  -48.610  -29.764  77.120 0.0000000000
68643  -47.338  -26.448  77.171 0.0000000000
68665  -47.991  -26.979  76.070 0.0000000000
67479  -47.470  -27.323  75.319 0.0000000000
73328  -50.436  -22.588  73.254 0.0000000000
72150  -48.615  -23.493  74.592 0.0000000000
161422  -48.902  -25.081  74.228 0.0000000000
167912  -46.399  -26.338  72.796 0.0000000000
74595  -56.251  -21.524  66.237 0.0000000000
74577  -55.327  -21.935  67.024 0.0000000000
71060  -56.792  -24.250  66.496 0.0000000000
168874  -56.260  -26.377  65.944 0.0000000000
68602  -38.829  -26.399  80.137 0.0000000000
67443  -38.534  -27.625  80.060 0.0000000000
78651  -45.723  -18.359  75.016 0.0000000000
162504  -49.555  -21.475  71.356 0.0000000000
73350  -50.593  -22.389  71.511 0.0000000000
70985  -51.618  -24.525  71.969 0.0000000000
69840  -52.072  -26.141  71.757 0.0000000000
75756  -55.003  -20.046  64.242 0.0000000000
75728  -57.224  -21.178  64.829 0.0000000000
73471  -57.911  -22.314  63.640 0.0000000000
72333  -56.989  -23.601  62.228 0.0000000000
77868  -58.923  -18.503  59.940 0.0000000000
155246  -59.044  -20.039  58.415 0.0000000000
59711  -45.211  -34.328  76.930 0.0000000000
61858  -46.848  -31.043  77.817 0.0000000000
67436  -46.178  -28.214  78.918 0.0000000000
160081  -44.012  -26.544  80.900 0.0000000000
69770  -45.026  -26.114  79.743 0.0000000000
69771  -45.507  -26.056  79.099 0.0000000000
73248  -44.685  -23.247  79.057 0.0000000000
76607  -43.316  -20.511  78.148 0.0000000000
157116  -39.655  -24.742  78.822 0.0000000000
146842  -39.923  -23.209  78.041 0.0000000000
75556  -40.409  -21.391  76.575 0.0000000000
45362  -19.041  -46.681  87.072 0.0000000000
44353  -20.438  -47.139  86.781 0.0000000000
45388  -26.740  -46.832  84.528 0.0000000000
51777  -23.868  -41.607  86.724 0.0000000000
50671  -24.401  -42.540  86.972 0.0000000000
49593  -25.646  -43.320  87.094 0.0000000000
48592  -27.629  -44.690  86.540 0.0000000000
164318  -31.082  -42.221  85.752 0.0000000000
53930  -31.590  -40.352  84.713 0.0000000000
152904  -28.116  -36.165  82.130 0.0000000000
58568  -28.462  -35.916  81.908 0.0000000000
57503  -28.774  -36.815  81.266 0.0000000000
56402  -29.403  -37.325  80.771 0.0000000000
56404  -30.477  -37.488  79.936 0.0000000000
56346  -34.026  -37.041  84.928 0.0000000000
61817  -34.320  -32.650  83.802 0.0000000000
62885  -34.814  -32.124  85.249 0.0000000000
61789  -35.437  -32.694  86.198 0.0000000000
64098  -36.647  -30.612  85.262 0.0000000000
62871  -36.509  -31.696  85.980 0.0000000000
60729  -36.701  -33.218  86.140 0.0000000000
148037  -38.100  -33.782  85.320 0.0000000000
58539  -39.434  -35.184  84.260 0.0000000000
60831  -41.937  -33.059  80.046 0.0000000000
166959  -41.883  -31.379  82.282 0.0000000000
60815  -42.603  -32.121  80.579 0.0000000000
61875  -42.390  -31.921  77.819 0.0000000000
168989  -42.532  -32.456  76.055 0.0000000000
46368  -19.354  -46.280  88.432 0.0000000000
74454  -45.516  -20.610  75.717 0.0000000000
70926  -44.587  -23.815  75.818 0.0000000000
68677  -45.674  -26.934  74.708 0.0000000000
70961  -44.713  -24.221  73.799 0.0000000000
67491  -44.175  -26.813  74.220 0.0000000000
65432  -47.077  -29.748  73.652 0.0000000000
68715  -51.911  -26.914  70.368 0.0000000000
147630  -52.187  -27.443  71.933 0.0000000000
72260  -54.538  -22.983  68.047 0.0000000000
71044  -53.437  -24.130  68.164 0.0000000000
67567  -53.212  -27.372  69.481 0.0000000000
66490  -53.196  -29.111  70.483 0.0000000000
64266  -51.847  -30.008  72.312 0.0000000000
63128  -50.599  -31.681  70.804 0.0000000000
69755  -39.370  -25.332  82.030 0.0000000000
151219  -39.788  -24.774  81.989 0.0000000000
60779  -32.485  -32.947  82.490 0.0000000000
60766  -33.139  -32.900  83.232 0.0000000000
60767  -34.080  -33.006  82.999 0.0000000000
68591  -38.629  -26.445  81.970 0.0000000000
69740  -39.008  -25.805  82.487 0.0000000000
69728  -39.094  -25.968  83.063 0.0000000000
77639  -44.086  -18.990  76.224 0.0000000000
76630  -44.254  -19.828  76.667 0.0000000000
78625  -44.672  -18.654  75.678 0.0000000000
67510  -51.298  -27.450  73.348 0.0000000000
66460  -50.724  -27.737  73.643 0.0000000000
65433  -50.910  -28.465  73.383 0.0000000000
65449  -49.699  -29.100  72.834 0.0000000000
65450  -50.809  -29.204  73.083 0.0000000000
71120  -55.176  -25.036  62.675 0.0000000000
69981  -55.160  -25.482  63.215 0.0000000000
78826  -56.895  -17.458  61.680 0.0000000000
77841  -57.842  -18.616  62.302 0.0000000000
77829  -57.844  -19.331  62.498 0.0000000000
77830  -58.296  -18.784  61.880 0.0000000000
76843  -58.692  -19.325  61.676 0.0000000000
78819  -58.459  -18.138  61.441 0.0000000000
154995  -43.890  -29.541  80.373 0.0000000000
65334  -44.362  -29.398  79.800 0.0000000000
66357  -43.875  -28.939  80.641 0.0000000000
74394  -41.173  -21.974  79.907 0.0000000000
74384  -41.761  -22.234  80.391 0.0000000000
74411  -41.530  -21.354  79.334 0.0000000000
75542  -41.692  -20.820  78.559 0.0000000000
75541  -41.247  -20.806  78.149 0.0000000000
140045  -20.818  -45.852  88.927 0.0000000000
47450  -21.490  -45.857  88.726 0.0000000000
48583  -24.320  -44.250  87.273 0.0000000000
47469  -24.604  -44.939  87.427 0.0000000000
53873  -27.891  -39.647  87.953 0.0000000000
52824  -28.180  -40.360  88.094 0.0000000000
52825  -28.858  -40.534  87.994 0.0000000000
51765  -29.120  -41.270  87.993 0.0000000000
53875  -29.159  -40.130  87.737 0.0000000000
56360  -29.211  -37.323  83.821 0.0000000000
55180  -30.071  -38.012  82.729 0.0000000000
58550  -31.125  -35.479  84.758 0.0000000000
58561  -30.675  -35.782  83.927 0.0000000000
57486  -31.263  -36.378  83.257 0.0000000000
57487  -32.088  -36.811  83.612 0.0000000000
57474  -32.453  -36.502  84.453 0.0000000000
59610  -35.574  -34.396  86.431 0.0000000000
154428  -35.063  -35.520  86.266 0.0000000000
58523  -35.757  -35.257  86.260 0.0000000000
58524  -36.618  -35.236  86.026 0.0000000000
162567  -36.214  -34.639  86.240 0.0000000000
62918  -35.732  -30.997  83.360 0.0000000000
64140  -36.277  -30.466  82.811 0.0000000000
146946  -39.101  -29.884  84.926 0.0000000000
64100  -38.805  -30.449  85.072 0.0000000000
62889  -39.718  -31.485  84.448 0.0000000000
61802  -39.295  -32.230  84.753 0.0000000000
61811  -40.862  -32.357  83.732 0.0000000000
62903  -40.530  -31.581  84.024 0.0000000000
66356  -43.312  -28.911  81.229 0.0000000000
65324  -43.248  -29.827  80.926 0.0000000000
64156  -43.639  -30.240  80.428 0.0000000000
62946  -43.936  -30.398  79.924 0.0000000000
48570  -20.897  -44.896  88.524 0.0000000000
49583  -20.082  -44.239  88.694 0.0000000000
48565  -20.790  -45.298  88.892 0.0000000000
64191  -47.854  -30.312  77.730 0.0000000000
61860  -47.939  -31.979  77.536 0.0000000000
65417  -48.401  -29.399  74.762 0.0000000000
63056  -49.176  -31.871  74.949 0.0000000000
63055  -48.839  -31.404  74.385 0.0000000000
63071  -48.414  -31.866  73.850 0.0000000000
76666  -49.078  -20.180  74.266 0.0000000000
74469  -48.308  -21.332  74.912 0.0000000000
74470  -48.925  -21.315  74.620 0.0000000000
167791  -53.705  -21.395  65.651 0.0000000000
65538  -54.544  -29.252  66.945 0.0000000000
141578  -55.852  -28.054  68.039 0.0000000000
65519  -54.979  -29.559  68.835 0.0000000000
68572  -41.644  -26.656  82.624 0.0000000000
68583  -42.250  -26.497  82.112 0.0000000000
69731  -41.132  -25.305  82.487 0.0000000000
72063  -40.176  -23.875  81.412 0.0000000000
72050  -40.164  -24.136  81.861 0.0000000000
73218  -40.460  -23.387  80.806 0.0000000000
73230  -40.315  -23.108  80.184 0.0000000000
50670  -23.722  -42.571  86.752 0.0000000000
60764  -31.557  -33.019  84.306 0.0000000000
60748  -31.161  -33.694  85.174 0.0000000000
59619  -31.502  -34.251  85.566 0.0000000000
58519  -32.137  -34.608  85.716 0.0000000000
60735  -32.122  -33.791  85.608 0.0000000000
61807  -33.488  -32.927  85.207 0.0000000000
61787  -33.524  -33.296  85.862 0.0000000000
60721  -34.450  -33.607  86.411 0.0000000000
66354  -37.511  -28.617  82.239 0.0000000000
65322  -37.121  -29.187  82.742 0.0000000000
67393  -38.538  -27.499  83.790 0.0000000000
66328  -38.268  -28.071  84.222 0.0000000000
67385  -38.777  -27.944  84.168 0.0000000000
66329  -39.053  -28.517  84.451 0.0000000000
66330  -39.947  -28.502  84.097 0.0000000000
67386  -39.430  -27.800  84.078 0.0000000000
68570  -40.199  -26.468  83.362 0.0000000000
68557  -40.398  -27.150  83.552 0.0000000000
68571  -40.996  -26.884  83.180 0.0000000000
67395  -41.646  -27.520  82.791 0.0000000000
142193  -45.716  -24.543  78.126 0.0000000000
69787  -46.738  -26.277  77.481 0.0000000000
70900  -46.430  -25.540  77.457 0.0000000000
72116  -45.192  -23.212  77.270 0.0000000000
70929  -46.540  -24.866  77.052 0.0000000000
70928  -46.209  -24.615  76.857 0.0000000000
149216  -47.206  -26.767  75.604 0.0000000000
69801  -45.974  -24.971  76.247 0.0000000000
72153  -50.295  -23.216  73.600 0.0000000000
144054  -49.727  -23.950  74.356 0.0000000000
70952  -50.125  -24.719  74.081 0.0000000000
67522  -48.370  -27.542  73.101 0.0000000000
68684  -47.991  -26.221  73.519 0.0000000000
164340  -46.686  -26.971  72.545 0.0000000000
68708  -45.689  -26.939  72.180 0.0000000000
67532  -46.443  -28.147  71.603 0.0000000000
151019  -56.920  -22.031  65.872 0.0000000000
73438  -56.888  -22.811  66.210 0.0000000000
72271  -57.004  -23.695  66.097 0.0000000000
67591  -55.270  -27.822  66.092 0.0000000000
154351  -38.553  -27.082  80.482 0.0000000000
74517  -50.174  -21.681  71.831 0.0000000000
72229  -50.317  -23.839  69.679 0.0000000000
70995  -51.470  -24.631  71.026 0.0000000000
69834  -51.879  -25.604  72.268 0.0000000000
69839  -51.912  -25.449  71.535 0.0000000000
76842  -55.955  -18.968  63.038 0.0000000000
76824  -55.468  -19.579  63.461 0.0000000000
168437  -54.600  -19.978  63.491 0.0000000000
76807  -56.058  -19.726  64.239 0.0000000000
75726  -56.532  -20.662  65.328 0.0000000000
76791  -56.801  -20.266  64.686 0.0000000000
73485  -58.161  -21.650  63.140 0.0000000000
74624  -57.862  -21.681  63.932 0.0000000000
73484  -58.150  -22.184  62.879 0.0000000000
72334  -57.600  -23.324  62.800 0.0000000000
72335  -58.056  -22.633  62.500 0.0000000000
147792  -56.847  -23.274  61.522 0.0000000000
72354  -57.617  -23.015  61.809 0.0000000000
74689  -59.045  -21.012  60.357 0.0000000000
79782  -58.422  -16.620  60.494 0.0000000000
78841  -58.597  -17.387  60.467 0.0000000000
79790  -58.603  -16.594  59.813 0.0000000000
77892  -58.806  -18.596  58.028 0.0000000000
77882  -58.821  -18.595  59.032 0.0000000000
152879  -44.008  -33.927  76.390 0.0000000000
59736  -44.514  -34.562  76.664 0.0000000000
60877  -44.720  -33.475  76.671 0.0000000000
64167  -45.241  -29.550  78.895 0.0000000000
62980  -46.036  -30.191  78.084 0.0000000000
64168  -46.030  -29.594  78.534 0.0000000000
62981  -46.617  -30.042  78.098 0.0000000000
66385  -45.825  -28.818  78.982 0.0000000000
69744  -43.037  -25.788  81.319 0.0000000000
68592  -43.417  -26.527  81.243 0.0000000000
70853  -43.326  -25.054  80.954 0.0000000000
72079  -43.399  -23.406  80.184 0.0000000000
70854  -44.053  -24.960  80.401 0.0000000000
70868  -44.567  -24.581  79.875 0.0000000000
70870  -45.211  -25.460  79.381 0.0000000000
70869  -45.086  -24.650  79.311 0.0000000000
158029  -42.648  -20.193  77.870 0.0000000000
76606  -42.809  -20.485  78.407 0.0000000000
45363  -19.888  -46.899  87.375 0.0000000000
45372  -19.687  -46.847  86.553 0.0000000000
168889  -20.516  -47.104  87.266 0.0000000000
44346  -21.886  -47.642  87.633 0.0000000000
47459  -22.919  -45.760  87.995 0.0000000000
47452  -23.163  -46.212  87.994 0.0000000000
148762  -25.831  -47.129  85.570 0.0000000000
45374  -26.338  -46.694  85.574 0.0000000000
44396  -26.239  -47.180  84.264 0.0000000000
164113  -26.701  -46.362  85.608 0.0000000000
51778  -24.327  -41.584  86.979 0.0000000000
50673  -26.223  -42.602  87.427 0.0000000000
49594  -26.602  -43.396  87.209 0.0000000000
49596  -28.376  -43.597  87.435 0.0000000000
160761  -27.861  -44.079  87.131 0.0000000000
48587  -28.496  -44.232  86.955 0.0000000000
46387  -27.779  -45.750  85.257 0.0000000000
48593  -28.520  -44.713  86.304 0.0000000000
47488  -28.530  -45.232  85.076 0.0000000000
146531  -30.458  -41.881  86.837 0.0000000000
49598  -30.312  -42.990  86.599 0.0000000000
50678  -30.735  -42.229  86.378 0.0000000000
49610  -30.866  -42.861  85.889 0.0000000000
51788  -31.099  -41.579  85.925 0.0000000000
55140  -30.827  -39.427  85.527 0.0000000000
53929  -31.219  -39.759  84.876 0.0000000000
144538  -31.152  -40.234  85.431 0.0000000000
53947  -31.562  -39.695  84.088 0.0000000000
55193  -30.745  -38.624  81.596 0.0000000000
53995  -31.421  -39.196  82.023 0.0000000000
54016  -31.135  -38.883  80.878 0.0000000000
54033  -30.840  -38.527  79.887 0.0000000000
58569  -29.250  -35.788  82.231 0.0000000000
58575  -29.071  -36.172  81.590 0.0000000000
58574  -28.796  -36.383  81.501 0.0000000000
57504  -29.343  -36.669  81.037 0.0000000000
56393  -31.131  -37.202  80.276 0.0000000000
158065  -31.114  -37.649  79.406 0.0000000000
55194  -33.883  -38.263  82.746 0.0000000000
58536  -33.206  -35.553  85.748 0.0000000000
57460  -33.630  -36.293  85.320 0.0000000000
61825  -34.556  -32.735  83.023 0.0000000000
61818  -34.820  -32.209  83.443 0.0000000000
62901  -35.325  -31.524  84.788 0.0000000000
62886  -35.533  -31.692  85.504 0.0000000000
61800  -35.072  -32.320  85.879 0.0000000000
62870  -35.787  -31.940  86.016 0.0000000000
65300  -37.341  -29.298  84.486 0.0000000000
65299  -36.816  -29.934  84.818 0.0000000000
165590  -36.969  -30.064  85.156 0.0000000000
62873  -37.936  -31.409  85.418 0.0000000000
62872  -37.157  -31.488  85.828 0.0000000000
61791  -36.909  -32.245  86.067 0.0000000000
154595  -37.335  -32.806  85.874 0.0000000000
60730  -37.493  -33.599  85.686 0.0000000000
60737  -38.060  -33.016  85.380 0.0000000000
59622  -39.840  -33.869  84.212 0.0000000000
160037  -39.302  -34.445  84.476 0.0000000000
58540  -39.972  -34.662  83.982 0.0000000000
60769  -41.118  -33.246  82.186 0.0000000000
60814  -42.000  -32.706  80.647 0.0000000000
64115  -41.382  -30.855  83.144 0.0000000000
145880  -43.339  -31.380  80.313 0.0000000000
61827  -42.455  -31.520  81.356 0.0000000000
61846  -43.119  -31.788  80.114 0.0000000000
61845  -42.678  -32.186  79.571 0.0000000000
62997  -43.053  -31.709  78.526 0.0000000000
148482  -42.176  -32.086  76.422 0.0000000000
63018  -43.143  -31.501  77.379 0.0000000000
163759  -44.088  -31.646  76.696 0.0000000000
61894  -43.647  -32.128  76.431 0.0000000000
60876  -43.868  -33.025  76.312 0.0000000000
45344  -20.067  -46.506  88.749 0.0000000000
46356  -19.431  -45.906  88.896 0.0000000000
45353  -19.181  -46.626  87.801 0.0000000000
66422  -48.735  -29.036  76.865 0.0000000000
63021  -48.807  -31.728  76.761 0.0000000000
63036  -49.123  -31.645  76.205 0.0000000000
77664  -46.477  -18.655  74.854 0.0000000000
167135  -46.620  -19.342  75.225 0.0000000000
73312  -44.982  -22.645  75.058 0.0000000000
73298  -45.446  -21.880  75.256 0.0000000000
72137  -44.362  -23.573  75.210 0.0000000000
68663  -45.650  -26.398  75.109 0.0000000000
68662  -44.382  -25.325  75.229 0.0000000000
70963  -47.145  -24.725  73.832 0.0000000000
70948  -46.724  -23.909  74.087 0.0000000000
70962  -46.017  -24.420  73.635 0.0000000000
67508  -44.652  -27.537  73.946 0.0000000000
143408  -45.505  -28.860  73.378 0.0000000000
65431  -46.489  -28.923  73.750 0.0000000000
145480  -46.800  -30.417  73.255 0.0000000000
68709  -52.211  -26.964  71.530 0.0000000000
67534  -52.393  -27.939  71.024 0.0000000000
73402  -55.570  -23.180  67.711 0.0000000000
73418  -54.855  -22.471  67.498 0.0000000000
72248  -55.599  -23.791  67.899 0.0000000000
68724  -55.209  -26.486  68.931 0.0000000000
71024  -54.788  -24.427  68.449 0.0000000000
71023  -54.115  -24.710  68.581 0.0000000000
71043  -52.612  -24.615  67.752 0.0000000000
69864  -53.926  -25.701  68.897 0.0000000000
68732  -53.054  -26.386  68.575 0.0000000000
67556  -54.221  -27.143  69.496 0.0000000000
64303  -53.493  -30.485  70.312 0.0000000000
66504  -54.030  -29.012  69.970 0.0000000000
64286  -53.155  -30.183  70.734 0.0000000000
65453  -52.430  -29.488  71.737 0.0000000000
154462  -52.664  -30.408  71.262 0.0000000000
64285  -51.509  -30.581  71.936 0.0000000000
154182  -51.945  -31.460  70.784 0.0000000000
69730  -40.025  -25.664  83.136 0.0000000000
70822  -40.397  -25.092  82.766 0.0000000000
70821  -39.977  -25.033  82.914 0.0000000000
154833  -39.888  -24.245  81.402 0.0000000000
70867  -39.739  -24.305  80.591 0.0000000000
60750  -32.887  -32.964  84.875 0.0000000000
66355  -37.867  -27.851  82.791 0.0000000000
67420  -38.278  -27.189  82.322 0.0000000000
68568  -38.894  -26.785  83.556 0.0000000000
68556  -39.717  -27.067  83.899 0.0000000000
68569  -39.278  -26.377  83.376 0.0000000000
69729  -39.645  -25.836  83.071 0.0000000000
75544  -44.240  -21.208  77.765 0.0000000000
73260  -45.102  -23.219  78.059 0.0000000000
74426  -44.503  -21.732  77.745 0.0000000000
74441  -44.571  -21.321  77.075 0.0000000000
149890  -44.684  -21.588  76.779 0.0000000000
69823  -50.945  -25.580  73.551 0.0000000000
69814  -50.052  -25.339  74.172 0.0000000000
68686  -50.289  -26.147  74.100 0.0000000000
67509  -49.245  -27.358  73.592 0.0000000000
66472  -48.183  -28.223  72.619 0.0000000000
66487  -47.187  -28.503  71.811 0.0000000000
65448  -48.708  -28.932  72.474 0.0000000000
65468  -49.201  -29.719  72.205 0.0000000000
64282  -48.793  -30.224  71.536 0.0000000000
146647  -57.181  -24.277  64.350 0.0000000000
160754  -57.078  -24.586  65.148 0.0000000000
69969  -56.223  -25.358  63.963 0.0000000000
68796  -54.996  -26.407  64.013 0.0000000000
77839  -56.750  -18.590  62.817 0.0000000000
77827  -56.944  -19.022  63.111 0.0000000000
76809  -57.140  -20.156  63.871 0.0000000000
77820  -57.449  -19.787  63.091 0.0000000000
76826  -57.850  -20.021  62.859 0.0000000000
74638  -58.430  -21.059  62.653 0.0000000000
73513  -58.715  -21.701  61.707 0.0000000000
74653  -58.689  -21.067  61.995 0.0000000000
75791  -58.824  -20.336  61.524 0.0000000000
76871  -58.957  -19.780  60.882 0.0000000000
80734  -58.640  -15.779  59.249 0.0000000000
79799  -58.681  -16.474  58.949 0.0000000000
80754  -58.800  -15.655  58.415 0.0000000000
78864  -59.096  -16.809  57.525 0.0000000000
77913  -58.976  -18.092  56.914 0.0000000000
63020  -45.040  -31.108  77.375 0.0000000000
61857  -45.682  -30.856  77.750 0.0000000000
62979  -44.997  -30.236  78.662 0.0000000000
65335  -44.711  -29.516  79.363 0.0000000000
67423  -44.714  -28.309  79.811 0.0000000000
72066  -42.074  -23.483  81.087 0.0000000000
168460  -42.896  -24.471  81.042 0.0000000000
73220  -41.901  -22.767  80.807 0.0000000000
73233  -42.379  -22.311  80.304 0.0000000000
73234  -43.084  -22.533  80.060 0.0000000000
74398  -43.479  -22.091  79.521 0.0000000000
75512  -42.625  -21.232  79.461 0.0000000000
76605  -42.306  -20.583  78.544 0.0000000000
76628  -41.850  -19.996  77.422 0.0000000000
153791  -20.561  -46.804  88.459 0.0000000000
45345  -20.897  -46.662  88.824 0.0000000000
45346  -21.750  -46.914  88.671 0.0000000000
154839  -22.134  -47.304  88.061 0.0000000000
47471  -25.917  -45.748  86.322 0.0000000000
50674  -27.160  -42.741  87.699 0.0000000000
50657  -27.654  -42.083  88.119 0.0000000000
50676  -29.053  -42.968  87.633 0.0000000000
49597  -29.625  -43.446  87.020 0.0000000000
50659  -29.421  -42.046  87.713 0.0000000000
51766  -29.704  -41.317  87.529 0.0000000000
51780  -30.245  -41.329  87.039 0.0000000000
55161  -30.530  -38.452  84.247 0.0000000000
55162  -31.148  -38.862  83.765 0.0000000000
152743  -30.541  -38.401  83.444 0.0000000000
55192  -30.082  -38.175  81.748 0.0000000000
58549  -30.178  -35.080  84.530 0.0000000000
59633  -29.935  -34.349  84.753 0.0000000000
57506  -31.553  -37.012  81.424 0.0000000000
56375  -32.636  -37.342  82.963 0.0000000000
58522  -34.399  -35.272  86.289 0.0000000000
57447  -33.961  -35.883  86.040 0.0000000000
57449  -35.486  -36.064  86.040 0.0000000000
57450  -36.976  -35.880  85.596 0.0000000000
62917  -35.324  -31.788  82.973 0.0000000000
62902  -35.756  -30.918  84.358 0.0000000000
65286  -38.000  -29.236  85.073 0.0000000000
144824  -37.699  -30.036  85.182 0.0000000000
141302  -38.170  -30.627  85.243 0.0000000000
61801  -38.438  -32.189  85.183 0.0000000000
60739  -39.643  -33.064  84.493 0.0000000000
60751  -40.497  -33.225  83.939 0.0000000000
60752  -41.040  -32.993  83.245 0.0000000000
61812  -41.384  -32.252  83.077 0.0000000000
65312  -42.152  -29.509  82.258 0.0000000000
64127  -42.226  -30.264  82.101 0.0000000000
64142  -42.677  -30.418  81.451 0.0000000000
64143  -43.087  -30.628  80.915 0.0000000000
165140  -43.736  -31.232  79.777 0.0000000000
62998  -43.905  -31.263  78.274 0.0000000000
61856  -44.254  -30.982  79.049 0.0000000000
62999  -44.722  -30.866  78.018 0.0000000000
150558  -20.094  -43.847  87.832 0.0000000000
168097  -19.767  -44.320  89.041 0.0000000000
46357  -20.220  -45.998  88.931 0.0000000000
141181  -49.088  -29.815  75.974 0.0000000000
143722  -49.196  -32.288  75.836 0.0000000000
63045  -49.325  -31.574  75.651 0.0000000000
76664  -48.036  -19.344  74.582 0.0000000000
75583  -47.659  -20.019  75.069 0.0000000000
147209  -47.776  -20.621  75.059 0.0000000000
73299  -46.507  -21.751  75.003 0.0000000000
72147  -45.218  -23.093  74.579 0.0000000000
69831  -44.845  -25.685  72.802 0.0000000000
69830  -44.001  -25.590  73.103 0.0000000000
68745  -56.094  -26.462  67.381 0.0000000000
152233  -55.553  -25.017  68.157 0.0000000000
68736  -55.931  -26.369  67.939 0.0000000000
68735  -55.619  -26.482  68.417 0.0000000000
67558  -55.275  -27.788  69.035 0.0000000000
67557  -54.862  -27.288  69.268 0.0000000000
65505  -55.042  -28.645  69.350 0.0000000000
64337  -54.326  -30.119  69.295 0.0000000000
64318  -53.665  -30.819  69.823 0.0000000000
63153  -52.233  -31.807  69.945 0.0000000000
79779  -57.280  -16.834  61.253 0.0000000000
78828  -58.053  -17.358  61.495 0.0000000000
79788  -57.607  -16.141  60.899 0.0000000000
79789  -58.143  -15.980  60.804 0.0000000000
168934  -58.434  -15.366  60.082 0.0000000000
81700  -57.695  -14.266  59.850 0.0000000000
81695  -58.511  -14.817  59.940 0.0000000000
81702  -58.673  -14.247  59.323 0.0000000000
67408  -42.977  -28.171  81.781 0.0000000000
67409  -43.566  -27.988  81.304 0.0000000000
169031  -42.658  -26.876  81.970 0.0000000000
69743  -42.385  -25.794  81.885 0.0000000000
70837  -41.883  -24.573  81.806 0.0000000000
72051  -40.742  -24.060  81.709 0.0000000000
72052  -41.528  -24.049  81.525 0.0000000000
73219  -40.972  -22.964  80.834 0.0000000000
73231  -40.854  -22.706  80.301 0.0000000000
74409  -40.808  -21.907  78.899 0.0000000000
48571  -21.814  -45.261  88.067 0.0000000000
48572  -22.678  -45.349  87.746 0.0000000000
48582  -23.854  -44.417  87.352 0.0000000000
163900  -24.092  -43.553  87.057 0.0000000000
57484  -28.471  -36.907  82.828 0.0000000000
57458  -31.933  -35.927  85.063 0.0000000000
58535  -32.444  -35.292  85.504 0.0000000000
58520  -32.791  -34.740  86.000 0.0000000000
60727  -32.914  -33.752  85.992 0.0000000000
59608  -33.218  -34.244  86.208 0.0000000000
59609  -34.156  -34.357  86.469 0.0000000000
59600  -34.940  -34.021  86.590 0.0000000000
60728  -35.122  -33.357  86.438 0.0000000000
64141  -36.742  -29.899  82.305 0.0000000000
65321  -36.719  -29.728  83.275 0.0000000000
65311  -37.172  -29.100  83.729 0.0000000000
66341  -37.984  -27.851  83.755 0.0000000000
66327  -37.716  -28.577  84.161 0.0000000000
66318  -37.862  -28.847  84.756 0.0000000000
65287  -38.669  -29.164  84.903 0.0000000000
152652  -39.713  -30.136  84.441 0.0000000000
64113  -40.161  -30.756  84.179 0.0000000000
65301  -40.286  -30.017  84.084 0.0000000000
141538  -40.504  -29.284  83.884 0.0000000000
65302  -41.208  -29.278  83.233 0.0000000000
67387  -40.202  -27.728  83.854 0.0000000000
66342  -41.552  -28.466  82.942 0.0000000000
167868  -42.029  -28.867  82.392 0.0000000000
67396  -42.221  -28.143  82.220 0.0000000000
68617  -46.925  -27.412  78.170 0.0000000000
65374  -48.188  -29.903  77.532 0.0000000000
153013  -47.579  -27.405  77.684 0.0000000000
66421  -48.271  -28.428  77.072 0.0000000000
67462  -48.224  -27.756  76.894 0.0000000000
70917  -46.537  -25.091  77.165 0.0000000000
68653  -47.731  -26.681  76.700 0.0000000000
67469  -48.369  -27.740  76.347 0.0000000000
67480  -48.187  -27.803  75.668 0.0000000000
66445  -48.350  -28.553  75.291 0.0000000000
66444  -47.697  -27.974  74.928 0.0000000000
74481  -49.850  -21.588  73.969 0.0000000000
73316  -49.439  -22.075  74.377 0.0000000000
72151  -49.344  -23.297  74.592 0.0000000000
70950  -48.775  -24.399  74.392 0.0000000000
70964  -48.112  -24.942  74.061 0.0000000000
69813  -49.408  -25.669  74.172 0.0000000000
145929  -47.547  -25.519  73.636 0.0000000000
69832  -46.018  -25.805  72.964 0.0000000000
68697  -44.843  -26.421  72.290 0.0000000000
74608  -55.104  -20.849  65.780 0.0000000000
149538  -54.383  -21.369  66.051 0.0000000000
74578  -55.946  -22.042  66.818 0.0000000000
149927  -56.150  -22.832  66.999 0.0000000000
71046  -56.342  -24.458  67.063 0.0000000000
156046  -56.834  -25.173  65.976 0.0000000000
69931  -56.502  -25.863  66.041 0.0000000000
69909  -56.364  -25.680  66.668 0.0000000000
67592  -55.980  -27.429  66.706 0.0000000000
66540  -54.867  -28.582  66.460 0.0000000000
68601  -38.663  -26.398  81.024 0.0000000000
69768  -39.007  -25.692  80.661 0.0000000000
68614  -39.129  -26.444  79.303 0.0000000000
161540  -36.843  -30.091  81.556 0.0000000000
65333  -37.525  -29.374  80.849 0.0000000000
66369  -37.896  -28.588  80.584 0.0000000000
66384  -38.241  -27.762  80.673 0.0000000000
77672  -43.672  -18.628  73.912 0.0000000000
78650  -45.031  -18.219  75.197 0.0000000000
76677  -45.437  -18.701  73.604 0.0000000000
76678  -46.377  -18.785  73.525 0.0000000000
76695  -48.568  -19.801  73.155 0.0000000000
75616  -48.943  -20.336  72.650 0.0000000000
75605  -50.034  -21.219  73.469 0.0000000000
74503  -50.428  -21.805  72.926 0.0000000000
74492  -50.795  -22.268  72.842 0.0000000000
72166  -50.839  -23.169  72.925 0.0000000000
73367  -51.057  -23.012  71.067 0.0000000000
70976  -51.154  -24.155  72.624 0.0000000000
70966  -51.462  -24.946  72.497 0.0000000000
68689  -51.848  -26.354  72.810 0.0000000000
155265  -51.665  -27.007  73.038 0.0000000000
75755  -54.128  -20.368  63.855 0.0000000000
150620  -54.379  -20.514  64.539 0.0000000000
75725  -55.870  -20.516  65.359 0.0000000000
75714  -56.546  -21.050  65.859 0.0000000000
73455  -57.267  -22.390  65.298 0.0000000000
75740  -57.586  -21.048  64.129 0.0000000000
74610  -57.508  -21.701  64.688 0.0000000000
72304  -57.689  -23.073  64.074 0.0000000000
72320  -57.513  -23.717  63.724 0.0000000000
144858  -56.440  -24.593  63.115 0.0000000000
71139  -55.193  -24.440  62.068 0.0000000000
73512  -57.816  -22.585  61.106 0.0000000000
152990  -58.596  -17.965  60.989 0.0000000000
160545  -58.934  -18.765  60.668 0.0000000000
75803  -59.020  -19.816  60.127 0.0000000000
157399  -58.761  -17.881  59.160 0.0000000000
76884  -58.907  -19.354  58.852 0.0000000000
61877  -45.674  -31.685  77.266 0.0000000000
60862  -46.355  -32.770  77.365 0.0000000000
61878  -47.087  -32.400  77.664 0.0000000000
61859  -47.379  -31.907  77.681 0.0000000000
64181  -47.209  -29.928  78.013 0.0000000000
65359  -47.034  -29.269  78.332 0.0000000000
67421  -44.111  -27.811  80.829 0.0000000000
68594  -44.302  -27.067  80.618 0.0000000000
67422  -44.547  -27.696  80.244 0.0000000000
69757  -44.424  -26.193  80.367 0.0000000000
67434  -45.081  -27.595  79.634 0.0000000000
68604  -45.321  -26.815  79.411 0.0000000000
68605  -45.794  -27.483  79.075 0.0000000000
68616  -46.271  -27.010  78.548 0.0000000000
69781  -46.078  -26.105  78.447 0.0000000000
70884  -45.421  -24.382  78.660 0.0000000000
152544  -44.600  -22.723  78.597 0.0000000000
74397  -43.215  -21.399  79.232 0.0000000000
74412  -43.799  -21.704  78.841 0.0000000000
75529  -43.989  -21.295  78.254 0.0000000000
77649  -43.646  -18.630  75.826 0.0000000000
144057  -39.419  -25.059  80.236 0.0000000000
70883  -39.664  -24.423  79.681 0.0000000000
70898  -39.750  -24.277  77.779 0.0000000000
141721  -39.825  -23.705  78.936 0.0000000000
72104  -40.034  -22.908  78.741 0.0000000000
73258  -40.163  -22.501  78.241 0.0000000000
74424  -40.352  -22.012  77.770 0.0000000000
74440  -40.602  -21.469  77.365 0.0000000000
75557  -40.923  -20.888  77.010 0.0000000000
77671  -42.901  -18.740  74.057 0.0000000000
45371  -18.949  -46.588  86.265 0.0000000000
45380  -19.591  -46.787  85.766 0.0000000000
44364  -20.335  -47.131  86.014 0.0000000000
47451  -22.315  -46.241  88.501 0.0000000000
48591  -26.474  -44.830  86.460 0.0000000000
49595  -27.536  -43.474  87.406 0.0000000000
47478  -26.917  -45.501  86.108 0.0000000000
156924  -27.086  -45.941  85.632 0.0000000000
151720  -30.181  -40.076  86.944 0.0000000000
161415  -30.577  -40.254  86.449 0.0000000000
52849  -30.977  -40.730  86.115 0.0000000000
53970  -31.538  -39.393  83.074 0.0000000000
57483  -27.704  -36.190  82.900 0.0000000000
57492  -28.305  -36.608  82.119 0.0000000000
58559  -28.607  -35.398  82.822 0.0000000000
57493  -28.541  -36.865  81.660 0.0000000000
56373  -28.656  -37.163  82.055 0.0000000000
56392  -28.913  -37.257  81.397 0.0000000000
55202  -29.515  -37.755  81.034 0.0000000000
55211  -29.777  -37.835  80.314 0.0000000000
57513  -30.222  -36.885  80.662 0.0000000000
56403  -29.995  -37.743  80.002 0.0000000000
55212  -30.240  -38.074  79.733 0.0000000000
57475  -33.263  -36.777  84.673 0.0000000000
56363  -33.711  -37.368  84.136 0.0000000000
57461  -34.402  -36.490  85.475 0.0000000000
55163  -34.497  -37.572  84.352 0.0000000000
61808  -34.189  -32.628  84.801 0.0000000000
61809  -34.735  -32.082  84.390 0.0000000000
148367  -35.828  -33.213  86.359 0.0000000000
64112  -36.297  -30.528  84.760 0.0000000000
64099  -37.143  -30.347  85.263 0.0000000000
64085  -36.843  -31.007  85.688 0.0000000000
62887  -36.218  -31.320  85.674 0.0000000000
61790  -36.181  -32.470  86.160 0.0000000000
59611  -36.130  -33.923  86.316 0.0000000000
59612  -36.945  -34.337  86.025 0.0000000000
58526  -37.773  -34.398  85.419 0.0000000000
58538  -38.232  -35.217  85.108 0.0000000000
150814  -38.576  -33.563  85.114 0.0000000000
59620  -38.604  -34.306  85.038 0.0000000000
64114  -40.820  -30.896  83.744 0.0000000000
62905  -41.661  -31.539  82.859 0.0000000000
61819  -41.726  -32.028  82.370 0.0000000000
151241  -42.181  -30.925  81.895 0.0000000000
62919  -42.098  -31.493  81.816 0.0000000000
60798  -41.963  -32.538  80.989 0.0000000000
59756  -42.422  -34.003  75.468 0.0000000000
63035  -43.445  -31.582  76.756 0.0000000000
60875  -43.126  -32.722  76.128 0.0000000000
46367  -18.610  -46.049  88.143 0.0000000000
64192  -48.425  -30.556  77.291 0.0000000000
78626  -45.300  -18.826  75.478 0.0000000000
77642  -45.875  -19.645  75.491 0.0000000000
73286  -44.717  -22.369  76.569 0.0000000000
75582  -46.808  -20.383  75.304 0.0000000000
74466  -45.021  -21.414  75.940 0.0000000000
70927  -45.353  -24.189  76.444 0.0000000000
147491  -45.537  -25.616  75.593 0.0000000000
67478  -46.555  -26.934  75.007 0.0000000000
144149  -46.906  -28.246  74.343 0.0000000000
73315  -48.096  -22.646  74.727 0.0000000000
72148  -46.275  -23.137  74.414 0.0000000000
70947  -44.700  -23.599  74.367 0.0000000000
69811  -43.710  -25.582  74.308 0.0000000000
68675  -44.065  -25.972  74.718 0.0000000000
67492  -45.130  -27.274  74.376 0.0000000000
64232  -47.944  -29.973  73.993 0.0000000000
155821  -51.192  -25.296  70.127 0.0000000000
69847  -52.127  -26.416  71.179 0.0000000000
68701  -52.061  -26.572  72.188 0.0000000000
152213  -52.052  -27.947  72.339 0.0000000000
73436  -54.414  -21.899  66.878 0.0000000000
73435  -53.485  -22.229  66.851 0.0000000000
73416  -53.135  -22.843  67.347 0.0000000000
71025  -55.325  -24.331  68.170 0.0000000000
72259  -53.683  -23.229  67.962 0.0000000000
72270  -52.282  -23.145  67.057 0.0000000000
152270  -52.848  -27.134  68.897 0.0000000000
155655  -53.468  -27.773  69.996 0.0000000000
152434  -54.065  -27.923  69.778 0.0000000000
67536  -53.632  -28.595  70.073 0.0000000000
67547  -53.096  -28.251  70.232 0.0000000000
66489  -52.549  -29.008  71.265 0.0000000000
66476  -52.196  -28.746  72.068 0.0000000000
65451  -51.563  -29.387  72.845 0.0000000000
64265  -51.185  -29.979  72.507 0.0000000000
64284  -50.653  -30.619  71.973 0.0000000000
64302  -49.298  -30.964  71.129 0.0000000000
61986  -51.029  -31.883  70.302 0.0000000000
63151  -49.367  -31.870  70.109 0.0000000000
63125  -48.179  -31.120  70.072 0.0000000000
44345  -21.315  -47.481  87.575 0.0000000000
44378  -25.866  -47.415  85.162 0.0000000000
44387  -26.233  -47.226  84.752 0.0000000000
45364  -20.652  -47.098  87.774 0.0000000000
45373  -25.719  -46.809  85.990 0.0000000000
45381  -26.471  -46.932  85.093 0.0000000000
46386  -26.934  -46.368  85.307 0.0000000000
47479  -27.808  -45.301  85.901 0.0000000000
47480  -28.521  -45.070  85.678 0.0000000000
50677  -30.312  -42.365  86.888 0.0000000000
52826  -29.412  -40.644  87.685 0.0000000000
52835  -30.464  -40.739  86.727 0.0000000000
55225  -30.732  -37.929  79.291 0.0000000000
57512  -29.863  -37.240  80.484 0.0000000000
58567  -28.495  -36.450  81.730 0.0000000000
59618  -30.676  -34.174  85.250 0.0000000000
59621  -39.162  -33.708  84.763 0.0000000000
59650  -41.149  -33.330  81.771 0.0000000000
59735  -43.761  -34.760  76.262 0.0000000000
60753  -41.340  -32.789  82.611 0.0000000000
60770  -41.474  -32.776  81.836 0.0000000000
60799  -42.641  -31.890  80.816 0.0000000000
60844  -41.945  -32.759  79.190 0.0000000000
60878  -45.296  -32.535  76.916 0.0000000000
60893  -42.528  -33.089  75.718 0.0000000000
61820  -41.872  -32.111  81.721 0.0000000000
61834  -42.263  -32.008  81.203 0.0000000000
61835  -42.872  -31.477  80.868 0.0000000000
61854  -42.404  -32.211  78.697 0.0000000000
61876  -44.791  -31.616  76.896 0.0000000000
61893  -42.929  -32.024  76.406 0.0000000000
61909  -49.249  -32.401  75.430 0.0000000000
61934  -48.880  -32.230  74.270 0.0000000000
61985  -50.072  -31.993  70.075 0.0000000000
61987  -51.781  -31.756  70.406 0.0000000000
62003  -50.650  -32.116  69.525 0.0000000000
62004  -51.539  -32.025  69.779 0.0000000000
62932  -42.920  -31.144  80.998 0.0000000000
62963  -45.100  -29.947  78.787 0.0000000000
62964  -45.979  -29.723  78.479 0.0000000000
62978  -44.187  -30.767  79.460 0.0000000000
62982  -47.358  -30.598  77.783 0.0000000000
63001  -47.952  -31.090  77.598 0.0000000000
63002  -48.407  -31.450  77.181 0.0000000000
63017  -42.258  -31.784  77.033 0.0000000000
63034  -42.778  -31.737  76.788 0.0000000000
63086  -52.167  -30.508  71.680 0.0000000000
63105  -50.170  -31.158  71.316 0.0000000000
63106  -51.022  -31.169  71.349 0.0000000000
63107  -51.800  -31.068  71.246 0.0000000000
63108  -52.507  -30.963  70.997 0.0000000000
63109  -53.037  -30.629  70.762 0.0000000000
63126  -48.977  -31.404  70.443 0.0000000000
63127  -49.771  -31.588  70.656 0.0000000000
63129  -51.394  -31.610  70.833 0.0000000000
63130  -52.363  -31.385  70.435 0.0000000000
63154  -52.864  -31.329  69.993 0.0000000000
63176  -53.132  -31.231  69.439 0.0000000000
64126  -41.869  -30.863  82.529 0.0000000000
64157  -44.168  -29.888  79.902 0.0000000000
64158  -44.527  -29.959  79.404 0.0000000000
64180  -46.634  -29.660  78.336 0.0000000000
64203  -48.917  -31.027  76.715 0.0000000000
64211  -49.064  -30.440  76.334 0.0000000000
64221  -49.227  -30.675  75.761 0.0000000000
64234  -49.172  -30.997  75.089 0.0000000000
64248  -47.468  -30.442  73.603 0.0000000000
64249  -48.148  -30.991  73.825 0.0000000000
64267  -52.342  -29.994  71.876 0.0000000000
64268  -52.695  -29.986  71.371 0.0000000000
64283  -49.707  -30.493  71.830 0.0000000000
64287  -53.764  -30.023  70.251 0.0000000000
64300  -47.656  -30.318  70.483 0.0000000000
64319  -54.102  -30.109  69.895 0.0000000000
65323  -42.719  -29.660  81.636 0.0000000000
65346  -46.273  -29.259  78.654 0.0000000000
65373  -47.696  -29.602  77.884 0.0000000000
65396  -48.922  -29.709  76.602 0.0000000000
65405  -48.897  -29.146  75.593 0.0000000000
65416  -47.468  -29.133  74.147 0.0000000000
65434  -51.360  -28.737  73.149 0.0000000000
65435  -51.713  -28.850  72.901 0.0000000000
65452  -52.011  -29.303  72.424 0.0000000000
65467  -48.305  -29.483  71.877 0.0000000000
65469  -52.861  -29.611  70.967 0.0000000000
65470  -53.530  -29.589  70.322 0.0000000000
65486  -54.177  -29.495  69.926 0.0000000000
65504  -54.730  -29.401  69.490 0.0000000000
65518  -54.362  -30.068  68.372 0.0000000000
65520  -55.168  -29.030  69.024 0.0000000000
66343  -41.780  -29.245  82.793 0.0000000000
66371  -44.293  -28.933  80.053 0.0000000000
66372  -44.924  -28.946  79.411 0.0000000000
66386  -46.579  -28.743  78.695 0.0000000000
66400  -47.577  -28.872  77.986 0.0000000000
66411  -48.167  -29.168  77.441 0.0000000000
66433  -48.741  -28.379  75.953 0.0000000000
66453  -47.816  -28.642  74.660 0.0000000000
66458  -45.641  -28.057  73.943 0.0000000000
66459  -49.909  -27.791  73.592 0.0000000000
66461  -51.192  -28.144  73.348 0.0000000000
66471  -47.536  -28.204  72.271 0.0000000000
66474  -50.222  -28.447  73.348 0.0000000000
66475  -51.890  -28.479  72.704 0.0000000000
66488  -47.866  -28.787  72.139 0.0000000000
66526  -55.394  -28.325  68.584 0.0000000000
66532  -55.218  -28.732  67.297 0.0000000000
66533  -55.461  -28.640  68.018 0.0000000000
66541  -55.565  -28.120  66.930 0.0000000000
66544  -54.476  -28.303  65.615 0.0000000000
67435  -45.419  -28.260  79.293 0.0000000000
67444  -46.836  -28.127  78.568 0.0000000000
67445  -47.454  -28.073  78.025 0.0000000000
67455  -47.895  -27.830  77.415 0.0000000000
67463  -48.592  -28.402  76.547 0.0000000000
67493  -46.153  -27.505  74.496 0.0000000000
67494  -46.991  -27.571  74.752 0.0000000000
67507  -43.970  -27.405  73.594 0.0000000000
67511  -51.811  -27.709  72.932 0.0000000000
67521  -47.574  -27.613  72.604 0.0000000000
67523  -52.291  -28.283  71.594 0.0000000000
67535  -52.719  -28.630  70.692 0.0000000000
67548  -54.601  -28.343  69.596 0.0000000000
67568  -55.887  -27.310  68.162 0.0000000000
67593  -56.097  -27.134  67.310 0.0000000000
67607  -55.816  -26.937  65.647 0.0000000000
68554  -38.828  -27.402  83.902 0.0000000000
68555  -39.230  -26.826  83.770 0.0000000000
68585  -43.057  -27.287  81.701 0.0000000000
68593  -43.772  -27.215  81.111 0.0000000000
68603  -44.808  -26.919  80.033 0.0000000000
68615  -45.791  -26.695  78.914 0.0000000000
68632  -47.215  -26.915  77.582 0.0000000000
68642  -47.092  -26.083  76.709 0.0000000000
68664  -47.312  -26.352  76.132 0.0000000000
68674  -43.719  -26.183  74.177 0.0000000000
68676  -44.864  -26.583  74.729 0.0000000000
68678  -50.831  -26.103  73.920 0.0000000000
68687  -50.850  -26.830  73.928 0.0000000000
68696  -44.093  -26.140  72.612 0.0000000000
68698  -45.766  -26.352  72.567 0.0000000000
68699  -47.694  -26.902  73.063 0.0000000000
68700  -48.555  -26.816  73.538 0.0000000000
68716  -52.376  -27.336  70.786 0.0000000000
68733  -53.680  -26.696  69.176 0.0000000000
68734  -54.495  -26.213  69.141 0.0000000000
68744  -52.312  -27.049  68.266 0.0000000000
68758  -56.227  -26.549  66.580 0.0000000000
69732  -41.684  -25.879  82.372 0.0000000000
69756  -43.859  -25.795  80.874 0.0000000000
69769  -44.713  -25.344  79.972 0.0000000000
69796  -46.771  -25.820  77.101 0.0000000000
69802  -46.682  -25.253  76.782 0.0000000000
69806  -44.902  -24.698  75.765 0.0000000000
69807  -46.655  -25.687  76.116 0.0000000000
69812  -43.884  -25.219  74.800 0.0000000000
69815  -50.517  -25.468  73.958 0.0000000000
69819  -44.319  -25.027  73.417 0.0000000000
69821  -46.547  -25.293  73.392 0.0000000000
69822  -48.442  -25.635  73.962 0.0000000000
69824  -51.488  -25.622  72.944 0.0000000000
69833  -47.000  -26.171  73.130 0.0000000000
69846  -51.691  -25.839  70.747 0.0000000000
69853  -51.351  -26.430  69.879 0.0000000000
69865  -54.720  -25.330  68.848 0.0000000000
69867  -55.777  -25.754  68.067 0.0000000000
69887  -53.242  -25.223  68.343 0.0000000000
69888  -56.063  -25.777  67.425 0.0000000000
69889  -56.313  -25.202  66.988 0.0000000000
69910  -56.706  -24.911  66.506 0.0000000000
69932  -56.724  -25.388  65.341 0.0000000000
69950  -55.551  -25.782  63.866 0.0000000000
69952  -56.898  -25.036  64.428 0.0000000000
69967  -54.755  -25.915  63.435 0.0000000000
69968  -55.835  -25.160  63.278 0.0000000000
70834  -40.042  -24.673  82.314 0.0000000000
70836  -41.081  -24.663  82.127 0.0000000000
70838  -42.532  -25.003  81.505 0.0000000000
70885  -45.611  -25.199  78.712 0.0000000000
70899  -46.048  -24.719  77.535 0.0000000000
70916  -46.185  -24.581  77.194 0.0000000000
70937  -44.047  -24.443  75.157 0.0000000000
70945  -43.811  -24.835  74.438 0.0000000000
70946  -44.062  -23.997  74.556 0.0000000000
70949  -47.814  -24.163  74.284 0.0000000000
70951  -49.562  -24.712  74.322 0.0000000000
70965  -51.041  -24.870  73.077 0.0000000000
71004  -51.001  -24.231  70.197 0.0000000000
71026  -55.855  -24.367  67.784 0.0000000000
71071  -56.982  -24.442  65.954 0.0000000000
71101  -57.010  -24.452  63.747 0.0000000000
71121  -56.414  -24.156  62.437 0.0000000000
71122  -57.099  -24.051  63.005 0.0000000000
72065  -41.288  -23.350  81.138 0.0000000000
72067  -42.809  -23.789  80.852 0.0000000000
72078  -40.052  -23.665  80.819 0.0000000000
72080  -44.071  -24.081  80.026 0.0000000000
72081  -44.671  -23.925  79.489 0.0000000000
72093  -45.127  -23.836  78.922 0.0000000000
72094  -45.385  -23.839  78.293 0.0000000000
72105  -45.652  -23.924  77.836 0.0000000000
72125  -44.631  -23.019  75.815 0.0000000000
72127  -45.847  -23.971  76.956 0.0000000000
72138  -48.923  -22.708  74.764 0.0000000000
72139  -49.275  -22.686  74.589 0.0000000000
72149  -47.431  -23.327  74.479 0.0000000000
72152  -49.721  -23.107  74.267 0.0000000000
72165  -45.567  -23.661  74.057 0.0000000000
72178  -51.125  -23.521  72.240 0.0000000000
72193  -51.199  -23.723  71.525 0.0000000000
72246  -54.303  -23.800  68.245 0.0000000000
72247  -55.066  -23.557  68.110 0.0000000000
72249  -56.019  -23.685  67.424 0.0000000000
72258  -52.830  -23.603  67.643 0.0000000000
72261  -56.591  -23.621  66.751 0.0000000000
72286  -57.145  -23.820  65.342 0.0000000000
72303  -57.322  -23.762  64.561 0.0000000000
72321  -57.904  -22.906  63.301 0.0000000000
72353  -56.270  -23.697  61.742 0.0000000000
72355  -58.267  -22.271  61.661 0.0000000000
73221  -42.594  -23.016  80.603 0.0000000000
73232  -41.294  -22.347  80.410 0.0000000000
73235  -43.699  -22.754  79.728 0.0000000000
73245  -40.144  -22.953  79.442 0.0000000000
73247  -44.114  -22.562  79.083 0.0000000000
73249  -44.959  -23.248  78.473 0.0000000000
73273  -45.324  -23.429  77.699 0.0000000000
73297  -44.807  -22.325  75.635 0.0000000000
73300  -48.949  -22.057  74.751 0.0000000000
73311  -44.606  -22.953  75.298 0.0000000000
73313  -45.824  -22.444  74.793 0.0000000000
73314  -46.967  -22.508  74.703 0.0000000000
73317  -49.990  -22.416  73.849 0.0000000000
73338  -50.796  -22.069  72.362 0.0000000000
73339  -50.933  -22.737  72.471 0.0000000000
73351  -50.999  -22.862  71.838 0.0000000000
73417  -54.032  -22.594  67.488 0.0000000000
73419  -55.508  -22.561  67.363 0.0000000000
73434  -52.695  -22.515  66.636 0.0000000000
73437  -56.472  -22.081  66.347 0.0000000000
73454  -53.032  -21.980  66.329 0.0000000000
73456  -57.659  -22.379  64.423 0.0000000000
73496  -58.459  -21.641  62.431 0.0000000000
74395  -41.642  -21.782  79.932 0.0000000000
74410  -41.143  -21.238  78.824 0.0000000000
74413  -44.314  -21.976  78.318 0.0000000000
74453  -45.045  -21.207  76.379 0.0000000000
74467  -46.036  -21.068  75.315 0.0000000000
74480  -49.344  -21.304  74.269 0.0000000000
74491  -50.228  -21.983  73.361 0.0000000000
74502  -50.163  -21.387  72.640 0.0000000000
74535  -49.997  -21.927  70.987 0.0000000000
74593  -53.670  -21.752  66.256 0.0000000000
74594  -55.216  -21.438  66.425 0.0000000000
74596  -56.738  -21.460  65.906 0.0000000000
74609  -57.113  -21.589  65.355 0.0000000000
74622  -53.261  -21.195  65.065 0.0000000000
74670  -58.881  -21.023  61.216 0.0000000000
74688  -58.767  -21.578  60.133 0.0000000000
75511  -42.062  -21.243  79.494 0.0000000000
75525  -42.010  -20.932  79.052 0.0000000000
75526  -42.456  -20.832  79.026 0.0000000000
75528  -43.552  -21.015  78.560 0.0000000000
75558  -44.631  -20.394  76.508 0.0000000000
75559  -45.255  -20.113  75.884 0.0000000000
75572  -44.916  -20.586  76.269 0.0000000000
75573  -45.887  -20.100  75.523 0.0000000000
75584  -48.475  -20.454  74.807 0.0000000000
75585  -49.017  -20.654  74.457 0.0000000000
75603  -49.132  -20.115  73.532 0.0000000000
75604  -49.454  -20.653  73.702 0.0000000000
75615  -48.114  -20.026  72.377 0.0000000000
75617  -49.604  -20.721  73.019 0.0000000000
75713  -55.966  -20.956  66.082 0.0000000000
75727  -56.865  -20.990  65.314 0.0000000000
75737  -55.662  -20.085  64.807 0.0000000000
75738  -56.382  -20.041  64.868 0.0000000000
75739  -57.109  -20.660  64.581 0.0000000000
75758  -58.288  -20.418  62.671 0.0000000000
75776  -58.661  -19.981  62.014 0.0000000000
75802  -58.967  -20.363  60.628 0.0000000000
75825  -59.044  -19.891  58.791 0.0000000000
76616  -41.527  -20.469  77.895 0.0000000000
76617  -42.098  -20.302  77.964 0.0000000000
76618  -43.121  -20.139  77.705 0.0000000000
76619  -44.193  -20.586  77.201 0.0000000000
76644  -41.485  -19.899  76.852 0.0000000000
76654  -48.242  -19.831  74.757 0.0000000000
76655  -48.797  -20.084  74.685 0.0000000000
76679  -47.760  -18.960  74.157 0.0000000000
76680  -48.537  -19.539  74.017 0.0000000000
76808  -56.760  -19.763  63.995 0.0000000000
76810  -57.611  -20.410  63.473 0.0000000000
76872  -58.998  -19.242  60.423 0.0000000000
76905  -58.938  -18.903  57.680 0.0000000000
77624  -44.636  -19.607  76.126 0.0000000000
77640  -44.631  -19.160  75.890 0.0000000000
77641  -45.247  -19.352  75.660 0.0000000000
77651  -46.658  -18.995  75.085 0.0000000000
77661  -43.491  -18.561  74.858 0.0000000000
77662  -44.400  -18.381  74.628 0.0000000000
77663  -45.241  -18.372  74.474 0.0000000000
77819  -57.151  -19.633  63.356 0.0000000000
77828  -57.461  -19.165  62.815 0.0000000000
77838  -55.879  -18.692  62.307 0.0000000000
77853  -58.754  -18.609  61.222 0.0000000000
77854  -58.780  -18.149  60.531 0.0000000000
78624  -44.185  -18.611  75.987 0.0000000000
78632  -44.734  -18.427  75.534 0.0000000000
78633  -45.230  -18.469  75.318 0.0000000000
78634  -45.916  -18.688  75.179 0.0000000000
78817  -57.794  -17.957  62.106 0.0000000000
78827  -57.613  -17.363  61.724 0.0000000000
78829  -58.388  -17.436  61.125 0.0000000000
78842  -58.713  -17.452  59.666 0.0000000000
78863  -58.835  -17.740  58.294 0.0000000000
79780  -57.909  -16.706  61.179 0.0000000000
79809  -58.881  -16.247  57.971 0.0000000000
80731  -57.901  -15.477  60.565 0.0000000000
80732  -58.304  -15.382  60.372 0.0000000000
80743  -58.613  -15.036  59.469 0.0000000000
80744  -58.776  -15.109  58.792 0.0000000000
81694  -58.161  -14.848  60.157 0.0000000000
81701  -58.401  -14.215  59.704 0.0000000000
140314  -44.772  -30.583  78.465 0.0000000000
140606  -49.315  -23.938  74.505 0.0000000000
142060  -46.101  -18.482  74.368 0.0000000000
142749  -47.880  -27.095  77.222 0.0000000000
143864  -55.463  -27.056  68.795 0.0000000000
143886  -48.834  -32.275  76.408 0.0000000000
144074  -58.990  -19.266  59.676 0.0000000000
144164  -44.425  -20.976  77.150 0.0000000000
144197  -49.231  -31.079  76.109 0.0000000000
144399  -44.764  -22.420  77.542 0.0000000000
145011  -46.086  -25.332  78.006 0.0000000000
145476  -38.904  -34.961  84.738 0.0000000000
145802  -27.735  -40.839  88.238 0.0000000000
145856  -55.149  -22.919  67.847 0.0000000000
146556  -46.526  -26.280  75.563 0.0000000000
147634  -50.182  -27.081  73.960 0.0000000000
148108  -46.528  -31.733  77.618 0.0000000000
148577  -50.684  -24.024  73.326 0.0000000000
149437  -58.358  -22.091  60.767 0.0000000000
150295  -48.836  -30.293  76.858 0.0000000000
150338  -55.798  -24.607  62.597 0.0000000000
150461  -46.234  -29.645  73.286 0.0000000000
150693  -43.408  -30.913  80.492 0.0000000000
150931  -55.114  -24.931  68.531 0.0000000000
150981  -47.884  -28.460  77.591 0.0000000000
151101  -28.410  -41.072  88.159 0.0000000000
151830  -46.425  -27.667  78.692 0.0000000000
151874  -42.881  -21.775  79.878 0.0000000000
151973  -58.050  -21.063  63.332 0.0000000000
152373  -51.961  -27.145  72.579 0.0000000000
152473  -58.837  -19.722  61.466 0.0000000000
152640  -55.025  -20.465  65.020 0.0000000000
152751  -41.518  -32.576  82.132 0.0000000000
155143  -57.429  -20.542  63.912 0.0000000000
155716  -46.002  -19.075  75.353 0.0000000000
155814  -55.673  -28.255  67.578 0.0000000000
156303  -50.182  -23.987  73.954 0.0000000000
158101  -37.590  -28.795  81.386 0.0000000000
158844  -30.026  -41.949  87.254 0.0000000000
159737  -41.117  -21.745  79.333 0.0000000000
160174  -34.105  -33.243  86.166 0.0000000000
160285  -58.331  -15.933  60.466 0.0000000000
160290  -46.917  -30.658  77.819 0.0000000000
161443  -46.558  -31.079  77.795 0.0000000000
161548  -38.352  -28.160  80.060 0.0000000000
161786  -55.769  -21.595  66.516 0.0000000000
162396  -46.450  -25.949  77.905 0.0000000000
162469  -57.142  -23.182  65.557 0.0000000000
162912  -43.889  -24.590  73.978 0.0000000000
163052  -56.853  -20.626  65.007 0.0000000000
164133  -40.343  -22.446  78.917 0.0000000000
164263  -40.056  -24.219  81.909 0.0000000000
164931  -58.624  -20.550  62.217 0.0000000000
165251  -44.813  -25.988  75.103 0.0000000000
165261  -48.750  -26.207  73.892 0.0000000000
165362  -44.255  -25.571  80.402 0.0000000000
165722  -43.871  -28.425  80.923 0.0000000000
165978  -54.952  -25.989  69.080 0.0000000000
166009  -40.600  -30.454  83.934 0.0000000000
166983  -46.992  -31.681  77.793 0.0000000000
167263  -40.513  -22.103  78.408 0.0000000000
167319  -41.004  -20.959  77.670 0.0000000000
168255  -58.680  -21.918  61.303 0.0000000000
168975  -42.668  -27.727  81.974 0.0000000000
169050  -48.503  -22.104  74.851 0.0000000000
169174  -48.124  -27.198  76.693 0.0000000000
