#!ascii label  , from subject sub-v1s2x0051473_ses-1 vox2ras=TkReg
666
153310  -31.835  -63.319  15.759 0.6999999881
28656  -31.588  -62.909  16.577 0.6000000238
28613  -31.073  -63.057  18.015 0.6000000238
27464  -30.711  -63.832  20.193 0.4000000060
32445  -31.733  -60.103  6.567 0.6999999881
153673  -31.373  -58.732  6.827 0.6999999881
33554  -33.930  -59.411  6.789 0.6999999881
33553  -33.304  -58.921  6.748 0.6000000238
32431  -34.345  -59.871  8.006 0.6999999881
33540  -34.008  -59.154  7.967 0.6000000238
31226  -33.022  -60.891  9.140 0.6000000238
32430  -33.597  -59.898  8.627 0.6000000238
29991  -31.586  -62.159  10.488 0.6000000238
31225  -32.117  -60.791  9.558 0.6000000238
32404  -31.121  -60.258  10.263 0.5000000000
31194  -30.802  -61.752  10.978 0.5000000000
31212  -30.679  -60.773  10.811 0.5000000000
157534  -30.395  -61.891  13.794 0.6000000238
29917  -31.685  -62.401  15.292 0.6000000238
31145  -30.853  -61.808  15.203 0.6000000238
31125  -31.329  -61.879  15.922 0.6000000238
29880  -31.569  -62.303  16.798 0.6000000238
33551  -30.218  -59.538  7.142 0.6000000238
34645  -31.110  -57.989  7.099 0.6000000238
34646  -32.347  -57.905  7.108 0.6000000238
34636  -33.515  -58.280  7.878 0.6000000238
34624  -32.997  -58.033  8.661 0.6000000238
33525  -33.119  -59.079  8.713 0.6000000238
151775  -32.256  -59.549  9.459 0.6000000238
34595  -31.444  -58.638  10.452 0.6000000238
32403  -30.769  -59.718  10.837 0.6000000238
157621  -30.173  -61.515  12.284 0.6000000238
157760  -29.962  -60.230  12.676 0.6999999881
31161  -29.873  -61.069  14.054 0.6000000238
31144  -30.040  -61.101  14.944 0.6000000238
29843  -31.419  -62.293  18.152 0.5000000000
29823  -31.045  -62.795  18.809 0.5000000000
33539  -29.363  -59.125  7.666 0.6000000238
35726  -30.335  -57.662  7.566 0.6000000238
35717  -30.683  -56.719  7.710 0.6000000238
36810  -32.298  -56.495  7.635 0.6000000238
35718  -33.280  -57.353  8.080 0.6000000238
36801  -32.986  -56.059  8.016 0.6000000238
35704  -32.867  -57.140  8.813 0.6000000238
35690  -32.357  -57.024  9.846 0.6000000238
33524  -32.299  -58.781  9.472 0.6000000238
35689  -31.745  -57.646  10.602 0.6000000238
160983  -30.750  -58.934  11.338 0.6999999881
31124  -30.500  -61.188  15.726 0.6000000238
32299  -31.011  -61.218  17.327 0.6000000238
28575  -30.962  -63.107  20.324 0.4000000060
34634  -28.654  -58.411  8.868 0.6000000238
34635  -29.341  -58.232  8.009 0.6000000238
155185  -29.729  -56.637  8.343 0.6000000238
165009  -32.594  -55.682  7.803 0.6000000238
37856  -32.897  -55.261  7.971 0.5000000000
37847  -32.914  -55.330  8.651 0.6000000238
36778  -31.923  -56.968  10.688 0.6999999881
33470  -30.252  -59.258  13.814 0.6000000238
142678  -30.279  -59.387  12.886 0.6000000238
32354  -29.866  -60.211  13.493 0.6000000238
32338  -29.869  -60.087  14.518 0.6000000238
32310  -30.293  -60.534  16.227 0.6000000238
32286  -31.190  -60.923  18.700 0.6000000238
31087  -31.391  -61.662  18.430 0.6000000238
29810  -31.424  -62.298  20.416 0.4000000060
146465  -31.377  -62.085  18.981 0.5000000000
34621  -27.860  -58.520  9.456 0.5000000000
153767  -28.790  -56.741  9.501 0.6000000238
35703  -29.191  -57.041  8.920 0.6000000238
37853  -29.986  -55.307  8.325 0.6000000238
36800  -31.536  -55.850  7.722 0.5000000000
161142  -30.620  -54.565  7.892 0.5000000000
37855  -32.201  -55.056  7.761 0.5000000000
38858  -32.508  -54.759  9.478 0.6000000238
38849  -32.152  -54.718  10.669 0.6000000238
37838  -32.550  -55.601  9.784 0.6999999881
35678  -31.614  -57.304  11.495 0.6999999881
34596  -31.225  -58.141  11.492 0.6999999881
35648  -31.822  -57.012  13.790 0.6000000238
34580  -30.677  -58.729  12.173 0.6999999881
34570  -31.386  -57.824  13.977 0.6000000238
145712  -30.772  -58.538  14.239 0.6000000238
165871  -30.265  -59.162  14.564 0.6000000238
33433  -30.140  -59.699  16.036 0.6000000238
33424  -30.218  -59.979  16.782 0.6000000238
139938  -31.441  -61.347  19.339 0.5000000000
31062  -31.613  -61.504  20.157 0.4000000060
142970  -28.042  -56.937  10.075 0.6000000238
36789  -28.755  -56.023  9.939 0.6000000238
37846  -29.352  -55.304  9.153 0.5000000000
38856  -29.823  -54.546  8.369 0.6000000238
38866  -30.487  -53.757  7.724 0.5000000000
38867  -31.603  -54.125  7.740 0.6000000238
39900  -30.934  -53.073  7.604 0.5000000000
38868  -32.263  -53.946  7.955 0.6000000238
39887  -31.942  -53.373  8.299 0.5000000000
38857  -32.263  -54.015  8.774 0.5000000000
38837  -31.858  -54.725  11.680 0.5000000000
37826  -32.193  -55.287  11.314 0.6000000238
38823  -31.633  -55.000  12.690 0.5000000000
37816  -32.011  -55.443  12.236 0.5000000000
36763  -32.117  -55.971  11.744 0.6000000238
37805  -31.954  -55.624  13.137 0.4000000060
36731  -31.753  -56.815  12.949 0.6999999881
168448  -32.380  -56.067  14.137 0.4000000060
35629  -31.824  -57.234  14.598 0.5000000000
34553  -31.293  -58.012  14.811 0.6000000238
163653  -32.037  -56.997  15.875 0.5000000000
34537  -31.029  -58.127  15.638 0.6000000238
159250  -31.625  -57.374  16.841 0.5000000000
34527  -30.406  -59.138  16.636 0.6000000238
32265  -31.624  -60.848  19.973 0.5000000000
34528  -30.792  -58.301  16.477 0.6000000238
34499  -30.790  -59.100  18.064 0.6000000238
146448  -31.373  -60.425  19.451 0.6000000238
37837  -28.491  -55.400  10.631 0.5000000000
38855  -29.249  -54.536  9.157 0.5000000000
39886  -29.651  -53.745  8.108 0.5000000000
39899  -30.119  -52.979  7.446 0.4000000060
40992  -31.133  -51.933  8.236 0.4000000060
39874  -31.828  -53.464  9.351 0.5000000000
149906  -31.639  -53.671  10.534 0.5000000000
39864  -31.092  -53.280  11.218 0.5000000000
38782  -31.378  -54.427  15.208 0.4000000060
38811  -31.637  -55.134  13.640 0.4000000060
38800  -32.060  -55.245  14.627 0.4000000060
37772  -32.738  -55.603  15.323 0.5000000000
36699  -32.779  -56.137  15.198 0.5000000000
36689  -33.139  -55.840  15.898 0.5000000000
36688  -32.711  -56.421  15.994 0.5000000000
35603  -32.064  -56.995  16.552 0.5000000000
34468  -31.835  -59.079  20.177 0.5000000000
162317  -31.749  -60.055  20.302 0.5000000000
145950  -31.153  -57.994  18.095 0.6000000238
33386  -31.412  -59.504  19.532 0.5000000000
40978  -31.095  -52.241  9.495 0.4000000060
40962  -30.351  -52.640  11.449 0.5000000000
39849  -30.469  -53.308  12.020 0.5000000000
38798  -30.431  -53.785  13.852 0.5000000000
38783  -32.330  -54.909  15.584 0.4000000060
160352  -33.262  -56.196  17.326 0.5000000000
34469  -32.371  -58.691  20.580 0.5000000000
33362  -32.319  -59.425  20.860 0.3000000119
37749  -33.595  -55.543  17.263 0.5000000000
35563  -31.948  -57.240  18.475 0.5000000000
35548  -31.601  -57.985  19.079 0.5000000000
40942  -29.915  -52.822  12.444 0.4000000060
38799  -31.084  -54.507  14.256 0.4000000060
39834  -30.255  -53.045  14.297 0.4000000060
39807  -32.235  -53.814  16.971 0.4000000060
38770  -31.714  -54.240  15.925 0.4000000060
156687  -33.345  -54.905  16.784 0.4000000060
39792  -33.061  -53.868  18.009 0.4000000060
38742  -33.605  -54.689  17.728 0.5000000000
149039  -33.448  -57.900  21.090 0.4000000060
34453  -32.996  -58.778  21.226 0.4000000060
158864  -32.639  -56.638  17.873 0.5000000000
147864  -32.590  -57.518  20.041 0.5000000000
36650  -33.455  -56.085  18.157 0.5000000000
36649  -32.719  -56.702  18.819 0.5000000000
35549  -32.239  -57.361  19.376 0.5000000000
39776  -32.779  -53.154  18.166 0.4000000060
153863  -33.621  -54.184  18.426 0.4000000060
35521  -34.594  -57.496  21.488 0.4000000060
35534  -33.168  -57.289  20.470 0.5000000000
37734  -33.929  -55.305  18.155 0.5000000000
36638  -33.417  -56.263  19.201 0.5000000000
39758  -33.943  -53.226  19.501 0.4000000060
36611  -34.907  -56.789  21.297 0.4000000060
35522  -35.480  -57.685  21.681 0.3000000119
38743  -34.078  -54.687  18.538 0.5000000000
37720  -34.526  -55.246  19.803 0.5000000000
36624  -33.608  -56.526  20.137 0.5000000000
40854  -34.037  -52.396  19.924 0.4000000060
36626  -35.407  -56.005  21.012 0.3000000119
140839  -35.869  -56.742  21.462 0.3000000119
39759  -34.514  -53.886  19.646 0.4000000060
36625  -34.491  -56.091  20.494 0.5000000000
39739  -35.065  -53.823  20.139 0.4000000060
38710  -34.870  -54.584  19.959 0.5000000000
37703  -35.126  -55.314  20.388 0.5000000000
150804  -34.817  -52.327  20.333 0.4000000060
160337  -37.034  -56.004  21.281 0.3000000119
36613  -37.692  -56.521  21.218 0.3000000119
155036  -34.568  -53.121  20.037 0.4000000060
37704  -35.923  -55.279  20.763 0.4000000060
38711  -35.517  -54.550  20.363 0.4000000060
41962  -36.046  -51.360  20.502 0.5000000000
37706  -37.603  -55.609  21.095 0.3000000119
152174  -38.213  -55.968  20.927 0.4000000060
36640  -39.436  -56.205  19.295 0.4000000060
36627  -38.515  -56.726  20.627 0.4000000060
40834  -36.794  -52.639  20.584 0.4000000060
38712  -36.443  -54.440  20.653 0.5000000000
38714  -38.271  -54.530  20.608 0.4000000060
145217  -37.431  -53.317  20.598 0.5000000000
39741  -36.596  -53.538  20.554 0.5000000000
146457  -37.911  -53.947  20.640 0.5000000000
38727  -38.590  -53.980  20.264 0.4000000060
149414  -39.401  -54.871  19.369 0.4000000060
37721  -39.521  -55.555  19.113 0.4000000060
165987  -39.478  -56.545  18.919 0.3000000119
150765  -37.283  -51.852  20.536 0.5000000000
40835  -37.757  -52.550  20.489 0.5000000000
155328  -39.613  -54.156  17.890 0.4000000060
154179  -39.658  -54.947  17.428 0.3000000119
41987  -38.326  -50.946  19.666 0.5000000000
39779  -39.516  -53.349  18.297 0.4000000060
38744  -39.470  -54.129  18.819 0.4000000060
37736  -39.648  -55.046  18.450 0.4000000060
37750  -39.522  -55.822  16.920 0.3000000119
155321  -37.554  -51.114  20.261 0.5000000000
39742  -38.237  -53.249  20.421 0.5000000000
39761  -39.287  -53.327  19.150 0.5000000000
40836  -38.072  -51.789  20.168 0.5000000000
39808  -39.363  -53.432  16.460 0.4000000060
39822  -39.055  -53.518  15.636 0.4000000060
160723  -38.725  -50.424  19.056 0.5000000000
38785  -39.263  -54.808  15.801 0.3000000119
43090  -39.088  -51.192  18.922 0.5000000000
42010  -39.417  -51.851  18.320 0.5000000000
40875  -39.374  -52.606  18.677 0.5000000000
40856  -39.032  -52.593  19.394 0.5000000000
40913  -38.878  -52.819  15.300 0.4000000060
44182  -39.732  -49.427  17.480 0.5000000000
43120  -39.584  -50.649  16.236 0.5000000000
39821  -38.717  -53.532  14.837 0.3000000119
38784  -38.968  -54.327  15.228 0.3000000119
152476  -39.455  -50.267  17.714 0.5000000000
145552  -39.700  -50.201  17.040 0.5000000000
149340  -39.420  -51.045  18.019 0.5000000000
29899  -31.674  -62.520  15.984 0.6000000238
28612  -30.713  -63.613  18.687 0.5000000000
31213  -31.373  -61.102  10.165 0.6000000238
36779  -32.304  -56.355  10.249 0.6999999881
166091  -30.518  -60.674  16.854 0.6000000238
36762  -31.956  -56.520  11.191 0.6999999881
33403  -30.900  -59.911  18.736 0.6000000238
148814  -31.449  -57.596  13.142 0.6999999881
35630  -32.307  -56.412  14.437 0.5000000000
34536  -30.451  -58.872  15.849 0.6000000238
38836  -31.463  -54.047  11.475 0.5000000000
38810  -30.969  -54.416  13.124 0.5000000000
36748  -32.007  -56.121  12.639 0.4000000060
34484  -31.584  -58.706  19.544 0.5000000000
38771  -32.459  -54.472  16.462 0.4000000060
37764  -33.350  -55.517  16.490 0.5000000000
39835  -30.628  -53.755  14.815 0.4000000060
37707  -38.756  -55.804  20.409 0.4000000060
36651  -39.583  -56.052  18.560 0.3000000119
42022  -39.515  -51.742  17.413 0.5000000000
22329  -32.685  -69.566  11.625 0.5000000000
21231  -31.183  -70.138  13.253 0.5000000000
22314  -31.888  -69.584  12.766 0.5000000000
21195  -29.601  -71.001  17.068 0.5000000000
21215  -29.617  -70.910  16.096 0.5000000000
21221  -30.289  -70.453  14.686 0.4000000060
169125  -32.796  -68.654  12.252 0.5000000000
152910  -31.514  -69.495  13.491 0.6000000238
22304  -32.382  -68.987  12.720 0.6000000238
155582  -30.079  -70.295  15.574 0.5000000000
22283  -30.663  -69.705  15.092 0.5000000000
20158  -30.790  -70.819  19.219 0.4000000060
25568  -35.525  -66.681  9.219 0.6999999881
153588  -34.829  -67.071  9.768 0.6999999881
24496  -33.436  -67.611  11.550 0.6999999881
23354  -31.829  -68.335  13.639 0.5000000000
23355  -32.342  -68.308  12.888 0.6999999881
22264  -30.476  -69.478  16.914 0.5000000000
160528  -30.980  -69.149  15.488 0.5000000000
150871  -31.256  -69.121  14.794 0.5000000000
21170  -30.775  -69.952  19.304 0.5000000000
150826  -30.293  -69.831  17.859 0.5000000000
27698  -35.770  -64.702  5.896 0.5000000000
26615  -36.696  -65.440  7.002 0.6999999881
26614  -36.340  -64.843  7.768 0.6999999881
26601  -36.446  -65.673  8.030 0.6999999881
26600  -36.039  -65.117  8.708 0.6999999881
24497  -33.981  -67.707  10.805 0.6000000238
24465  -31.717  -67.618  13.913 0.6999999881
156190  -32.455  -67.430  12.801 0.6000000238
140136  -30.812  -68.716  16.955 0.5000000000
22284  -31.225  -68.538  15.350 0.6000000238
23336  -31.299  -67.897  15.132 0.6000000238
144535  -30.627  -68.962  17.683 0.5000000000
22242  -31.296  -69.626  19.992 0.5000000000
28815  -35.562  -64.033  6.108 0.5000000000
157451  -36.085  -64.167  6.574 0.6999999881
25567  -34.780  -66.301  9.780 0.6999999881
26582  -34.667  -65.400  9.910 0.6999999881
27649  -35.921  -64.178  8.510 0.6999999881
146260  -33.458  -66.799  11.522 0.8000000119
25530  -33.315  -66.085  11.812 0.6999999881
24451  -31.423  -67.432  14.588 0.6000000238
25497  -31.997  -66.936  13.396 0.6999999881
148776  -30.794  -67.514  16.801 0.6999999881
23326  -31.130  -67.896  15.931 0.6000000238
23300  -30.817  -68.680  19.068 0.6000000238
23299  -30.772  -68.299  18.292 0.6000000238
23281  -31.150  -68.633  19.802 0.6000000238
27695  -32.487  -64.337  5.920 0.5000000000
28823  -32.828  -63.542  5.872 0.6000000238
27697  -34.323  -64.427  5.711 0.5000000000
149662  -34.447  -62.854  5.800 0.6000000238
28797  -35.697  -63.594  6.716 0.6000000238
27648  -35.608  -63.511  7.709 0.6999999881
28754  -34.285  -63.793  9.625 0.6999999881
28769  -34.863  -63.222  9.046 0.6000000238
26563  -34.095  -65.452  10.598 0.6999999881
27601  -33.973  -64.847  10.653 0.6999999881
26534  -32.849  -66.034  12.524 0.6999999881
165156  -30.576  -66.940  17.351 0.6999999881
24397  -30.958  -68.030  19.156 0.6999999881
142261  -30.744  -67.570  17.736 0.6999999881
28822  -31.820  -63.674  6.108 0.5000000000
28813  -33.475  -62.763  5.787 0.6000000238
30051  -34.907  -62.305  6.224 0.6000000238
28782  -35.201  -62.894  8.082 0.6000000238
27592  -33.275  -64.612  12.085 0.8000000119
28717  -33.124  -64.030  11.925 0.5000000000
28753  -33.537  -63.523  10.039 0.6000000238
26508  -32.372  -65.218  13.669 0.6999999881
27562  -32.456  -64.300  14.193 0.6999999881
25455  -30.500  -65.724  16.666 0.6999999881
25468  -30.665  -65.884  15.861 0.6999999881
25422  -31.045  -67.010  20.086 0.5000000000
144317  -30.605  -66.758  18.888 0.6999999881
25410  -30.792  -66.215  20.095 0.5000000000
27681  -30.770  -64.425  6.121 0.5000000000
159890  -30.749  -63.097  6.516 0.5000000000
31265  -32.072  -61.448  6.366 0.6000000238
28812  -32.599  -62.850  5.980 0.6000000238
30049  -33.095  -61.884  5.930 0.6000000238
31268  -34.596  -61.566  6.494 0.6000000238
145368  -34.038  -60.529  6.214 0.6000000238
30021  -35.033  -62.027  7.377 0.6000000238
31241  -34.410  -60.759  7.911 0.6000000238
28716  -32.699  -63.662  12.588 0.6000000238
28732  -32.705  -63.544  11.564 0.5000000000
31227  -33.812  -61.324  8.783 0.5000000000
27548  -32.204  -63.703  14.953 0.6000000238
165000  -32.672  -63.737  13.556 0.6000000238
144957  -30.469  -65.094  17.100 0.6000000238
27547  -31.282  -64.214  16.054 0.6000000238
26444  -30.496  -65.265  18.916 0.5000000000
30047  -29.850  -63.154  6.680 0.5000000000
31264  -31.024  -61.914  6.711 0.6000000238
31266  -33.173  -60.774  6.157 0.6000000238
28752  -32.822  -63.264  10.513 0.5000000000
31214  -32.162  -61.601  9.698 0.5000000000
29918  -32.273  -63.132  14.128 0.4000000060
29933  -32.156  -63.169  13.159 0.5000000000
29972  -31.329  -62.542  11.478 0.5000000000
161323  -31.155  -63.490  17.239 0.6000000238
28795  -28.585  -63.289  6.705 0.5000000000
30038  -29.961  -62.221  6.978 0.6000000238
31256  -30.371  -61.243  7.093 0.6000000238
31257  -31.316  -60.964  6.696 0.6000000238
29932  -31.430  -62.597  13.697 0.5000000000
29949  -30.502  -62.072  12.866 0.4000000060
28794  -27.834  -63.276  6.772 0.5000000000
30036  -28.393  -62.408  7.080 0.5000000000
31255  -29.427  -61.359  7.335 0.6000000238
32444  -30.741  -60.351  6.964 0.6000000238
154620  -26.012  -64.117  7.001 0.5000000000
30035  -27.459  -62.430  7.230 0.5000000000
163992  -27.905  -61.760  7.490 0.6000000238
32443  -29.797  -60.507  7.343 0.6000000238
160825  -25.326  -63.741  7.357 0.5000000000
155015  -25.943  -63.153  7.360 0.5000000000
31253  -27.192  -61.612  7.688 0.5000000000
32441  -27.813  -60.953  7.913 0.6000000238
32442  -28.814  -60.568  7.751 0.6000000238
28792  -25.126  -62.983  7.714 0.5000000000
31251  -25.780  -61.644  7.880 0.5000000000
30017  -23.828  -62.683  8.806 0.5000000000
159288  -28.817  -58.946  8.287 0.5000000000
31238  -25.189  -61.164  8.461 0.5000000000
32428  -27.286  -60.379  8.608 0.5000000000
29988  -23.895  -62.721  10.210 0.5000000000
168284  -24.229  -61.568  9.706 0.5000000000
32427  -26.465  -60.457  8.716 0.5000000000
34633  -28.181  -59.296  8.876 0.4000000060
31210  -24.416  -61.439  10.074 0.5000000000
32425  -24.750  -60.792  9.049 0.5000000000
33522  -26.252  -59.317  9.492 0.4000000060
33523  -27.275  -59.284  9.343 0.4000000060
32413  -24.917  -60.365  9.625 0.4000000060
146881  -25.417  -59.320  9.650 0.4000000060
35701  -26.219  -57.790  9.735 0.4000000060
28678  -32.214  -62.974  15.052 0.6000000238
27511  -30.629  -64.367  17.565 0.5000000000
26432  -30.611  -65.361  19.848 0.4000000060
29993  -33.173  -62.809  9.595 0.6000000238
35702  -27.418  -57.797  9.950 0.4000000060
36788  -26.923  -57.090  10.317 0.4000000060
25531  -33.797  -66.234  11.003 0.6999999881
26518  -32.839  -65.253  12.966 0.6999999881
25469  -30.953  -66.467  15.308 0.6999999881
167723  -31.554  -65.898  14.489 0.6999999881
28733  -33.274  -63.827  10.985 0.6000000238
28781  -34.634  -62.446  8.615 0.6000000238
25429  -30.555  -66.840  18.079 0.6999999881
27591  -33.053  -64.150  12.766 0.6999999881
27561  -31.815  -64.623  14.916 0.6999999881
152206  -30.453  -65.227  17.993 0.6000000238
25421  -30.566  -66.067  19.295 0.6000000238
20202  -29.684  -71.020  15.219 0.5000000000
21182  -30.417  -70.321  18.596 0.4000000060
21207  -29.994  -70.222  16.478 0.5000000000
21222  -30.953  -69.775  14.138 0.5000000000
22251  -30.592  -69.311  18.624 0.5000000000
22252  -30.864  -69.227  19.384 0.5000000000
22273  -30.929  -68.799  16.187 0.6000000238
22294  -31.547  -69.016  13.992 0.6000000238
22303  -31.956  -68.969  13.273 0.6000000238
22315  -32.570  -69.297  12.198 0.5000000000
22316  -33.157  -68.983  11.585 0.5000000000
23314  -30.852  -68.214  17.350 0.6000000238
23325  -30.961  -68.225  16.651 0.6999999881
23345  -31.500  -68.302  14.496 0.6000000238
24381  -30.860  -67.314  19.360 0.5000000000
24382  -31.167  -67.788  19.912 0.5000000000
24396  -30.747  -67.490  18.573 0.6999999881
24423  -30.563  -66.543  16.675 0.6999999881
24438  -30.793  -66.947  15.948 0.6999999881
24439  -31.115  -67.226  15.249 0.6000000238
24466  -32.060  -67.742  13.326 0.6999999881
24478  -32.915  -67.906  12.263 0.6999999881
25441  -30.445  -66.080  17.476 0.6999999881
25480  -31.351  -66.539  14.653 0.6000000238
25481  -31.832  -66.116  13.964 0.6999999881
25496  -31.616  -66.933  14.084 0.6999999881
25513  -32.510  -66.679  12.808 0.6999999881
25514  -32.973  -66.942  12.166 0.8000000119
25549  -34.270  -66.901  10.401 0.6999999881
25578  -36.323  -66.557  8.368 0.6999999881
26478  -30.697  -64.999  16.293 0.6000000238
26496  -31.269  -65.644  14.991 0.6999999881
26507  -31.870  -65.290  14.366 0.6999999881
26519  -33.106  -64.680  12.710 0.6999999881
26535  -33.238  -65.275  12.278 0.6999999881
26548  -33.610  -65.262  11.408 0.8000000119
26583  -35.407  -65.681  9.295 0.6999999881
26628  -36.581  -65.366  6.264 0.6999999881
26637  -35.594  -65.130  5.734 0.5000000000
26638  -36.246  -65.380  5.862 0.5000000000
27480  -30.583  -64.361  19.447 0.5000000000
27494  -30.552  -64.437  18.427 0.5000000000
27531  -30.877  -64.279  16.764 0.6000000238
27532  -31.396  -63.609  16.468 0.6000000238
27577  -32.837  -64.476  13.325 0.6999999881
27600  -33.499  -64.462  11.261 0.6999999881
27618  -33.806  -64.203  10.393 0.6999999881
27619  -34.520  -64.586  9.910 0.6999999881
27636  -35.067  -64.021  9.179 0.6999999881
27663  -24.341  -63.830  7.624 0.5000000000
27667  -36.155  -64.094  7.363 0.6999999881
27668  -36.402  -64.722  6.805 0.6999999881
27680  -29.867  -64.755  6.129 0.5000000000
27683  -32.544  -65.098  6.049 0.5000000000
27684  -36.154  -64.692  6.198 0.5000000000
27696  -33.327  -64.618  5.861 0.5000000000
28591  -30.775  -63.362  19.516 0.5000000000
28592  -31.148  -62.574  19.609 0.5000000000
28634  -31.460  -62.588  17.356 0.6000000238
28694  -32.382  -63.534  14.356 0.6000000238
28768  -33.972  -63.063  9.274 0.6000000238
28793  -26.874  -63.418  7.004 0.5000000000
28796  -35.324  -62.857  6.920 0.6000000238
28808  -27.517  -64.026  6.711 0.5000000000
28811  -30.058  -63.930  6.324 0.5000000000
28814  -35.223  -63.127  6.081 0.6000000238
28824  -33.731  -63.680  5.748 0.6000000238
28825  -34.788  -63.699  5.834 0.6000000238
29861  -31.520  -61.880  17.520 0.6000000238
29916  -31.137  -62.241  14.557 0.6000000238
29950  -31.337  -62.658  12.558 0.4000000060
29951  -32.026  -63.180  12.091 0.5000000000
29971  -30.595  -62.075  11.898 0.5000000000
29973  -32.078  -62.976  11.007 0.5000000000
29989  -24.459  -62.148  10.312 0.5000000000
29992  -32.384  -62.518  10.024 0.6000000238
30005  -23.694  -62.687  9.621 0.5000000000
30006  -23.959  -62.023  9.976 0.5000000000
30007  -32.947  -61.959  9.236 0.5000000000
30008  -33.869  -62.173  9.067 0.5000000000
30018  -24.336  -62.799  8.117 0.5000000000
30019  -24.964  -62.052  8.163 0.5000000000
30020  -34.450  -61.663  8.245 0.6000000238
30033  -25.675  -62.401  7.697 0.5000000000
30034  -26.504  -62.286  7.509 0.5000000000
30037  -29.203  -62.794  6.858 0.6000000238
30039  -34.652  -61.358  7.365 0.6000000238
30048  -31.863  -62.477  6.312 0.6000000238
30050  -34.111  -62.037  5.872 0.6000000238
31109  -30.850  -61.285  16.477 0.6000000238
31110  -31.470  -61.876  16.681 0.6000000238
31175  -29.851  -61.173  13.023 0.6000000238
31193  -30.344  -61.266  11.549 0.5000000000
31223  -24.085  -62.098  9.404 0.5000000000
31224  -24.448  -61.001  9.626 0.4000000060
31237  -24.429  -61.455  8.970 0.5000000000
31239  -26.014  -60.936  8.210 0.5000000000
31240  -33.897  -60.547  8.551 0.6000000238
31252  -26.472  -61.437  7.843 0.5000000000
31254  -28.583  -61.509  7.479 0.6000000238
31258  -34.391  -60.923  6.812 0.6000000238
31267  -33.999  -61.182  5.882 0.6000000238
32285  -30.813  -60.652  18.078 0.6000000238
32300  -31.229  -61.339  18.018 0.6000000238
32320  -29.989  -60.352  15.462 0.6000000238
32374  -30.064  -60.727  12.127 0.6999999881
32391  -30.391  -60.431  11.424 0.5000000000
32414  -31.741  -60.229  9.708 0.6000000238
32415  -32.648  -60.068  9.257 0.6000000238
32426  -25.512  -60.518  8.908 0.5000000000
32429  -28.066  -60.131  8.415 0.6000000238
32440  -26.883  -60.943  8.151 0.5000000000
32446  -34.354  -60.085  7.071 0.6999999881
32452  -32.206  -60.625  6.382 0.6000000238
32453  -33.743  -60.055  6.386 0.6999999881
33342  -32.919  -59.705  21.517 0.3000000119
33402  -30.575  -59.910  17.974 0.6000000238
33415  -30.499  -60.322  17.423 0.6000000238
33450  -30.156  -59.453  15.241 0.6000000238
33498  -30.363  -59.705  11.916 0.6000000238
33511  -31.504  -59.531  9.972 0.6000000238
33521  -25.700  -59.945  9.418 0.4000000060
33536  -26.722  -59.968  9.176 0.4000000060
33537  -27.550  -59.849  8.973 0.4000000060
33538  -28.739  -59.667  8.095 0.5000000000
33541  -34.219  -59.429  7.454 0.6999999881
33550  -29.356  -59.886  7.597 0.6000000238
33552  -31.212  -59.598  6.759 0.6000000238
33560  -32.958  -59.821  6.424 0.6999999881
34470  -32.756  -58.045  20.579 0.5000000000
34485  -32.099  -58.178  19.933 0.5000000000
34514  -30.461  -59.496  17.371 0.6000000238
34515  -30.723  -58.584  17.303 0.6000000238
34552  -30.603  -58.664  15.054 0.6000000238
34569  -30.847  -58.448  13.240 0.6999999881
34581  -31.190  -58.004  12.413 0.6999999881
34620  -26.794  -58.562  9.646 0.4000000060
34622  -28.478  -57.612  9.431 0.5000000000
34623  -32.298  -57.851  9.601 0.6000000238
34644  -30.214  -58.546  7.320 0.6000000238
34647  -33.295  -58.301  7.227 0.6000000238
34648  -33.895  -58.838  7.316 0.6000000238
35520  -34.089  -57.821  21.437 0.4000000060
35535  -33.969  -57.061  21.021 0.4000000060
35550  -32.898  -56.889  19.707 0.5000000000
35552  -39.311  -57.020  19.291 0.3000000119
35565  -39.439  -56.899  18.475 0.3000000119
35584  -31.180  -57.784  17.092 0.6000000238
35585  -31.853  -57.192  17.424 0.5000000000
35602  -31.461  -57.555  16.270 0.6000000238
35615  -31.679  -57.445  15.393 0.5000000000
35616  -32.272  -56.735  15.219 0.5000000000
35664  -31.526  -57.367  12.364 0.6999999881
35715  -29.064  -57.736  8.735 0.6000000238
35716  -29.613  -57.324  8.195 0.6000000238
35727  -31.601  -57.295  7.379 0.6000000238
35728  -32.761  -57.213  7.550 0.6000000238
35729  -33.190  -57.613  7.697 0.6000000238
36612  -36.287  -55.980  21.236 0.3000000119
36628  -39.134  -56.436  19.957 0.4000000060
36639  -34.001  -55.796  19.582 0.5000000000
36670  -32.693  -56.556  16.942 0.5000000000
36671  -33.277  -56.051  16.604 0.5000000000
36732  -32.116  -56.254  13.589 0.4000000060
36747  -31.806  -56.672  12.082 0.6999999881
36777  -27.705  -56.237  10.747 0.5000000000
36790  -29.391  -56.144  8.924 0.5000000000
36791  -32.835  -56.228  9.044 0.6000000238
36799  -30.294  -55.970  8.055 0.6000000238
36802  -33.085  -56.530  8.210 0.6000000238
36811  -33.144  -56.855  7.903 0.6000000238
37705  -36.792  -55.332  20.992 0.3000000119
37708  -39.256  -55.622  19.756 0.4000000060
37719  -33.811  -55.691  18.787 0.5000000000
37735  -34.236  -55.213  18.953 0.5000000000
37773  -33.039  -55.220  16.055 0.4000000060
37787  -32.210  -55.741  13.938 0.4000000060
37845  -29.045  -55.179  9.895 0.6000000238
37854  -31.056  -55.153  7.803 0.5000000000
38713  -37.501  -54.700  20.842 0.4000000060
38715  -38.880  -54.862  20.172 0.4000000060
38726  -34.407  -54.606  19.311 0.5000000000
38728  -39.146  -54.063  19.651 0.4000000060
38757  -32.806  -54.244  17.292 0.4000000060
38772  -39.478  -54.893  16.517 0.3000000119
38822  -31.378  -54.451  12.222 0.5000000000
38848  -32.025  -54.145  9.970 0.6000000238
38869  -32.676  -54.586  8.298 0.6000000238
39740  -35.790  -53.761  20.401 0.5000000000
39760  -38.843  -53.283  19.859 0.5000000000
39777  -33.365  -53.373  18.721 0.4000000060
39778  -34.035  -54.020  19.014 0.4000000060
39791  -32.417  -53.388  17.543 0.4000000060
39793  -39.561  -53.358  17.358 0.4000000060
39850  -30.912  -53.909  12.143 0.5000000000
39901  -31.665  -53.482  7.875 0.5000000000
40832  -35.316  -53.069  20.318 0.4000000060
40833  -35.820  -52.278  20.487 0.4000000060
40855  -38.482  -52.540  20.023 0.5000000000
40890  -39.544  -52.567  17.803 0.5000000000
40979  -31.383  -52.992  10.000 0.5000000000
40993  -31.519  -52.769  8.770 0.5000000000
41009  -30.885  -52.414  7.701 0.5000000000
41010  -31.365  -52.820  7.962 0.4000000060
41988  -38.719  -51.842  19.534 0.5000000000
41989  -39.195  -52.005  19.000 0.5000000000
42029  -39.439  -51.582  16.496 0.5000000000
43104  -39.148  -50.375  18.445 0.5000000000
43114  -39.500  -50.907  17.148 0.5000000000
44173  -39.284  -49.708  18.135 0.5000000000
44191  -39.931  -49.685  16.513 0.5000000000
141525  -30.525  -69.597  15.953 0.5000000000
141580  -38.258  -55.228  20.772 0.4000000060
142761  -35.349  -63.557  8.586 0.6000000238
145808  -39.276  -54.176  16.090 0.4000000060
145967  -36.057  -53.064  20.444 0.4000000060
146510  -30.371  -53.596  12.868 0.5000000000
146617  -30.467  -66.055  18.447 0.6999999881
147103  -36.553  -51.868  20.574 0.5000000000
147189  -34.312  -66.054  10.339 0.6999999881
147246  -33.773  -67.071  11.052 0.6000000238
147732  -31.411  -68.219  20.434 0.6000000238
147965  -37.163  -53.990  20.640 0.5000000000
148493  -35.332  -64.794  9.286 0.6999999881
148695  -31.208  -58.852  18.855 0.5000000000
149061  -31.155  -64.893  15.559 0.6000000238
150372  -36.792  -56.673  21.453 0.3000000119
150534  -32.390  -66.036  13.217 0.6999999881
152061  -30.899  -52.618  10.554 0.5000000000
153795  -29.120  -62.035  7.168 0.6000000238
153950  -24.333  -62.204  8.694 0.5000000000
154344  -39.538  -54.151  16.953 0.4000000060
154631  -39.648  -55.662  17.825 0.3000000119
155201  -30.710  -64.618  20.506 0.4000000060
155431  -31.958  -62.684  14.629 0.6000000238
156019  -32.421  -54.545  7.913 0.6000000238
156370  -32.267  -55.822  10.822 0.6999999881
156877  -32.600  -58.544  6.783 0.6999999881
156994  -33.023  -55.859  8.250 0.6000000238
157212  -32.557  -55.890  14.570 0.4000000060
157636  -31.826  -54.258  10.904 0.5000000000
157850  -32.248  -59.224  6.581 0.6999999881
159228  -24.813  -61.749  10.426 0.5000000000
159367  -30.729  -63.769  17.968 0.6000000238
160563  -30.030  -53.027  13.438 0.4000000060
162198  -30.382  -61.665  14.521 0.6000000238
162917  -32.366  -55.213  10.448 0.6999999881
163113  -31.731  -64.118  15.456 0.6000000238
163316  -36.015  -65.919  8.789 0.6999999881
163331  -35.154  -64.456  5.767 0.5000000000
164539  -30.746  -66.682  19.546 0.6999999881
167386  -33.215  -68.323  11.782 0.5000000000
167595  -30.020  -70.247  17.271 0.5000000000
167770  -26.147  -60.221  9.109 0.4000000060
167883  -33.048  -64.043  5.828 0.6000000238
167940  -31.455  -61.965  19.681 0.5000000000
168676  -34.361  -65.047  10.307 0.6999999881
168905  -31.371  -57.718  11.958 0.6999999881
