#!ascii label  , from subject sub-v1s2x0051471_ses-1 vox2ras=TkReg
1698
49348  -41.686  -49.715  87.691 0.0000000000
60589  -50.915  -37.134  71.366 0.0000000000
57530  -39.093  -40.195  80.129 0.0000000000
36676  -10.060  -62.695  86.428 0.0000000000
44470  -26.231  -54.586  88.876 0.0000000000
46498  -9.511  -51.964  85.870 0.0000000000
109683  -7.377  -53.021  91.292 0.0000000000
60534  -45.288  -38.409  76.214 0.0000000000
110655  -7.022  -50.934  80.509 0.0000000000
36574  -9.367  -62.560  96.543 0.0000000000
131544  -40.625  -47.537  81.475 0.0000000000
44529  -36.596  -53.148  85.581 0.0000000000
45445  -34.067  -53.351  88.854 0.0000000000
61447  -54.170  -37.089  69.495 0.0000000000
131949  -41.907  -40.731  77.618 0.0000000000
41520  -20.903  -56.315  86.959 0.0000000000
52066  -11.616  -46.603  80.753 0.0000000000
41539  -9.652  -57.663  84.791 0.0000000000
42560  -13.273  -56.498  81.180 0.0000000000
36727  -11.239  -62.014  81.728 0.0000000000
37619  -17.645  -61.482  96.093 0.0000000000
40468  -12.833  -58.821  95.143 0.0000000000
59547  -36.585  -38.948  83.339 0.0000000000
44443  -30.618  -53.586  91.918 0.0000000000
45501  -28.856  -53.439  85.864 0.0000000000
46473  -7.396  -52.463  88.570 0.0000000000
113091  -7.483  -58.194  88.444 0.0000000000
61404  -47.768  -36.189  74.075 0.0000000000
34497  -20.904  -63.597  92.852 0.0000000000
37669  -20.900  -60.507  89.725 0.0000000000
46533  -9.562  -52.751  82.323 0.0000000000
43616  -9.213  -55.423  77.688 0.0000000000
43435  -11.213  -54.207  91.103 0.0000000000
41433  -8.935  -58.857  93.110 0.0000000000
35607  -9.009  -62.976  91.661 0.0000000000
130607  -42.943  -47.691  86.789 0.0000000000
109529  -41.448  -50.771  85.741 0.0000000000
50284  -42.582  -48.479  84.196 0.0000000000
46493  -39.538  -52.658  86.869 0.0000000000
45519  -39.512  -53.129  84.686 0.0000000000
45460  -38.663  -52.782  88.510 0.0000000000
60598  -52.227  -37.360  70.813 0.0000000000
60595  -48.259  -36.488  70.332 0.0000000000
60622  -50.569  -37.187  68.644 0.0000000000
61465  -52.125  -36.779  67.541 0.0000000000
57550  -40.297  -40.600  79.293 0.0000000000
57547  -35.607  -40.256  79.496 0.0000000000
112164  -37.939  -40.567  77.845 0.0000000000
58585  -39.199  -40.287  77.258 0.0000000000
38672  -9.691  -60.039  85.182 0.0000000000
39639  -12.129  -59.638  83.307 0.0000000000
36687  -12.288  -62.745  84.293 0.0000000000
34631  -10.317  -64.103  82.973 0.0000000000
33386  -11.208  -65.334  85.545 0.0000000000
35593  -17.685  -63.727  94.978 0.0000000000
36577  -15.391  -62.507  96.877 0.0000000000
57490  -38.350  -40.253  83.697 0.0000000000
54673  -40.624  -43.951  82.495 0.0000000000
52953  -39.143  -46.098  81.985 0.0000000000
55635  -39.400  -42.314  82.098 0.0000000000
56569  -37.038  -41.684  82.068 0.0000000000
47415  -32.697  -51.419  93.306 0.0000000000
46492  -33.151  -51.926  86.503 0.0000000000
45468  -31.870  -53.205  87.546 0.0000000000
63184  -55.323  -34.299  65.533 0.0000000000
64931  -56.494  -32.657  65.432 0.0000000000
45434  -6.772  -53.178  90.165 0.0000000000
43472  -7.183  -55.245  87.942 0.0000000000
109735  -7.357  -55.814  89.598 0.0000000000
60559  -46.256  -36.979  74.789 0.0000000000
58628  -42.317  -38.914  74.784 0.0000000000
58645  -44.059  -38.242  73.312 0.0000000000
59690  -45.350  -37.199  72.779 0.0000000000
121615  -20.873  -61.326  94.978 0.0000000000
36595  -22.913  -61.982  93.759 0.0000000000
49365  -10.679  -50.065  85.562 0.0000000000
49382  -11.647  -49.776  83.539 0.0000000000
113593  -10.234  -51.878  84.337 0.0000000000
39702  -11.445  -58.927  78.602 0.0000000000
42583  -11.678  -55.906  78.622 0.0000000000
40652  -9.501  -58.276  77.051 0.0000000000
43446  -14.036  -55.995  90.735 0.0000000000
38558  -10.265  -60.525  97.000 0.0000000000
40465  -10.280  -58.919  95.180 0.0000000000
39523  -9.764  -60.896  94.746 0.0000000000
121700  -8.144  -60.507  92.564 0.0000000000
36592  -9.039  -62.677  93.958 0.0000000000
129529  -42.425  -46.518  83.058 0.0000000000
46457  -35.103  -51.990  91.958 0.0000000000
46466  -36.563  -52.518  90.339 0.0000000000
126634  -35.537  -52.403  87.098 0.0000000000
62341  -55.565  -36.145  68.275 0.0000000000
62355  -53.311  -35.988  66.415 0.0000000000
128479  -44.031  -39.982  76.761 0.0000000000
110168  -40.938  -39.455  75.618 0.0000000000
44509  -25.174  -54.729  85.706 0.0000000000
43459  -23.265  -55.211  88.318 0.0000000000
50303  -8.397  -48.743  80.321 0.0000000000
43508  -9.701  -55.271  85.757 0.0000000000
44531  -11.917  -54.658  84.554 0.0000000000
41551  -11.628  -57.323  83.444 0.0000000000
38722  -12.944  -59.854  81.074 0.0000000000
38719  -9.813  -61.163  79.919 0.0000000000
39549  -18.132  -59.550  93.775 0.0000000000
40486  -15.096  -58.634  93.002 0.0000000000
38576  -15.548  -60.206  96.010 0.0000000000
38566  -13.207  -60.741  96.962 0.0000000000
120240  -37.392  -38.632  82.015 0.0000000000
57512  -35.157  -40.847  81.883 0.0000000000
126937  -29.177  -54.166  90.522 0.0000000000
114738  -32.851  -53.523  90.850 0.0000000000
45441  -30.121  -53.992  89.173 0.0000000000
45450  -27.930  -54.064  87.737 0.0000000000
49340  -9.593  -49.980  87.603 0.0000000000
49328  -8.178  -50.295  88.966 0.0000000000
46486  -8.470  -52.508  87.438 0.0000000000
43489  -7.863  -55.085  86.671 0.0000000000
40567  -8.039  -58.265  86.770 0.0000000000
37688  -8.586  -60.764  87.358 0.0000000000
61429  -48.921  -36.153  72.379 0.0000000000
59706  -46.774  -36.594  71.219 0.0000000000
38579  -19.415  -60.757  95.092 0.0000000000
35595  -19.289  -63.313  94.774 0.0000000000
34494  -18.695  -64.028  92.735 0.0000000000
41481  -21.942  -57.072  90.094 0.0000000000
39570  -23.113  -58.858  91.531 0.0000000000
37640  -23.777  -60.694  92.462 0.0000000000
35617  -21.293  -62.065  91.749 0.0000000000
34519  -19.205  -63.538  90.972 0.0000000000
51139  -13.833  -47.900  83.138 0.0000000000
49406  -11.491  -49.642  80.709 0.0000000000
47503  -7.618  -51.611  81.046 0.0000000000
44575  -11.463  -54.404  81.777 0.0000000000
44593  -8.954  -54.509  80.783 0.0000000000
45574  -7.776  -53.426  79.749 0.0000000000
44426  -9.430  -53.027  91.831 0.0000000000
41454  -11.912  -57.311  92.238 0.0000000000
42412  -9.777  -57.694  91.777 0.0000000000
42421  -8.815  -56.828  91.095 0.0000000000
40501  -7.709  -58.899  90.946 0.0000000000
38614  -7.595  -60.645  89.896 0.0000000000
118353  -9.019  -62.235  89.345 0.0000000000
33267  -8.308  -65.179  95.981 0.0000000000
33299  -8.797  -65.275  92.877 0.0000000000
33350  -10.580  -65.219  88.622 0.0000000000
50244  -42.197  -48.286  87.706 0.0000000000
50235  -40.839  -47.896  88.471 0.0000000000
48432  -41.471  -50.616  86.491 0.0000000000
49360  -42.387  -49.209  86.461 0.0000000000
47466  -40.516  -51.496  87.404 0.0000000000
124032  -40.973  -51.327  86.091 0.0000000000
48410  -40.580  -49.756  88.691 0.0000000000
47461  -40.181  -51.528  88.128 0.0000000000
60597  -51.427  -37.308  70.879 0.0000000000
111740  -49.112  -36.583  70.610 0.0000000000
112438  -49.034  -36.678  69.857 0.0000000000
110087  -50.736  -37.249  70.544 0.0000000000
128910  -51.683  -37.396  69.509 0.0000000000
130348  -39.578  -40.486  79.519 0.0000000000
58529  -40.371  -39.785  80.448 0.0000000000
58528  -39.519  -39.729  80.690 0.0000000000
57548  -36.712  -40.186  79.348 0.0000000000
57549  -37.755  -40.379  79.284 0.0000000000
57568  -39.068  -40.835  78.403 0.0000000000
37700  -9.793  -61.507  85.808 0.0000000000
37712  -11.233  -61.473  84.901 0.0000000000
109940  -11.408  -63.114  85.587 0.0000000000
115254  -11.830  -64.129  84.820 0.0000000000
35673  -10.789  -63.981  86.447 0.0000000000
33284  -16.560  -63.456  93.700 0.0000000000
34485  -15.935  -63.855  94.860 0.0000000000
114159  -40.920  -42.882  82.745 0.0000000000
54672  -39.784  -43.547  82.695 0.0000000000
56552  -39.753  -41.828  82.568 0.0000000000
122473  -39.209  -41.320  82.643 0.0000000000
63173  -56.529  -34.471  66.711 0.0000000000
63995  -55.724  -33.613  65.317 0.0000000000
64926  -57.427  -32.311  66.293 0.0000000000
45430  -6.903  -52.917  91.119 0.0000000000
128410  -6.927  -54.411  89.608 0.0000000000
110517  -7.379  -54.456  90.469 0.0000000000
60549  -45.778  -37.775  75.880 0.0000000000
61374  -46.912  -37.098  76.515 0.0000000000
59664  -43.790  -38.566  75.182 0.0000000000
58629  -43.095  -38.635  74.496 0.0000000000
59665  -44.444  -38.084  74.929 0.0000000000
59666  -45.068  -37.537  74.693 0.0000000000
37624  -22.612  -60.703  95.612 0.0000000000
37631  -23.685  -60.755  94.792 0.0000000000
43450  -26.787  -54.641  90.772 0.0000000000
43455  -25.794  -54.789  89.809 0.0000000000
49401  -7.008  -49.484  80.430 0.0000000000
48437  -9.825  -50.606  85.514 0.0000000000
48443  -10.230  -50.463  84.581 0.0000000000
46511  -9.802  -51.743  85.157 0.0000000000
39700  -9.359  -59.976  77.823 0.0000000000
40637  -10.047  -59.056  77.580 0.0000000000
39715  -9.058  -59.387  77.214 0.0000000000
120664  -14.332  -56.145  92.762 0.0000000000
42427  -16.018  -56.848  91.545 0.0000000000
37606  -9.896  -61.173  97.083 0.0000000000
39510  -10.392  -60.760  95.791 0.0000000000
37611  -9.595  -62.293  95.416 0.0000000000
36585  -9.125  -62.036  94.341 0.0000000000
36579  -9.218  -62.865  95.081 0.0000000000
115033  -42.835  -46.611  85.085 0.0000000000
51143  -42.606  -47.677  83.790 0.0000000000
52906  -42.763  -45.557  84.347 0.0000000000
53792  -42.575  -44.974  83.816 0.0000000000
45473  -37.561  -53.400  87.284 0.0000000000
44490  -36.872  -53.347  87.707 0.0000000000
44512  -36.299  -52.765  86.207 0.0000000000
45503  -35.572  -51.818  85.744 0.0000000000
61456  -55.172  -36.477  68.787 0.0000000000
60625  -53.020  -37.170  68.622 0.0000000000
61479  -52.872  -36.412  67.057 0.0000000000
61466  -54.094  -36.487  67.762 0.0000000000
62346  -54.589  -36.077  67.133 0.0000000000
110396  -42.944  -40.091  76.985 0.0000000000
58590  -44.305  -40.074  77.655 0.0000000000
131253  -43.360  -40.345  78.936 0.0000000000
58586  -40.694  -40.969  77.665 0.0000000000
58599  -39.828  -39.785  76.560 0.0000000000
58601  -41.604  -39.983  76.759 0.0000000000
58602  -42.265  -39.780  76.483 0.0000000000
52075  -10.659  -46.600  80.439 0.0000000000
51157  -9.047  -47.224  79.882 0.0000000000
51167  -10.957  -47.888  79.830 0.0000000000
42508  -9.346  -56.224  85.481 0.0000000000
42523  -10.785  -56.346  84.748 0.0000000000
41550  -10.812  -57.690  83.885 0.0000000000
37732  -12.784  -61.314  82.548 0.0000000000
39640  -12.834  -59.759  82.480 0.0000000000
38705  -12.159  -60.969  81.049 0.0000000000
38720  -10.915  -60.805  80.352 0.0000000000
121820  -10.154  -61.684  81.282 0.0000000000
36726  -9.882  -62.248  81.644 0.0000000000
109657  -17.584  -60.774  95.586 0.0000000000
39539  -16.354  -59.865  95.199 0.0000000000
38577  -16.724  -61.072  96.264 0.0000000000
36576  -14.631  -62.539  97.047 0.0000000000
130434  -14.471  -61.285  97.084 0.0000000000
37610  -13.136  -61.991  97.335 0.0000000000
37608  -11.496  -61.497  97.831 0.0000000000
59556  -36.482  -39.009  82.451 0.0000000000
57502  -36.257  -40.763  83.052 0.0000000000
56568  -36.105  -41.709  82.094 0.0000000000
58495  -35.935  -39.708  82.737 0.0000000000
58504  -35.930  -39.592  81.844 0.0000000000
44432  -30.148  -53.420  92.747 0.0000000000
44442  -29.216  -54.071  92.094 0.0000000000
112572  -29.959  -54.022  91.555 0.0000000000
44456  -34.726  -53.162  90.717 0.0000000000
45431  -33.721  -53.166  91.507 0.0000000000
44478  -33.635  -53.458  89.657 0.0000000000
118892  -30.005  -53.251  86.629 0.0000000000
114097  -31.246  -53.550  88.033 0.0000000000
45466  -29.589  -53.561  87.442 0.0000000000
45451  -28.814  -53.869  88.246 0.0000000000
45484  -28.310  -53.613  86.317 0.0000000000
44511  -26.748  -54.242  85.834 0.0000000000
47448  -7.205  -51.602  89.555 0.0000000000
47457  -7.837  -51.335  88.361 0.0000000000
48421  -8.336  -50.903  87.951 0.0000000000
46478  -8.118  -52.221  87.774 0.0000000000
45480  -8.186  -53.492  87.277 0.0000000000
45479  -7.709  -53.776  87.548 0.0000000000
42461  -7.396  -56.671  88.209 0.0000000000
42492  -7.587  -56.672  87.322 0.0000000000
40555  -7.636  -58.176  87.526 0.0000000000
39620  -8.145  -59.142  86.774 0.0000000000
39602  -7.761  -59.669  87.740 0.0000000000
61414  -48.418  -36.029  73.274 0.0000000000
62317  -49.122  -35.566  73.506 0.0000000000
62297  -48.366  -35.757  74.156 0.0000000000
60574  -46.503  -36.678  73.033 0.0000000000
59705  -46.166  -36.842  71.531 0.0000000000
60575  -47.216  -36.509  72.750 0.0000000000
109788  -47.560  -36.467  71.768 0.0000000000
120087  -20.283  -59.993  95.317 0.0000000000
35597  -20.888  -62.653  94.453 0.0000000000
36587  -20.477  -62.221  94.859 0.0000000000
35599  -19.857  -63.602  94.361 0.0000000000
34491  -19.242  -63.856  94.252 0.0000000000
124902  -19.880  -64.071  93.201 0.0000000000
42479  -21.632  -55.836  87.475 0.0000000000
42462  -22.379  -55.743  88.852 0.0000000000
115141  -21.174  -56.909  88.935 0.0000000000
38628  -21.002  -59.850  89.502 0.0000000000
39580  -21.878  -58.981  90.497 0.0000000000
38617  -21.893  -59.725  90.635 0.0000000000
39566  -23.228  -59.697  91.633 0.0000000000
37642  -21.936  -60.763  91.214 0.0000000000
36607  -22.136  -61.403  91.808 0.0000000000
115512  -20.822  -61.360  90.566 0.0000000000
35625  -19.150  -62.433  90.160 0.0000000000
128686  -13.905  -48.045  84.589 0.0000000000
116703  -10.762  -50.802  82.549 0.0000000000
49396  -11.758  -49.822  81.594 0.0000000000
47506  -10.020  -51.378  81.420 0.0000000000
48465  -9.126  -51.248  81.107 0.0000000000
46546  -8.680  -52.671  81.688 0.0000000000
43537  -12.749  -55.468  83.094 0.0000000000
44542  -11.528  -53.877  83.348 0.0000000000
43560  -12.906  -55.252  81.268 0.0000000000
43601  -10.064  -55.271  78.336 0.0000000000
43586  -10.297  -54.854  79.188 0.0000000000
43585  -9.613  -54.715  79.135 0.0000000000
44591  -8.108  -53.886  80.156 0.0000000000
43599  -8.883  -54.816  78.198 0.0000000000
44625  -8.019  -54.555  77.666 0.0000000000
44437  -9.818  -53.507  91.731 0.0000000000
40479  -13.465  -58.625  94.131 0.0000000000
40485  -13.789  -58.315  93.062 0.0000000000
40478  -12.281  -58.309  94.372 0.0000000000
40476  -9.536  -58.922  94.148 0.0000000000
41446  -10.133  -58.260  92.932 0.0000000000
41444  -9.018  -58.625  92.556 0.0000000000
42422  -9.056  -56.715  91.116 0.0000000000
41453  -8.694  -58.100  91.587 0.0000000000
41451  -8.096  -57.459  90.925 0.0000000000
40494  -8.044  -59.206  92.209 0.0000000000
36604  -8.408  -61.540  91.868 0.0000000000
38600  -7.749  -60.475  91.474 0.0000000000
36609  -8.271  -61.581  91.124 0.0000000000
36634  -8.245  -61.305  89.614 0.0000000000
119330  -8.792  -62.334  90.483 0.0000000000
30865  -8.892  -66.848  95.025 0.0000000000
33278  -8.892  -65.444  94.644 0.0000000000
52021  -42.798  -45.901  86.604 0.0000000000
109020  -41.510  -50.946  84.470 0.0000000000
124020  -41.861  -50.543  83.772 0.0000000000
49377  -42.068  -49.868  84.942 0.0000000000
50262  -42.742  -48.263  86.048 0.0000000000
45506  -38.312  -53.485  86.078 0.0000000000
123607  -39.141  -53.294  85.527 0.0000000000
123970  -40.596  -52.033  85.028 0.0000000000
45475  -39.069  -52.998  87.835 0.0000000000
60611  -53.229  -37.295  69.544 0.0000000000
60620  -48.597  -36.817  68.283 0.0000000000
60636  -49.713  -36.877  67.322 0.0000000000
61463  -50.490  -36.618  66.924 0.0000000000
117003  -51.034  -37.197  68.262 0.0000000000
110696  -52.320  -37.342  69.090 0.0000000000
57570  -41.340  -40.929  78.019 0.0000000000
57552  -42.813  -40.321  79.121 0.0000000000
57533  -41.387  -40.117  79.600 0.0000000000
58531  -42.079  -39.306  80.061 0.0000000000
56598  -34.527  -41.277  79.681 0.0000000000
132247  -35.389  -40.374  78.806 0.0000000000
57565  -36.227  -40.205  77.809 0.0000000000
57589  -37.191  -40.062  76.735 0.0000000000
57599  -37.764  -39.831  76.546 0.0000000000
57580  -38.749  -40.767  77.838 0.0000000000
57581  -39.776  -40.941  77.890 0.0000000000
39630  -9.578  -59.106  84.914 0.0000000000
39637  -10.096  -58.731  84.347 0.0000000000
38673  -10.682  -60.424  84.731 0.0000000000
38674  -11.778  -60.927  84.200 0.0000000000
36696  -12.359  -62.827  83.411 0.0000000000
35728  -11.442  -63.429  82.867 0.0000000000
35710  -12.099  -63.488  83.611 0.0000000000
34596  -11.107  -65.183  84.358 0.0000000000
115091  -17.583  -62.778  96.048 0.0000000000
37618  -16.561  -61.709  96.476 0.0000000000
35588  -16.201  -63.341  96.078 0.0000000000
58468  -37.063  -39.584  83.948 0.0000000000
52946  -40.691  -45.838  81.914 0.0000000000
52954  -39.853  -46.559  82.009 0.0000000000
53819  -39.870  -44.435  82.733 0.0000000000
54685  -39.049  -43.770  82.502 0.0000000000
122115  -38.565  -42.722  81.092 0.0000000000
56570  -38.048  -41.628  81.994 0.0000000000
56536  -37.875  -40.768  83.154 0.0000000000
45419  -32.147  -52.681  92.927 0.0000000000
45470  -33.656  -53.012  87.722 0.0000000000
45456  -33.435  -53.274  88.326 0.0000000000
45487  -32.499  -52.605  87.114 0.0000000000
46490  -31.275  -52.387  86.321 0.0000000000
63994  -55.048  -33.844  64.912 0.0000000000
64005  -55.517  -33.192  64.767 0.0000000000
128320  -56.027  -32.467  64.792 0.0000000000
65847  -56.892  -31.126  65.062 0.0000000000
46472  -7.090  -53.026  88.907 0.0000000000
44491  -7.293  -54.449  87.846 0.0000000000
44469  -6.952  -54.443  88.970 0.0000000000
110110  -7.312  -55.953  88.833 0.0000000000
109923  -7.366  -56.793  88.749 0.0000000000
127320  -46.861  -36.732  74.364 0.0000000000
62274  -47.426  -36.211  75.742 0.0000000000
57619  -42.821  -38.592  72.787 0.0000000000
57633  -43.267  -38.599  72.009 0.0000000000
58666  -44.433  -38.089  71.716 0.0000000000
58646  -44.696  -37.693  73.079 0.0000000000
60567  -45.702  -37.119  74.341 0.0000000000
38581  -20.661  -60.087  95.306 0.0000000000
37623  -21.806  -60.755  95.532 0.0000000000
36589  -21.820  -61.779  94.526 0.0000000000
35604  -21.852  -63.006  93.377 0.0000000000
38640  -20.302  -60.034  88.457 0.0000000000
116848  -20.045  -61.414  89.705 0.0000000000
49353  -12.238  -49.400  85.842 0.0000000000
121378  -12.263  -49.438  83.958 0.0000000000
49375  -11.570  -49.766  84.353 0.0000000000
48449  -10.592  -50.443  83.710 0.0000000000
46523  -10.250  -52.399  83.316 0.0000000000
40626  -12.309  -58.353  79.162 0.0000000000
42584  -12.563  -56.473  78.962 0.0000000000
41600  -11.507  -57.416  78.117 0.0000000000
41599  -10.783  -57.326  77.637 0.0000000000
41610  -9.357  -57.232  76.877 0.0000000000
43416  -13.369  -55.682  94.517 0.0000000000
43418  -12.904  -54.672  92.397 0.0000000000
43437  -12.837  -55.290  90.830 0.0000000000
39528  -11.720  -59.605  96.379 0.0000000000
40477  -11.383  -58.396  95.016 0.0000000000
39526  -10.691  -59.926  96.010 0.0000000000
40452  -9.947  -59.959  94.897 0.0000000000
40462  -9.161  -59.826  93.710 0.0000000000
39552  -7.796  -59.783  92.908 0.0000000000
38586  -8.857  -60.681  93.606 0.0000000000
36596  -8.756  -61.834  93.278 0.0000000000
36597  -8.862  -62.720  93.108 0.0000000000
119628  -41.989  -47.754  81.778 0.0000000000
50288  -42.520  -48.450  83.392 0.0000000000
51148  -42.472  -47.824  83.028 0.0000000000
52063  -42.102  -46.735  82.397 0.0000000000
132290  -41.731  -44.734  82.522 0.0000000000
54659  -41.823  -43.503  82.998 0.0000000000
44468  -35.769  -53.185  89.733 0.0000000000
45448  -37.824  -52.564  89.474 0.0000000000
44481  -36.038  -53.297  88.957 0.0000000000
45458  -35.009  -53.171  87.967 0.0000000000
45490  -35.089  -51.852  86.840 0.0000000000
62372  -52.413  -35.590  65.618 0.0000000000
62356  -54.119  -35.645  66.265 0.0000000000
62357  -55.130  -35.477  66.620 0.0000000000
59639  -44.777  -39.247  76.443 0.0000000000
60518  -45.575  -38.884  76.883 0.0000000000
118623  -45.447  -39.209  77.663 0.0000000000
110806  -38.882  -39.669  76.448 0.0000000000
58627  -41.483  -39.233  75.039 0.0000000000
58603  -43.095  -39.597  76.252 0.0000000000
44484  -25.751  -54.579  88.077 0.0000000000
43461  -24.839  -54.876  88.397 0.0000000000
43474  -24.422  -54.879  86.939 0.0000000000
116267  -22.674  -55.265  86.844 0.0000000000
50302  -7.564  -48.639  80.321 0.0000000000
49402  -7.241  -49.580  80.657 0.0000000000
44508  -10.219  -53.620  86.018 0.0000000000
45497  -10.494  -53.349  85.591 0.0000000000
43510  -11.385  -54.614  85.318 0.0000000000
43536  -12.290  -55.454  84.003 0.0000000000
41560  -12.727  -57.241  82.303 0.0000000000
40592  -11.577  -58.658  83.336 0.0000000000
110021  -12.529  -58.026  81.981 0.0000000000
40618  -12.904  -58.619  80.725 0.0000000000
39683  -11.876  -59.287  79.425 0.0000000000
40497  -17.021  -58.217  91.784 0.0000000000
39555  -16.833  -59.072  93.134 0.0000000000
110765  -15.263  -59.312  94.544 0.0000000000
110299  -13.910  -59.701  95.797 0.0000000000
38568  -15.155  -60.874  96.765 0.0000000000
38567  -14.108  -60.719  96.779 0.0000000000
39515  -13.318  -59.936  96.411 0.0000000000
38565  -11.788  -60.370  97.231 0.0000000000
38559  -10.423  -60.860  97.477 0.0000000000
36568  -9.303  -62.489  97.451 0.0000000000
123152  -37.630  -39.265  81.131 0.0000000000
58507  -39.124  -39.020  81.160 0.0000000000
59566  -38.812  -38.206  81.626 0.0000000000
52076  -39.317  -47.163  81.427 0.0000000000
56585  -34.627  -41.733  80.316 0.0000000000
58526  -36.980  -39.640  80.695 0.0000000000
44448  -28.051  -54.332  91.196 0.0000000000
44472  -27.405  -54.454  89.328 0.0000000000
127768  -34.024  -51.833  92.632 0.0000000000
45427  -33.176  -53.064  92.139 0.0000000000
44453  -32.123  -53.522  91.208 0.0000000000
45443  -32.214  -53.805  88.935 0.0000000000
128809  -31.672  -54.023  89.418 0.0000000000
44462  -30.761  -54.088  90.508 0.0000000000
44474  -29.662  -54.105  89.856 0.0000000000
44486  -27.909  -54.261  88.703 0.0000000000
44485  -26.644  -54.445  88.102 0.0000000000
44494  -26.406  -54.371  86.704 0.0000000000
66696  -56.853  -30.293  64.965 0.0000000000
67503  -56.735  -28.721  65.083 0.0000000000
69140  -56.884  -27.878  64.969 0.0000000000
49351  -10.477  -49.931  86.425 0.0000000000
48429  -9.594  -50.517  86.438 0.0000000000
49339  -9.053  -50.241  87.912 0.0000000000
48428  -9.136  -50.762  86.942 0.0000000000
45482  -9.253  -52.476  86.602 0.0000000000
45481  -8.777  -53.422  86.891 0.0000000000
43490  -8.304  -54.972  86.243 0.0000000000
42507  -8.767  -56.493  85.858 0.0000000000
129729  -7.475  -55.465  87.418 0.0000000000
115127  -8.029  -56.889  86.567 0.0000000000
41537  -8.858  -58.008  85.734 0.0000000000
39628  -8.857  -59.510  85.832 0.0000000000
37698  -9.008  -60.586  86.168 0.0000000000
36663  -9.300  -61.845  86.990 0.0000000000
60577  -49.527  -36.480  71.790 0.0000000000
58691  -45.015  -37.527  71.298 0.0000000000
59722  -45.690  -37.447  69.958 0.0000000000
59723  -46.215  -37.163  69.718 0.0000000000
60586  -47.493  -36.488  70.810 0.0000000000
60587  -48.340  -36.423  71.092 0.0000000000
38589  -19.227  -60.163  94.758 0.0000000000
37620  -18.634  -61.526  95.511 0.0000000000
37622  -20.485  -60.860  95.014 0.0000000000
36583  -19.413  -62.097  95.232 0.0000000000
35590  -18.294  -62.684  95.650 0.0000000000
34489  -17.573  -63.574  93.614 0.0000000000
43453  -23.935  -55.112  89.566 0.0000000000
42444  -23.205  -55.677  91.013 0.0000000000
41473  -22.761  -56.754  91.420 0.0000000000
40531  -21.407  -57.691  89.477 0.0000000000
41472  -22.340  -57.504  90.836 0.0000000000
40504  -23.565  -58.290  92.042 0.0000000000
39567  -23.799  -59.175  92.041 0.0000000000
38598  -24.126  -60.157  92.938 0.0000000000
37634  -24.013  -60.965  94.044 0.0000000000
37633  -23.477  -61.448  93.525 0.0000000000
36602  -22.370  -62.365  92.631 0.0000000000
34509  -20.710  -63.333  92.014 0.0000000000
35641  -19.918  -61.886  90.200 0.0000000000
35615  -20.053  -62.787  90.981 0.0000000000
34508  -20.297  -63.889  91.858 0.0000000000
34498  -18.757  -64.066  91.981 0.0000000000
50297  -13.226  -47.668  81.505 0.0000000000
49383  -12.621  -49.379  83.103 0.0000000000
50291  -13.052  -48.732  81.652 0.0000000000
113942  -12.018  -48.872  80.385 0.0000000000
49405  -10.284  -49.175  80.194 0.0000000000
48464  -8.388  -50.323  80.852 0.0000000000
47502  -7.400  -51.475  80.873 0.0000000000
45510  -10.988  -53.469  84.822 0.0000000000
45521  -10.466  -52.917  83.440 0.0000000000
45534  -9.711  -53.197  82.570 0.0000000000
43573  -11.516  -54.785  80.092 0.0000000000
43557  -9.767  -54.613  80.895 0.0000000000
45549  -8.890  -53.687  81.909 0.0000000000
45547  -7.895  -53.278  81.167 0.0000000000
45546  -7.626  -52.630  80.943 0.0000000000
46563  -7.168  -52.121  80.050 0.0000000000
45603  -7.474  -52.927  78.328 0.0000000000
40502  -14.670  -57.763  91.239 0.0000000000
41461  -13.320  -57.030  90.931 0.0000000000
42425  -11.459  -56.459  91.198 0.0000000000
41436  -11.252  -57.873  94.113 0.0000000000
42414  -11.029  -57.233  92.149 0.0000000000
43428  -10.234  -54.894  91.177 0.0000000000
43427  -9.537  -55.226  91.192 0.0000000000
43425  -8.844  -55.436  91.041 0.0000000000
44434  -8.149  -54.661  90.930 0.0000000000
42420  -8.092  -56.354  90.827 0.0000000000
41460  -7.711  -57.437  90.448 0.0000000000
117277  -7.513  -58.414  89.793 0.0000000000
39565  -7.651  -59.935  91.709 0.0000000000
39568  -7.495  -59.850  90.410 0.0000000000
39593  -7.564  -59.623  88.940 0.0000000000
122259  -7.947  -60.554  88.656 0.0000000000
36650  -8.948  -61.649  88.324 0.0000000000
132339  -9.553  -62.554  88.177 0.0000000000
128706  -8.776  -63.574  97.186 0.0000000000
128882  -8.943  -65.609  96.987 0.0000000000
121016  -8.311  -63.704  96.606 0.0000000000
34483  -8.455  -64.166  95.201 0.0000000000
34488  -8.897  -64.279  93.815 0.0000000000
118814  -8.904  -63.891  92.587 0.0000000000
33314  -9.236  -65.589  91.920 0.0000000000
34505  -9.289  -63.774  91.470 0.0000000000
34526  -9.593  -63.480  90.038 0.0000000000
34551  -10.074  -63.755  88.565 0.0000000000
35655  -10.133  -63.799  87.849 0.0000000000
33368  -10.934  -65.284  87.036 0.0000000000
32141  -11.141  -66.413  86.237 0.0000000000
49338  -41.822  -48.916  88.025 0.0000000000
50243  -41.519  -48.071  88.154 0.0000000000
131495  -41.198  -48.590  88.346 0.0000000000
48427  -41.370  -50.442  87.323 0.0000000000
49359  -42.076  -49.976  86.941 0.0000000000
47467  -41.057  -51.165  87.046 0.0000000000
49337  -41.190  -49.346  88.265 0.0000000000
48420  -41.126  -50.244  88.063 0.0000000000
49327  -40.662  -48.680  88.858 0.0000000000
60590  -51.743  -37.212  71.506 0.0000000000
60579  -51.264  -36.933  72.026 0.0000000000
111040  -49.959  -36.896  71.104 0.0000000000
60596  -49.879  -37.039  70.158 0.0000000000
57531  -39.943  -40.247  80.079 0.0000000000
58549  -38.191  -40.179  80.050 0.0000000000
129880  -38.814  -40.520  79.239 0.0000000000
36675  -9.672  -62.042  86.345 0.0000000000
122408  -10.440  -62.350  85.904 0.0000000000
35685  -10.761  -63.251  86.212 0.0000000000
33283  -15.673  -63.622  93.806 0.0000000000
55619  -40.229  -42.543  82.690 0.0000000000
44447  -7.086  -53.483  90.819 0.0000000000
124878  -7.645  -53.993  90.842 0.0000000000
60535  -45.949  -38.112  76.471 0.0000000000
59652  -44.529  -38.548  75.780 0.0000000000
60548  -45.084  -37.858  75.554 0.0000000000
38585  -23.752  -59.871  95.930 0.0000000000
38591  -23.347  -60.471  95.498 0.0000000000
124786  -24.003  -60.165  95.251 0.0000000000
124741  -26.493  -54.674  90.177 0.0000000000
48472  -6.998  -50.230  80.537 0.0000000000
49411  -6.721  -49.685  79.958 0.0000000000
47477  -9.528  -51.164  85.630 0.0000000000
42428  -16.937  -57.425  92.054 0.0000000000
37605  -9.676  -61.864  96.578 0.0000000000
37612  -9.931  -61.830  95.837 0.0000000000
116656  -9.742  -62.366  96.034 0.0000000000
36573  -9.436  -62.968  95.860 0.0000000000
52035  -42.896  -45.690  85.226 0.0000000000
52045  -42.768  -46.301  84.393 0.0000000000
53782  -42.798  -44.810  84.788 0.0000000000
44513  -36.815  -53.296  86.160 0.0000000000
44498  -36.703  -53.263  86.851 0.0000000000
126479  -54.795  -36.772  69.326 0.0000000000
118911  -53.711  -37.125  68.889 0.0000000000
61454  -53.575  -36.854  68.231 0.0000000000
61448  -54.343  -36.744  68.641 0.0000000000
58588  -42.627  -40.499  77.677 0.0000000000
58589  -43.517  -40.308  77.649 0.0000000000
58567  -43.091  -40.456  78.417 0.0000000000
58587  -41.276  -40.826  77.194 0.0000000000
109635  -42.078  -40.312  77.196 0.0000000000
124906  -11.733  -46.036  81.506 0.0000000000
51159  -11.368  -47.394  80.169 0.0000000000
42521  -9.194  -57.108  85.295 0.0000000000
41540  -10.301  -57.284  84.385 0.0000000000
37731  -12.415  -61.813  82.157 0.0000000000
37747  -12.757  -61.127  81.792 0.0000000000
37746  -12.078  -61.492  81.510 0.0000000000
37763  -11.053  -61.335  81.102 0.0000000000
36575  -13.747  -62.669  97.094 0.0000000000
59557  -37.046  -38.255  82.955 0.0000000000
59548  -37.174  -38.289  83.784 0.0000000000
114091  -41.364  -47.988  81.308 0.0000000000
57501  -35.926  -40.298  83.070 0.0000000000
44433  -31.016  -53.193  92.618 0.0000000000
117126  -29.826  -53.778  92.258 0.0000000000
44479  -34.469  -53.308  89.501 0.0000000000
44466  -34.093  -53.307  90.310 0.0000000000
46488  -29.602  -53.108  85.853 0.0000000000
113413  -29.159  -53.482  86.550 0.0000000000
45465  -28.567  -53.697  87.209 0.0000000000
45500  -28.193  -53.529  85.283 0.0000000000
47456  -7.430  -51.784  88.823 0.0000000000
48411  -7.470  -51.195  89.008 0.0000000000
47463  -7.744  -51.977  88.198 0.0000000000
46477  -7.698  -52.706  88.038 0.0000000000
46485  -7.966  -53.042  87.687 0.0000000000
45462  -7.640  -53.337  87.855 0.0000000000
41508  -7.513  -57.590  87.965 0.0000000000
40544  -7.547  -58.502  88.031 0.0000000000
39612  -7.668  -58.942  87.599 0.0000000000
39601  -7.594  -59.260  88.203 0.0000000000
61413  -47.611  -36.410  73.392 0.0000000000
60569  -46.991  -36.623  73.603 0.0000000000
35603  -21.095  -63.319  93.427 0.0000000000
35602  -20.576  -63.409  94.077 0.0000000000
34496  -20.487  -63.832  93.381 0.0000000000
34492  -19.940  -64.048  93.926 0.0000000000
34500  -20.381  -64.004  92.671 0.0000000000
41510  -21.596  -56.165  88.492 0.0000000000
41509  -20.829  -56.688  88.167 0.0000000000
38616  -21.369  -60.115  90.142 0.0000000000
38605  -21.800  -60.321  90.736 0.0000000000
37653  -21.270  -60.812  90.461 0.0000000000
36612  -21.312  -61.346  91.158 0.0000000000
50268  -13.706  -48.126  85.316 0.0000000000
47493  -10.345  -51.536  82.049 0.0000000000
48454  -10.582  -50.873  81.612 0.0000000000
47505  -9.512  -52.120  81.720 0.0000000000
42551  -13.238  -56.191  81.879 0.0000000000
43547  -13.046  -55.520  82.170 0.0000000000
43575  -13.221  -55.812  80.707 0.0000000000
42594  -9.671  -55.781  77.671 0.0000000000
43600  -9.455  -55.010  78.298 0.0000000000
43584  -9.062  -54.574  79.031 0.0000000000
43598  -8.471  -54.887  77.756 0.0000000000
43615  -8.768  -55.441  77.412 0.0000000000
44439  -11.440  -53.429  91.882 0.0000000000
44438  -10.418  -53.756  91.455 0.0000000000
39537  -13.733  -59.135  95.079 0.0000000000
40475  -9.125  -59.252  93.619 0.0000000000
41434  -9.268  -58.870  93.382 0.0000000000
41443  -8.640  -58.808  92.434 0.0000000000
41442  -8.282  -59.036  92.337 0.0000000000
40483  -8.253  -59.475  92.827 0.0000000000
36605  -8.667  -62.265  91.705 0.0000000000
36610  -8.643  -62.212  91.075 0.0000000000
131164  -9.054  -62.847  91.081 0.0000000000
29689  -9.066  -68.116  95.141 0.0000000000
30866  -8.954  -67.441  95.460 0.0000000000
30877  -8.965  -67.447  94.695 0.0000000000
51111  -42.977  -46.750  86.978 0.0000000000
130818  -41.829  -50.339  84.498 0.0000000000
124071  -41.622  -50.525  85.107 0.0000000000
50253  -42.624  -48.404  87.016 0.0000000000
51117  -43.067  -47.313  86.266 0.0000000000
45507  -39.079  -53.198  86.463 0.0000000000
46507  -39.700  -52.685  86.099 0.0000000000
130153  -40.764  -51.657  85.546 0.0000000000
124019  -41.188  -51.298  85.201 0.0000000000
109206  -41.062  -51.628  84.399 0.0000000000
46480  -40.052  -52.174  87.377 0.0000000000
46475  -39.437  -52.280  88.148 0.0000000000
46479  -39.404  -52.586  87.463 0.0000000000
45493  -39.016  -53.126  87.237 0.0000000000
60599  -52.983  -37.341  70.386 0.0000000000
61443  -53.916  -37.110  70.510 0.0000000000
60592  -53.136  -37.216  71.225 0.0000000000
60594  -47.463  -36.557  69.974 0.0000000000
60605  -47.465  -36.659  69.138 0.0000000000
60606  -48.205  -36.568  69.583 0.0000000000
60607  -49.791  -37.000  69.291 0.0000000000
113090  -48.910  -36.727  69.066 0.0000000000
60621  -49.607  -37.002  68.288 0.0000000000
110813  -49.002  -36.929  67.625 0.0000000000
60637  -50.613  -37.045  67.772 0.0000000000
60609  -51.530  -37.398  70.206 0.0000000000
60610  -52.322  -37.413  69.918 0.0000000000
118884  -41.206  -40.656  78.994 0.0000000000
59576  -40.906  -38.999  80.371 0.0000000000
58530  -41.208  -39.748  80.042 0.0000000000
57566  -37.177  -40.378  78.411 0.0000000000
57578  -36.307  -40.098  76.978 0.0000000000
57579  -37.195  -40.325  77.463 0.0000000000
119893  -38.097  -40.301  77.265 0.0000000000
125831  -39.694  -40.785  78.791 0.0000000000
57569  -40.537  -40.922  78.456 0.0000000000
39629  -9.261  -59.589  85.377 0.0000000000
39631  -10.264  -59.505  84.497 0.0000000000
36686  -11.926  -62.280  84.783 0.0000000000
37713  -12.201  -61.910  84.222 0.0000000000
36688  -12.432  -62.424  83.642 0.0000000000
35698  -12.377  -63.045  83.855 0.0000000000
34597  -11.515  -64.901  85.002 0.0000000000
34614  -11.698  -64.309  84.190 0.0000000000
33385  -11.081  -65.777  85.029 0.0000000000
127979  -16.856  -62.915  96.174 0.0000000000
34482  -17.015  -63.455  95.651 0.0000000000
57478  -37.852  -39.592  84.186 0.0000000000
53820  -40.849  -44.788  82.099 0.0000000000
53831  -39.890  -45.496  82.465 0.0000000000
55636  -39.625  -42.896  82.408 0.0000000000
55653  -39.155  -43.024  82.161 0.0000000000
54684  -38.619  -42.976  81.469 0.0000000000
55652  -38.976  -42.694  81.715 0.0000000000
109853  -38.603  -42.256  81.509 0.0000000000
56537  -38.868  -40.808  83.077 0.0000000000
56551  -38.404  -41.229  82.593 0.0000000000
46448  -32.069  -52.007  93.372 0.0000000000
45488  -33.412  -52.471  87.267 0.0000000000
63183  -54.553  -34.432  65.214 0.0000000000
63199  -54.284  -34.023  64.602 0.0000000000
63996  -56.389  -33.337  65.654 0.0000000000
64930  -56.061  -33.075  65.164 0.0000000000
65838  -56.657  -31.946  65.243 0.0000000000
64932  -57.036  -32.319  65.711 0.0000000000
46469  -6.843  -52.717  89.841 0.0000000000
124348  -6.988  -53.766  88.855 0.0000000000
116391  -6.846  -53.801  89.571 0.0000000000
43444  -7.180  -54.853  89.921 0.0000000000
43451  -7.075  -55.107  89.213 0.0000000000
42450  -7.368  -56.735  89.362 0.0000000000
61403  -46.817  -36.808  75.094 0.0000000000
61392  -47.202  -36.442  75.264 0.0000000000
61391  -46.891  -36.824  75.816 0.0000000000
58642  -41.715  -38.736  74.193 0.0000000000
58644  -43.290  -38.517  73.525 0.0000000000
58665  -43.580  -38.461  72.682 0.0000000000
127078  -44.281  -38.164  72.496 0.0000000000
113443  -45.719  -37.446  75.197 0.0000000000
60568  -46.351  -36.801  73.941 0.0000000000
38570  -21.624  -60.149  96.117 0.0000000000
36590  -22.607  -61.637  94.408 0.0000000000
115014  -22.264  -61.261  95.059 0.0000000000
36594  -22.054  -62.278  93.861 0.0000000000
36598  -22.329  -62.386  93.234 0.0000000000
37681  -20.181  -60.568  88.736 0.0000000000
49366  -11.540  -49.824  85.239 0.0000000000
49374  -10.836  -50.104  84.735 0.0000000000
48448  -10.388  -50.883  83.940 0.0000000000
47485  -10.502  -51.252  83.029 0.0000000000
47484  -10.362  -51.575  83.634 0.0000000000
40640  -12.200  -57.453  78.665 0.0000000000
40639  -11.727  -58.143  78.454 0.0000000000
125027  -10.267  -58.085  77.477 0.0000000000
41611  -10.034  -57.313  77.272 0.0000000000
127667  -8.896  -57.907  76.582 0.0000000000
127680  -14.284  -55.854  91.578 0.0000000000
43419  -13.623  -55.393  92.364 0.0000000000
43429  -13.242  -55.147  91.493 0.0000000000
43445  -13.529  -55.858  90.727 0.0000000000
39513  -11.258  -59.910  96.938 0.0000000000
39527  -10.971  -59.649  96.294 0.0000000000
39524  -10.107  -60.597  95.135 0.0000000000
39536  -9.609  -60.223  94.447 0.0000000000
40463  -9.531  -59.563  94.231 0.0000000000
39535  -9.265  -60.460  93.984 0.0000000000
39546  -8.636  -59.974  93.312 0.0000000000
120589  -9.130  -62.770  94.629 0.0000000000
36591  -8.954  -62.008  93.777 0.0000000000
49398  -42.280  -49.195  81.398 0.0000000000
113654  -42.346  -49.111  82.216 0.0000000000
49385  -42.207  -49.848  84.166 0.0000000000
49386  -42.482  -49.184  83.792 0.0000000000
52056  -42.613  -46.790  83.729 0.0000000000
121895  -42.463  -47.168  83.071 0.0000000000
118191  -42.195  -47.454  82.368 0.0000000000
115566  -42.164  -45.997  82.613 0.0000000000
53809  -42.190  -44.232  83.221 0.0000000000
45530  -39.033  -53.461  84.025 0.0000000000
46462  -36.172  -52.100  90.998 0.0000000000
125816  -35.869  -52.756  90.758 0.0000000000
45436  -36.190  -53.021  90.159 0.0000000000
46470  -38.449  -52.358  89.167 0.0000000000
126216  -38.112  -52.927  89.028 0.0000000000
44497  -36.264  -53.212  87.402 0.0000000000
44482  -36.959  -53.262  88.589 0.0000000000
44489  -36.191  -53.332  88.118 0.0000000000
44488  -35.380  -53.277  88.466 0.0000000000
44496  -35.603  -53.104  87.573 0.0000000000
45471  -35.001  -52.641  87.478 0.0000000000
111473  -34.746  -51.541  85.947 0.0000000000
62342  -56.278  -35.606  68.193 0.0000000000
61464  -51.311  -36.703  67.248 0.0000000000
61477  -51.185  -36.281  66.457 0.0000000000
61478  -51.983  -36.319  66.776 0.0000000000
111660  -52.611  -35.981  66.227 0.0000000000
62373  -53.209  -35.473  65.704 0.0000000000
62374  -54.006  -35.004  65.460 0.0000000000
111630  -55.422  -35.841  67.513 0.0000000000
62347  -56.054  -35.255  67.069 0.0000000000
59626  -44.888  -39.599  77.215 0.0000000000
58568  -43.911  -40.219  78.571 0.0000000000
58569  -44.865  -39.625  78.312 0.0000000000
58551  -42.595  -39.924  79.749 0.0000000000
58552  -43.471  -39.998  79.511 0.0000000000
120056  -38.427  -39.859  76.892 0.0000000000
132394  -38.189  -39.657  76.283 0.0000000000
58600  -40.847  -39.824  76.559 0.0000000000
59651  -43.859  -39.114  76.050 0.0000000000
44492  -25.038  -54.719  87.503 0.0000000000
130029  -24.650  -54.860  86.173 0.0000000000
43491  -23.785  -55.007  86.243 0.0000000000
52073  -8.429  -46.374  79.966 0.0000000000
127640  -9.462  -48.321  79.993 0.0000000000
119937  -8.295  -47.884  80.064 0.0000000000
49403  -7.872  -49.476  80.664 0.0000000000
44519  -9.922  -54.291  86.051 0.0000000000
44520  -10.767  -54.098  85.817 0.0000000000
43509  -10.680  -54.905  85.720 0.0000000000
42535  -11.178  -56.828  84.050 0.0000000000
42524  -11.661  -55.928  84.479 0.0000000000
42536  -12.073  -56.389  83.754 0.0000000000
42537  -12.608  -56.058  83.313 0.0000000000
41552  -12.368  -56.844  82.974 0.0000000000
39638  -10.980  -59.107  83.939 0.0000000000
40591  -10.745  -58.374  83.870 0.0000000000
117712  -13.077  -59.782  81.799 0.0000000000
39648  -12.804  -58.907  82.094 0.0000000000
39657  -12.988  -59.169  81.329 0.0000000000
40611  -12.815  -58.377  81.475 0.0000000000
39684  -12.569  -58.761  79.952 0.0000000000
39668  -12.535  -59.448  80.382 0.0000000000
38736  -10.215  -60.620  79.452 0.0000000000
118108  -10.247  -63.388  82.491 0.0000000000
35727  -9.387  -63.691  82.322 0.0000000000
117348  -17.611  -59.205  93.275 0.0000000000
125692  -15.996  -59.578  94.630 0.0000000000
120235  -15.382  -59.725  95.306 0.0000000000
39538  -14.562  -59.485  95.173 0.0000000000
39530  -14.716  -59.853  95.940 0.0000000000
37616  -15.908  -61.326  96.719 0.0000000000
126530  -15.852  -61.946  96.836 0.0000000000
37614  -13.657  -61.318  97.127 0.0000000000
124631  -13.471  -60.330  96.693 0.0000000000
39514  -12.738  -60.130  96.997 0.0000000000
120990  -12.491  -60.729  97.130 0.0000000000
120337  -10.789  -61.271  97.834 0.0000000000
36570  -10.826  -62.018  98.001 0.0000000000
37607  -10.102  -61.468  97.692 0.0000000000
58506  -38.309  -38.855  81.448 0.0000000000
56567  -35.387  -41.562  81.745 0.0000000000
55632  -35.852  -41.982  81.467 0.0000000000
56566  -34.833  -41.317  81.118 0.0000000000
58505  -36.748  -39.250  81.484 0.0000000000
58525  -36.157  -39.702  80.964 0.0000000000
44450  -29.284  -54.128  91.265 0.0000000000
44449  -28.549  -54.190  91.690 0.0000000000
110181  -28.710  -54.218  91.032 0.0000000000
44459  -27.631  -54.413  90.591 0.0000000000
44460  -28.433  -54.279  90.475 0.0000000000
44454  -33.506  -53.358  90.926 0.0000000000
44446  -32.964  -53.311  91.447 0.0000000000
44445  -32.372  -53.220  91.987 0.0000000000
45455  -32.724  -53.474  88.476 0.0000000000
45454  -32.042  -53.519  88.241 0.0000000000
45453  -30.653  -53.781  88.572 0.0000000000
123209  -31.446  -53.812  88.737 0.0000000000
45442  -30.909  -54.014  89.285 0.0000000000
44476  -31.187  -54.083  89.975 0.0000000000
44475  -30.440  -54.090  89.912 0.0000000000
124380  -27.348  -54.319  88.116 0.0000000000
116482  -26.333  -54.432  87.471 0.0000000000
44495  -27.093  -54.276  87.351 0.0000000000
45498  -26.658  -54.250  85.070 0.0000000000
44523  -26.233  -54.399  85.338 0.0000000000
128720  -57.215  -29.911  65.411 0.0000000000
68302  -56.883  -28.513  65.330 0.0000000000
68293  -57.097  -28.232  65.729 0.0000000000
49341  -10.266  -49.779  87.291 0.0000000000
49350  -9.852  -50.127  86.794 0.0000000000
49318  -7.893  -50.214  89.678 0.0000000000
49329  -8.735  -50.040  88.663 0.0000000000
47470  -8.618  -51.673  87.400 0.0000000000
47465  -8.661  -51.033  87.370 0.0000000000
47471  -8.990  -51.204  86.876 0.0000000000
46487  -8.926  -51.924  87.013 0.0000000000
111266  -8.752  -52.732  87.145 0.0000000000
44506  -8.178  -54.296  86.786 0.0000000000
43507  -8.785  -55.618  85.890 0.0000000000
43506  -8.217  -55.813  86.258 0.0000000000
43487  -7.387  -55.059  87.575 0.0000000000
110372  -7.422  -55.843  87.590 0.0000000000
41527  -7.742  -57.436  87.032 0.0000000000
42505  -7.748  -56.753  86.919 0.0000000000
41528  -8.048  -57.495  86.647 0.0000000000
119648  -8.480  -57.426  86.253 0.0000000000
116835  -8.472  -58.153  86.257 0.0000000000
40581  -8.835  -58.731  85.759 0.0000000000
40568  -8.459  -58.940  86.288 0.0000000000
38659  -8.225  -59.776  86.845 0.0000000000
38660  -8.501  -59.676  86.405 0.0000000000
38650  -8.578  -60.318  86.669 0.0000000000
37689  -8.929  -61.013  86.766 0.0000000000
61430  -49.830  -36.225  72.317 0.0000000000
113328  -49.256  -35.881  72.855 0.0000000000
59567  -39.473  -38.160  81.232 0.0000000000
58667  -44.891  -37.570  72.198 0.0000000000
58690  -44.438  -38.018  70.862 0.0000000000
59713  -45.648  -37.226  70.922 0.0000000000
59714  -46.197  -36.945  70.616 0.0000000000
59715  -46.761  -36.677  70.325 0.0000000000
60576  -48.573  -36.378  71.812 0.0000000000
39541  -19.079  -59.452  94.440 0.0000000000
38578  -18.545  -60.918  95.340 0.0000000000
38582  -21.133  -60.479  95.399 0.0000000000
36586  -19.750  -62.556  95.063 0.0000000000
36582  -18.806  -62.075  95.560 0.0000000000
35591  -18.984  -62.674  95.237 0.0000000000
35594  -18.420  -63.273  95.094 0.0000000000
34495  -19.159  -64.049  93.534 0.0000000000
34490  -18.483  -63.870  93.994 0.0000000000
126558  -18.344  -63.845  93.327 0.0000000000
33294  -17.752  -63.688  92.794 0.0000000000
115020  -24.000  -55.069  88.748 0.0000000000
131445  -24.601  -54.960  89.105 0.0000000000
42451  -22.369  -56.030  89.743 0.0000000000
42452  -23.118  -55.486  90.105 0.0000000000
42443  -22.535  -56.395  90.571 0.0000000000
41493  -20.915  -57.589  88.833 0.0000000000
40530  -21.000  -58.430  89.060 0.0000000000
40516  -21.880  -58.142  90.277 0.0000000000
40506  -22.472  -58.523  90.937 0.0000000000
40507  -22.856  -57.902  91.530 0.0000000000
38601  -23.236  -60.470  91.818 0.0000000000
38602  -23.941  -59.979  92.147 0.0000000000
38596  -24.156  -60.280  93.762 0.0000000000
37637  -24.035  -60.929  93.260 0.0000000000
37636  -23.416  -61.387  92.744 0.0000000000
36606  -21.993  -61.999  92.281 0.0000000000
35609  -21.920  -62.875  92.202 0.0000000000
35608  -21.008  -62.836  91.878 0.0000000000
35640  -19.467  -61.917  89.739 0.0000000000
34532  -19.489  -62.942  90.792 0.0000000000
34520  -19.924  -63.560  91.189 0.0000000000
34507  -19.498  -64.034  91.518 0.0000000000
113846  -13.983  -47.448  84.022 0.0000000000
52051  -13.748  -47.056  83.143 0.0000000000
52061  -13.174  -46.675  82.076 0.0000000000
51147  -13.598  -47.384  82.432 0.0000000000
50280  -13.037  -49.020  83.946 0.0000000000
49390  -12.544  -49.401  82.054 0.0000000000
49397  -12.411  -49.265  81.101 0.0000000000
50296  -12.715  -48.405  80.874 0.0000000000
49412  -11.209  -49.103  80.073 0.0000000000
126738  -10.847  -49.644  80.404 0.0000000000
47504  -8.344  -51.930  81.325 0.0000000000
48474  -9.456  -50.424  80.773 0.0000000000
111076  -7.819  -50.955  81.005 0.0000000000
115012  -7.409  -50.996  80.857 0.0000000000
128580  -11.481  -54.131  84.931 0.0000000000
45523  -11.679  -53.961  84.265 0.0000000000
44559  -12.066  -54.348  82.678 0.0000000000
45535  -10.562  -53.447  82.974 0.0000000000
44558  -10.910  -54.030  82.455 0.0000000000
43588  -12.139  -55.458  79.384 0.0000000000
43587  -11.139  -55.087  79.232 0.0000000000
43571  -9.676  -54.593  80.002 0.0000000000
44573  -9.166  -54.312  81.550 0.0000000000
45548  -8.257  -53.133  81.584 0.0000000000
44572  -8.313  -54.023  81.337 0.0000000000
45561  -7.781  -53.313  80.602 0.0000000000
45573  -7.518  -52.703  80.357 0.0000000000
123238  -7.489  -52.799  79.682 0.0000000000
46570  -7.348  -52.543  79.173 0.0000000000
45588  -7.605  -53.258  79.024 0.0000000000
44425  -9.047  -52.856  91.760 0.0000000000
40487  -15.839  -58.608  92.272 0.0000000000
40503  -15.593  -57.842  91.149 0.0000000000
40495  -15.168  -58.339  91.895 0.0000000000
131636  -12.602  -57.686  92.682 0.0000000000
125334  -13.376  -57.820  92.454 0.0000000000
41455  -12.867  -57.373  91.752 0.0000000000
42426  -12.417  -56.687  91.136 0.0000000000
40466  -10.832  -58.739  95.348 0.0000000000
41426  -10.647  -58.204  94.803 0.0000000000
113886  -10.738  -57.843  93.157 0.0000000000
42413  -10.421  -57.455  91.895 0.0000000000
113542  -10.604  -56.076  91.192 0.0000000000
42424  -9.864  -56.258  91.307 0.0000000000
42423  -9.390  -56.549  91.171 0.0000000000
125171  -8.654  -54.063  91.091 0.0000000000
43424  -8.524  -55.585  90.983 0.0000000000
43423  -8.111  -55.771  90.846 0.0000000000
40493  -7.979  -58.574  91.388 0.0000000000
116253  -7.619  -58.291  90.374 0.0000000000
40505  -7.563  -59.125  90.395 0.0000000000
38595  -7.812  -59.905  92.983 0.0000000000
39561  -7.827  -59.719  92.658 0.0000000000
38597  -7.853  -60.146  92.298 0.0000000000
38604  -7.638  -60.716  90.787 0.0000000000
38599  -7.538  -60.204  90.945 0.0000000000
38603  -7.514  -60.419  90.367 0.0000000000
39578  -7.503  -59.966  89.765 0.0000000000
37651  -7.656  -60.307  89.206 0.0000000000
37668  -7.911  -60.858  89.423 0.0000000000
36635  -8.745  -61.667  89.069 0.0000000000
35637  -9.283  -62.288  88.669 0.0000000000
35653  -9.285  -62.048  87.866 0.0000000000
34465  -9.041  -64.270  97.706 0.0000000000
32057  -8.807  -66.060  95.673 0.0000000000
33268  -8.816  -65.766  96.449 0.0000000000
33263  -8.634  -65.062  96.708 0.0000000000
34471  -8.637  -64.335  97.035 0.0000000000
34470  -8.116  -64.424  96.406 0.0000000000
113665  -7.915  -63.850  96.132 0.0000000000
34477  -7.950  -64.367  95.781 0.0000000000
33288  -8.891  -65.182  93.726 0.0000000000
120755  -8.935  -64.669  94.593 0.0000000000
34493  -8.845  -64.531  93.057 0.0000000000
33313  -9.125  -64.689  92.026 0.0000000000
33323  -9.407  -64.791  91.435 0.0000000000
34515  -9.556  -64.085  90.806 0.0000000000
33334  -9.658  -64.894  90.830 0.0000000000
33349  -10.337  -64.619  89.017 0.0000000000
118225  -10.390  -64.503  88.296 0.0000000000
34552  -10.519  -64.557  87.523 0.0000000000
122254  -42.511  -47.563  87.380 0.0000000000
51110  -42.111  -46.711  87.514 0.0000000000
51102  -41.840  -47.393  87.945 0.0000000000
51101  -40.954  -47.348  87.975 0.0000000000
109366  -42.013  -50.084  85.892 0.0000000000
128093  -40.085  -52.298  86.622 0.0000000000
48409  -39.868  -50.253  89.133 0.0000000000
48419  -40.457  -50.676  88.417 0.0000000000
124903  -52.493  -37.210  71.621 0.0000000000
60608  -50.788  -37.315  69.592 0.0000000000
57532  -40.713  -40.240  79.788 0.0000000000
58508  -39.926  -39.074  80.852 0.0000000000
57567  -38.266  -40.636  78.480 0.0000000000
38661  -9.388  -60.740  85.711 0.0000000000
37711  -10.103  -60.973  85.307 0.0000000000
126269  -10.489  -61.714  85.443 0.0000000000
36677  -11.297  -62.305  85.307 0.0000000000
36678  -11.978  -62.971  84.940 0.0000000000
35697  -12.131  -63.531  84.373 0.0000000000
35686  -11.465  -64.132  85.613 0.0000000000
34580  -11.286  -64.860  85.678 0.0000000000
111967  -17.096  -63.602  94.314 0.0000000000
34486  -16.735  -63.873  95.004 0.0000000000
33277  -16.231  -63.653  94.337 0.0000000000
54658  -41.145  -43.405  82.682 0.0000000000
55637  -40.381  -43.231  82.704 0.0000000000
56571  -38.985  -41.702  82.129 0.0000000000
47408  -32.669  -50.536  93.541 0.0000000000
123583  -32.590  -51.664  85.993 0.0000000000
63172  -55.676  -34.790  66.246 0.0000000000
63987  -56.151  -34.106  65.864 0.0000000000
63988  -56.893  -33.663  66.365 0.0000000000
63989  -57.598  -32.944  66.954 0.0000000000
125216  -6.812  -53.052  90.782 0.0000000000
44457  -6.920  -53.866  90.268 0.0000000000
118250  -7.566  -55.583  90.234 0.0000000000
61390  -46.259  -37.182  75.539 0.0000000000
61373  -46.329  -37.386  76.194 0.0000000000
58614  -43.032  -38.981  75.460 0.0000000000
59675  -43.876  -38.359  74.226 0.0000000000
59676  -44.528  -37.867  73.994 0.0000000000
38583  -22.231  -60.341  96.078 0.0000000000
38584  -22.935  -60.114  96.246 0.0000000000
37628  -23.032  -61.153  95.045 0.0000000000
37630  -23.314  -61.352  94.293 0.0000000000
43442  -27.221  -54.556  91.396 0.0000000000
50308  -7.016  -48.494  80.085 0.0000000000
129136  -6.700  -48.789  79.841 0.0000000000
48438  -10.283  -50.286  85.080 0.0000000000
47480  -9.984  -51.067  84.689 0.0000000000
113179  -10.069  -59.766  78.179 0.0000000000
39701  -10.684  -59.238  78.177 0.0000000000
42415  -15.294  -56.438  91.980 0.0000000000
42435  -14.994  -56.523  90.885 0.0000000000
39511  -10.479  -60.440  96.299 0.0000000000
38563  -10.257  -60.959  96.381 0.0000000000
126026  -10.148  -61.212  95.593 0.0000000000
38574  -9.710  -61.557  95.120 0.0000000000
38573  -9.432  -61.062  94.449 0.0000000000
37617  -9.358  -61.902  94.726 0.0000000000
125177  -8.575  -63.315  95.381 0.0000000000
130338  -42.631  -47.828  84.568 0.0000000000
51134  -42.697  -47.116  84.483 0.0000000000
52922  -42.560  -45.916  83.538 0.0000000000
113928  -42.241  -45.211  82.939 0.0000000000
124142  -39.850  -52.866  83.870 0.0000000000
45474  -38.352  -53.209  87.768 0.0000000000
45459  -37.886  -53.144  88.546 0.0000000000
45472  -35.998  -52.785  86.875 0.0000000000
122652  -35.847  -52.182  86.409 0.0000000000
61453  -52.894  -36.889  67.870 0.0000000000
126299  -53.429  -36.564  67.582 0.0000000000
62345  -53.757  -36.267  66.985 0.0000000000
61455  -54.885  -36.358  67.985 0.0000000000
58553  -44.332  -39.588  79.385 0.0000000000
111237  -40.411  -40.654  77.221 0.0000000000
58612  -41.566  -39.596  76.001 0.0000000000
44521  -25.053  -54.868  84.926 0.0000000000
52074  -9.567  -46.379  80.232 0.0000000000
51158  -10.255  -47.452  79.959 0.0000000000
42509  -10.307  -55.818  85.329 0.0000000000
38686  -12.763  -60.581  82.898 0.0000000000
38697  -13.024  -60.518  82.158 0.0000000000
38706  -12.887  -60.442  81.410 0.0000000000
38721  -12.284  -60.295  80.605 0.0000000000
114949  -9.926  -61.370  80.649 0.0000000000
37745  -9.173  -61.897  80.961 0.0000000000
39540  -17.604  -60.078  94.839 0.0000000000
38587  -16.589  -60.505  95.698 0.0000000000
37615  -15.117  -61.741  97.062 0.0000000000
36572  -14.138  -61.909  97.158 0.0000000000
38562  -12.800  -61.270  97.252 0.0000000000
37609  -12.288  -61.723  97.622 0.0000000000
36571  -11.783  -62.205  97.922 0.0000000000
53839  -38.328  -45.480  81.798 0.0000000000
56549  -36.521  -41.280  82.671 0.0000000000
56548  -35.686  -41.071  82.573 0.0000000000
112352  -35.567  -40.442  82.472 0.0000000000
58503  -35.496  -40.214  81.908 0.0000000000
45429  -34.745  -52.601  91.628 0.0000000000
45428  -34.046  -52.912  91.979 0.0000000000
116065  -34.445  -53.043  91.360 0.0000000000
44455  -34.116  -53.236  90.992 0.0000000000
44465  -33.230  -53.518  90.322 0.0000000000
45485  -30.796  -53.013  86.726 0.0000000000
124562  -30.382  -53.367  87.176 0.0000000000
115618  -30.449  -53.552  87.829 0.0000000000
45452  -29.810  -53.755  88.399 0.0000000000
45464  -27.745  -53.889  86.873 0.0000000000
45463  -27.121  -54.160  86.556 0.0000000000
45483  -27.540  -53.838  86.027 0.0000000000
45499  -27.246  -53.936  85.172 0.0000000000
64952  -54.961  -32.517  63.599 0.0000000000
48412  -7.952  -50.772  88.583 0.0000000000
48413  -8.513  -50.444  88.226 0.0000000000
47464  -8.236  -51.490  87.832 0.0000000000
44505  -7.784  -54.376  87.163 0.0000000000
110117  -7.314  -56.040  87.917 0.0000000000
42478  -7.481  -56.687  87.726 0.0000000000
41519  -7.614  -57.419  87.436 0.0000000000
40566  -7.738  -57.987  87.167 0.0000000000
40556  -7.811  -58.653  87.149 0.0000000000
39613  -7.900  -59.405  87.198 0.0000000000
38649  -8.125  -60.144  87.337 0.0000000000
62298  -48.908  -35.111  74.290 0.0000000000
59691  -46.025  -36.837  72.448 0.0000000000
59704  -45.549  -37.162  71.856 0.0000000000
59692  -46.688  -36.609  72.123 0.0000000000
61428  -48.030  -36.348  72.559 0.0000000000
38580  -20.191  -60.358  94.989 0.0000000000
36588  -21.145  -61.912  94.675 0.0000000000
35596  -20.181  -63.054  94.715 0.0000000000
129883  -19.336  -64.078  92.975 0.0000000000
42480  -22.488  -55.486  87.883 0.0000000000
41494  -21.682  -56.555  89.341 0.0000000000
39594  -21.062  -59.189  89.283 0.0000000000
39579  -21.406  -59.433  89.937 0.0000000000
39569  -22.633  -59.394  91.015 0.0000000000
38606  -22.634  -60.258  91.144 0.0000000000
37643  -22.709  -60.832  91.555 0.0000000000
37639  -23.092  -61.176  92.039 0.0000000000
36611  -20.645  -61.806  91.027 0.0000000000
118079  -18.796  -62.885  90.608 0.0000000000
34518  -18.359  -63.392  90.849 0.0000000000
48450  -11.039  -50.160  83.115 0.0000000000
49389  -11.790  -49.833  82.595 0.0000000000
48455  -11.119  -50.286  82.107 0.0000000000
48467  -11.003  -50.276  81.217 0.0000000000
48466  -10.241  -50.720  80.946 0.0000000000
44543  -12.299  -54.625  83.596 0.0000000000
44544  -12.645  -54.927  82.731 0.0000000000
44576  -12.491  -54.786  81.952 0.0000000000
42582  -10.825  -55.563  78.426 0.0000000000
43570  -9.044  -54.494  79.875 0.0000000000
44592  -8.416  -54.252  80.512 0.0000000000
44604  -8.578  -54.295  79.668 0.0000000000
44603  -8.208  -54.044  79.332 0.0000000000
123098  -7.890  -53.816  78.963 0.0000000000
44614  -8.264  -54.346  78.452 0.0000000000
124393  -14.314  -58.607  93.505 0.0000000000
110456  -14.493  -58.415  92.718 0.0000000000
40484  -12.948  -58.044  93.402 0.0000000000
41437  -12.052  -57.791  93.391 0.0000000000
41425  -9.961  -58.563  94.524 0.0000000000
113146  -10.324  -57.992  94.056 0.0000000000
41435  -9.749  -58.554  93.766 0.0000000000
41445  -9.526  -58.502  92.707 0.0000000000
42411  -9.296  -57.878  91.644 0.0000000000
42410  -8.964  -57.983  91.606 0.0000000000
125544  -8.465  -56.916  91.046 0.0000000000
41452  -8.377  -58.292  91.546 0.0000000000
128862  -8.376  -61.071  92.388 0.0000000000
37635  -8.138  -60.747  91.959 0.0000000000
37638  -8.001  -61.025  91.245 0.0000000000
37641  -7.874  -61.132  90.622 0.0000000000
37652  -7.868  -61.126  90.065 0.0000000000
36617  -8.259  -61.583  90.447 0.0000000000
36618  -8.594  -61.857  89.838 0.0000000000
35624  -9.139  -62.611  89.915 0.0000000000
32064  -8.910  -66.792  95.667 0.0000000000
130575  -8.706  -65.566  95.322 0.0000000000
32071  -8.815  -66.224  94.764 0.0000000000
32080  -8.766  -65.897  94.022 0.0000000000
115509  -8.688  -65.909  93.297 0.0000000000
33335  -10.014  -65.427  90.498 0.0000000000
123991  -41.447  -51.299  83.789 0.0000000000
109242  -41.670  -51.032  83.214 0.0000000000
49378  -42.442  -49.188  84.597 0.0000000000
49370  -42.395  -49.192  85.487 0.0000000000
50275  -42.567  -48.409  85.035 0.0000000000
51124  -42.805  -47.435  85.337 0.0000000000
52028  -43.093  -46.419  85.984 0.0000000000
45505  -37.417  -53.516  85.773 0.0000000000
117719  -38.181  -53.661  85.255 0.0000000000
109033  -40.388  -52.069  85.917 0.0000000000
124143  -39.933  -52.642  85.310 0.0000000000
108988  -40.104  -52.595  84.617 0.0000000000
46474  -39.058  -52.218  88.869 0.0000000000
47454  -39.979  -51.098  88.835 0.0000000000
45492  -38.355  -53.366  86.883 0.0000000000
61444  -54.814  -36.831  70.095 0.0000000000
122342  -48.156  -36.665  68.897 0.0000000000
60635  -48.230  -36.968  67.529 0.0000000000
60638  -51.468  -37.100  67.937 0.0000000000
60623  -51.450  -37.292  68.742 0.0000000000
60624  -52.222  -37.160  68.273 0.0000000000
57571  -42.154  -40.601  78.445 0.0000000000
57551  -41.996  -40.211  79.295 0.0000000000
58550  -41.875  -39.880  79.813 0.0000000000
126339  -36.028  -40.222  78.656 0.0000000000
57564  -35.230  -40.415  78.130 0.0000000000
57588  -36.361  -40.023  76.165 0.0000000000
52060  -12.455  -46.196  81.909 0.0000000000
40583  -9.626  -58.353  84.759 0.0000000000
38684  -11.326  -59.976  84.059 0.0000000000
38685  -12.265  -60.519  83.590 0.0000000000
37723  -12.586  -61.477  83.393 0.0000000000
36709  -12.580  -62.249  82.941 0.0000000000
36708  -11.930  -62.580  82.479 0.0000000000
35729  -12.212  -62.934  83.072 0.0000000000
35709  -11.456  -64.088  83.472 0.0000000000
123085  -10.941  -64.723  83.673 0.0000000000
33411  -10.365  -65.277  83.783 0.0000000000
36581  -18.080  -62.129  96.070 0.0000000000
36580  -17.161  -62.232  96.275 0.0000000000
36578  -16.196  -62.529  96.447 0.0000000000
34481  -16.119  -63.813  95.511 0.0000000000
35586  -15.493  -63.151  96.455 0.0000000000
35585  -14.950  -63.053  96.846 0.0000000000
59533  -36.942  -38.962  84.034 0.0000000000
58469  -37.539  -38.934  84.399 0.0000000000
52068  -40.581  -46.796  81.716 0.0000000000
53830  -39.044  -44.926  82.458 0.0000000000
53829  -38.191  -44.071  82.063 0.0000000000
54683  -38.134  -42.802  80.786 0.0000000000
56550  -37.452  -41.250  82.633 0.0000000000
56535  -36.969  -40.790  83.162 0.0000000000
45418  -31.375  -52.912  93.107 0.0000000000
45425  -31.843  -53.071  92.546 0.0000000000
111826  -34.317  -53.115  88.000 0.0000000000
45469  -32.823  -53.140  87.774 0.0000000000
45486  -31.591  -52.806  86.936 0.0000000000
46491  -32.146  -52.163  86.488 0.0000000000
46489  -30.446  -52.699  86.128 0.0000000000
46501  -28.988  -53.230  85.377 0.0000000000
64020  -54.743  -33.319  64.202 0.0000000000
64940  -55.390  -32.708  64.295 0.0000000000
64953  -55.700  -32.060  64.068 0.0000000000
65846  -56.222  -31.557  64.619 0.0000000000
47455  -7.092  -52.217  89.438 0.0000000000
46476  -7.425  -53.192  88.206 0.0000000000
45449  -7.235  -53.777  88.255 0.0000000000
44483  -7.105  -54.459  88.318 0.0000000000
111118  -7.091  -55.166  88.517 0.0000000000
129163  -7.254  -55.872  88.260 0.0000000000
130017  -7.339  -56.303  88.467 0.0000000000
41492  -7.430  -57.545  88.591 0.0000000000
131907  -47.295  -36.526  74.017 0.0000000000
62296  -47.739  -35.994  74.919 0.0000000000
118154  -47.261  -36.453  74.634 0.0000000000
58643  -42.414  -38.616  73.757 0.0000000000
58664  -41.986  -38.572  72.886 0.0000000000
131379  -43.877  -38.421  72.056 0.0000000000
59677  -45.170  -37.346  73.733 0.0000000000
59678  -45.823  -36.907  73.392 0.0000000000
38569  -20.989  -59.947  96.171 0.0000000000
131297  -21.315  -60.932  95.218 0.0000000000
37627  -21.515  -61.338  95.030 0.0000000000
36593  -21.460  -62.300  94.277 0.0000000000
35600  -21.390  -62.929  93.921 0.0000000000
118327  -21.431  -63.248  92.966 0.0000000000
40557  -20.428  -57.294  87.014 0.0000000000
39615  -20.387  -58.449  87.641 0.0000000000
39603  -20.685  -58.863  88.649 0.0000000000
38641  -20.664  -59.586  88.948 0.0000000000
37682  -20.540  -60.229  89.169 0.0000000000
36620  -20.651  -61.129  89.984 0.0000000000
36637  -20.404  -60.826  89.380 0.0000000000
113293  -19.944  -61.022  89.001 0.0000000000
50254  -13.060  -48.810  85.568 0.0000000000
50267  -13.382  -48.655  84.699 0.0000000000
49376  -12.485  -49.325  84.808 0.0000000000
48445  -10.902  -50.052  83.976 0.0000000000
48444  -10.488  -50.253  84.422 0.0000000000
47492  -10.204  -52.059  82.634 0.0000000000
129918  -12.986  -57.399  79.975 0.0000000000
42571  -13.232  -56.451  80.391 0.0000000000
41592  -12.771  -57.462  79.385 0.0000000000
42597  -11.877  -56.714  78.408 0.0000000000
40638  -10.956  -58.348  77.943 0.0000000000
42596  -11.235  -56.483  78.035 0.0000000000
42595  -10.383  -56.289  77.676 0.0000000000
42608  -9.730  -56.574  77.277 0.0000000000
42607  -9.124  -56.228  77.125 0.0000000000
112012  -13.287  -55.281  93.431 0.0000000000
43415  -12.768  -54.468  93.512 0.0000000000
44440  -12.272  -54.307  91.370 0.0000000000
43436  -11.816  -54.864  90.794 0.0000000000
40456  -12.259  -59.061  95.896 0.0000000000
40467  -11.991  -58.692  95.274 0.0000000000
40455  -11.376  -58.926  95.825 0.0000000000
40454  -10.656  -59.256  95.744 0.0000000000
39525  -10.412  -60.271  95.541 0.0000000000
40453  -10.269  -59.643  95.345 0.0000000000
40464  -9.814  -59.218  94.753 0.0000000000
40474  -8.578  -59.531  93.217 0.0000000000
40473  -7.908  -59.684  92.908 0.0000000000
39545  -8.137  -59.964  93.009 0.0000000000
38592  -8.444  -60.532  93.137 0.0000000000
37626  -9.132  -61.412  94.137 0.0000000000
37629  -8.623  -61.124  93.275 0.0000000000
37632  -8.459  -61.030  92.867 0.0000000000
36600  -8.592  -61.758  92.629 0.0000000000
36601  -8.745  -62.426  92.335 0.0000000000
126282  -8.893  -63.198  92.649 0.0000000000
50298  -42.162  -48.408  81.613 0.0000000000
49391  -42.289  -49.839  83.379 0.0000000000
118077  -42.447  -49.120  83.001 0.0000000000
50293  -42.337  -48.303  82.494 0.0000000000
51152  -41.475  -47.147  81.740 0.0000000000
52062  -41.470  -46.269  81.953 0.0000000000
52940  -41.564  -45.448  82.225 0.0000000000
129145  -41.416  -44.094  82.578 0.0000000000
125411  -41.578  -42.761  83.146 0.0000000000
45435  -35.480  -53.092  90.445 0.0000000000
44480  -35.239  -53.271  89.258 0.0000000000
46467  -37.159  -52.187  90.198 0.0000000000
45447  -37.456  -53.038  89.178 0.0000000000
129312  -36.649  -52.927  89.979 0.0000000000
45457  -34.720  -53.240  88.440 0.0000000000
109576  -34.271  -52.446  87.416 0.0000000000
45489  -34.121  -51.869  86.729 0.0000000000
129732  -33.941  -51.526  86.073 0.0000000000
62354  -51.853  -35.952  65.951 0.0000000000
117363  -51.767  -35.439  65.111 0.0000000000
63171  -54.832  -35.004  65.816 0.0000000000
63163  -56.893  -34.826  67.669 0.0000000000
58613  -42.289  -39.375  75.660 0.0000000000
43454  -25.353  -54.793  89.016 0.0000000000
43460  -24.158  -54.926  87.889 0.0000000000
43473  -23.459  -55.051  87.351 0.0000000000
42494  -21.892  -55.625  86.383 0.0000000000
115317  -21.424  -56.055  85.798 0.0000000000
114542  -20.764  -56.602  86.140 0.0000000000
48473  -7.190  -50.069  80.726 0.0000000000
45496  -9.881  -52.883  86.051 0.0000000000
46499  -9.924  -52.528  85.541 0.0000000000
45511  -11.110  -53.935  85.398 0.0000000000
43524  -11.210  -55.461  85.172 0.0000000000
43525  -11.774  -55.208  84.772 0.0000000000
42550  -13.008  -56.305  82.572 0.0000000000
41561  -13.095  -56.842  81.855 0.0000000000
41549  -10.076  -58.057  84.280 0.0000000000
125772  -11.303  -58.025  83.421 0.0000000000
39647  -12.307  -59.009  82.705 0.0000000000
40602  -12.043  -57.989  82.660 0.0000000000
41572  -12.854  -57.612  81.642 0.0000000000
40612  -12.987  -57.862  80.987 0.0000000000
41583  -12.883  -57.988  80.108 0.0000000000
39667  -11.422  -60.068  79.802 0.0000000000
39682  -10.730  -59.804  78.893 0.0000000000
38749  -9.603  -60.490  78.565 0.0000000000
36707  -10.747  -62.782  82.196 0.0000000000
39562  -16.620  -58.620  92.285 0.0000000000
39554  -15.967  -58.868  93.039 0.0000000000
39548  -16.984  -59.595  94.056 0.0000000000
39547  -16.041  -59.275  93.857 0.0000000000
39553  -15.260  -58.889  93.792 0.0000000000
124416  -14.477  -58.912  94.318 0.0000000000
39529  -13.096  -59.463  95.769 0.0000000000
113109  -15.956  -60.830  96.310 0.0000000000
38575  -14.713  -60.341  96.377 0.0000000000
39516  -14.062  -60.097  96.405 0.0000000000
115327  -12.518  -59.764  96.394 0.0000000000
131756  -12.032  -59.942  96.925 0.0000000000
38564  -10.821  -60.335  97.253 0.0000000000
38561  -12.006  -61.076  97.429 0.0000000000
38560  -11.193  -60.844  97.622 0.0000000000
117578  -9.533  -61.791  97.332 0.0000000000
126497  -9.358  -62.081  97.051 0.0000000000
58527  -38.522  -39.609  80.769 0.0000000000
126970  -38.124  -38.177  81.968 0.0000000000
52077  -39.949  -47.483  81.598 0.0000000000
52084  -39.654  -47.976  80.859 0.0000000000
52962  -38.549  -46.745  81.286 0.0000000000
114544  -34.954  -40.677  80.028 0.0000000000
58546  -35.555  -40.171  80.501 0.0000000000
58524  -35.586  -40.034  81.282 0.0000000000
58547  -36.364  -39.963  80.149 0.0000000000
120147  -37.729  -39.795  80.544 0.0000000000
44431  -29.259  -53.941  92.961 0.0000000000
44441  -28.328  -54.219  92.598 0.0000000000
43443  -27.737  -54.377  91.956 0.0000000000
44458  -27.197  -54.490  90.011 0.0000000000
44471  -26.714  -54.580  89.487 0.0000000000
46450  -33.476  -51.691  93.003 0.0000000000
46455  -33.505  -52.398  92.478 0.0000000000
46449  -32.809  -52.217  93.003 0.0000000000
45426  -32.491  -52.992  92.465 0.0000000000
44444  -31.538  -53.346  91.937 0.0000000000
45444  -33.052  -53.625  89.109 0.0000000000
44477  -32.369  -53.944  89.618 0.0000000000
130698  -31.844  -54.046  90.029 0.0000000000
44463  -31.493  -54.009  90.668 0.0000000000
44451  -30.695  -54.032  91.131 0.0000000000
44461  -30.005  -54.110  90.693 0.0000000000
109541  -28.885  -54.164  89.793 0.0000000000
45440  -29.306  -53.959  89.091 0.0000000000
44473  -28.607  -54.115  89.106 0.0000000000
110119  -28.034  -54.338  89.706 0.0000000000
110180  -27.064  -54.485  88.757 0.0000000000
44493  -25.760  -54.487  87.159 0.0000000000
131880  -25.828  -54.477  86.611 0.0000000000
44510  -25.902  -54.480  85.986 0.0000000000
66695  -56.305  -30.708  64.482 0.0000000000
66705  -56.202  -29.883  64.399 0.0000000000
67502  -56.670  -29.369  64.947 0.0000000000
49342  -11.131  -49.619  87.006 0.0000000000
48430  -10.091  -50.265  85.938 0.0000000000
47472  -9.347  -50.891  86.280 0.0000000000
48422  -8.841  -50.606  87.567 0.0000000000
48423  -9.329  -50.374  87.194 0.0000000000
46497  -9.242  -51.489  86.383 0.0000000000
116530  -9.522  -53.446  86.365 0.0000000000
44507  -8.864  -54.189  86.416 0.0000000000
44518  -9.018  -54.853  85.985 0.0000000000
45461  -7.451  -53.834  87.826 0.0000000000
44504  -7.503  -54.428  87.514 0.0000000000
43488  -7.579  -55.170  87.191 0.0000000000
42493  -7.579  -55.967  87.216 0.0000000000
43505  -7.836  -56.042  86.722 0.0000000000
42506  -8.357  -56.677  86.269 0.0000000000
42520  -8.851  -57.279  85.793 0.0000000000
41538  -9.247  -57.851  85.232 0.0000000000
40582  -9.248  -58.543  85.263 0.0000000000
125254  -9.154  -59.112  85.384 0.0000000000
127766  -8.809  -60.088  86.132 0.0000000000
38671  -9.113  -60.128  85.700 0.0000000000
37699  -9.281  -61.274  86.249 0.0000000000
60578  -50.385  -36.790  71.881 0.0000000000
61431  -50.742  -36.273  72.360 0.0000000000
60519  -46.159  -38.302  77.042 0.0000000000
58709  -45.036  -37.599  70.347 0.0000000000
58727  -45.066  -37.852  69.322 0.0000000000
110378  -45.819  -37.836  68.926 0.0000000000
126284  -46.310  -37.353  68.976 0.0000000000
59724  -46.738  -36.785  69.442 0.0000000000
60588  -49.123  -36.472  71.263 0.0000000000
38593  -18.767  -59.833  94.286 0.0000000000
38588  -18.418  -60.409  94.922 0.0000000000
36584  -20.087  -61.765  95.075 0.0000000000
37621  -19.583  -61.379  95.150 0.0000000000
35589  -17.798  -63.231  95.491 0.0000000000
34487  -18.523  -63.646  94.570 0.0000000000
109713  -17.908  -63.748  94.353 0.0000000000
33293  -16.780  -63.498  92.949 0.0000000000
110068  -24.812  -54.978  89.749 0.0000000000
43447  -24.017  -55.107  90.406 0.0000000000
43452  -23.170  -55.386  89.204 0.0000000000
42445  -24.194  -55.235  91.256 0.0000000000
42429  -23.944  -56.500  92.420 0.0000000000
40515  -21.445  -58.699  89.713 0.0000000000
41466  -23.337  -57.191  92.034 0.0000000000
41458  -23.931  -57.559  92.512 0.0000000000
40499  -24.023  -58.511  92.583 0.0000000000
39563  -24.104  -59.359  92.723 0.0000000000
39551  -24.282  -59.627  94.279 0.0000000000
36603  -22.847  -61.886  92.340 0.0000000000
36599  -22.993  -62.016  93.021 0.0000000000
35606  -22.030  -63.020  92.735 0.0000000000
34501  -21.247  -63.219  92.407 0.0000000000
118153  -20.693  -63.643  92.351 0.0000000000
36619  -20.336  -61.627  90.355 0.0000000000
35627  -20.174  -62.166  90.707 0.0000000000
35626  -19.728  -62.365  90.427 0.0000000000
35616  -20.563  -62.476  91.319 0.0000000000
34499  -19.578  -64.098  92.405 0.0000000000
34506  -18.666  -63.905  91.328 0.0000000000
33318  -18.103  -63.907  91.737 0.0000000000
33305  -17.939  -63.878  92.214 0.0000000000
52067  -12.540  -46.771  81.202 0.0000000000
123454  -13.712  -48.347  83.919 0.0000000000
49384  -13.413  -48.716  83.143 0.0000000000
130973  -13.137  -48.971  82.432 0.0000000000
50292  -13.520  -48.270  82.338 0.0000000000
51151  -12.645  -47.578  80.827 0.0000000000
51160  -12.139  -47.211  80.584 0.0000000000
50304  -11.458  -48.299  79.966 0.0000000000
50309  -10.651  -48.383  79.868 0.0000000000
49404  -9.121  -49.485  80.503 0.0000000000
49395  -7.541  -50.074  80.888 0.0000000000
48463  -7.330  -50.381  80.804 0.0000000000
130820  -7.261  -51.129  80.743 0.0000000000
46512  -10.256  -52.617  84.985 0.0000000000
46524  -10.534  -52.716  84.210 0.0000000000
45522  -11.073  -53.291  83.918 0.0000000000
43574  -12.549  -55.256  80.341 0.0000000000
43559  -12.042  -54.666  81.009 0.0000000000
43558  -10.812  -54.621  80.938 0.0000000000
43572  -10.487  -54.668  80.048 0.0000000000
44574  -10.184  -54.400  81.677 0.0000000000
44557  -9.762  -53.898  82.203 0.0000000000
45533  -8.921  -53.154  82.018 0.0000000000
117561  -7.948  -52.324  81.324 0.0000000000
44571  -7.963  -53.869  80.866 0.0000000000
114851  -7.596  -51.976  81.112 0.0000000000
46544  -7.533  -52.086  81.039 0.0000000000
47516  -7.191  -51.485  80.584 0.0000000000
45589  -7.775  -53.813  78.241 0.0000000000
129789  -7.579  -53.429  77.727 0.0000000000
45422  -8.057  -53.500  91.254 0.0000000000
41465  -16.401  -57.812  91.341 0.0000000000
41464  -15.726  -57.326  90.969 0.0000000000
41470  -14.377  -56.877  90.651 0.0000000000
125045  -14.229  -58.023  92.137 0.0000000000
124545  -13.766  -57.562  91.474 0.0000000000
41469  -13.754  -56.788  90.700 0.0000000000
41468  -13.113  -56.240  90.686 0.0000000000
42434  -12.147  -55.742  90.737 0.0000000000
42433  -11.017  -54.992  90.962 0.0000000000
132007  -11.392  -57.678  93.093 0.0000000000
123123  -9.767  -54.300  91.348 0.0000000000
44436  -9.399  -54.222  91.271 0.0000000000
43426  -9.240  -55.311  91.123 0.0000000000
44435  -9.079  -54.094  91.173 0.0000000000
43434  -7.872  -55.298  90.672 0.0000000000
42432  -7.822  -56.465  90.566 0.0000000000
42440  -7.516  -56.624  90.033 0.0000000000
41467  -7.482  -57.542  89.867 0.0000000000
41480  -7.396  -57.594  89.224 0.0000000000
115867  -7.456  -58.463  89.107 0.0000000000
40482  -7.847  -59.641  92.897 0.0000000000
39560  -7.802  -59.395  91.699 0.0000000000
39564  -7.583  -59.631  91.017 0.0000000000
40514  -7.510  -59.242  89.819 0.0000000000
120683  -7.519  -59.268  89.285 0.0000000000
40529  -7.513  -58.886  88.655 0.0000000000
38638  -7.686  -59.965  88.425 0.0000000000
38639  -7.916  -60.229  87.983 0.0000000000
37680  -8.284  -60.645  88.036 0.0000000000
123032  -8.358  -61.078  88.853 0.0000000000
36661  -8.695  -61.113  88.135 0.0000000000
36662  -8.975  -61.394  87.544 0.0000000000
36664  -9.731  -62.585  86.884 0.0000000000
130230  -8.988  -62.932  97.139 0.0000000000
33259  -9.048  -65.025  97.351 0.0000000000
35582  -9.032  -63.240  96.478 0.0000000000
35581  -8.522  -63.486  95.867 0.0000000000
35587  -8.020  -63.640  95.606 0.0000000000
35592  -8.833  -63.439  94.897 0.0000000000
120690  -8.534  -64.901  95.294 0.0000000000
126660  -8.859  -64.002  94.539 0.0000000000
35598  -8.959  -63.469  93.924 0.0000000000
35601  -8.879  -63.709  93.150 0.0000000000
35605  -8.941  -63.110  92.199 0.0000000000
32087  -8.870  -65.953  92.550 0.0000000000
131963  -8.948  -65.245  92.380 0.0000000000
119488  -8.927  -64.633  92.497 0.0000000000
117287  -9.019  -63.889  92.114 0.0000000000
35614  -9.310  -63.150  90.650 0.0000000000
112612  -9.489  -62.872  89.295 0.0000000000
34527  -9.825  -64.465  90.201 0.0000000000
34537  -9.905  -63.863  89.356 0.0000000000
34536  -9.721  -63.020  88.687 0.0000000000
35654  -9.834  -63.083  88.054 0.0000000000
35672  -10.180  -63.295  86.737 0.0000000000
34567  -10.265  -63.943  87.090 0.0000000000
34568  -10.785  -64.600  86.757 0.0000000000
32146  -10.884  -66.434  85.455 0.0000000000
34569  -11.104  -64.567  86.140 0.0000000000
35671  -9.594  -62.518  87.567 0.0000000000
37613  -10.027  -61.430  96.321 0.0000000000
37625  -8.860  -61.279  93.704 0.0000000000
38615  -7.620  -60.847  90.334 0.0000000000
39512  -10.588  -60.033  96.779 0.0000000000
40496  -16.192  -58.308  91.604 0.0000000000
41462  -14.136  -57.256  90.823 0.0000000000
41463  -14.967  -57.337  90.804 0.0000000000
41471  -15.089  -56.872  90.715 0.0000000000
41573  -13.082  -57.217  81.270 0.0000000000
41593  -13.070  -56.814  79.784 0.0000000000
42436  -15.620  -56.849  90.994 0.0000000000
42437  -16.329  -57.361  91.379 0.0000000000
42441  -13.868  -56.362  90.658 0.0000000000
42442  -14.483  -56.426  90.709 0.0000000000
42522  -9.896  -56.791  85.008 0.0000000000
42570  -13.028  -55.951  79.795 0.0000000000
43430  -15.125  -56.459  91.239 0.0000000000
43438  -13.744  -55.665  90.975 0.0000000000
43439  -14.454  -56.110  90.972 0.0000000000
43548  -13.249  -55.833  81.453 0.0000000000
44452  -31.284  -53.699  91.357 0.0000000000
44464  -32.405  -53.819  90.341 0.0000000000
44467  -34.972  -53.239  90.001 0.0000000000
44487  -34.787  -53.289  88.907 0.0000000000
44615  -8.622  -54.410  78.948 0.0000000000
45420  -32.812  -52.694  92.581 0.0000000000
45437  -37.130  -52.707  89.797 0.0000000000
45438  -37.591  -52.222  89.906 0.0000000000
45439  -6.869  -53.259  89.466 0.0000000000
45446  -36.618  -53.103  89.502 0.0000000000
45467  -31.058  -53.309  87.343 0.0000000000
45491  -37.523  -53.462  86.509 0.0000000000
46447  -31.556  -52.437  93.313 0.0000000000
46545  -7.807  -52.530  81.210 0.0000000000
46553  -7.347  -52.054  80.750 0.0000000000
47460  -39.512  -51.666  88.798 0.0000000000
47462  -40.935  -51.025  87.796 0.0000000000
48462  -7.272  -50.719  80.764 0.0000000000
48475  -10.171  -49.958  80.580 0.0000000000
48476  -10.791  -50.073  80.748 0.0000000000
49349  -42.216  -49.135  87.322 0.0000000000
50305  -12.170  -47.963  80.338 0.0000000000
55620  -40.962  -42.435  82.979 0.0000000000
59534  -37.486  -38.455  84.263 0.0000000000
114507  -13.121  -57.199  80.546 0.0000000000
115680  -9.893  -63.185  87.374 0.0000000000
118218  -8.254  -60.322  92.963 0.0000000000
118690  -32.937  -53.753  89.814 0.0000000000
119981  -11.908  -63.648  85.070 0.0000000000
124105  -40.522  -51.752  86.735 0.0000000000
126442  -7.800  -58.139  90.827 0.0000000000
127204  -11.364  -55.553  90.895 0.0000000000
127428  -13.729  -55.719  93.059 0.0000000000
129126  -37.542  -53.298  87.991 0.0000000000
130176  -14.768  -58.728  93.697 0.0000000000
130571  -8.687  -61.371  88.626 0.0000000000
130792  -8.901  -66.474  95.259 0.0000000000
131514  -7.835  -59.986  93.036 0.0000000000
131646  -8.172  -61.407  90.009 0.0000000000
132303  -13.497  -46.848  82.630 0.0000000000
