#!ascii label  , from subject sub-v1s2x0051471_ses-1 vox2ras=TkReg
1151
87026  -53.510  -5.316  59.328 0.0000000000
98220  -47.732  13.385  53.429 0.0000000000
94635  -46.829  7.373  58.990 0.0000000000
90360  -53.000  0.874  51.139 0.0000000000
117491  -49.530  8.556  49.797 0.0000000000
126562  -53.222  8.420  54.231 0.0000000000
94008  -52.158  5.845  51.791 0.0000000000
91077  -46.344  0.931  49.538 0.0000000000
85622  -47.381  -6.259  67.939 0.0000000000
87614  -51.497  -3.507  63.096 0.0000000000
99603  -41.370  16.581  54.612 0.0000000000
97266  -42.922  11.599  51.377 0.0000000000
97744  -47.950  12.578  46.960 0.0000000000
91663  -52.652  2.724  60.743 0.0000000000
97238  -49.590  11.971  55.288 0.0000000000
92285  -50.090  3.897  55.590 0.0000000000
88311  -52.106  -2.826  54.624 0.0000000000
88979  -47.846  -1.292  51.970 0.0000000000
89674  -41.380  -0.644  51.448 0.0000000000
132166  -52.218  -5.301  57.805 0.0000000000
94795  -51.655  6.538  46.701 0.0000000000
94733  -53.178  6.944  49.897 0.0000000000
94056  -51.604  6.220  49.177 0.0000000000
94005  -49.013  5.854  52.065 0.0000000000
86296  -49.816  -5.396  65.990 0.0000000000
87008  -48.586  -4.327  62.728 0.0000000000
131643  -42.185  20.804  55.756 0.0000000000
97737  -45.471  11.966  48.650 0.0000000000
90957  -50.130  2.331  61.312 0.0000000000
93319  -49.036  5.326  60.864 0.0000000000
99618  -48.171  16.957  54.353 0.0000000000
98752  -50.487  14.423  53.932 0.0000000000
92842  -54.400  4.255  53.936 0.0000000000
93370  -52.830  5.806  55.557 0.0000000000
91024  -51.867  2.183  54.054 0.0000000000
90331  -50.187  0.190  55.500 0.0000000000
88981  -51.461  -1.569  51.742 0.0000000000
87723  -50.936  -3.614  51.578 0.0000000000
88359  -50.969  -1.525  49.417 0.0000000000
89718  -43.549  0.319  47.825 0.0000000000
96731  -48.424  10.014  52.591 0.0000000000
96718  -51.075  11.178  53.355 0.0000000000
131239  -51.454  8.957  51.498 0.0000000000
94010  -54.256  6.095  52.374 0.0000000000
92311  -52.745  3.771  52.181 0.0000000000
90369  -50.826  0.659  49.696 0.0000000000
92316  -50.132  3.308  52.077 0.0000000000
91037  -46.874  2.036  52.857 0.0000000000
85624  -50.990  -6.792  68.333 0.0000000000
86969  -52.934  -5.486  65.584 0.0000000000
87628  -53.478  -3.353  62.747 0.0000000000
115488  -45.608  21.842  56.535 0.0000000000
100521  -45.453  19.193  54.581 0.0000000000
112690  -44.289  15.301  54.926 0.0000000000
97252  -44.994  11.226  53.228 0.0000000000
126548  -46.712  9.537  50.476 0.0000000000
96190  -48.140  9.786  47.456 0.0000000000
94817  -49.922  8.029  43.907 0.0000000000
97294  -49.294  11.650  44.625 0.0000000000
88888  -49.629  -1.051  61.055 0.0000000000
88890  -52.767  -0.722  61.966 0.0000000000
88908  -53.559  -1.754  59.778 0.0000000000
95411  -47.223  8.787  56.013 0.0000000000
96072  -51.962  9.880  55.562 0.0000000000
95394  -50.847  8.493  56.708 0.0000000000
121692  -48.230  6.369  58.487 0.0000000000
91685  -49.932  2.237  58.078 0.0000000000
89636  -51.928  -0.461  57.619 0.0000000000
87672  -53.565  -4.262  57.032 0.0000000000
110657  -52.006  -5.499  54.726 0.0000000000
113669  -48.515  -3.062  54.574 0.0000000000
113769  -45.021  -1.630  54.889 0.0000000000
89711  -46.669  -0.428  48.297 0.0000000000
109989  -44.176  -0.481  52.090 0.0000000000
88934  -41.914  -1.468  54.571 0.0000000000
117423  -53.478  -6.286  60.232 0.0000000000
85677  -53.131  -6.165  59.018 0.0000000000
117982  -53.110  -5.719  58.336 0.0000000000
93446  -51.288  5.750  45.575 0.0000000000
93426  -52.287  6.061  47.771 0.0000000000
93424  -50.660  5.563  47.792 0.0000000000
112337  -49.067  6.278  49.731 0.0000000000
93333  -47.685  6.271  59.781 0.0000000000
99171  -48.145  15.471  53.899 0.0000000000
91040  -53.688  2.084  52.945 0.0000000000
91710  -53.713  2.885  54.146 0.0000000000
91039  -53.340  1.767  53.096 0.0000000000
116592  -51.669  0.403  52.576 0.0000000000
90350  -51.993  0.282  51.842 0.0000000000
88990  -51.521  -1.574  50.953 0.0000000000
89714  -51.757  -0.557  50.002 0.0000000000
115641  -48.951  9.100  51.540 0.0000000000
96130  -49.806  9.182  51.747 0.0000000000
95459  -50.339  8.778  51.066 0.0000000000
94041  -53.149  6.698  50.335 0.0000000000
94042  -53.460  6.881  50.754 0.0000000000
93408  -53.838  6.027  51.796 0.0000000000
115060  -54.028  5.488  52.405 0.0000000000
92856  -52.449  4.765  52.326 0.0000000000
92317  -51.104  3.334  51.819 0.0000000000
92855  -51.171  4.811  52.310 0.0000000000
92853  -48.461  4.527  52.766 0.0000000000
86980  -51.111  -4.590  64.240 0.0000000000
86320  -51.428  -5.303  65.879 0.0000000000
86982  -52.720  -4.556  64.841 0.0000000000
86995  -53.450  -4.324  63.815 0.0000000000
87616  -52.901  -3.240  63.528 0.0000000000
100507  -41.620  18.461  54.832 0.0000000000
101015  -43.447  20.462  54.787 0.0000000000
100059  -42.942  17.910  54.447 0.0000000000
100050  -44.483  17.248  54.720 0.0000000000
99605  -43.033  16.304  54.833 0.0000000000
97248  -41.991  11.837  53.061 0.0000000000
97243  -42.973  11.763  53.725 0.0000000000
97261  -43.316  11.139  52.525 0.0000000000
96727  -45.003  10.353  52.062 0.0000000000
126400  -44.628  10.541  50.822 0.0000000000
97743  -47.096  12.449  47.418 0.0000000000
96769  -46.744  10.618  48.395 0.0000000000
96783  -48.269  10.557  46.850 0.0000000000
95537  -49.265  9.206  46.162 0.0000000000
96203  -49.294  10.100  45.555 0.0000000000
96217  -49.463  10.217  44.588 0.0000000000
97282  -49.373  11.924  45.711 0.0000000000
90977  -45.582  1.388  59.559 0.0000000000
89619  -45.743  -0.584  59.738 0.0000000000
90298  -47.285  0.338  59.787 0.0000000000
88887  -48.156  -1.819  60.786 0.0000000000
90284  -48.737  0.537  60.465 0.0000000000
91639  -51.670  3.460  61.337 0.0000000000
90274  -51.355  1.347  61.498 0.0000000000
90276  -53.045  0.901  61.541 0.0000000000
110455  -53.435  -0.645  61.342 0.0000000000
90300  -53.433  0.647  60.274 0.0000000000
115988  -47.977  12.565  55.701 0.0000000000
96698  -46.460  10.405  55.531 0.0000000000
96700  -48.591  10.153  55.367 0.0000000000
96719  -52.169  10.197  53.628 0.0000000000
96707  -51.724  11.333  54.288 0.0000000000
96084  -52.564  9.836  54.654 0.0000000000
117270  -51.826  5.193  55.464 0.0000000000
93965  -51.633  7.463  56.443 0.0000000000
93358  -50.176  6.158  56.399 0.0000000000
93947  -49.071  7.200  57.542 0.0000000000
92821  -48.887  4.750  56.884 0.0000000000
92263  -48.729  4.254  58.079 0.0000000000
92274  -49.134  3.301  56.829 0.0000000000
88939  -51.054  -1.384  54.630 0.0000000000
89643  -50.726  -0.422  56.127 0.0000000000
88926  -51.914  -1.675  56.233 0.0000000000
88928  -53.254  -2.527  57.108 0.0000000000
88313  -53.151  -3.888  55.663 0.0000000000
87074  -53.015  -5.299  55.051 0.0000000000
87707  -52.429  -4.409  53.841 0.0000000000
88339  -49.320  -2.442  51.816 0.0000000000
87715  -49.831  -3.636  53.067 0.0000000000
88966  -48.281  -2.198  53.227 0.0000000000
88952  -46.400  -1.867  54.636 0.0000000000
88964  -46.621  -1.155  53.361 0.0000000000
90367  -48.787  0.444  49.475 0.0000000000
90394  -48.763  -0.424  48.388 0.0000000000
90377  -46.361  0.262  48.079 0.0000000000
89698  -42.138  -0.284  49.868 0.0000000000
111042  -43.631  -0.361  49.255 0.0000000000
89686  -42.696  -0.500  51.042 0.0000000000
89665  -43.396  -0.641  53.287 0.0000000000
89663  -41.671  -0.812  52.578 0.0000000000
88946  -40.280  -1.775  54.124 0.0000000000
84976  -52.974  -7.190  63.718 0.0000000000
87049  -49.773  -4.394  57.414 0.0000000000
94763  -51.162  7.684  47.926 0.0000000000
95491  -51.507  8.260  49.398 0.0000000000
94765  -52.340  6.678  48.166 0.0000000000
94057  -52.318  6.429  49.113 0.0000000000
125129  -51.766  6.439  50.713 0.0000000000
94006  -50.279  6.011  51.927 0.0000000000
130042  -50.119  6.454  50.829 0.0000000000
86263  -48.953  -5.900  67.644 0.0000000000
86317  -48.104  -5.321  65.075 0.0000000000
87009  -49.778  -4.029  62.816 0.0000000000
121889  -39.999  17.672  54.944 0.0000000000
97270  -44.414  11.518  49.819 0.0000000000
120020  -46.589  14.119  47.986 0.0000000000
98250  -48.444  13.957  47.085 0.0000000000
130605  -48.479  2.296  60.627 0.0000000000
128377  -50.171  4.388  61.183 0.0000000000
92238  -51.175  4.076  61.050 0.0000000000
98200  -50.432  13.602  55.203 0.0000000000
93986  -53.902  6.573  54.590 0.0000000000
94682  -53.399  7.267  55.110 0.0000000000
93371  -53.507  5.911  55.214 0.0000000000
92839  -52.792  4.003  54.860 0.0000000000
124428  -50.687  3.251  55.061 0.0000000000
91697  -49.701  1.988  55.451 0.0000000000
91023  -50.835  1.436  54.096 0.0000000000
125558  -50.607  -0.082  53.678 0.0000000000
88968  -51.592  -2.330  53.037 0.0000000000
88342  -51.923  -3.724  52.519 0.0000000000
88349  -51.621  -3.113  51.446 0.0000000000
110986  -50.695  -2.553  50.503 0.0000000000
124546  -48.648  -1.506  50.415 0.0000000000
91088  -45.011  1.020  48.164 0.0000000000
95375  -45.515  8.166  57.318 0.0000000000
126074  -47.803  11.830  53.086 0.0000000000
131553  -49.387  12.526  53.210 0.0000000000
96716  -49.182  11.292  52.956 0.0000000000
116223  -51.095  9.739  52.558 0.0000000000
116774  -52.633  9.253  53.232 0.0000000000
111652  -52.959  8.041  50.591 0.0000000000
95461  -53.033  8.280  51.525 0.0000000000
95440  -53.651  7.769  52.867 0.0000000000
126536  -54.446  5.940  53.320 0.0000000000
92312  -53.935  3.406  52.752 0.0000000000
91734  -53.175  2.016  51.561 0.0000000000
91091  -52.223  0.597  50.138 0.0000000000
91739  -52.025  1.825  50.763 0.0000000000
91067  -49.839  1.912  51.286 0.0000000000
91066  -48.546  1.458  51.414 0.0000000000
92308  -49.663  3.922  52.431 0.0000000000
91724  -48.432  2.754  52.544 0.0000000000
112482  -51.204  -5.956  67.673 0.0000000000
85631  -51.982  -6.337  67.291 0.0000000000
84957  -52.612  -6.738  65.841 0.0000000000
119930  -53.434  -6.368  64.381 0.0000000000
128169  -53.607  -5.356  62.601 0.0000000000
87022  -53.571  -4.572  61.401 0.0000000000
101001  -46.854  20.214  56.227 0.0000000000
101519  -45.513  21.610  55.129 0.0000000000
101032  -46.494  20.089  55.217 0.0000000000
114687  -46.902  18.411  54.687 0.0000000000
99161  -45.606  15.915  54.761 0.0000000000
98742  -45.443  14.379  54.467 0.0000000000
98727  -41.065  14.970  54.719 0.0000000000
98197  -42.874  13.839  54.841 0.0000000000
98208  -44.320  13.138  54.309 0.0000000000
120917  -46.377  12.285  53.398 0.0000000000
96714  -46.081  10.495  52.558 0.0000000000
96113  -47.052  9.650  51.921 0.0000000000
96143  -47.671  9.179  50.451 0.0000000000
96760  -45.660  10.558  49.526 0.0000000000
96173  -47.187  9.818  48.854 0.0000000000
95512  -49.057  8.582  48.493 0.0000000000
122813  -49.540  8.367  46.849 0.0000000000
94794  -51.028  6.710  45.736 0.0000000000
94832  -49.172  7.456  42.901 0.0000000000
96229  -49.024  9.484  43.655 0.0000000000
119135  -48.901  14.027  46.571 0.0000000000
87642  -49.488  -2.843  61.648 0.0000000000
87643  -50.490  -2.858  62.018 0.0000000000
90285  -49.716  0.548  60.881 0.0000000000
89596  -50.760  -0.549  61.379 0.0000000000
88244  -52.275  -2.256  62.405 0.0000000000
88881  -53.186  -1.887  62.297 0.0000000000
125428  -53.591  -2.172  61.169 0.0000000000
110137  -53.547  -3.335  59.841 0.0000000000
95376  -46.601  8.176  57.267 0.0000000000
97721  -50.795  12.685  53.642 0.0000000000
97245  -51.081  12.394  54.716 0.0000000000
118400  -50.989  11.303  55.135 0.0000000000
95396  -52.346  8.270  56.153 0.0000000000
128292  -51.563  9.029  56.260 0.0000000000
96070  -50.163  9.687  55.651 0.0000000000
95413  -49.028  8.858  56.158 0.0000000000
95378  -48.513  7.967  57.735 0.0000000000
93932  -47.867  6.798  58.918 0.0000000000
114614  -48.412  5.377  59.130 0.0000000000
92242  -49.905  4.296  59.876 0.0000000000
91676  -51.627  2.629  59.628 0.0000000000
91005  -50.016  1.133  56.753 0.0000000000
90999  -51.240  1.117  58.393 0.0000000000
90308  -52.871  0.665  59.158 0.0000000000
89638  -53.212  -1.058  58.431 0.0000000000
88278  -53.539  -2.670  58.687 0.0000000000
87035  -53.524  -5.061  58.003 0.0000000000
86395  -53.264  -5.592  56.579 0.0000000000
86403  -52.511  -5.764  56.035 0.0000000000
87060  -50.219  -4.458  55.780 0.0000000000
87087  -51.617  -4.790  53.370 0.0000000000
87705  -49.878  -4.113  54.267 0.0000000000
87693  -47.810  -3.301  55.872 0.0000000000
88295  -46.311  -2.822  56.060 0.0000000000
88307  -45.091  -2.230  55.632 0.0000000000
89724  -50.489  -0.818  48.471 0.0000000000
89003  -48.995  -1.245  48.745 0.0000000000
121814  -47.013  -0.807  50.270 0.0000000000
89720  -45.022  -0.088  47.935 0.0000000000
89700  -45.667  -0.533  49.520 0.0000000000
127276  -46.126  -0.593  51.648 0.0000000000
109728  -44.823  -0.578  52.905 0.0000000000
88949  -43.454  -1.453  54.838 0.0000000000
86352  -53.536  -5.877  59.818 0.0000000000
86361  -53.363  -5.902  59.039 0.0000000000
93445  -50.475  5.523  46.205 0.0000000000
123157  -51.061  5.530  47.096 0.0000000000
93433  -50.147  5.464  47.172 0.0000000000
93913  -47.301  6.393  60.112 0.0000000000
118235  -47.048  7.043  59.690 0.0000000000
98744  -47.553  14.676  53.872 0.0000000000
98749  -48.516  14.720  53.618 0.0000000000
98221  -48.808  13.839  53.382 0.0000000000
90351  -53.182  1.277  51.706 0.0000000000
91054  -53.303  1.465  52.328 0.0000000000
90344  -52.597  1.033  52.555 0.0000000000
90359  -52.341  0.184  51.067 0.0000000000
89704  -52.013  -0.227  50.456 0.0000000000
89693  -52.458  0.500  50.563 0.0000000000
95471  -48.910  8.706  50.572 0.0000000000
95458  -49.568  8.787  51.078 0.0000000000
95472  -49.925  8.611  50.381 0.0000000000
94023  -52.736  6.355  51.037 0.0000000000
94024  -53.434  6.478  51.196 0.0000000000
94009  -53.165  6.041  51.628 0.0000000000
93401  -53.007  5.470  52.091 0.0000000000
93400  -51.676  5.413  52.143 0.0000000000
125189  -48.825  -6.159  68.221 0.0000000000
86994  -51.359  -4.115  63.699 0.0000000000
86981  -52.062  -4.390  64.440 0.0000000000
87607  -52.830  -3.835  64.202 0.0000000000
87615  -52.323  -3.627  63.708 0.0000000000
120128  -41.328  17.806  54.742 0.0000000000
100508  -42.478  18.594  54.545 0.0000000000
115724  -42.035  17.746  54.549 0.0000000000
100049  -43.487  17.141  54.682 0.0000000000
122394  -42.181  16.378  54.753 0.0000000000
97730  -42.244  11.983  51.713 0.0000000000
97729  -41.588  12.411  52.084 0.0000000000
97726  -42.058  11.838  52.492 0.0000000000
97260  -42.592  11.486  52.839 0.0000000000
97264  -43.426  11.070  51.774 0.0000000000
96742  -44.066  10.722  51.298 0.0000000000
97267  -43.529  11.235  50.985 0.0000000000
97277  -47.482  11.759  47.197 0.0000000000
96796  -48.508  11.303  46.511 0.0000000000
96797  -48.906  10.714  46.168 0.0000000000
121725  -49.093  11.413  46.032 0.0000000000
97281  -48.899  11.996  46.291 0.0000000000
91658  -45.354  2.354  59.803 0.0000000000
90978  -46.491  1.428  59.607 0.0000000000
90297  -46.573  0.678  59.580 0.0000000000
90979  -47.257  1.200  59.750 0.0000000000
132445  -47.928  0.122  60.127 0.0000000000
91649  -52.141  3.336  61.123 0.0000000000
91640  -52.176  2.894  61.411 0.0000000000
90970  -53.040  2.200  60.968 0.0000000000
90287  -53.422  0.854  61.032 0.0000000000
90982  -53.267  1.449  60.618 0.0000000000
97698  -48.981  12.715  55.523 0.0000000000
97237  -48.513  11.811  55.469 0.0000000000
121538  -48.051  10.901  55.394 0.0000000000
118598  -49.052  11.048  55.324 0.0000000000
95439  -52.851  9.095  54.104 0.0000000000
95429  -52.874  8.744  54.913 0.0000000000
92830  -50.808  4.776  55.533 0.0000000000
93368  -50.896  5.673  55.768 0.0000000000
92822  -49.803  4.989  56.126 0.0000000000
93357  -49.180  5.691  56.863 0.0000000000
118067  -49.212  4.003  56.395 0.0000000000
92284  -49.364  3.266  56.075 0.0000000000
88954  -51.566  -2.192  54.088 0.0000000000
88940  -51.649  -1.995  55.194 0.0000000000
88941  -52.305  -2.506  55.704 0.0000000000
88312  -52.631  -3.378  55.158 0.0000000000
87696  -52.839  -4.229  54.725 0.0000000000
88325  -52.401  -3.688  54.118 0.0000000000
88980  -48.489  -1.967  52.379 0.0000000000
113294  -47.869  -1.586  52.818 0.0000000000
88965  -47.436  -1.670  53.548 0.0000000000
88978  -47.232  -1.076  52.682 0.0000000000
90366  -47.778  0.426  49.046 0.0000000000
90365  -46.804  0.546  48.655 0.0000000000
124495  -41.885  -0.466  50.902 0.0000000000
89675  -42.258  -0.570  51.890 0.0000000000
128274  -40.945  -1.230  52.729 0.0000000000
88977  -40.918  -0.952  51.927 0.0000000000
84986  -53.212  -7.150  62.728 0.0000000000
87051  -51.280  -4.840  58.005 0.0000000000
124751  -51.501  7.165  47.274 0.0000000000
127146  -51.962  7.161  47.867 0.0000000000
94780  -52.092  6.516  47.460 0.0000000000
94071  -52.146  6.016  48.346 0.0000000000
111669  -51.876  6.455  49.891 0.0000000000
94022  -50.614  6.389  51.187 0.0000000000
94039  -50.832  6.456  50.252 0.0000000000
94037  -48.581  6.338  50.562 0.0000000000
112181  -47.130  -5.457  65.338 0.0000000000
86992  -49.239  -4.606  63.543 0.0000000000
100505  -39.798  18.510  55.387 0.0000000000
128183  -46.001  13.711  48.277 0.0000000000
98774  -46.930  15.007  48.029 0.0000000000
99205  -45.542  15.717  48.890 0.0000000000
93318  -48.336  5.564  60.895 0.0000000000
92781  -48.956  5.149  61.210 0.0000000000
92782  -49.676  4.794  61.095 0.0000000000
92768  -50.479  4.384  61.045 0.0000000000
92785  -49.760  4.719  60.611 0.0000000000
111395  -48.234  17.476  54.686 0.0000000000
98201  -50.840  13.605  54.720 0.0000000000
93389  -54.308  5.810  54.259 0.0000000000
119568  -53.891  6.031  54.826 0.0000000000
93378  -53.981  5.342  54.776 0.0000000000
91709  -52.798  2.827  54.368 0.0000000000
92296  -53.258  3.471  54.585 0.0000000000
92295  -52.455  3.477  54.693 0.0000000000
92286  -51.628  4.074  55.060 0.0000000000
92294  -51.629  3.039  54.621 0.0000000000
91708  -50.525  2.341  54.716 0.0000000000
89679  -51.349  -0.503  52.339 0.0000000000
90343  -51.042  0.129  53.108 0.0000000000
89668  -50.918  -0.664  53.192 0.0000000000
88953  -51.149  -1.443  53.584 0.0000000000
88967  -51.309  -1.488  52.641 0.0000000000
117037  -51.609  -2.489  52.126 0.0000000000
88996  -51.256  -1.547  49.864 0.0000000000
88354  -51.185  -2.153  50.281 0.0000000000
88353  -50.591  -1.824  49.723 0.0000000000
88347  -49.524  -2.079  50.776 0.0000000000
88995  -50.006  -1.951  49.982 0.0000000000
96715  -48.272  10.933  52.869 0.0000000000
123660  -49.123  10.508  52.744 0.0000000000
122855  -50.793  9.184  51.767 0.0000000000
96116  -50.173  9.699  52.379 0.0000000000
96117  -51.955  9.643  52.826 0.0000000000
96118  -52.463  8.925  52.226 0.0000000000
95492  -52.361  7.741  49.364 0.0000000000
95474  -52.121  8.327  50.161 0.0000000000
95493  -52.932  7.538  49.824 0.0000000000
94025  -53.720  6.546  51.624 0.0000000000
95462  -53.416  7.557  51.026 0.0000000000
95449  -53.539  7.683  51.904 0.0000000000
94710  -53.998  6.952  52.293 0.0000000000
131403  -54.302  6.538  52.982 0.0000000000
92857  -53.500  4.139  52.493 0.0000000000
92858  -54.077  4.588  52.829 0.0000000000
123034  -53.426  3.314  52.314 0.0000000000
92320  -53.510  2.577  52.253 0.0000000000
92319  -53.002  2.823  51.836 0.0000000000
91733  -52.520  2.282  51.320 0.0000000000
114072  -50.539  2.620  51.558 0.0000000000
131504  -49.152  1.660  51.379 0.0000000000
93398  -49.662  5.363  52.360 0.0000000000
92854  -50.155  4.724  52.419 0.0000000000
117672  -49.207  4.578  52.549 0.0000000000
126878  -47.812  3.230  53.022 0.0000000000
92307  -48.654  3.742  52.687 0.0000000000
86277  -49.433  -5.632  66.909 0.0000000000
86264  -50.240  -5.962  67.867 0.0000000000
112028  -50.531  -5.613  67.010 0.0000000000
86298  -52.113  -5.428  66.192 0.0000000000
86279  -52.148  -5.866  66.891 0.0000000000
86280  -52.513  -6.069  66.569 0.0000000000
84942  -52.363  -6.499  66.656 0.0000000000
85642  -52.933  -6.203  65.905 0.0000000000
84958  -53.146  -6.577  65.114 0.0000000000
85650  -53.372  -6.031  65.151 0.0000000000
109994  -53.473  -3.780  63.227 0.0000000000
86334  -53.606  -5.268  63.517 0.0000000000
110143  -53.605  -4.626  62.955 0.0000000000
109663  -53.589  -5.050  62.014 0.0000000000
87011  -53.587  -4.111  62.395 0.0000000000
132429  -45.282  21.638  57.035 0.0000000000
100990  -45.396  19.986  57.339 0.0000000000
101503  -45.853  20.976  56.916 0.0000000000
101504  -46.459  20.622  56.523 0.0000000000
101512  -46.110  21.318  56.293 0.0000000000
101511  -42.467  21.862  56.284 0.0000000000
101516  -42.994  21.146  55.425 0.0000000000
101030  -44.896  20.009  54.566 0.0000000000
101524  -44.421  20.797  54.644 0.0000000000
101525  -45.320  20.976  54.774 0.0000000000
101526  -45.946  20.913  55.125 0.0000000000
101031  -45.824  20.144  54.862 0.0000000000
100522  -46.488  19.221  54.853 0.0000000000
100062  -46.009  18.371  54.688 0.0000000000
99160  -44.824  15.832  54.887 0.0000000000
99606  -45.081  16.547  54.853 0.0000000000
98731  -45.131  15.207  54.781 0.0000000000
99170  -46.043  15.230  54.494 0.0000000000
98196  -42.081  14.056  54.872 0.0000000000
126185  -42.222  13.408  54.661 0.0000000000
97244  -43.652  11.715  53.700 0.0000000000
132474  -43.621  12.851  54.333 0.0000000000
97715  -44.500  11.818  53.637 0.0000000000
97708  -44.885  12.610  53.946 0.0000000000
97716  -45.421  12.028  53.502 0.0000000000
97253  -46.020  11.349  53.074 0.0000000000
123746  -45.401  10.811  52.834 0.0000000000
96744  -45.521  10.003  51.493 0.0000000000
96112  -46.250  9.728  51.623 0.0000000000
96128  -46.923  9.463  51.096 0.0000000000
130864  -47.354  9.322  50.962 0.0000000000
97736  -44.737  12.157  49.212 0.0000000000
97271  -45.121  11.313  49.340 0.0000000000
97273  -45.667  11.145  48.924 0.0000000000
96770  -47.482  10.146  48.032 0.0000000000
96174  -47.873  9.445  48.393 0.0000000000
96157  -48.377  8.920  48.753 0.0000000000
96175  -48.507  8.986  47.984 0.0000000000
116927  -49.112  8.574  47.676 0.0000000000
118166  -49.938  8.406  44.931 0.0000000000
125841  -49.672  8.565  45.824 0.0000000000
94805  -50.412  7.356  44.862 0.0000000000
94806  -50.877  6.487  44.811 0.0000000000
94818  -50.459  6.792  43.970 0.0000000000
96814  -49.376  11.087  44.622 0.0000000000
96230  -49.268  9.719  43.893 0.0000000000
116938  -49.260  10.564  44.257 0.0000000000
96829  -49.053  10.583  44.081 0.0000000000
96830  -49.198  11.062  44.358 0.0000000000
98258  -49.060  13.330  46.435 0.0000000000
88269  -47.411  -2.329  60.795 0.0000000000
121904  -48.679  -1.072  60.709 0.0000000000
114530  -48.747  -2.337  61.219 0.0000000000
88256  -49.560  -1.968  61.293 0.0000000000
112653  -50.236  -2.299  61.620 0.0000000000
91648  -49.201  2.297  60.949 0.0000000000
90968  -49.474  1.423  60.827 0.0000000000
89597  -51.608  0.369  61.550 0.0000000000
109995  -51.932  -0.569  61.666 0.0000000000
88889  -51.332  -1.271  61.616 0.0000000000
88258  -52.190  -1.426  61.971 0.0000000000
88880  -52.862  -1.588  62.305 0.0000000000
88904  -53.597  -1.524  60.836 0.0000000000
88892  -53.426  -1.576  61.668 0.0000000000
110138  -53.578  -3.137  60.860 0.0000000000
110597  -53.576  -2.419  60.351 0.0000000000
96067  -46.709  9.381  55.648 0.0000000000
95389  -45.709  8.675  56.572 0.0000000000
97255  -49.708  11.939  53.139 0.0000000000
97720  -50.135  12.666  53.284 0.0000000000
97256  -50.581  11.982  53.342 0.0000000000
96704  -51.792  10.941  54.857 0.0000000000
97246  -51.314  11.996  54.397 0.0000000000
97240  -51.298  11.616  54.860 0.0000000000
96703  -51.440  10.712  55.242 0.0000000000
93977  -53.030  6.813  55.646 0.0000000000
94681  -52.800  7.751  55.724 0.0000000000
93966  -52.393  7.585  56.147 0.0000000000
94665  -51.012  7.990  56.901 0.0000000000
120107  -51.500  8.423  56.555 0.0000000000
95414  -49.788  9.098  56.041 0.0000000000
95393  -49.869  8.497  56.731 0.0000000000
93348  -48.668  6.278  57.667 0.0000000000
94649  -49.051  7.729  57.597 0.0000000000
94637  -48.443  7.062  58.119 0.0000000000
94648  -48.183  7.395  58.215 0.0000000000
93334  -48.030  6.033  59.151 0.0000000000
93347  -48.398  5.524  58.258 0.0000000000
92264  -49.076  3.532  57.732 0.0000000000
92256  -49.229  3.977  58.846 0.0000000000
91674  -49.653  3.112  58.396 0.0000000000
92257  -50.231  3.636  59.515 0.0000000000
91675  -50.577  2.811  59.109 0.0000000000
91012  -49.707  1.338  55.433 0.0000000000
91004  -49.624  1.606  56.104 0.0000000000
90323  -49.811  0.893  55.837 0.0000000000
90325  -51.066  -0.121  57.107 0.0000000000
90317  -51.587  0.337  58.006 0.0000000000
90307  -52.183  0.904  58.834 0.0000000000
90318  -52.416  0.072  58.455 0.0000000000
89628  -53.028  -0.183  58.801 0.0000000000
89637  -52.756  -0.730  58.018 0.0000000000
88297  -53.371  -3.537  56.620 0.0000000000
88922  -53.423  -2.032  58.027 0.0000000000
88286  -53.500  -3.177  57.572 0.0000000000
87656  -53.569  -4.105  58.042 0.0000000000
116254  -53.517  -5.035  57.278 0.0000000000
123089  -53.496  -5.023  56.568 0.0000000000
86412  -52.808  -5.582  55.076 0.0000000000
86404  -52.927  -5.887  55.576 0.0000000000
87073  -51.931  -5.532  55.320 0.0000000000
87061  -51.243  -5.071  56.123 0.0000000000
87072  -51.130  -5.076  54.929 0.0000000000
87724  -51.388  -4.143  51.833 0.0000000000
87096  -51.943  -4.120  52.652 0.0000000000
110515  -50.803  -4.039  52.313 0.0000000000
88332  -48.849  -2.914  53.635 0.0000000000
87704  -49.398  -3.568  54.020 0.0000000000
110212  -49.281  -3.707  54.796 0.0000000000
88310  -47.936  -2.992  55.256 0.0000000000
88309  -47.158  -2.783  55.528 0.0000000000
88951  -45.678  -1.564  54.548 0.0000000000
88938  -45.749  -1.963  55.150 0.0000000000
88305  -43.670  -2.310  55.960 0.0000000000
88937  -44.185  -1.815  55.368 0.0000000000
91090  -51.701  0.659  49.756 0.0000000000
90382  -51.673  0.106  49.427 0.0000000000
122338  -50.321  0.239  49.004 0.0000000000
89721  -47.203  -0.370  48.271 0.0000000000
89722  -48.601  -0.717  48.312 0.0000000000
89712  -47.346  -0.763  48.583 0.0000000000
88993  -48.157  -1.249  49.249 0.0000000000
89701  -46.622  -0.678  49.121 0.0000000000
90389  -44.101  0.419  47.697 0.0000000000
89719  -44.122  0.141  47.793 0.0000000000
110126  -43.890  -0.464  50.344 0.0000000000
89699  -44.630  -0.465  49.767 0.0000000000
89688  -44.438  -0.487  51.122 0.0000000000
89689  -45.372  -0.524  51.031 0.0000000000
127255  -44.883  -0.477  51.932 0.0000000000
89677  -45.566  -0.574  52.260 0.0000000000
88962  -42.054  -1.000  53.639 0.0000000000
128291  -42.851  -0.808  53.706 0.0000000000
88948  -42.739  -1.202  54.363 0.0000000000
88935  -42.664  -1.653  55.151 0.0000000000
121951  -53.497  -6.469  61.087 0.0000000000
85661  -53.261  -6.719  60.214 0.0000000000
85669  -52.859  -6.634  59.608 0.0000000000
94095  -51.680  6.077  46.039 0.0000000000
94081  -52.079  6.078  46.913 0.0000000000
93447  -51.796  5.967  46.289 0.0000000000
93425  -51.821  5.768  47.590 0.0000000000
94070  -51.233  5.797  48.441 0.0000000000
94055  -50.196  6.255  49.306 0.0000000000
94069  -50.058  5.822  48.454 0.0000000000
93329  -47.793  5.898  60.408 0.0000000000
93330  -48.242  5.728  60.148 0.0000000000
113855  -47.686  16.205  54.204 0.0000000000
98751  -50.037  14.535  53.631 0.0000000000
92298  -54.271  3.473  53.677 0.0000000000
127609  -54.143  3.507  54.129 0.0000000000
91720  -54.047  2.787  53.556 0.0000000000
113133  -53.690  2.347  53.522 0.0000000000
114607  -52.429  1.620  53.401 0.0000000000
129379  -51.662  1.564  53.703 0.0000000000
89680  -51.593  -0.628  51.415 0.0000000000
89692  -51.698  -0.619  50.840 0.0000000000
89703  -51.527  -0.950  50.449 0.0000000000
89005  -51.232  -1.138  49.262 0.0000000000
96114  -48.114  9.505  51.993 0.0000000000
96115  -49.169  9.676  52.328 0.0000000000
95460  -51.277  8.725  51.005 0.0000000000
116692  -53.518  4.940  52.452 0.0000000000
92318  -52.148  3.162  51.728 0.0000000000
92310  -51.690  4.062  52.144 0.0000000000
92309  -50.629  4.068  52.227 0.0000000000
85609  -50.481  -6.968  68.883 0.0000000000
86319  -50.577  -5.243  65.422 0.0000000000
86297  -50.777  -5.425  66.279 0.0000000000
112614  -51.313  -4.989  64.939 0.0000000000
86967  -52.098  -4.976  65.340 0.0000000000
86968  -52.583  -5.196  65.516 0.0000000000
86983  -53.074  -4.879  65.060 0.0000000000
87608  -53.113  -4.240  64.439 0.0000000000
87617  -53.146  -3.647  63.810 0.0000000000
88237  -53.200  -3.114  63.231 0.0000000000
101983  -45.015  22.353  56.983 0.0000000000
101014  -42.057  19.276  54.964 0.0000000000
128000  -42.536  20.148  55.144 0.0000000000
101028  -42.936  19.483  54.597 0.0000000000
100519  -43.380  18.791  54.420 0.0000000000
100520  -44.376  18.998  54.425 0.0000000000
100061  -44.942  18.200  54.571 0.0000000000
100060  -43.891  18.053  54.473 0.0000000000
121862  -44.077  16.250  54.891 0.0000000000
99159  -43.391  15.424  54.959 0.0000000000
97724  -40.497  12.840  52.891 0.0000000000
97704  -41.919  12.769  54.325 0.0000000000
97249  -42.465  11.757  53.413 0.0000000000
97250  -43.236  11.342  53.208 0.0000000000
96712  -43.858  10.952  52.799 0.0000000000
96713  -44.651  10.737  52.711 0.0000000000
96726  -44.123  10.680  52.134 0.0000000000
96743  -44.778  10.398  51.447 0.0000000000
96752  -45.331  10.147  50.719 0.0000000000
97740  -46.252  12.235  47.984 0.0000000000
97274  -46.139  11.339  48.412 0.0000000000
97276  -46.776  11.519  47.782 0.0000000000
96781  -47.299  10.910  47.612 0.0000000000
95526  -48.781  9.081  47.085 0.0000000000
96202  -48.703  9.879  46.531 0.0000000000
95538  -49.596  9.318  45.129 0.0000000000
95548  -49.599  9.149  44.270 0.0000000000
96798  -49.435  11.093  45.297 0.0000000000
97285  -49.524  11.785  45.044 0.0000000000
91644  -45.144  3.124  60.189 0.0000000000
114872  -44.607  1.688  59.758 0.0000000000
90296  -45.726  0.358  59.548 0.0000000000
109616  -47.339  -1.555  60.470 0.0000000000
89609  -47.306  -0.639  60.103 0.0000000000
89610  -48.281  -0.422  60.418 0.0000000000
89611  -49.169  -0.291  60.709 0.0000000000
91638  -50.856  3.282  61.447 0.0000000000
90958  -51.117  2.300  61.496 0.0000000000
90959  -52.008  2.243  61.585 0.0000000000
90275  -52.320  1.248  61.609 0.0000000000
89598  -52.595  0.226  61.739 0.0000000000
89599  -53.118  -0.144  61.789 0.0000000000
89600  -53.329  0.236  61.346 0.0000000000
89613  -53.571  0.065  60.767 0.0000000000
89621  -53.517  -0.169  59.958 0.0000000000
97236  -47.560  11.684  55.563 0.0000000000
122882  -47.228  10.883  55.454 0.0000000000
116364  -47.533  9.175  55.696 0.0000000000
97257  -51.325  11.907  53.842 0.0000000000
97258  -51.921  10.935  53.852 0.0000000000
96708  -52.157  10.669  54.516 0.0000000000
96705  -52.291  10.216  55.099 0.0000000000
93369  -51.840  6.069  55.725 0.0000000000
93976  -52.270  6.807  55.974 0.0000000000
93359  -51.255  6.603  56.157 0.0000000000
93964  -50.590  7.186  56.673 0.0000000000
94664  -50.084  8.082  57.183 0.0000000000
117706  -49.545  6.748  57.049 0.0000000000
93356  -48.670  5.334  57.437 0.0000000000
92813  -48.620  4.730  57.678 0.0000000000
92273  -48.814  4.030  57.239 0.0000000000
91684  -49.409  2.725  57.357 0.0000000000
89649  -50.558  -0.611  55.094 0.0000000000
89650  -51.177  -1.193  55.697 0.0000000000
89644  -51.490  -0.881  56.696 0.0000000000
89645  -52.318  -1.258  57.181 0.0000000000
88921  -53.055  -1.584  57.575 0.0000000000
88927  -52.678  -2.085  56.687 0.0000000000
88296  -52.915  -2.986  56.171 0.0000000000
87686  -53.423  -4.473  56.163 0.0000000000
87697  -53.195  -4.730  55.298 0.0000000000
87708  -52.841  -4.827  54.607 0.0000000000
87083  -52.577  -5.071  54.299 0.0000000000
88340  -50.017  -3.345  52.076 0.0000000000
112814  -49.126  -2.719  52.742 0.0000000000
88331  -47.977  -2.398  54.043 0.0000000000
114815  -47.623  -2.573  54.804 0.0000000000
88323  -47.187  -2.060  54.348 0.0000000000
114560  -46.760  -1.572  54.018 0.0000000000
109876  -46.065  -1.335  53.978 0.0000000000
90368  -49.800  0.575  49.721 0.0000000000
90380  -49.378  0.061  48.718 0.0000000000
90379  -48.280  0.039  48.487 0.0000000000
90378  -47.287  0.082  48.255 0.0000000000
90392  -46.987  -0.074  48.149 0.0000000000
89707  -42.447  -0.002  48.832 0.0000000000
89708  -43.316  -0.053  48.240 0.0000000000
111315  -42.820  -0.217  49.104 0.0000000000
110085  -43.101  -0.405  50.119 0.0000000000
89687  -43.606  -0.487  51.209 0.0000000000
89676  -43.254  -0.519  52.237 0.0000000000
89664  -42.584  -0.633  52.936 0.0000000000
88961  -41.151  -1.408  53.770 0.0000000000
129752  -41.472  -1.124  53.217 0.0000000000
88960  -40.222  -1.509  53.057 0.0000000000
84975  -52.020  -7.323  63.975 0.0000000000
112132  -50.867  8.241  48.710 0.0000000000
95490  -50.424  8.496  49.570 0.0000000000
94764  -51.947  7.567  48.619 0.0000000000
94750  -52.681  7.008  49.058 0.0000000000
94082  -52.292  6.151  47.631 0.0000000000
94072  -52.284  6.385  48.433 0.0000000000
111867  -52.634  6.750  49.492 0.0000000000
94040  -52.637  6.529  49.998 0.0000000000
94007  -51.427  6.156  51.535 0.0000000000
93399  -51.181  5.819  51.986 0.0000000000
94021  -49.511  6.329  51.334 0.0000000000
94038  -49.680  6.437  50.356 0.0000000000
116784  -48.147  -6.022  67.796 0.0000000000
125700  -48.056  -5.852  67.282 0.0000000000
86276  -48.386  -5.683  66.778 0.0000000000
86295  -48.742  -5.481  66.001 0.0000000000
124278  -49.038  -5.307  65.279 0.0000000000
86318  -49.727  -5.175  64.964 0.0000000000
86979  -49.711  -4.869  64.204 0.0000000000
86993  -50.331  -4.476  63.702 0.0000000000
87010  -50.706  -3.910  63.179 0.0000000000
101515  -41.663  20.040  55.622 0.0000000000
101013  -41.163  19.182  55.399 0.0000000000
100506  -40.699  18.286  55.097 0.0000000000
100048  -40.791  17.305  54.658 0.0000000000
120676  -43.189  11.852  50.743 0.0000000000
97739  -45.074  12.760  48.805 0.0000000000
98245  -45.711  12.947  48.315 0.0000000000
98248  -46.643  13.277  47.748 0.0000000000
98249  -47.709  13.282  47.255 0.0000000000
98257  -48.486  13.212  46.865 0.0000000000
98776  -47.415  14.097  47.560 0.0000000000
92225  -49.205  3.986  61.449 0.0000000000
92226  -50.104  3.998  61.392 0.0000000000
92227  -50.957  3.998  61.235 0.0000000000
92228  -51.569  3.775  61.135 0.0000000000
91662  -52.090  3.143  60.496 0.0000000000
98199  -49.413  13.645  55.613 0.0000000000
97699  -50.071  12.886  55.219 0.0000000000
94691  -53.803  7.230  54.247 0.0000000000
95417  -53.340  7.917  54.644 0.0000000000
93978  -53.559  6.515  55.116 0.0000000000
92297  -53.778  3.666  54.441 0.0000000000
92832  -53.526  5.038  55.114 0.0000000000
122354  -49.815  2.861  55.476 0.0000000000
91022  -49.918  1.444  54.811 0.0000000000
90337  -50.153  0.893  54.407 0.0000000000
117494  -51.538  0.966  53.308 0.0000000000
91038  -50.658  0.605  53.800 0.0000000000
90338  -50.249  0.153  54.468 0.0000000000
89657  -50.647  -0.678  54.070 0.0000000000
88324  -52.007  -3.068  53.536 0.0000000000
88334  -52.186  -3.795  53.162 0.0000000000
88333  -52.019  -2.975  52.833 0.0000000000
88341  -51.771  -3.263  52.090 0.0000000000
87730  -51.480  -3.383  51.486 0.0000000000
88355  -51.510  -2.511  50.885 0.0000000000
88348  -51.402  -2.952  50.876 0.0000000000
129798  -50.961  -3.190  50.936 0.0000000000
87729  -50.287  -2.983  51.223 0.0000000000
110763  -48.601  -1.694  51.405 0.0000000000
91089  -45.901  0.766  48.383 0.0000000000
91076  -45.467  1.213  49.426 0.0000000000
91087  -44.116  1.125  48.159 0.0000000000
91096  -43.108  0.607  48.153 0.0000000000
90375  -42.580  0.470  48.641 0.0000000000
89697  -41.621  -0.055  49.625 0.0000000000
89685  -41.131  -0.330  50.473 0.0000000000
97717  -47.338  12.548  53.283 0.0000000000
97718  -48.504  12.763  53.250 0.0000000000
97254  -48.813  11.900  53.103 0.0000000000
96717  -50.010  11.080  52.975 0.0000000000
96732  -49.793  10.222  52.690 0.0000000000
96733  -50.604  10.366  52.883 0.0000000000
96734  -51.495  10.363  53.258 0.0000000000
122550  -53.224  8.493  53.452 0.0000000000
95473  -50.925  8.577  50.243 0.0000000000
110024  -52.184  8.631  51.274 0.0000000000
128037  -53.292  7.356  50.324 0.0000000000
95448  -53.129  8.432  52.505 0.0000000000
95430  -53.602  7.837  53.817 0.0000000000
94701  -54.022  7.162  53.330 0.0000000000
93995  -54.249  6.560  53.805 0.0000000000
93390  -54.446  5.167  53.723 0.0000000000
93402  -54.340  5.350  52.954 0.0000000000
92849  -54.367  4.653  53.340 0.0000000000
92313  -54.260  3.897  53.293 0.0000000000
91721  -54.150  3.183  53.251 0.0000000000
91735  -53.418  1.835  52.134 0.0000000000
91068  -53.115  1.395  51.334 0.0000000000
91082  -52.846  1.030  50.659 0.0000000000
91740  -52.766  1.591  50.934 0.0000000000
91081  -52.313  1.183  50.334 0.0000000000
121428  -51.456  1.276  50.250 0.0000000000
116571  -51.572  2.531  51.334 0.0000000000
91732  -50.968  1.898  50.962 0.0000000000
91080  -50.348  1.234  50.460 0.0000000000
91079  -49.221  1.078  50.685 0.0000000000
90358  -48.179  0.763  50.459 0.0000000000
91078  -47.245  0.740  50.052 0.0000000000
124385  -50.652  5.446  52.229 0.0000000000
91725  -49.256  3.113  52.293 0.0000000000
86265  -50.989  -6.320  68.134 0.0000000000
86278  -51.507  -5.649  66.880 0.0000000000
130672  -51.766  -6.024  67.453 0.0000000000
84930  -51.543  -6.758  67.773 0.0000000000
84956  -52.066  -7.057  66.587 0.0000000000
84970  -51.787  -7.325  65.004 0.0000000000
84971  -52.679  -7.070  64.825 0.0000000000
84977  -53.364  -6.774  63.579 0.0000000000
84987  -53.502  -6.573  62.712 0.0000000000
112153  -53.534  -5.688  64.401 0.0000000000
85652  -53.581  -6.121  63.552 0.0000000000
85660  -53.561  -6.347  61.998 0.0000000000
116697  -53.598  -5.833  61.856 0.0000000000
86350  -53.562  -5.658  60.920 0.0000000000
87024  -53.540  -5.008  60.344 0.0000000000
102486  -45.274  22.437  55.784 0.0000000000
101517  -43.973  21.521  55.083 0.0000000000
102003  -45.154  22.236  55.363 0.0000000000
102004  -45.580  21.973  55.460 0.0000000000
101520  -46.388  21.005  55.848 0.0000000000
101016  -46.757  20.297  55.615 0.0000000000
101017  -47.068  19.586  55.399 0.0000000000
101033  -46.976  19.279  55.110 0.0000000000
100523  -47.243  18.603  54.895 0.0000000000
116797  -47.574  17.815  54.597 0.0000000000
100051  -45.517  17.430  54.729 0.0000000000
99607  -46.073  16.734  54.704 0.0000000000
99617  -47.164  16.942  54.464 0.0000000000
113579  -47.084  15.353  54.215 0.0000000000
98743  -46.549  14.524  54.169 0.0000000000
98211  -47.105  13.903  53.763 0.0000000000
99157  -41.650  15.697  54.746 0.0000000000
99158  -42.486  15.557  54.881 0.0000000000
98729  -42.744  14.687  54.960 0.0000000000
98730  -43.727  14.475  54.902 0.0000000000
98206  -42.844  12.944  54.480 0.0000000000
98207  -43.651  13.534  54.624 0.0000000000
98741  -44.494  13.940  54.597 0.0000000000
98209  -45.187  13.437  54.227 0.0000000000
98210  -46.149  13.680  54.068 0.0000000000
98219  -46.747  13.113  53.586 0.0000000000
123030  -46.914  11.794  53.144 0.0000000000
123415  -47.053  10.906  52.863 0.0000000000
96730  -47.592  10.069  52.530 0.0000000000
118716  -45.349  10.490  52.431 0.0000000000
128996  -46.360  9.931  52.150 0.0000000000
120176  -48.207  9.071  51.211 0.0000000000
95470  -48.712  8.698  49.495 0.0000000000
96751  -44.162  10.980  50.526 0.0000000000
96759  -44.925  10.697  50.092 0.0000000000
96154  -46.049  9.870  50.106 0.0000000000
96768  -46.103  10.724  48.879 0.0000000000
96761  -46.438  10.151  49.252 0.0000000000
96155  -46.956  9.579  49.745 0.0000000000
96156  -47.783  9.223  49.287 0.0000000000
119987  -49.770  8.493  48.997 0.0000000000
95513  -49.989  8.235  47.969 0.0000000000
94779  -50.514  7.698  47.118 0.0000000000
94793  -50.232  7.718  45.999 0.0000000000
116863  -51.025  7.204  46.570 0.0000000000
94094  -51.353  6.126  45.223 0.0000000000
93457  -51.037  5.760  44.725 0.0000000000
95559  -49.460  8.854  43.674 0.0000000000
95558  -49.060  8.359  43.181 0.0000000000
97748  -49.279  12.621  46.103 0.0000000000
97749  -49.415  12.427  45.537 0.0000000000
126178  -48.276  -3.850  62.028 0.0000000000
88255  -48.042  -2.534  61.110 0.0000000000
87641  -48.396  -3.143  61.543 0.0000000000
87624  -49.064  -3.644  62.099 0.0000000000
87625  -49.888  -3.393  62.192 0.0000000000
87626  -50.627  -3.443  62.609 0.0000000000
88243  -51.444  -2.890  62.457 0.0000000000
90967  -48.615  1.524  60.498 0.0000000000
89612  -49.947  -0.188  61.076 0.0000000000
90969  -50.391  1.392  61.230 0.0000000000
90286  -50.604  0.474  61.278 0.0000000000
110852  -50.443  -1.559  61.448 0.0000000000
88257  -51.238  -2.124  61.862 0.0000000000
87627  -52.383  -3.010  62.998 0.0000000000
88245  -52.947  -2.487  62.837 0.0000000000
88246  -53.296  -2.689  62.588 0.0000000000
88891  -53.158  -1.048  62.009 0.0000000000
88259  -53.521  -2.409  61.848 0.0000000000
87644  -53.581  -3.435  61.874 0.0000000000
126119  -53.556  -4.082  60.879 0.0000000000
87650  -53.537  -4.233  59.908 0.0000000000
94647  -47.166  7.687  58.196 0.0000000000
97719  -49.570  13.207  53.283 0.0000000000
98223  -50.466  13.884  53.692 0.0000000000
97710  -51.204  12.641  53.998 0.0000000000
98212  -50.903  13.774  54.137 0.0000000000
97700  -50.877  12.983  54.947 0.0000000000
97239  -50.744  12.137  55.060 0.0000000000
120635  -50.114  11.218  55.207 0.0000000000
124564  -53.022  8.042  55.268 0.0000000000
96073  -52.432  9.371  55.377 0.0000000000
94666  -51.872  8.098  56.508 0.0000000000
95395  -51.947  8.561  56.357 0.0000000000
96071  -51.174  9.789  55.696 0.0000000000
96702  -50.608  10.519  55.366 0.0000000000
96701  -49.594  10.338  55.362 0.0000000000
96068  -48.297  9.341  55.638 0.0000000000
95412  -48.056  8.699  56.273 0.0000000000
95379  -49.343  8.110  57.387 0.0000000000
95392  -48.883  8.381  57.045 0.0000000000
126768  -48.132  8.316  57.182 0.0000000000
95377  -47.657  8.057  57.638 0.0000000000
131512  -47.255  7.166  59.310 0.0000000000
93931  -47.426  6.877  59.501 0.0000000000
92784  -48.906  5.189  60.040 0.0000000000
129125  -48.549  4.878  58.365 0.0000000000
92796  -48.761  4.723  58.962 0.0000000000
92797  -49.307  4.660  59.677 0.0000000000
92243  -50.717  4.094  60.566 0.0000000000
91661  -51.253  3.423  60.097 0.0000000000
90980  -52.457  2.381  59.976 0.0000000000
91689  -49.438  2.491  56.315 0.0000000000
90997  -49.654  1.891  57.041 0.0000000000
90324  -50.357  0.361  56.479 0.0000000000
90316  -50.696  0.656  57.453 0.0000000000
90998  -50.315  1.433  57.767 0.0000000000
90988  -50.896  1.951  58.738 0.0000000000
90989  -51.900  1.743  59.228 0.0000000000
90990  -52.683  1.507  59.556 0.0000000000
90299  -53.156  1.150  59.844 0.0000000000
90309  -53.257  0.301  59.518 0.0000000000
131313  -53.534  -0.906  59.656 0.0000000000
88914  -53.467  -1.453  58.956 0.0000000000
87652  -53.567  -3.576  59.030 0.0000000000
118901  -53.559  -4.606  58.840 0.0000000000
86373  -53.400  -5.459  58.464 0.0000000000
86385  -53.064  -5.694  57.177 0.0000000000
86384  -52.833  -5.781  56.944 0.0000000000
86405  -53.049  -5.792  55.692 0.0000000000
86394  -53.029  -5.914  56.222 0.0000000000
117085  -51.866  -5.213  57.066 0.0000000000
87050  -50.796  -4.656  57.261 0.0000000000
125491  -50.262  -4.462  56.627 0.0000000000
87717  -52.136  -4.148  53.035 0.0000000000
87088  -52.177  -4.572  53.404 0.0000000000
87716  -50.764  -4.396  53.108 0.0000000000
87706  -50.742  -4.678  53.991 0.0000000000
87071  -50.060  -4.351  54.877 0.0000000000
87695  -49.326  -3.895  55.608 0.0000000000
114806  -48.522  -3.655  56.182 0.0000000000
87685  -47.740  -3.627  56.636 0.0000000000
87684  -47.058  -3.288  56.275 0.0000000000
88308  -46.395  -2.365  55.327 0.0000000000
110663  -45.827  -2.395  55.661 0.0000000000
90383  -52.066  -0.001  49.915 0.0000000000
89713  -51.532  -0.548  49.359 0.0000000000
89012  -50.747  -1.133  48.730 0.0000000000
131825  -49.414  -0.408  48.467 0.0000000000
89010  -49.123  -1.010  48.300 0.0000000000
121078  -49.645  -1.248  48.566 0.0000000000
88994  -49.197  -1.513  49.773 0.0000000000
88989  -47.815  -1.162  50.616 0.0000000000
89691  -46.999  -0.730  51.544 0.0000000000
90376  -45.416  0.513  47.876 0.0000000000
89709  -44.282  -0.236  48.371 0.0000000000
131532  -45.118  -0.353  48.626 0.0000000000
89710  -45.920  -0.349  48.312 0.0000000000
89690  -46.303  -0.620  50.568 0.0000000000
89678  -46.398  -0.734  52.507 0.0000000000
89667  -45.782  -0.810  53.213 0.0000000000
88963  -45.121  -1.101  53.979 0.0000000000
124518  -43.977  -0.548  52.873 0.0000000000
89666  -44.183  -0.758  53.648 0.0000000000
88950  -44.248  -1.292  54.481 0.0000000000
85670  -53.316  -6.309  59.572 0.0000000000
86252  -50.473  -6.516  68.510 0.0000000000
86266  -51.450  -6.400  67.801 0.0000000000
86299  -52.542  -5.688  66.168 0.0000000000
86300  -52.856  -5.858  66.001 0.0000000000
86321  -53.299  -5.434  65.101 0.0000000000
86345  -53.612  -5.921  62.690 0.0000000000
86386  -53.306  -5.473  57.590 0.0000000000
86411  -52.584  -5.647  55.162 0.0000000000
87062  -53.351  -5.283  55.855 0.0000000000
87081  -51.755  -5.236  54.087 0.0000000000
87082  -52.422  -5.342  54.504 0.0000000000
87095  -51.557  -4.329  52.717 0.0000000000
87683  -46.421  -3.373  56.645 0.0000000000
87694  -48.549  -3.431  55.377 0.0000000000
87725  -51.703  -3.536  52.052 0.0000000000
88271  -53.550  -2.731  59.531 0.0000000000
88294  -45.564  -2.649  56.096 0.0000000000
88306  -44.393  -2.372  55.963 0.0000000000
88322  -46.937  -2.354  54.918 0.0000000000
88903  -47.932  -1.105  60.510 0.0000000000
88997  -51.417  -1.728  50.381 0.0000000000
89002  -48.158  -0.803  48.372 0.0000000000
89004  -50.339  -1.369  48.894 0.0000000000
89011  -49.986  -1.091  48.401 0.0000000000
89629  -53.361  -0.541  59.213 0.0000000000
89656  -43.486  -0.952  54.094 0.0000000000
89702  -47.381  -0.954  49.449 0.0000000000
89717  -43.005  0.242  48.201 0.0000000000
89723  -49.489  -0.778  48.318 0.0000000000
89725  -51.082  -0.832  48.781 0.0000000000
90330  -49.795  0.805  55.029 0.0000000000
90381  -51.096  0.203  49.004 0.0000000000
90393  -47.854  -0.365  48.226 0.0000000000
90395  -50.218  -0.307  48.598 0.0000000000
90396  -51.085  -0.381  48.794 0.0000000000
90960  -52.676  2.045  61.385 0.0000000000
90961  -53.142  1.543  61.159 0.0000000000
90981  -52.938  1.967  60.295 0.0000000000
91097  -43.754  0.684  47.866 0.0000000000
91098  -44.521  0.684  47.769 0.0000000000
91637  -49.735  3.217  61.385 0.0000000000
91650  -52.560  2.708  61.148 0.0000000000
91657  -44.612  2.478  60.018 0.0000000000
91659  -46.263  2.251  59.771 0.0000000000
91719  -53.143  2.241  53.797 0.0000000000
91726  -53.841  2.580  52.844 0.0000000000
91731  -49.736  2.651  51.835 0.0000000000
92239  -51.634  3.787  60.879 0.0000000000
92767  -49.483  4.572  61.296 0.0000000000
92831  -52.800  4.716  55.219 0.0000000000
92840  -53.436  4.209  54.807 0.0000000000
92841  -54.015  4.399  54.560 0.0000000000
93379  -54.329  4.977  54.335 0.0000000000
93434  -51.628  5.766  46.621 0.0000000000
93435  -52.149  6.026  47.148 0.0000000000
93458  -51.412  5.919  45.380 0.0000000000
93963  -49.896  7.647  57.171 0.0000000000
94109  -51.003  5.995  44.398 0.0000000000
94129  -49.393  6.736  42.852 0.0000000000
94636  -47.560  7.273  58.818 0.0000000000
94721  -53.708  7.077  51.455 0.0000000000
95415  -52.201  8.954  55.999 0.0000000000
95416  -52.609  8.522  55.637 0.0000000000
95572  -49.377  8.151  43.266 0.0000000000
96062  -50.646  9.094  56.267 0.0000000000
96069  -49.214  9.542  55.630 0.0000000000
96099  -52.542  9.822  53.953 0.0000000000
96129  -47.533  9.338  51.301 0.0000000000
96131  -51.675  9.228  52.015 0.0000000000
96142  -46.074  9.639  50.918 0.0000000000
96247  -49.226  8.919  43.476 0.0000000000
96699  -47.526  9.963  55.359 0.0000000000
96720  -52.335  10.427  54.079 0.0000000000
96728  -45.730  10.084  52.069 0.0000000000
96729  -46.808  10.142  52.448 0.0000000000
96782  -47.869  11.156  47.013 0.0000000000
97251  -44.106  11.205  53.237 0.0000000000
97263  -42.717  11.436  52.144 0.0000000000
97269  -43.737  11.726  50.306 0.0000000000
97280  -48.184  11.932  46.695 0.0000000000
97705  -42.484  12.205  53.999 0.0000000000
97706  -43.250  12.247  54.108 0.0000000000
97707  -44.042  12.361  54.065 0.0000000000
97709  -51.109  12.986  54.407 0.0000000000
97725  -41.371  12.332  52.877 0.0000000000
97728  -40.967  12.749  52.369 0.0000000000
97747  -48.727  12.662  46.568 0.0000000000
98205  -41.440  13.485  54.560 0.0000000000
98213  -50.894  13.248  53.865 0.0000000000
98218  -45.802  12.857  53.811 0.0000000000
98259  -49.391  12.979  45.913 0.0000000000
98271  -49.345  12.779  45.475 0.0000000000
98728  -41.898  14.851  54.846 0.0000000000
98745  -50.659  14.253  54.520 0.0000000000
99162  -46.593  16.047  54.527 0.0000000000
99604  -41.932  17.029  54.652 0.0000000000
100052  -46.601  17.659  54.629 0.0000000000
100509  -47.468  19.181  55.626 0.0000000000
100524  -47.482  18.765  55.201 0.0000000000
101029  -43.884  19.753  54.487 0.0000000000
101518  -44.876  21.727  54.922 0.0000000000
101527  -46.305  20.783  55.418 0.0000000000
101984  -45.210  22.474  56.333 0.0000000000
101995  -45.831  21.882  55.895 0.0000000000
101996  -45.952  21.409  55.426 0.0000000000
102001  -43.494  22.227  55.857 0.0000000000
102476  -44.668  22.896  56.785 0.0000000000
102485  -44.752  22.845  56.277 0.0000000000
102495  -44.865  22.677  55.792 0.0000000000
109798  -51.454  -1.093  49.901 0.0000000000
110088  -53.410  -4.894  64.475 0.0000000000
110961  -52.963  0.847  51.706 0.0000000000
111316  -52.235  -7.110  65.679 0.0000000000
111639  -53.133  -5.804  65.587 0.0000000000
113100  -49.814  -1.531  49.222 0.0000000000
113398  -53.594  -0.790  60.408 0.0000000000
113756  -50.097  -4.109  53.681 0.0000000000
114369  -47.872  7.646  58.175 0.0000000000
115968  -42.594  17.088  54.666 0.0000000000
117531  -52.204  -5.013  53.702 0.0000000000
118306  -51.624  -2.590  51.413 0.0000000000
118558  -50.453  -4.900  64.546 0.0000000000
118860  -41.493  17.299  54.637 0.0000000000
121135  -50.335  13.305  53.472 0.0000000000
122777  -47.939  14.102  53.564 0.0000000000
123266  -51.694  2.951  61.533 0.0000000000
125333  -53.197  -6.854  64.333 0.0000000000
125840  -48.302  -6.253  68.315 0.0000000000
127385  -48.722  5.188  52.533 0.0000000000
128237  -52.007  -4.574  53.132 0.0000000000
128289  -47.774  10.497  47.397 0.0000000000
130155  -53.551  -3.953  59.385 0.0000000000
130257  -48.947  -1.664  60.979 0.0000000000
130935  -44.611  14.660  54.770 0.0000000000
131835  -46.087  0.954  59.513 0.0000000000
132046  -45.478  10.297  50.104 0.0000000000
132188  -52.161  10.591  53.887 0.0000000000
