#!ascii label  , from subject sub-v1s2x0051471_ses-1 vox2ras=TkReg
485
28534  -30.459  -69.494  7.500 0.6999999881
28550  -31.784  -69.051  6.903 0.6000000238
30795  -31.653  -68.171  6.279 0.6000000238
30811  -32.433  -68.051  4.306 0.4000000060
27460  -32.180  -71.183  13.629 0.6999999881
29560  -32.952  -69.909  13.354 0.6999999881
27468  -32.511  -71.009  12.695 0.6999999881
29561  -33.393  -69.637  12.591 0.6000000238
28482  -32.838  -70.752  11.990 0.6999999881
28477  -33.292  -70.252  12.105 0.6000000238
27480  -32.285  -71.385  11.865 0.6000000238
28483  -33.296  -70.496  11.456 0.6000000238
28490  -31.889  -71.133  10.047 0.6000000238
112019  -32.718  -71.038  11.208 0.6000000238
29580  -34.395  -69.887  10.391 0.5000000000
125426  -33.095  -70.791  9.891 0.5000000000
28504  -34.499  -70.253  9.566 0.5000000000
28519  -34.418  -70.496  8.400 0.6000000238
114346  -32.860  -70.481  7.719 0.6000000238
28537  -33.691  -70.573  7.558 0.6000000238
28552  -33.958  -70.333  6.640 0.6000000238
29621  -33.515  -69.836  5.998 0.6000000238
29544  -32.904  -69.393  14.054 0.6000000238
29545  -33.259  -69.265  13.354 0.6000000238
113714  -33.581  -68.660  12.870 0.6000000238
30750  -33.806  -69.046  12.004 0.6000000238
30751  -34.259  -68.490  11.504 0.6000000238
29570  -33.662  -69.864  11.732 0.6000000238
29579  -33.805  -70.193  10.956 0.6000000238
118021  -34.675  -68.769  10.536 0.6000000238
29589  -34.927  -69.566  9.688 0.6000000238
132081  -34.514  -70.376  9.022 0.6000000238
29590  -35.331  -69.290  9.097 0.6999999881
29602  -35.492  -69.413  8.495 0.6000000238
118555  -35.460  -69.887  7.921 0.6000000238
29629  -33.994  -69.212  5.475 0.5000000000
30801  -33.085  -68.454  4.702 0.5000000000
29530  -32.461  -69.500  14.842 0.6000000238
30712  -33.276  -68.669  13.837 0.6000000238
31932  -33.556  -67.919  13.504 0.6000000238
31945  -33.865  -67.801  12.674 0.6000000238
31946  -34.254  -67.718  11.928 0.6000000238
33175  -34.601  -66.832  11.679 0.6000000238
31963  -34.637  -67.696  11.069 0.6000000238
31977  -35.135  -67.735  10.178 0.6000000238
31990  -35.452  -67.687  9.327 0.6999999881
28539  -35.213  -70.172  7.217 0.6000000238
29622  -35.195  -69.847  6.295 0.6000000238
31914  -32.678  -67.893  15.229 0.6000000238
30698  -33.250  -67.975  14.408 0.6000000238
33164  -33.863  -67.082  13.237 0.6000000238
33165  -34.210  -67.193  12.432 0.6000000238
34379  -35.152  -66.037  11.177 0.5000000000
33190  -35.286  -66.368  9.860 0.6999999881
32002  -35.574  -67.591  8.449 0.6000000238
30772  -35.268  -68.608  9.623 0.6000000238
30783  -35.587  -68.536  8.694 0.6000000238
30792  -35.757  -69.015  7.813 0.6000000238
129815  -35.947  -68.348  6.829 0.6000000238
29623  -35.614  -69.049  6.013 0.6000000238
29630  -34.973  -69.339  5.529 0.6000000238
30802  -34.226  -68.348  4.797 0.4000000060
30803  -35.257  -68.383  5.280 0.5000000000
120054  -32.691  -67.068  15.443 0.5000000000
31891  -33.245  -67.149  14.836 0.6000000238
111992  -33.515  -67.355  14.028 0.6000000238
33153  -34.138  -66.222  13.460 0.6000000238
121305  -34.364  -66.511  12.614 0.5000000000
34357  -34.532  -65.736  12.824 0.5000000000
34369  -34.779  -65.963  12.041 0.5000000000
34380  -35.311  -65.271  10.642 0.6000000238
35523  -34.923  -64.334  9.694 0.6000000238
116671  -35.286  -66.005  10.424 0.6999999881
127850  -35.150  -66.133  9.374 0.6999999881
31978  -35.316  -67.035  9.807 0.6999999881
34408  -34.260  -65.998  8.269 0.6000000238
33201  -35.342  -66.825  9.091 0.6999999881
34409  -35.019  -66.286  8.645 0.6000000238
33214  -34.799  -66.458  7.706 0.6000000238
118204  -35.804  -68.206  7.878 0.6000000238
32012  -35.740  -67.558  7.561 0.6000000238
118631  -35.882  -67.484  6.850 0.6000000238
123359  -35.640  -67.489  5.597 0.5000000000
32018  -35.438  -67.532  5.031 0.4000000060
33118  -33.073  -66.480  15.386 0.6000000238
34327  -33.920  -65.870  14.379 0.6000000238
33152  -33.658  -66.668  14.108 0.5000000000
35487  -34.780  -64.984  12.934 0.6000000238
35488  -35.167  -64.699  12.174 0.5000000000
34358  -34.880  -65.343  12.321 0.6000000238
36481  -35.394  -63.884  11.965 0.5000000000
34370  -35.169  -65.314  11.605 0.6000000238
35500  -35.360  -64.526  11.264 0.5000000000
35510  -35.309  -64.373  10.388 0.5000000000
111429  -35.105  -65.027  9.857 0.6000000238
36515  -33.320  -63.902  9.172 0.5000000000
117073  -34.082  -64.517  9.134 0.5000000000
126978  -34.550  -64.968  9.332 0.6000000238
36526  -31.968  -64.596  8.533 0.4000000060
35522  -33.995  -65.304  8.649 0.6999999881
35533  -32.948  -65.066  8.306 0.4000000060
34419  -32.486  -65.776  7.323 0.5000000000
34420  -33.633  -66.179  7.216 0.6000000238
34418  -31.754  -65.246  6.662 0.5000000000
34428  -32.808  -65.724  6.473 0.5000000000
33223  -34.760  -66.563  6.776 0.6000000238
121401  -35.500  -66.409  4.918 0.5000000000
34429  -33.916  -66.132  6.200 0.6000000238
33226  -35.599  -67.059  6.437 0.6000000238
33232  -35.609  -67.050  5.687 0.6000000238
117446  -33.518  -65.865  15.243 0.5000000000
34343  -34.409  -65.432  13.628 0.5000000000
36491  -35.457  -63.679  10.970 0.4000000060
36503  -35.263  -63.583  10.106 0.5000000000
36516  -34.605  -63.661  9.619 0.5000000000
37540  -34.288  -62.982  9.665 0.5000000000
37552  -30.835  -63.335  8.533 0.4000000060
36514  -31.770  -63.554  9.071 0.4000000060
36525  -31.103  -64.192  8.134 0.4000000060
35532  -31.604  -65.168  7.640 0.5000000000
36538  -30.789  -64.454  6.946 0.5000000000
113913  -31.420  -64.592  6.086 0.5000000000
35559  -35.447  -64.661  4.467 0.5000000000
34441  -35.373  -65.701  4.767 0.5000000000
34430  -34.998  -66.557  5.721 0.5000000000
37526  -34.779  -62.400  10.087 0.4000000060
38502  -33.973  -62.334  9.806 0.5000000000
37539  -33.169  -62.910  9.577 0.5000000000
120393  -32.089  -62.707  9.640 0.5000000000
36524  -30.631  -63.436  7.665 0.4000000060
35558  -34.630  -64.196  4.715 0.5000000000
37574  -30.837  -62.765  6.752 0.5000000000
35550  -32.454  -65.035  5.658 0.5000000000
35557  -33.555  -64.958  5.146 0.5000000000
38501  -33.043  -62.168  9.957 0.4000000060
37538  -30.906  -62.780  9.206 0.4000000060
38500  -31.649  -62.115  9.969 0.4000000060
38514  -30.076  -61.273  8.669 0.4000000060
37564  -30.453  -62.729  7.512 0.4000000060
39479  -30.527  -61.395  7.983 0.4000000060
38526  -30.844  -61.887  7.346 0.5000000000
37587  -35.741  -62.274  4.942 0.4000000060
119802  -35.731  -63.842  4.418 0.4000000060
113816  -32.253  -63.786  5.676 0.5000000000
36547  -34.668  -62.961  5.150 0.5000000000
37575  -31.786  -62.740  6.154 0.5000000000
131006  -33.588  -63.145  5.565 0.5000000000
36546  -33.419  -64.157  5.135 0.5000000000
39467  -30.918  -60.730  8.231 0.4000000060
39480  -31.494  -60.980  7.540 0.4000000060
37577  -35.395  -61.850  5.405 0.4000000060
122914  -34.328  -62.162  5.697 0.5000000000
38527  -32.041  -61.246  6.902 0.5000000000
37576  -33.080  -62.488  5.877 0.5000000000
38542  -35.094  -61.310  6.068 0.4000000060
123755  -36.047  -61.328  6.015 0.3000000119
120634  -32.538  -60.559  7.210 0.5000000000
38540  -32.652  -61.760  6.410 0.5000000000
110660  -31.858  -59.644  8.472 0.4000000060
38530  -35.722  -60.846  6.699 0.3000000119
39468  -32.243  -60.213  7.777 0.4000000060
38541  -33.951  -61.516  6.282 0.5000000000
39481  -33.406  -60.056  7.406 0.4000000060
38528  -33.444  -60.766  6.827 0.5000000000
39482  -34.426  -60.124  7.244 0.5000000000
41350  -32.384  -58.603  8.773 0.4000000060
39484  -35.930  -60.722  7.524 0.3000000119
40416  -34.887  -59.956  8.020 0.4000000060
40401  -33.282  -59.610  8.161 0.4000000060
40415  -34.238  -59.697  7.948 0.4000000060
42341  -31.975  -57.750  9.008 0.5000000000
39469  -35.472  -60.259  8.152 0.3000000119
39470  -35.994  -60.498  8.329 0.4000000060
39456  -36.120  -60.093  9.058 0.4000000060
39471  -36.538  -60.690  8.748 0.4000000060
41367  -33.357  -58.984  8.528 0.4000000060
40402  -34.671  -59.286  8.460 0.5000000000
40403  -35.222  -59.516  8.722 0.4000000060
41368  -34.312  -58.697  8.689 0.5000000000
122754  -34.094  -59.201  8.329 0.5000000000
41369  -34.860  -58.800  8.991 0.5000000000
40387  -35.274  -58.949  9.270 0.4000000060
40373  -36.255  -58.966  10.084 0.4000000060
39457  -36.671  -60.289  9.459 0.3000000119
121201  -32.995  -57.770  8.973 0.5000000000
41351  -33.652  -58.223  8.829 0.5000000000
128039  -35.807  -57.579  10.430 0.4000000060
42325  -36.550  -57.417  10.848 0.3000000119
42321  -32.896  -57.149  9.491 0.5000000000
42324  -35.316  -57.316  10.282 0.4000000060
41331  -35.344  -58.038  10.045 0.4000000060
41332  -36.103  -58.185  10.376 0.4000000060
41333  -36.797  -58.570  10.658 0.4000000060
115029  -37.707  -58.408  11.267 0.3000000119
41352  -34.472  -58.108  9.202 0.5000000000
41353  -35.063  -58.382  9.489 0.5000000000
42342  -33.786  -57.564  9.242 0.5000000000
43347  -36.068  -56.808  10.699 0.4000000060
43343  -32.327  -56.437  10.041 0.5000000000
42326  -37.519  -57.462  11.324 0.3000000119
129426  -33.243  -56.531  10.147 0.5000000000
42322  -33.961  -56.948  9.968 0.5000000000
42323  -34.737  -57.094  10.175 0.5000000000
42344  -34.862  -57.778  9.803 0.5000000000
42343  -34.369  -57.549  9.667 0.5000000000
44346  -36.355  -55.756  10.877 0.4000000060
112205  -31.917  -55.607  10.376 0.5000000000
44344  -34.468  -55.342  10.582 0.5000000000
43348  -37.160  -56.455  11.262 0.3000000119
113570  -32.970  -55.762  10.444 0.5000000000
44343  -33.627  -55.168  10.766 0.5000000000
43344  -33.866  -56.021  10.383 0.5000000000
28551  -32.886  -70.145  6.795 0.6000000238
30800  -32.124  -68.257  5.268 0.5000000000
28491  -33.247  -70.714  10.691 0.6000000238
33189  -35.069  -66.783  10.590 0.6999999881
34393  -35.227  -65.707  9.895 0.6999999881
32015  -35.864  -67.619  6.217 0.6000000238
34407  -33.343  -65.841  7.890 0.5000000000
33224  -35.461  -66.964  7.249 0.6000000238
34439  -33.368  -65.498  5.734 0.5000000000
34440  -34.469  -65.533  5.184 0.5000000000
121828  -30.289  -61.959  8.174 0.4000000060
36537  -30.525  -63.431  6.943 0.5000000000
126068  -30.918  -61.806  10.009 0.4000000060
39483  -35.286  -60.378  7.326 0.4000000060
40404  -35.674  -59.981  8.733 0.4000000060
40374  -36.493  -59.675  9.785 0.3000000119
43345  -34.627  -56.237  10.373 0.5000000000
23093  -24.001  -74.943  7.342 0.5000000000
23128  -24.020  -74.206  5.407 0.5000000000
24291  -24.303  -74.367  6.420 0.5000000000
24319  -25.444  -74.207  4.116 0.5000000000
24313  -24.622  -74.411  4.544 0.5000000000
24303  -23.998  -74.651  4.790 0.4000000060
24260  -24.547  -74.512  8.064 0.5000000000
25440  -24.641  -73.694  6.578 0.6000000238
24275  -24.556  -74.291  7.224 0.6000000238
25468  -24.669  -73.227  4.912 0.5000000000
25461  -24.242  -73.249  5.196 0.5000000000
25474  -27.285  -73.707  3.742 0.4000000060
24236  -26.830  -74.564  10.441 0.6999999881
24247  -26.403  -74.144  9.678 0.6999999881
126193  -25.687  -73.664  8.266 0.6999999881
25441  -25.006  -72.971  6.672 0.5000000000
25442  -25.902  -73.110  7.509 0.6999999881
26509  -25.249  -72.407  4.977 0.5000000000
25462  -24.742  -72.673  5.151 0.5000000000
25455  -25.098  -72.533  5.768 0.5000000000
26516  -27.722  -72.981  4.220 0.5000000000
25469  -26.789  -73.155  4.539 0.5000000000
23041  -27.537  -75.815  12.383 0.5000000000
21920  -27.212  -76.179  11.853 0.6999999881
25358  -28.086  -74.159  11.477 0.6999999881
23064  -27.067  -75.208  10.968 0.6999999881
24237  -27.513  -74.584  11.100 0.6999999881
129531  -25.719  -74.367  9.407 0.6000000238
26488  -26.355  -72.301  7.188 0.6999999881
26479  -26.763  -72.819  7.850 0.6000000238
26504  -25.889  -72.076  5.085 0.5000000000
26497  -26.043  -72.316  5.831 0.6000000238
26487  -25.733  -72.509  6.632 0.6000000238
26511  -27.213  -72.228  4.869 0.5000000000
26513  -28.911  -72.291  4.234 0.5000000000
23029  -27.874  -75.422  13.078 0.5000000000
24228  -28.015  -74.971  12.087 0.6999999881
25379  -27.198  -73.816  9.987 0.6999999881
25381  -28.388  -73.134  10.421 0.6999999881
125822  -28.540  -73.567  11.242 0.6999999881
25424  -27.104  -72.973  8.616 0.8000000119
26472  -27.855  -72.488  8.752 0.6999999881
27519  -26.768  -71.746  6.938 0.6000000238
26489  -27.081  -72.164  7.512 0.6999999881
27537  -27.437  -71.512  5.567 0.6999999881
27529  -26.829  -71.905  6.353 0.6000000238
27543  -28.704  -71.556  4.596 0.6000000238
130129  -27.254  -71.744  5.187 0.6000000238
113520  -29.174  -70.973  4.509 0.6000000238
24195  -27.742  -74.648  14.534 0.5000000000
24196  -28.511  -74.363  14.309 0.6000000238
24209  -28.161  -74.981  13.831 0.5000000000
113420  -28.987  -74.236  13.390 0.6000000238
25336  -28.738  -74.147  12.172 0.6000000238
25382  -29.233  -72.871  10.893 0.6999999881
25359  -29.235  -73.460  11.691 0.6000000238
25404  -28.173  -72.802  9.626 0.6999999881
26462  -28.922  -72.571  9.950 0.6999999881
126615  -27.339  -72.507  8.115 0.6999999881
28558  -27.769  -70.737  6.044 0.6999999881
28566  -28.476  -70.559  5.078 0.6999999881
28565  -27.979  -70.877  5.563 0.6999999881
25307  -28.259  -73.884  15.016 0.5000000000
25322  -29.708  -73.502  13.533 0.6000000238
25337  -29.616  -73.540  12.537 0.6000000238
26447  -29.895  -72.987  11.700 0.6000000238
26473  -28.695  -72.252  9.151 0.8000000119
120981  -29.867  -71.596  9.528 0.5000000000
26464  -30.202  -72.403  10.943 0.6000000238
27521  -28.210  -71.233  7.440 0.6999999881
28514  -29.592  -70.852  7.995 0.6999999881
29617  -28.641  -69.340  6.001 0.6999999881
29610  -28.761  -69.444  6.676 0.6999999881
28567  -29.213  -70.077  4.609 0.5000000000
110738  -29.316  -69.168  4.755 0.6999999881
128172  -30.386  -68.495  4.032 0.5000000000
25294  -27.815  -72.982  15.390 0.5000000000
25296  -29.401  -73.023  14.803 0.5000000000
25309  -30.432  -72.644  14.159 0.6000000238
25308  -29.814  -73.100  14.219 0.6000000238
26419  -30.808  -72.599  13.416 0.6000000238
26432  -30.683  -72.728  12.658 0.6000000238
27467  -31.920  -71.663  12.688 0.6000000238
26431  -30.250  -72.995  12.355 0.6000000238
26433  -31.258  -72.298  12.650 0.6000000238
28500  -30.796  -70.794  8.984 0.6000000238
27498  -31.050  -71.169  9.759 0.5000000000
27479  -31.555  -71.927  11.818 0.5000000000
114060  -30.018  -70.059  7.695 0.6000000238
125276  -30.288  -70.625  8.319 0.6000000238
29619  -30.047  -68.210  6.618 0.6000000238
29611  -29.664  -69.025  7.134 0.6000000238
30799  -31.114  -67.828  5.502 0.5000000000
26389  -28.553  -72.349  15.402 0.5000000000
26405  -30.501  -72.093  14.700 0.6000000238
26420  -31.515  -71.953  13.495 0.6000000238
27488  -31.276  -71.479  10.395 0.5000000000
27489  -31.951  -71.511  10.949 0.5000000000
130609  -31.557  -70.352  7.996 0.4000000060
28501  -31.496  -70.891  9.389 0.5000000000
28502  -32.277  -70.808  9.376 0.5000000000
131276  -31.290  -68.260  6.773 0.6000000238
128127  -28.476  -71.682  15.456 0.5000000000
27440  -29.114  -71.757  15.403 0.6000000238
27443  -31.383  -70.973  15.012 0.6000000238
27452  -31.591  -71.525  14.294 0.6000000238
28517  -32.375  -70.566  8.417 0.5000000000
113166  -33.042  -70.704  9.106 0.4000000060
28443  -28.042  -71.243  15.391 0.5000000000
27441  -29.733  -71.075  15.408 0.5000000000
28446  -30.587  -70.606  15.366 0.6000000238
27453  -31.999  -70.882  14.484 0.6000000238
29527  -27.889  -70.219  14.635 0.5000000000
29528  -28.833  -70.318  15.316 0.5000000000
117545  -29.854  -70.242  15.463 0.6000000238
28447  -32.035  -70.255  14.994 0.6000000238
29542  -27.569  -69.821  13.875 0.5000000000
122504  -28.915  -69.695  15.053 0.5000000000
29529  -29.621  -69.405  15.296 0.5000000000
29513  -31.150  -69.250  15.586 0.6000000238
121158  -31.330  -70.092  15.382 0.6000000238
30695  -29.070  -69.013  14.574 0.5000000000
128745  -28.636  -68.780  13.785 0.5000000000
30674  -32.334  -68.756  15.302 0.5000000000
30696  -29.648  -68.487  14.940 0.5000000000
30671  -30.337  -68.874  15.459 0.5000000000
30710  -28.791  -68.178  13.263 0.5000000000
30711  -29.218  -68.291  14.036 0.5000000000
31888  -30.358  -67.919  15.340 0.5000000000
30673  -31.683  -68.675  15.620 0.4000000060
31931  -29.246  -67.624  13.419 0.5000000000
113664  -31.348  -67.828  15.723 0.4000000060
31912  -29.673  -67.576  14.425 0.4000000060
31889  -30.744  -67.132  15.514 0.4000000060
33116  -31.695  -66.463  16.083 0.4000000060
28535  -31.220  -69.707  7.531 0.6000000238
30794  -30.832  -67.893  6.438 0.5000000000
30809  -30.626  -67.980  4.643 0.4000000060
27478  -31.041  -71.932  11.019 0.6000000238
31890  -32.085  -67.305  15.817 0.4000000060
33117  -32.406  -66.486  15.863 0.4000000060
25403  -26.742  -73.523  9.189 0.6999999881
26481  -28.494  -71.850  8.310 0.6999999881
28531  -27.711  -70.780  6.777 0.6999999881
26463  -29.690  -72.227  10.148 0.6000000238
29626  -29.258  -68.741  5.443 0.6999999881
27508  -29.306  -71.581  8.775 0.6999999881
27522  -28.890  -70.781  7.502 0.6999999881
29627  -30.040  -67.940  5.666 0.6000000238
29634  -29.823  -68.451  4.658 0.6000000238
23051  -26.964  -75.971  11.191 0.6999999881
23052  -27.416  -75.476  11.583 0.6999999881
23063  -26.490  -75.416  10.629 0.6999999881
23071  -26.025  -74.822  10.021 0.6999999881
23110  -23.869  -75.057  6.249 0.5000000000
24221  -28.417  -74.814  12.937 0.5000000000
24261  -25.968  -73.821  8.990 0.6000000238
24276  -25.004  -73.704  7.662 0.6999999881
25295  -28.775  -73.124  15.187 0.5000000000
25323  -30.215  -73.008  13.657 0.6000000238
25338  -30.260  -73.123  13.023 0.6000000238
25380  -27.765  -73.759  10.742 0.6999999881
25423  -26.381  -73.338  8.400 0.6000000238
25454  -24.464  -72.967  5.745 0.5000000000
25467  -24.236  -73.831  4.965 0.4000000060
26390  -29.267  -72.468  15.193 0.5000000000
26391  -29.844  -71.894  15.154 0.6000000238
26404  -29.889  -72.556  14.718 0.5000000000
26406  -31.067  -72.174  14.179 0.6000000238
26448  -30.720  -72.499  11.860 0.6000000238
26474  -29.321  -72.082  9.496 0.5000000000
26480  -27.787  -72.023  7.823 0.6999999881
26498  -26.279  -72.043  6.672 0.6000000238
26503  -25.287  -72.287  5.105 0.5000000000
26510  -26.112  -72.263  4.939 0.5000000000
26512  -28.197  -72.242  4.560 0.6000000238
27439  -27.869  -71.996  15.456 0.5000000000
27442  -30.541  -71.400  15.123 0.6000000238
27487  -30.493  -71.684  10.190 0.5000000000
27497  -30.441  -71.236  9.485 0.5000000000
27509  -30.042  -71.065  8.894 0.6999999881
27520  -27.352  -71.431  7.134 0.6999999881
27530  -27.200  -71.235  6.677 0.6000000238
27536  -26.790  -71.997  5.620 0.6999999881
27541  -26.732  -71.941  5.177 0.5000000000
27542  -27.837  -71.448  5.017 0.6000000238
28444  -28.822  -71.035  15.489 0.5000000000
28445  -29.311  -70.544  15.435 0.5000000000
28456  -27.681  -70.798  15.026 0.5000000000
28457  -28.257  -70.587  15.221 0.5000000000
28467  -32.495  -70.260  14.136 0.6000000238
28476  -32.964  -70.361  12.676 0.6000000238
28492  -33.887  -70.519  10.151 0.5000000000
28503  -33.912  -70.600  9.259 0.6000000238
28515  -30.823  -70.286  8.046 0.6000000238
28516  -31.529  -70.627  8.722 0.5000000000
28518  -33.436  -70.608  8.446 0.5000000000
28520  -35.065  -70.332  7.991 0.6000000238
28532  -28.273  -70.209  7.019 0.6999999881
28533  -29.126  -69.953  7.310 0.6999999881
28536  -32.058  -70.191  7.486 0.6000000238
28538  -34.572  -70.444  7.422 0.6000000238
28547  -27.329  -71.365  6.156 0.6000000238
28548  -27.624  -70.818  6.443 0.6999999881
28549  -27.967  -70.045  6.402 0.6999999881
28553  -34.734  -70.259  6.661 0.6000000238
28559  -28.148  -70.043  5.763 0.6999999881
28560  -28.796  -69.565  5.327 0.6999999881
28561  -34.461  -69.977  6.000 0.6000000238
28568  -29.894  -69.420  4.029 0.5000000000
29511  -29.301  -70.030  15.366 0.5000000000
29512  -30.493  -69.756  15.516 0.6000000238
29514  -31.940  -69.470  15.375 0.5000000000
29543  -28.365  -69.529  14.326 0.5000000000
29571  -34.133  -69.397  11.208 0.6000000238
29601  -35.081  -70.099  8.813 0.6000000238
29612  -30.736  -68.611  7.109 0.6000000238
29613  -35.618  -69.456  6.990 0.6000000238
29618  -29.358  -68.678  6.272 0.6000000238
29620  -32.560  -69.030  6.164 0.6000000238
29628  -33.059  -68.912  5.540 0.5000000000
29635  -31.086  -68.267  3.911 0.4000000060
30672  -30.957  -68.507  15.644 0.5000000000
30697  -32.857  -68.716  14.671 0.6000000238
30732  -33.935  -68.327  12.188 0.6000000238
30810  -31.500  -68.018  4.536 0.4000000060
31913  -30.206  -67.151  14.968 0.4000000060
33215  -35.373  -66.909  8.117 0.6000000238
34392  -34.785  -65.602  9.186 0.6999999881
36545  -30.989  -63.690  6.227 0.5000000000
37527  -35.359  -62.806  10.652 0.4000000060
38529  -34.760  -60.713  6.696 0.4000000060
38539  -31.541  -62.028  6.630 0.5000000000
40388  -35.767  -59.399  9.337 0.4000000060
41354  -35.580  -58.658  9.749 0.4000000060
111559  -27.457  -73.119  9.389 0.6999999881
112588  -35.784  -68.151  5.807 0.6000000238
112963  -25.797  -73.282  4.702 0.5000000000
113177  -32.079  -68.118  15.623 0.4000000060
113531  -29.147  -73.693  14.431 0.6000000238
113874  -24.260  -73.617  5.733 0.6000000238
116208  -27.274  -76.019  13.187 0.5000000000
117408  -36.891  -58.011  10.929 0.3000000119
118819  -32.576  -71.050  10.450 0.6000000238
121912  -30.533  -62.705  8.376 0.4000000060
122109  -31.048  -71.659  14.689 0.6000000238
122859  -31.368  -67.038  15.831 0.4000000060
125306  -33.495  -66.414  14.829 0.6000000238
125566  -35.090  -63.005  9.858 0.5000000000
125734  -27.797  -73.322  10.028 0.6999999881
127240  -28.441  -70.057  14.942 0.5000000000
128014  -28.959  -71.324  7.956 0.6999999881
129816  -27.302  -74.148  10.586 0.6999999881
130502  -27.668  -75.140  14.143 0.5000000000
130771  -32.628  -70.545  13.296 0.6999999881
131425  -32.469  -70.947  9.952 0.5000000000
