#!ascii label  , from subject sub-v1s2x0051471_ses-1 vox2ras=TkReg
1221
39095  24.846  -61.851  18.554 0.8999999762
37991  24.611  -62.710  18.325 0.8000000119
37990  25.330  -62.285  18.044 0.8000000119
36959  25.185  -63.205  16.866 0.6999999881
38031  25.453  -62.592  16.313 0.8000000119
39096  23.870  -62.181  18.798 0.8999999762
39094  25.490  -61.463  18.249 1.0000000000
39114  25.811  -61.745  17.598 1.0000000000
38012  25.534  -62.499  17.218 0.8999999762
38044  25.052  -62.610  15.547 0.8000000119
118185  25.583  -61.888  15.738 0.8999999762
117165  24.494  -63.231  15.517 0.8000000119
37011  24.364  -62.634  15.042 0.6999999881
38061  23.556  -62.656  14.633 0.6999999881
39078  23.568  -61.255  19.106 0.8000000119
39077  24.362  -61.244  18.904 0.8999999762
40072  24.032  -60.551  19.196 0.8999999762
40073  23.205  -60.475  19.225 0.8999999762
118728  22.320  -60.363  19.042 0.8999999762
39093  25.960  -61.130  17.905 1.0000000000
111986  25.856  -61.842  16.663 0.8999999762
39127  26.067  -61.129  16.077 1.0000000000
39147  25.543  -61.066  15.263 0.8999999762
39148  24.909  -61.830  14.975 0.8000000119
40071  24.680  -60.565  19.035 0.8999999762
41039  23.661  -59.856  19.456 0.8999999762
41040  22.815  -59.717  19.306 0.8999999762
41041  22.026  -59.402  19.056 0.8999999762
40089  25.083  -61.002  18.702 0.8999999762
40107  26.363  -60.170  17.296 1.0000000000
40146  24.884  -60.887  14.686 0.8000000119
39169  24.182  -61.353  14.547 0.8000000119
39170  23.303  -61.764  14.348 0.8000000119
40159  22.824  -61.114  13.940 0.8000000119
39171  22.394  -61.748  13.889 0.8000000119
40166  22.020  -60.828  13.488 0.8000000119
41971  21.255  -58.944  18.631 0.8999999762
114801  24.569  -59.851  19.441 0.8999999762
41959  21.458  -58.461  19.611 0.8999999762
41960  20.786  -58.064  19.148 0.8000000119
41972  20.574  -58.139  18.584 0.8000000119
40070  25.228  -60.169  18.985 0.8999999762
42877  20.615  -57.599  19.874 0.6999999881
42878  20.024  -57.280  19.171 0.6999999881
41049  25.818  -59.688  18.758 0.8999999762
42879  19.666  -57.243  19.618 0.6999999881
41962  18.961  -57.325  19.181 0.6999999881
110894  26.223  -59.977  18.095 1.0000000000
41042  18.816  -58.592  19.586 0.6000000238
40087  26.167  -60.618  17.819 1.0000000000
41078  26.454  -59.561  16.670 1.0000000000
40123  26.336  -60.334  16.401 1.0000000000
40124  26.034  -60.337  15.536 1.0000000000
40145  25.449  -60.227  14.850 0.8999999762
41079  26.324  -59.619  15.858 1.0000000000
129377  24.217  -60.652  14.416 0.8000000119
40158  23.527  -60.874  14.220 0.8000000119
40165  22.909  -60.310  13.750 0.8000000119
41117  22.493  -59.600  13.444 0.8000000119
111536  21.779  -59.925  13.211 0.8000000119
41022  24.060  -59.320  20.014 0.8999999762
41023  23.234  -59.241  19.924 0.8999999762
41958  22.388  -58.980  19.734 0.8999999762
41945  21.954  -58.446  20.337 0.8999999762
41038  25.336  -59.255  19.491 0.8999999762
126199  20.083  -57.224  20.045 0.6000000238
118373  26.313  -59.159  18.344 1.0000000000
40075  18.446  -59.751  19.650 0.5000000000
41062  26.444  -59.368  17.512 1.0000000000
40054  18.400  -60.167  20.156 0.5000000000
41996  26.503  -58.786  16.830 1.0000000000
41997  26.433  -59.030  16.172 1.0000000000
42012  26.181  -58.864  15.545 1.0000000000
41098  25.900  -59.513  15.126 1.0000000000
41107  25.169  -59.357  14.586 0.8999999762
41109  23.810  -60.089  14.125 0.8000000119
42036  24.212  -58.342  14.002 0.8999999762
41108  24.232  -59.196  14.145 0.8000000119
41116  23.321  -59.440  13.737 0.8000000119
42037  23.579  -58.595  13.730 0.8000000119
121473  23.091  -58.119  13.486 0.8999999762
42038  22.789  -58.799  13.441 0.8000000119
42040  20.877  -58.658  12.649 0.8000000119
118971  20.726  -57.918  12.621 0.8000000119
41021  24.718  -59.192  19.983 0.8999999762
41942  24.426  -58.762  20.522 0.8999999762
42860  21.215  -57.799  20.603 0.6999999881
42861  20.486  -57.518  20.505 0.8000000119
122432  25.114  -58.653  20.281 0.8999999762
126299  19.939  -57.336  20.260 0.6999999881
41961  19.479  -57.916  20.137 0.6000000238
41946  19.892  -57.862  20.877 0.6999999881
41008  19.408  -58.800  20.947 0.6000000238
41024  18.917  -59.368  20.311 0.5000000000
124858  18.834  -59.530  21.028 0.5000000000
40039  18.380  -60.106  20.789 0.5000000000
41983  26.521  -58.443  17.698 1.0000000000
42011  26.337  -58.304  16.131 1.0000000000
42918  26.054  -57.605  15.938 1.0000000000
120946  25.936  -58.117  15.410 1.0000000000
42026  24.869  -58.508  14.376 0.8999999762
125807  26.303  -57.787  16.386 1.0000000000
42936  25.547  -57.401  15.202 0.8999999762
42937  25.254  -57.867  14.642 0.8999999762
42945  24.565  -57.734  14.201 0.8999999762
43867  24.947  -57.102  14.561 0.8999999762
42946  23.753  -57.697  13.730 0.8999999762
42947  22.889  -57.424  13.437 0.8999999762
116488  22.356  -58.100  13.240 0.8999999762
43874  24.259  -56.964  14.050 0.8999999762
43876  22.569  -56.592  13.457 0.8999999762
116105  21.478  -58.021  12.891 0.8999999762
41943  23.625  -58.768  20.561 0.8999999762
41944  22.740  -58.647  20.483 0.8999999762
41924  22.133  -58.069  21.153 1.0000000000
41922  24.079  -58.304  21.146 0.8999999762
41037  26.028  -58.881  19.095 0.8999999762
42862  20.217  -57.493  20.722 0.6999999881
41925  19.563  -58.368  21.654 0.6999999881
41970  26.392  -58.387  18.594 1.0000000000
41009  18.113  -59.733  21.415 0.5000000000
40040  17.502  -60.390  21.157 0.5000000000
121718  26.517  -57.811  18.185 1.0000000000
42903  26.488  -57.538  17.511 1.0000000000
43846  26.307  -56.751  17.435 1.0000000000
43855  26.247  -57.258  16.677 1.0000000000
115045  25.718  -56.830  15.966 1.0000000000
43861  25.114  -56.385  15.199 0.8999999762
131310  24.562  -56.456  14.520 0.8999999762
43868  23.959  -56.171  14.122 0.8999999762
123509  21.757  -55.987  10.498 0.6999999881
44879  21.094  -55.686  10.999 0.8000000119
123658  20.299  -56.074  11.277 0.8000000119
43912  19.776  -55.766  11.604 0.8000000119
41921  24.856  -58.244  20.994 0.8999999762
41923  23.172  -58.256  21.179 1.0000000000
112400  21.952  -57.575  21.979 1.0000000000
42843  21.381  -57.577  21.444 0.6999999881
42844  20.679  -57.457  21.289 0.6999999881
41941  25.789  -58.331  19.821 0.8999999762
124503  25.458  -57.976  20.631 0.8999999762
42845  20.107  -57.757  21.496 0.6999999881
41926  18.756  -59.056  21.751 0.6000000238
42892  26.435  -57.685  18.850 1.0000000000
41957  26.235  -58.224  19.231 0.8999999762
41010  17.122  -59.666  21.593 0.4000000060
43856  25.872  -56.422  16.757 1.0000000000
44809  25.374  -55.969  16.130 1.0000000000
43880  19.530  -55.997  12.457 0.8999999762
43907  23.475  -56.372  10.098 0.6000000238
44878  22.440  -55.517  10.656 0.6000000238
128586  21.775  -55.404  10.892 0.8000000119
44860  20.360  -55.171  11.407 0.8000000119
43911  19.723  -56.386  11.664 0.8999999762
43883  19.593  -56.665  12.195 0.8999999762
42840  24.544  -57.778  21.640 0.8999999762
42819  21.136  -57.406  22.230 0.8000000119
42820  20.391  -57.634  22.200 0.6999999881
42821  19.718  -58.009  22.337 0.6999999881
41909  19.004  -58.424  22.394 0.6000000238
41927  17.625  -59.111  21.959 0.4000000060
42876  26.277  -57.660  19.577 1.0000000000
110631  26.449  -56.980  19.193 1.0000000000
111428  26.499  -57.024  18.278 1.0000000000
44785  26.302  -56.205  18.031 1.0000000000
43847  25.972  -56.103  17.403 1.0000000000
44803  25.528  -55.680  16.978 1.0000000000
44804  24.938  -55.233  16.497 1.0000000000
43869  20.165  -55.818  13.183 0.8999999762
44822  19.919  -55.007  13.468 0.8999999762
44830  19.420  -55.509  12.891 0.8999999762
44842  19.111  -55.051  12.306 0.8999999762
44831  19.158  -55.299  12.533 0.8999999762
44856  24.389  -55.750  10.859 0.6000000238
44876  24.056  -55.949  10.433 0.6000000238
44877  23.252  -55.706  10.502 0.6000000238
44859  22.143  -54.908  11.056 0.8000000119
123396  21.325  -54.911  11.159 0.8000000119
43895  19.474  -55.852  11.937 0.8999999762
42841  23.701  -57.851  21.797 0.8999999762
42842  22.790  -57.795  21.867 0.8999999762
42817  23.334  -57.443  22.478 0.8999999762
42818  22.499  -57.450  22.590 0.8999999762
42839  25.231  -57.611  21.350 1.0000000000
114678  19.898  -57.740  23.128 0.6000000238
41910  18.087  -58.524  22.428 0.5000000000
110397  26.363  -57.042  19.906 1.0000000000
42858  25.993  -57.527  20.262 1.0000000000
43812  26.198  -56.716  20.622 1.0000000000
110633  26.441  -56.269  18.814 1.0000000000
132110  26.247  -55.677  18.488 1.0000000000
44794  25.813  -55.460  17.847 1.0000000000
45797  25.188  -54.952  17.316 1.0000000000
129426  24.067  -54.414  16.409 1.0000000000
45813  24.343  -54.804  16.067 1.0000000000
45814  23.643  -54.324  15.878 1.0000000000
45823  23.277  -54.628  14.862 1.0000000000
45824  22.397  -54.379  14.514 1.0000000000
44819  22.799  -55.114  14.058 0.8999999762
129807  20.538  -55.346  13.476 0.8999999762
127383  18.722  -54.977  13.120 0.8999999762
45877  19.145  -54.300  11.858 0.8999999762
44841  25.553  -55.577  11.617 0.6000000238
45870  24.741  -55.414  11.395 0.6000000238
45871  24.040  -55.029  11.223 0.6000000238
44857  23.697  -55.381  10.839 0.6000000238
45874  21.694  -54.225  11.299 0.8000000119
45876  19.860  -54.385  11.696 0.8000000119
42816  24.201  -57.355  22.330 0.8999999762
120200  20.645  -57.552  22.921 0.6000000238
42815  25.020  -57.204  22.091 0.8999999762
132134  19.240  -58.026  22.938 0.6000000238
42822  18.490  -57.993  22.984 0.5000000000
42859  25.728  -57.342  20.898 1.0000000000
43827  26.460  -56.228  19.756 1.0000000000
43802  26.133  -56.138  21.210 0.8999999762
44772  26.390  -55.519  19.175 1.0000000000
44786  25.987  -55.012  18.661 1.0000000000
110438  25.373  -54.648  18.127 1.0000000000
126617  24.793  -54.388  17.682 1.0000000000
45807  24.479  -54.510  16.913 1.0000000000
45815  22.801  -53.935  15.402 1.0000000000
46832  21.966  -53.668  14.959 1.0000000000
45826  20.501  -54.184  13.989 0.8999999762
45827  19.418  -54.202  13.731 0.8999999762
44823  18.890  -54.794  13.210 0.8999999762
116772  17.936  -54.192  12.750 0.8999999762
45856  25.143  -54.982  12.187 0.6000000238
45857  24.358  -54.688  11.898 0.6000000238
45872  23.275  -54.727  11.255 0.6000000238
46882  22.823  -54.034  11.636 0.6999999881
46884  21.206  -53.497  11.551 0.6999999881
45875  20.793  -54.241  11.388 0.6999999881
46887  18.473  -53.833  12.287 0.8999999762
45855  25.975  -55.195  12.520 0.6000000238
47880  20.632  -52.997  11.756 0.6999999881
46885  20.276  -53.588  11.636 0.8000000119
46886  19.348  -53.714  11.906 0.8999999762
42796  21.275  -57.349  23.347 0.6999999881
43785  24.650  -56.733  22.792 0.8999999762
43786  23.822  -56.942  23.033 0.8000000119
42794  22.978  -57.097  23.207 0.6999999881
43803  25.682  -56.791  21.523 0.8999999762
43784  25.371  -56.418  22.412 0.8000000119
44755  26.375  -55.792  20.608 1.0000000000
44744  25.916  -55.933  21.909 0.8000000119
119593  26.437  -55.299  19.996 1.0000000000
45785  25.474  -54.221  19.010 1.0000000000
45786  24.805  -54.029  18.323 1.0000000000
45798  24.190  -53.854  17.682 1.0000000000
45808  23.801  -54.023  16.794 1.0000000000
46792  23.067  -53.538  16.442 1.0000000000
46833  21.052  -53.533  14.638 0.8999999762
46834  20.022  -53.455  14.361 0.8999999762
109600  17.797  -53.836  13.328 0.8999999762
45858  23.578  -54.388  11.751 0.6000000238
46883  22.073  -53.699  11.511 0.6999999881
46870  17.737  -53.764  12.703 0.8999999762
45840  26.409  -54.750  13.446 0.6000000238
45841  25.547  -54.610  13.154 0.6000000238
114774  21.176  -53.010  11.747 0.6999999881
47881  19.751  -53.030  11.867 0.6999999881
42795  22.158  -57.217  23.338 0.6999999881
42797  20.432  -57.380  23.664 0.6000000238
43768  22.611  -56.710  23.969 0.6999999881
43769  21.767  -56.886  24.139 0.6999999881
44743  26.266  -55.435  21.355 0.6999999881
45753  26.313  -54.549  20.242 0.8000000119
45769  26.181  -54.753  19.470 0.8000000119
45770  25.933  -54.049  19.804 0.8000000119
46777  23.469  -53.421  17.352 1.0000000000
46812  22.262  -53.304  15.872 1.0000000000
46794  21.751  -52.754  16.275 1.0000000000
46813  21.461  -53.091  15.454 1.0000000000
46814  20.591  -52.857  15.061 1.0000000000
46815  19.548  -52.747  14.792 0.8999999762
46835  18.748  -53.477  14.005 0.8999999762
46836  17.782  -53.147  13.786 0.8999999762
45842  24.715  -54.357  12.810 0.6000000238
46867  23.158  -53.679  12.201 0.6000000238
46868  22.409  -53.330  11.959 0.6999999881
46853  17.517  -53.856  12.931 0.8999999762
128701  18.091  -53.296  12.480 0.8999999762
47868  21.093  -52.633  12.103 0.6999999881
47869  20.141  -52.529  12.149 0.6999999881
47871  18.224  -52.674  12.513 0.8999999762
48841  17.425  -52.164  12.948 0.8999999762
43767  23.434  -56.508  23.749 0.6999999881
42774  20.072  -56.968  24.330 0.6000000238
44724  25.040  -56.014  23.196 0.6999999881
44702  23.821  -55.774  24.161 0.6000000238
44723  25.608  -55.586  22.681 0.6999999881
44722  26.050  -55.119  22.117 0.6999999881
45742  26.311  -54.659  21.523 0.6999999881
127703  26.192  -53.901  20.407 0.8000000119
46744  25.637  -53.537  19.447 0.8000000119
46761  25.023  -53.427  18.809 0.8000000119
46763  23.801  -53.180  18.063 1.0000000000
46762  24.417  -53.466  18.300 0.8000000119
46778  22.891  -53.071  17.168 1.0000000000
46793  22.395  -52.945  16.703 1.0000000000
47815  20.998  -52.527  15.935 1.0000000000
47799  21.920  -52.528  16.931 1.0000000000
47800  21.328  -52.288  16.713 1.0000000000
47816  20.107  -52.342  15.655 1.0000000000
47802  19.664  -51.803  16.156 1.0000000000
47817  19.129  -52.184  15.405 1.0000000000
46816  18.327  -52.583  14.556 0.8999999762
46866  23.918  -54.049  12.494 0.6000000238
46837  17.229  -53.082  13.303 0.8999999762
45822  25.996  -54.188  14.063 0.6000000238
46851  24.350  -53.640  13.366 0.6000000238
47866  22.774  -52.984  12.662 0.6999999881
47854  17.021  -52.453  13.282 0.8999999762
48839  19.549  -51.997  12.585 0.6999999881
48840  18.494  -52.018  12.673 0.8999999762
43745  21.291  -56.240  24.839 0.5000000000
44703  23.021  -55.972  24.443 0.5000000000
44700  25.267  -55.152  23.418 0.6999999881
44701  24.582  -55.499  23.838 0.6999999881
45723  25.806  -54.747  22.883 0.6999999881
45722  26.199  -54.311  22.287 0.6999999881
109541  26.482  -53.359  20.907 0.6999999881
129913  25.815  -53.225  19.603 0.8000000119
47756  25.666  -52.873  19.368 0.8000000119
47771  25.093  -52.570  18.671 0.8000000119
47772  24.324  -52.947  18.450 0.8000000119
47773  23.681  -52.567  18.072 0.8999999762
47786  23.188  -52.831  17.699 1.0000000000
48763  24.365  -52.207  18.285 0.8000000119
48771  22.990  -52.187  17.784 0.8999999762
47787  22.460  -52.503  17.380 1.0000000000
48782  21.022  -51.751  17.049 1.0000000000
47801  20.553  -52.035  16.451 1.0000000000
48796  18.691  -51.619  15.855 1.0000000000
121547  18.276  -51.942  15.180 0.8999999762
47834  17.258  -52.599  14.021 0.8999999762
47835  16.855  -52.277  13.728 0.8999999762
119956  16.954  -51.678  14.748 0.8999999762
47836  16.745  -51.779  13.678 0.8999999762
46850  25.178  -53.919  13.721 0.6000000238
46852  23.546  -53.340  13.012 0.6000000238
47853  21.387  -52.248  12.853 0.6999999881
48826  18.924  -51.433  13.121 0.8000000119
46830  25.691  -53.453  14.549 0.6000000238
47852  22.298  -52.365  13.339 0.6999999881
48838  20.512  -52.100  12.648 0.6999999881
48827  17.807  -51.399  13.188 0.8000000119
48829  16.729  -51.241  13.710 0.8999999762
48825  19.965  -51.533  13.178 0.6999999881
49805  17.159  -50.648  13.659 0.8999999762
45699  24.130  -54.973  24.448 0.5000000000
44679  22.566  -55.259  24.995 0.5000000000
45698  24.847  -54.639  24.102 0.6999999881
45680  23.658  -54.486  24.798 0.5000000000
45697  25.494  -54.306  23.621 0.6999999881
46691  26.323  -53.502  22.426 0.6999999881
45696  25.986  -53.946  23.045 0.6999999881
46710  26.390  -53.862  21.645 0.6999999881
119105  26.551  -53.087  21.749 0.6999999881
47740  26.699  -52.487  20.522 0.6999999881
46743  26.125  -53.214  20.014 0.6999999881
48749  25.817  -52.107  18.954 0.8000000119
48764  23.627  -51.830  17.981 0.8000000119
48772  22.221  -51.852  17.630 0.8999999762
127611  24.362  -51.481  18.047 0.8000000119
48765  22.854  -51.443  17.767 0.8000000119
48773  21.511  -51.501  17.444 0.8999999762
48783  20.160  -51.396  16.819 1.0000000000
48784  19.188  -51.266  16.457 1.0000000000
48774  20.791  -51.185  17.297 0.8999999762
48785  18.168  -51.106  16.225 1.0000000000
48797  17.574  -51.481  15.452 1.0000000000
48798  16.698  -51.170  15.111 1.0000000000
48812  16.527  -51.038  14.124 0.8999999762
47851  23.216  -52.667  13.542 0.6999999881
49766  16.199  -50.155  14.861 0.8999999762
47850  24.019  -52.912  13.895 0.6000000238
49806  16.725  -50.639  13.895 0.8999999762
47833  22.928  -52.157  14.115 0.6999999881
48823  21.616  -51.901  13.595 0.6999999881
48811  20.430  -51.118  13.946 0.6999999881
49803  19.442  -50.878  13.752 0.6999999881
49787  16.664  -49.891  14.253 0.8000000119
50741  16.230  -49.102  14.794 0.8999999762
49785  18.957  -50.038  14.304 0.6999999881
45679  24.307  -54.149  24.632 0.5000000000
128440  25.657  -53.607  23.646 0.6999999881
47727  26.749  -52.588  21.265 0.6999999881
47707  26.395  -52.621  22.434 0.6999999881
124469  27.000  -52.062  20.937 0.6999999881
48736  27.086  -51.861  20.385 0.6999999881
47755  26.626  -52.028  19.677 0.6999999881
48761  26.306  -51.364  18.801 0.8000000119
48762  25.267  -51.626  18.352 0.8000000119
49718  24.836  -50.792  17.899 0.8000000119
49719  23.720  -50.872  17.773 0.8000000119
50682  24.339  -49.996  17.629 0.8000000119
49720  22.691  -50.587  17.651 0.8000000119
49734  21.293  -50.845  17.537 0.8999999762
49736  19.895  -50.352  17.142 0.8999999762
49748  19.546  -50.842  16.853 1.0000000000
50683  23.335  -49.910  17.577 0.8000000119
48786  17.065  -50.788  15.960 1.0000000000
49749  17.923  -50.497  16.464 1.0000000000
47831  24.520  -52.398  14.775 0.6000000238
129695  16.590  -50.254  15.755 1.0000000000
48809  22.282  -51.632  14.336 0.6999999881
48810  21.326  -51.351  14.144 0.6999999881
50725  16.230  -49.605  14.851 0.8999999762
49751  16.240  -49.683  15.284 1.0000000000
49784  20.071  -50.350  14.488 0.6999999881
49786  17.576  -49.860  14.157 0.8000000119
131258  26.613  -52.545  21.790 0.6999999881
110705  26.734  -51.897  21.733 0.6999999881
48748  27.341  -51.276  20.043 0.6999999881
49705  27.090  -51.016  19.331 0.6999999881
49717  25.839  -50.709  18.188 0.8000000119
50681  25.360  -49.978  17.742 0.8000000119
50685  21.564  -49.571  17.539 0.8999999762
49735  20.608  -50.575  17.375 0.8999999762
50684  22.405  -49.736  17.567 0.8000000119
128822  20.887  -49.494  17.483 0.8999999762
49737  18.929  -50.188  16.771 0.8999999762
47832  23.675  -52.251  14.412 0.6000000238
51685  20.255  -49.109  17.344 0.8999999762
50703  19.583  -49.584  17.114 0.8999999762
49750  16.912  -49.941  16.219 1.0000000000
48807  24.124  -51.671  15.170 0.6000000238
50714  16.384  -48.843  15.743 0.8999999762
49783  20.963  -50.652  14.711 0.6999999881
50739  18.352  -49.100  14.632 0.8000000119
50740  16.709  -48.841  14.621 0.8999999762
51735  15.867  -48.033  15.029 0.8000000119
48735  27.230  -51.360  20.868 0.6999999881
49704  27.493  -50.480  19.746 0.6999999881
49716  26.742  -50.501  18.642 0.6999999881
49715  27.303  -50.289  19.127 0.6999999881
50680  26.338  -49.866  18.047 0.6999999881
51682  22.956  -49.086  17.467 0.8000000119
51683  22.056  -48.946  17.478 0.8000000119
51699  21.700  -48.212  17.283 0.8000000119
50704  18.584  -49.311  16.794 0.8999999762
48808  23.244  -51.626  14.848 0.6000000238
51684  21.097  -48.795  17.440 0.8000000119
51700  20.217  -48.285  17.251 0.8999999762
51702  18.083  -48.455  16.707 0.8999999762
50705  17.419  -49.110  16.468 0.8999999762
49782  21.855  -50.864  14.931 0.6999999881
51703  16.880  -48.119  16.192 0.8999999762
49765  20.652  -49.934  15.158 0.6999999881
51720  15.709  -47.552  15.032 0.8000000119
51734  16.363  -47.750  14.819 0.8000000119
49684  27.315  -50.640  21.100 0.6999999881
50666  27.558  -49.700  19.402 0.6999999881
51681  23.890  -49.195  17.423 0.8000000119
51697  23.466  -48.448  17.257 0.8000000119
51698  22.579  -48.349  17.274 0.8000000119
123792  20.925  -48.039  17.270 0.8000000119
51701  19.283  -48.633  17.030 0.8999999762
126940  18.589  -47.926  16.814 0.8999999762
49781  22.754  -50.967  15.244 0.6000000238
52562  17.610  -47.590  16.478 0.8999999762
49763  22.383  -50.177  15.492 0.6999999881
49764  21.484  -50.099  15.370 0.6999999881
53422  17.287  -46.799  16.226 0.8999999762
51732  19.242  -48.432  15.048 0.6999999881
51733  17.638  -48.131  14.748 0.8000000119
52582  15.988  -46.807  15.163 0.8000000119
120587  18.400  -47.684  14.807 0.6999999881
125623  17.025  -46.905  14.798 0.8000000119
52600  15.845  -47.123  14.980 0.8000000119
115055  27.406  -49.946  20.895 0.6999999881
50654  27.651  -49.826  20.155 0.6000000238
49780  23.771  -50.824  15.523 0.6000000238
123296  21.290  -47.521  16.955 0.8000000119
52560  19.239  -46.979  16.698 0.8999999762
52561  18.369  -47.134  16.583 0.8999999762
123903  23.171  -50.219  15.550 0.6000000238
53421  17.726  -46.213  16.198 0.8999999762
129915  20.536  -49.388  15.288 0.8000000119
53440  16.681  -46.315  15.710 0.8999999762
53470  16.296  -46.341  15.003 0.8000000119
116372  19.463  -47.657  15.091 0.6999999881
53469  16.912  -45.952  14.886 0.8000000119
50721  22.042  -49.337  15.576 0.6999999881
53419  19.811  -46.683  16.587 0.8000000119
51717  22.650  -48.560  15.434 0.5000000000
50722  21.128  -49.333  15.466 0.6000000238
51718  21.549  -48.387  15.467 0.6000000238
51719  20.438  -48.698  15.365 0.6999999881
53439  17.121  -45.650  15.541 0.8000000119
119463  20.558  -47.702  15.307 0.6000000238
52598  19.817  -46.953  14.758 0.6000000238
52599  18.541  -46.934  14.644 0.6999999881
53468  17.934  -46.118  14.632 0.8000000119
53452  16.513  -46.163  15.238 0.8000000119
53467  19.130  -46.283  14.165 0.6000000238
53438  19.816  -45.990  16.347 0.8000000119
54333  18.827  -45.327  15.914 0.8000000119
54313  18.012  -45.656  15.919 0.8999999762
51731  22.313  -47.729  15.108 0.6000000238
54360  17.746  -45.355  14.897 0.8000000119
54348  17.652  -45.312  15.195 0.8000000119
128246  18.130  -44.828  15.125 0.8000000119
54372  18.688  -45.458  14.263 0.6000000238
54332  19.940  -45.300  15.905 0.8000000119
55201  18.421  -44.796  15.319 0.8000000119
52597  21.867  -47.170  14.486 0.6000000238
123046  20.913  -46.980  14.763 0.6000000238
55219  18.276  -44.681  15.009 0.8000000119
53466  20.237  -46.464  13.974 0.6000000238
55232  18.633  -44.603  14.551 0.6999999881
55218  18.606  -44.270  14.972 0.8000000119
54371  20.153  -45.059  13.445 0.6000000238
117318  19.224  -44.746  13.929 0.6000000238
55246  18.973  -43.803  13.757 0.6999999881
52615  21.317  -46.626  13.892 0.6000000238
53485  20.804  -45.998  13.375 0.6000000238
55216  21.182  -44.558  15.331 0.8000000119
55199  20.110  -44.575  15.442 0.8000000119
52596  22.800  -47.352  14.196 0.6000000238
52613  23.258  -47.082  13.228 0.5000000000
56066  19.092  -43.808  14.600 0.8000000119
55217  19.360  -44.004  15.271 0.8000000119
52614  22.311  -46.846  13.618 0.6000000238
56079  19.260  -43.474  14.198 0.6000000238
53484  21.867  -46.290  13.266 0.6000000238
53500  21.561  -45.796  13.059 0.6000000238
55245  19.596  -44.021  13.587 0.6000000238
53499  22.318  -45.931  12.821 0.6000000238
54370  21.000  -45.330  13.142 0.6000000238
55244  20.621  -44.392  13.116 0.6000000238
55259  20.627  -43.453  12.895 0.6000000238
110863  21.181  -43.868  14.945 0.8000000119
120133  20.214  -43.820  14.986 0.8000000119
55215  22.253  -44.349  15.118 0.8000000119
56063  21.622  -43.388  14.603 0.6999999881
56064  20.513  -43.244  14.545 0.6999999881
53483  22.792  -46.500  13.018 0.6000000238
55260  19.503  -43.221  13.715 0.6000000238
56078  19.614  -42.971  13.884 0.6000000238
56065  19.507  -43.320  14.398 0.6999999881
53498  23.174  -46.111  12.597 0.5000000000
56103  19.925  -43.177  13.142 0.6000000238
54384  22.767  -45.380  12.506 0.5000000000
125430  21.382  -44.216  12.679 0.6000000238
55258  21.699  -43.469  12.434 0.6000000238
54383  23.591  -45.594  12.256 0.5000000000
56062  22.775  -43.573  14.680 0.6999999881
57028  20.878  -42.702  14.215 0.6000000238
57029  20.107  -42.767  14.041 0.6000000238
57057  20.662  -41.687  13.070 0.6000000238
57046  20.973  -41.887  13.583 0.6000000238
120241  23.277  -44.794  12.166 0.5000000000
56102  20.641  -42.582  12.802 0.6000000238
57058  20.364  -42.379  13.147 0.6000000238
57938  20.790  -41.094  13.132 0.6000000238
55257  22.900  -43.969  12.067 0.6000000238
112230  22.551  -43.142  12.084 0.6000000238
121211  24.083  -44.915  11.955 0.5000000000
112763  24.196  -43.933  11.776 0.5000000000
121417  24.682  -43.372  11.875 0.4000000060
56100  24.215  -43.235  11.689 0.5000000000
57045  21.912  -42.555  14.143 0.6000000238
57069  21.608  -42.358  12.392 0.6000000238
57070  20.756  -41.537  12.787 0.6000000238
114133  21.503  -41.414  13.500 0.6000000238
57075  22.790  -42.340  11.918 0.6000000238
57961  22.524  -41.286  11.962 0.6000000238
56101  23.538  -43.416  11.777 0.5000000000
56104  23.831  -42.760  11.629 0.6000000238
57073  24.509  -42.574  11.681 0.5000000000
56099  25.132  -42.750  12.015 0.4000000060
57068  25.070  -42.220  11.916 0.4000000060
130961  21.001  -40.803  12.643 0.6000000238
57937  21.243  -40.455  13.057 0.5000000000
57936  22.376  -40.843  13.534 0.5000000000
57044  22.827  -42.003  13.961 0.5000000000
57957  21.522  -41.323  12.350 0.6000000238
57948  21.265  -40.426  12.757 0.5000000000
132018  23.328  -41.211  11.743 0.6000000238
57074  23.707  -42.021  11.563 0.5000000000
123128  24.736  -41.928  11.718 0.4000000060
120495  23.284  -40.320  13.691 0.4000000060
124353  21.561  -40.560  12.410 0.6000000238
58887  21.844  -39.963  12.564 0.5000000000
58890  22.464  -40.445  12.121 0.6000000238
58886  22.415  -39.403  12.759 0.4000000060
57956  24.742  -41.192  11.756 0.4000000060
58885  24.732  -40.223  11.846 0.4000000060
58873  22.491  -39.246  12.989 0.4000000060
119845  23.680  -40.591  11.834 0.4000000060
58889  22.714  -39.740  12.348 0.4000000060
57955  25.422  -41.589  11.975 0.4000000060
127398  23.658  -39.735  12.075 0.4000000060
58863  24.147  -39.821  13.934 0.4000000060
58864  23.006  -39.296  13.366 0.4000000060
59832  22.913  -38.776  12.912 0.4000000060
59843  24.172  -39.256  12.066 0.4000000060
59841  23.131  -38.975  12.493 0.4000000060
59821  23.797  -38.834  13.616 0.4000000060
59822  23.078  -38.672  13.122 0.4000000060
59840  25.289  -39.384  11.837 0.3000000119
60720  23.457  -38.318  12.764 0.4000000060
131675  23.305  -38.341  13.007 0.4000000060
60701  24.395  -38.258  13.863 0.4000000060
60702  23.639  -38.161  13.252 0.4000000060
43910  20.178  -56.835  11.373 0.8000000119
42967  19.688  -57.265  11.948 0.8999999762
43879  19.902  -56.570  12.617 0.8999999762
42957  19.813  -57.481  12.096 0.8999999762
44810  24.725  -55.511  15.628 1.0000000000
42948  21.988  -57.306  13.187 0.8999999762
43875  23.470  -56.767  13.674 0.8999999762
44828  23.166  -55.904  13.755 0.8999999762
44811  24.076  -54.998  15.219 1.0000000000
42949  20.984  -57.227  12.888 0.8999999762
44829  22.213  -55.753  13.588 0.8999999762
44818  23.645  -55.392  14.418 1.0000000000
43878  20.625  -56.487  13.084 0.8999999762
44820  21.861  -54.949  13.831 0.8999999762
58865  22.147  -39.810  13.191 0.4000000060
58874  21.825  -39.900  12.881 0.4000000060
57935  23.670  -41.443  14.057 0.4000000060
39113  26.221  -61.043  17.133 1.0000000000
128102  24.097  -62.062  14.695 0.8000000119
40088  25.728  -60.598  18.387 1.0000000000
42025  25.627  -58.594  14.888 0.8999999762
118140  24.646  -60.069  14.461 0.8000000119
42039  21.826  -58.952  13.077 0.8000000119
42917  26.476  -58.004  16.855 1.0000000000
43877  21.577  -56.509  13.298 0.8999999762
44817  24.412  -55.761  14.795 0.8999999762
42979  20.377  -57.453  11.009 0.6999999881
44861  19.528  -55.169  11.856 0.8000000119
43908  22.566  -56.176  10.187 0.6000000238
43884  19.428  -55.914  12.230 0.8999999762
122992  21.796  -57.432  22.702 0.6999999881
44821  21.128  -55.675  13.474 0.8999999762
112058  18.513  -54.613  12.654 0.8999999762
45859  18.352  -54.340  12.506 0.8999999762
44858  22.935  -55.065  10.902 0.6999999881
45873  22.512  -54.424  11.284 0.6999999881
45825  21.480  -54.240  14.239 0.8999999762
111925  20.945  -54.855  13.694 0.8999999762
45843  18.077  -54.395  13.008 0.8999999762
129989  19.743  -57.378  23.849 0.5000000000
45828  18.487  -54.239  13.426 0.8999999762
114409  26.426  -54.997  20.773 0.8000000119
47867  21.964  -52.724  12.356 0.6999999881
46871  17.496  -52.968  12.749 0.8999999762
47870  19.182  -52.544  12.269 0.8000000119
42773  20.892  -56.987  24.292 0.6000000238
43766  24.271  -56.289  23.509 0.8000000119
46726  26.330  -54.226  20.937 0.6999999881
47855  16.917  -51.965  13.295 0.8999999762
43744  22.179  -56.112  24.660 0.6000000238
43746  20.381  -56.339  24.893 0.5000000000
44680  21.682  -55.346  25.201 0.5000000000
47819  16.643  -51.542  14.271 0.8999999762
46660  23.466  -53.684  24.762 0.5000000000
46672  26.044  -53.164  23.185 0.6999999881
49733  22.033  -51.137  17.655 0.8999999762
50724  15.904  -48.507  15.023 0.8999999762
46659  24.290  -53.424  24.529 0.5000000000
49721  21.832  -50.348  17.606 0.8999999762
50686  20.392  -49.884  17.371 0.8999999762
50723  19.818  -49.441  14.961 0.8000000119
49694  27.515  -50.611  20.461 0.6999999881
51696  24.370  -48.494  17.245 0.8000000119
51711  15.951  -47.729  15.377 0.8999999762
52559  20.255  -47.450  16.918 0.8999999762
53420  18.840  -46.143  16.435 0.8999999762
53486  19.675  -45.759  13.685 0.6000000238
55231  18.925  -44.084  14.641 0.8000000119
124020  19.989  -43.511  13.323 0.6000000238
54385  21.717  -45.137  12.761 0.6000000238
119322  22.321  -44.527  12.415 0.6000000238
57949  20.838  -40.867  12.906 0.6000000238
59813  24.823  -39.218  14.252 0.4000000060
60721  23.974  -38.219  12.455 0.4000000060
42950  20.244  -57.406  12.501 0.8999999762
31543  22.358  -68.414  17.165 0.4000000060
126410  21.873  -67.227  17.957 0.4000000060
32672  20.953  -67.540  17.609 0.4000000060
32669  23.056  -67.115  17.112 0.4000000060
33766  21.903  -66.460  18.246 0.4000000060
32663  21.209  -66.835  18.115 0.4000000060
110539  23.211  -66.218  16.964 0.3000000119
32670  22.467  -66.815  17.754 0.4000000060
124934  23.381  -66.020  16.375 0.4000000060
115331  23.388  -65.574  15.195 0.4000000060
110696  23.191  -64.838  14.929 0.4000000060
34865  22.741  -64.766  14.204 0.4000000060
33767  21.312  -65.942  18.470 0.5000000000
33768  20.474  -66.126  18.186 0.4000000060
33773  22.824  -66.332  17.442 0.4000000060
33774  22.450  -65.998  17.977 0.4000000060
34850  23.500  -65.391  15.963 0.4000000060
131323  23.399  -65.100  15.434 0.4000000060
35921  22.899  -64.232  14.561 0.5000000000
37027  22.197  -63.216  13.960 0.6000000238
35933  22.397  -64.019  14.085 0.5000000000
35934  21.765  -63.782  13.405 0.6000000238
37043  21.307  -63.125  12.936 0.4000000060
34806  20.797  -65.392  18.569 0.5000000000
34807  20.065  -65.093  18.299 0.5000000000
34819  19.210  -65.146  17.743 0.5000000000
34818  23.033  -65.473  17.527 0.6000000238
34805  21.983  -65.627  18.463 0.6000000238
34803  23.292  -64.535  18.014 0.6000000238
34834  23.463  -65.449  16.815 0.5000000000
35884  23.781  -64.798  16.471 0.5000000000
35903  23.625  -64.612  15.643 0.4000000060
35920  23.382  -64.061  15.039 0.6000000238
37013  22.959  -63.455  14.510 0.6000000238
38062  22.683  -62.550  14.239 0.6000000238
38079  21.993  -62.452  13.737 0.6000000238
39181  21.695  -61.732  13.414 0.6000000238
131941  21.709  -63.008  13.485 0.6000000238
38080  21.455  -62.434  13.186 0.6000000238
121311  21.140  -61.780  12.810 0.6000000238
35851  21.440  -65.015  18.722 0.5000000000
35852  20.730  -64.631  18.749 0.5000000000
35853  20.173  -64.127  18.579 0.5000000000
35866  19.464  -64.305  18.100 0.5000000000
110700  22.105  -64.930  18.585 0.6000000238
35883  24.244  -64.289  16.935 0.6000000238
35902  24.172  -64.190  16.169 0.5000000000
35849  24.061  -64.145  17.676 0.6000000238
127555  24.503  -63.658  15.952 0.6000000238
36997  24.000  -63.862  15.550 0.6000000238
119260  21.314  -61.158  13.047 0.6000000238
39182  20.692  -61.000  12.443 0.6999999881
124797  20.717  -63.918  18.920 0.6000000238
36950  19.695  -63.406  18.356 0.5000000000
35850  22.597  -64.426  18.505 0.6000000238
35838  21.911  -64.288  18.800 0.6000000238
35839  21.230  -64.118  18.965 0.6000000238
37995  19.243  -62.486  17.937 0.5000000000
116818  18.675  -61.987  17.460 0.5000000000
36948  23.176  -63.816  18.464 0.6000000238
36996  24.994  -63.226  16.088 0.6000000238
40167  21.175  -60.427  12.893 0.6999999881
36935  21.730  -63.475  19.058 0.6000000238
36936  21.034  -63.327  19.155 0.6000000238
36949  20.394  -63.320  18.849 0.6000000238
36934  22.458  -63.682  18.788 0.6000000238
37977  20.749  -62.506  19.082 0.6000000238
37994  20.018  -62.503  18.609 0.6000000238
39098  19.793  -61.560  18.226 0.6000000238
39115  19.189  -61.383  17.666 0.6000000238
37975  22.362  -62.890  19.050 0.6000000238
39116  18.573  -61.169  17.176 0.5000000000
36947  23.769  -63.838  18.157 0.6000000238
40125  18.515  -60.118  16.780 0.6000000238
109703  20.462  -60.029  12.361 0.6999999881
37976  21.604  -62.481  19.229 0.6000000238
39097  20.461  -61.644  18.745 0.6000000238
120774  22.445  -62.045  19.184 0.6000000238
39081  21.166  -61.599  19.112 0.6000000238
40110  19.131  -60.419  17.363 0.6000000238
37993  23.033  -63.134  18.735 0.6000000238
118361  19.680  -59.796  17.492 0.6000000238
37992  23.787  -63.157  18.491 0.6000000238
38013  25.073  -63.055  17.691 0.6000000238
41118  20.341  -59.157  12.255 0.6999999881
41127  20.027  -58.771  11.852 0.6999999881
37974  23.029  -62.474  18.929 0.6000000238
40092  20.339  -60.729  18.324 0.6999999881
130401  23.433  -62.746  18.730 0.6000000238
42052  19.922  -58.152  11.873 0.6999999881
39080  21.964  -61.394  19.223 0.6999999881
130850  23.129  -61.838  19.080 0.6999999881
40074  21.511  -60.625  18.914 0.6999999881
40091  20.969  -59.917  18.421 0.6999999881
40109  19.732  -60.613  17.822 0.6000000238
40108  20.250  -59.751  17.895 0.6999999881
41050  20.643  -58.832  18.050 0.6000000238
41064  19.241  -59.393  17.059 0.5000000000
119973  19.886  -57.722  11.643 0.8000000119
39079  22.769  -61.221  19.204 0.6999999881
40090  21.660  -59.835  18.764 0.6999999881
41986  18.757  -57.126  17.429 0.5000000000
41984  20.111  -57.786  18.189 0.6000000238
41985  19.504  -57.494  17.727 0.6000000238
122892  22.201  -47.661  16.970 0.6999999881
50702  24.868  -49.230  17.435 0.6999999881
50679  27.206  -49.622  18.596 0.6000000238
50700  26.780  -49.047  17.926 0.6000000238
52558  23.081  -47.768  16.982 0.6999999881
52573  21.812  -46.959  16.617 0.6999999881
53418  20.758  -46.713  16.545 0.6999999881
51694  26.290  -48.345  17.540 0.6000000238
51695  25.317  -48.458  17.305 0.6999999881
52557  23.934  -47.834  17.007 0.6999999881
119788  27.649  -48.954  18.996 0.6000000238
52572  22.719  -47.096  16.659 0.6999999881
53436  22.348  -46.433  16.324 0.6999999881
54331  21.088  -45.422  15.810 0.6999999881
50699  27.328  -48.825  18.405 0.6000000238
51693  27.122  -48.249  17.971 0.6000000238
52555  25.697  -47.648  17.205 0.6000000238
52556  24.781  -47.803  17.052 0.6999999881
52571  23.596  -47.186  16.697 0.6999999881
53435  23.242  -46.518  16.336 0.6999999881
54330  22.774  -45.884  15.932 0.6999999881
54347  22.100  -45.237  15.623 0.6999999881
51680  27.538  -48.224  18.653 0.6000000238
52554  26.724  -47.404  17.565 0.5000000000
53434  24.249  -46.548  16.485 0.5000000000
54345  24.026  -45.081  15.661 0.6999999881
58881  28.413  -40.197  12.592 0.3000000119
58882  27.660  -40.220  12.284 0.3000000119
122649  25.412  -40.885  11.887 0.3000000119
32671  21.705  -67.914  17.568 0.4000000060
31545  21.175  -68.295  17.139 0.3000000119
32680  20.455  -67.982  17.014 0.4000000060
31542  23.003  -68.060  16.953 0.3000000119
33775  20.543  -66.902  17.804 0.4000000060
116255  23.565  -66.875  15.565 0.4000000060
33813  23.522  -66.416  14.829 0.4000000060
34882  23.166  -65.550  14.347 0.4000000060
126425  23.056  -65.785  13.786 0.4000000060
35944  21.729  -64.562  12.827 0.4000000060
38090  20.962  -62.487  12.580 0.5000000000
35867  18.777  -64.397  17.578 0.5000000000
39187  20.622  -61.850  12.252 0.6000000238
36962  18.465  -63.768  17.351 0.5000000000
38014  18.450  -62.887  17.319 0.5000000000
38015  17.729  -62.752  16.726 0.5000000000
38032  18.100  -61.973  17.012 0.5000000000
40126  17.764  -60.093  16.190 0.4000000060
41126  20.083  -59.517  11.887 0.6999999881
42062  19.945  -58.411  11.629 0.6999999881
41080  19.254  -58.198  16.966 0.5000000000
124726  20.094  -58.251  11.053 0.6999999881
42919  17.892  -56.703  17.261 0.5000000000
48690  26.227  -51.774  22.655 0.6000000238
114246  27.693  -49.003  19.782 0.6000000238
53415  27.265  -46.682  17.890 0.5000000000
53416  26.650  -46.509  17.448 0.5000000000
53433  25.204  -46.202  16.714 0.5000000000
54328  24.566  -45.652  16.231 0.5000000000
56061  23.881  -43.573  14.867 0.5000000000
59831  28.999  -39.451  12.332 0.3000000119
128802  28.362  -39.666  12.177 0.3000000119
122522  26.311  -39.542  11.871 0.3000000119
36946  24.391  -63.476  18.011 0.6000000238
36982  24.637  -63.699  16.545 0.6000000238
112319  21.013  -59.545  12.759 0.6999999881
42041  20.190  -58.240  12.202 0.6999999881
50701  25.860  -49.181  17.581 0.6999999881
127942  20.649  -45.936  16.218 0.6999999881
58883  26.735  -40.226  12.105 0.3000000119
117736  19.859  -57.837  11.855 0.8000000119
42074  20.639  -57.998  10.291 0.6999999881
117678  22.462  -67.628  17.500 0.4000000060
111668  23.428  -66.810  16.328 0.3000000119
33769  19.692  -65.814  17.816 0.5000000000
35943  22.260  -64.620  13.541 0.3000000119
117747  21.271  -63.842  12.550 0.4000000060
34820  18.464  -65.145  17.195 0.5000000000
41063  19.944  -58.713  17.478 0.6000000238
53437  21.469  -46.227  16.282 0.6999999881
52570  24.333  -47.281  16.805 0.6999999881
53417  25.913  -46.779  17.127 0.5000000000
52569  25.036  -47.054  16.856 0.6000000238
54346  23.095  -45.176  15.540 0.6999999881
52553  27.416  -47.494  18.239 0.5000000000
54329  23.680  -45.834  16.008 0.5000000000
55213  24.327  -44.301  15.440 0.5000000000
55214  23.436  -44.380  15.192 0.6999999881
52543  27.675  -47.544  18.952 0.5000000000
53432  26.100  -45.817  17.123 0.5000000000
54327  25.383  -45.338  16.547 0.5000000000
55212  25.065  -44.063  15.756 0.5000000000
41137  19.988  -59.067  11.589 0.6000000238
126260  21.752  -57.657  9.771 0.5000000000
42073  21.170  -58.710  9.927 0.6000000238
42978  21.066  -57.263  10.278 0.6000000238
42976  23.693  -57.245  9.788 0.5000000000
42977  22.668  -56.943  9.775 0.5000000000
122255  21.754  -56.711  10.034 0.6000000238
41051  18.463  -57.955  19.020 0.5000000000
43909  20.943  -56.563  10.734 0.6000000238
42975  24.635  -57.067  10.040 0.5000000000
42974  25.199  -56.880  10.460 0.5000000000
40093  18.294  -59.082  19.095 0.4000000060
40076  17.975  -60.159  19.153 0.4000000060
39058  18.033  -60.578  19.777 0.4000000060
43906  24.353  -56.456  10.101 0.5000000000
43892  25.359  -56.447  10.785 0.5000000000
43893  24.749  -56.208  10.429 0.5000000000
40055  17.927  -60.672  20.485 0.4000000060
44854  25.999  -56.044  11.165 0.5000000000
44855  25.079  -56.080  11.031 0.5000000000
40056  17.324  -61.003  20.749 0.4000000060
42798  19.012  -57.551  23.621 0.4000000060
42823  17.570  -57.824  22.879 0.4000000060
41911  17.091  -58.352  22.334 0.3000000119
45681  22.066  -54.480  25.153 0.4000000060
45682  21.153  -54.556  25.202 0.4000000060
42775  19.299  -56.958  24.299 0.4000000060
46662  21.556  -53.812  24.794 0.4000000060
127484  19.657  -56.455  24.743 0.4000000060
42799  18.020  -57.351  23.511 0.4000000060
43747  18.918  -56.225  24.711 0.4000000060
43770  18.456  -56.820  24.147 0.4000000060
44681  20.725  -55.463  25.282 0.4000000060
46661  22.456  -53.735  24.799 0.4000000060
45683  20.189  -54.611  25.153 0.4000000060
44682  19.645  -55.599  25.138 0.4000000060
45684  19.207  -54.556  24.910 0.4000000060
44683  18.600  -55.339  24.838 0.4000000060
43771  17.593  -56.545  23.858 0.4000000060
44684  17.729  -55.105  24.460 0.4000000060
44704  17.232  -55.692  24.049 0.4000000060
42800  17.149  -57.074  23.246 0.4000000060
46674  25.062  -53.681  24.258 0.4000000060
47685  21.890  -53.138  24.270 0.4000000060
46663  20.677  -53.836  24.728 0.4000000060
46673  25.490  -52.957  23.842 0.5000000000
46658  24.708  -52.818  24.244 0.4000000060
47684  22.783  -52.992  24.333 0.4000000060
46675  20.307  -53.218  24.064 0.4000000060
46664  19.775  -53.781  24.580 0.4000000060
45685  18.304  -54.408  24.583 0.4000000060
47691  25.898  -52.369  23.264 0.5000000000
47683  23.735  -52.842  24.318 0.4000000060
47694  23.033  -52.299  23.718 0.4000000060
47686  21.085  -53.245  24.193 0.4000000060
46665  18.892  -53.725  24.366 0.4000000060
47692  25.117  -52.187  23.714 0.5000000000
47696  21.350  -52.671  23.683 0.4000000060
125404  20.733  -52.823  23.686 0.4000000060
48692  24.652  -51.515  23.328 0.4000000060
48693  23.221  -51.576  23.217 0.4000000060
47695  22.142  -52.482  23.707 0.4000000060
48695  21.508  -52.039  23.149 0.4000000060
48705  24.329  -50.926  22.902 0.4000000060
48706  23.487  -50.920  22.778 0.4000000060
49665  22.958  -50.344  22.341 0.4000000060
48707  22.605  -51.072  22.708 0.4000000060
49666  21.985  -50.428  22.244 0.4000000060
48703  26.470  -51.223  22.225 0.5000000000
49663  25.635  -50.289  22.387 0.5000000000
117449  24.961  -50.514  22.663 0.4000000060
50618  21.199  -49.942  21.993 0.3000000119
124739  23.927  -51.391  23.188 0.4000000060
48694  22.354  -51.798  23.170 0.4000000060
114464  21.700  -51.289  22.688 0.4000000060
49662  26.324  -50.536  22.131 0.5000000000
49664  23.996  -50.235  22.369 0.4000000060
50616  23.257  -49.580  21.890 0.4000000060
50617  21.928  -49.650  21.827 0.3000000119
49685  26.847  -50.174  21.532 0.5000000000
117495  24.957  -49.831  22.248 0.4000000060
50615  24.190  -49.509  21.928 0.4000000060
124547  22.519  -49.885  21.989 0.3000000119
50642  21.319  -49.159  21.744 0.3000000119
50637  26.721  -49.251  21.251 0.5000000000
50636  27.431  -49.098  20.547 0.5000000000
50639  24.995  -49.071  21.754 0.3000000119
50640  22.843  -48.821  21.592 0.3000000119
50641  22.063  -48.950  21.616 0.3000000119
51638  20.714  -48.559  21.739 0.3000000119
50638  25.905  -48.968  21.628 0.3000000119
51632  26.967  -48.376  20.827 0.4000000060
51656  27.531  -48.156  20.184 0.4000000060
51669  27.692  -48.238  19.368 0.4000000060
51634  24.749  -48.219  21.471 0.3000000119
113403  23.857  -48.713  21.621 0.3000000119
51636  22.286  -48.187  21.512 0.3000000119
51637  21.506  -48.373  21.598 0.3000000119
112641  20.198  -47.888  21.693 0.3000000119
51639  19.798  -48.724  22.008 0.3000000119
126363  25.462  -48.518  21.504 0.3000000119
52500  20.952  -47.770  21.572 0.3000000119
52501  19.426  -47.819  21.850 0.3000000119
51633  26.196  -48.453  21.286 0.3000000119
52518  27.424  -47.362  20.140 0.3000000119
52533  27.627  -47.505  19.652 0.4000000060
53409  27.609  -46.795  18.636 0.4000000060
114621  27.025  -45.854  17.625 0.4000000060
52502  18.758  -47.651  21.935 0.3000000119
112088  25.537  -47.912  21.257 0.3000000119
112004  26.384  -47.738  20.978 0.3000000119
52519  27.104  -47.561  20.572 0.3000000119
129033  27.658  -46.947  19.290 0.3000000119
114871  27.666  -46.098  19.288 0.3000000119
120865  27.522  -45.931  18.342 0.4000000060
54312  26.698  -45.073  17.339 0.4000000060
54326  26.022  -45.001  16.878 0.4000000060
55197  25.628  -44.457  16.392 0.4000000060
55198  24.841  -44.850  15.960 0.4000000060
54304  27.674  -45.021  18.816 0.3000000119
54311  27.389  -45.103  17.943 0.3000000119
55196  26.398  -44.326  16.931 0.4000000060
57026  25.704  -42.744  15.689 0.4000000060
56060  25.135  -43.329  15.488 0.4000000060
56077  23.152  -42.918  14.372 0.5000000000
55182  27.532  -44.301  18.232 0.3000000119
55183  27.118  -44.368  17.553 0.3000000119
56038  26.862  -43.782  17.189 0.4000000060
56048  26.400  -43.604  16.681 0.4000000060
119211  26.334  -42.885  16.351 0.4000000060
56049  25.755  -43.589  16.122 0.4000000060
57924  24.721  -41.791  14.597 0.3000000119
56076  24.024  -42.555  14.513 0.3000000119
55171  27.696  -44.145  18.813 0.3000000119
56025  27.636  -43.504  18.464 0.3000000119
56037  27.356  -43.610  17.731 0.3000000119
56047  27.002  -43.015  17.082 0.3000000119
57017  26.869  -42.212  16.629 0.3000000119
57910  26.777  -41.446  16.244 0.3000000119
57923  25.619  -41.858  15.238 0.3000000119
122886  25.233  -41.193  14.731 0.3000000119
122535  25.843  -40.974  15.199 0.3000000119
56019  27.662  -43.552  19.135 0.3000000119
57007  27.576  -42.706  17.917 0.3000000119
57016  27.303  -42.268  17.263 0.3000000119
57909  27.336  -41.494  17.051 0.3000000119
57922  26.256  -41.430  15.649 0.3000000119
123011  24.446  -40.855  14.242 0.3000000119
58854  25.955  -40.253  15.272 0.3000000119
58855  25.233  -40.301  14.611 0.3000000119
60694  25.363  -38.423  14.593 0.3000000119
48691  25.486  -51.619  23.171 0.5000000000
42075  20.025  -58.923  11.136 0.5000000000
120525  20.401  -59.318  10.518 0.5000000000
42072  22.446  -58.447  9.547 0.5000000000
42069  24.996  -57.538  10.288 0.5000000000
42070  24.320  -58.020  9.912 0.5000000000
117655  22.821  -57.706  9.600 0.5000000000
42904  19.490  -57.218  18.474 0.6000000238
42893  19.190  -57.113  18.886 0.6000000238
41973  18.241  -57.181  18.575 0.5000000000
41052  17.926  -58.085  18.662 0.5000000000
116104  17.699  -59.349  18.658 0.5000000000
39099  17.370  -60.515  18.716 0.4000000060
39082  17.524  -61.047  19.368 0.4000000060
39059  17.567  -61.238  20.118 0.4000000060
39060  16.824  -61.589  20.587 0.4000000060
41928  16.602  -58.859  21.810 0.3000000119
42824  16.691  -57.545  22.626 0.4000000060
43772  16.789  -56.245  23.476 0.4000000060
44685  16.960  -54.846  24.027 0.4000000060
45686  17.504  -54.250  24.215 0.4000000060
45700  16.806  -54.069  23.803 0.4000000060
46676  19.427  -53.094  23.768 0.4000000060
46677  18.646  -53.213  23.789 0.4000000060
48696  20.777  -52.318  23.224 0.4000000060
119939  18.804  -52.774  23.289 0.4000000060
115683  21.036  -50.722  22.355 0.4000000060
48708  20.740  -51.571  22.728 0.4000000060
50643  20.535  -49.384  21.951 0.3000000119
50620  19.789  -49.712  22.161 0.3000000119
42060  25.638  -57.445  11.000 0.5000000000
122576  16.679  -60.185  21.396 0.4000000060
44705  16.474  -55.378  23.567 0.4000000060
47697  20.140  -52.649  23.410 0.4000000060
40041  16.706  -60.864  21.146 0.4000000060
113277  22.941  -54.441  24.997 0.4000000060
48726  26.929  -50.989  21.639 0.5000000000
116473  24.601  -43.700  15.328 0.4000000060
43748  18.024  -55.995  24.488 0.4000000060
46666  18.095  -53.607  24.102 0.4000000060
47693  24.050  -52.081  23.687 0.4000000060
120201  25.049  -51.065  23.021 0.5000000000
48704  25.782  -50.976  22.675 0.5000000000
50614  25.987  -49.687  21.966 0.5000000000
52497  26.563  -46.966  20.731 0.3000000119
131867  26.039  -43.997  16.522 0.4000000060
57025  26.295  -42.116  15.929 0.3000000119
57027  24.987  -42.597  15.082 0.4000000060
56994  27.699  -42.696  18.874 0.3000000119
122960  27.524  -41.916  17.708 0.3000000119
59812  25.710  -39.490  14.965 0.3000000119
46678  17.395  -53.531  23.694 0.4000000060
131853  18.253  -59.530  16.418 0.4000000060
41082  18.006  -58.771  16.129 0.4000000060
41099  17.393  -58.077  15.791 0.4000000060
42920  17.016  -56.483  16.849 0.3000000119
41998  18.480  -57.775  16.648 0.4000000060
116727  20.410  -61.939  11.707 0.5000000000
42907  17.492  -56.736  17.649 0.5000000000
41987  16.913  -57.056  17.809 0.3000000119
39188  20.374  -61.264  11.817 0.5000000000
40184  20.352  -60.715  11.197 0.5000000000
42894  18.534  -56.938  18.438 0.5000000000
41974  17.608  -57.093  18.247 0.4000000060
40174  20.238  -60.380  11.891 0.5000000000
40193  20.682  -60.983  10.409 0.3000000119
41136  20.096  -59.733  11.290 0.5000000000
40192  21.485  -60.834  9.674 0.3000000119
41147  20.687  -60.200  10.345 0.3000000119
111718  21.833  -60.048  9.713 0.3000000119
41144  23.470  -59.659  9.587 0.3000000119
116349  22.891  -59.870  9.412 0.3000000119
41145  22.145  -59.286  9.604 0.4000000060
41146  21.181  -59.537  9.988 0.4000000060
39100  16.948  -61.641  18.851 0.3000000119
120433  24.315  -58.742  10.188 0.4000000060
116858  23.751  -58.882  9.735 0.4000000060
113777  23.155  -59.097  9.455 0.4000000060
37959  17.105  -61.814  19.689 0.3000000119
125675  16.390  -56.756  22.866 0.3000000119
42825  15.919  -57.172  22.291 0.3000000119
43787  16.052  -55.959  23.009 0.3000000119
129543  15.757  -56.500  22.533 0.3000000119
46679  16.201  -53.768  23.392 0.3000000119
47698  18.031  -52.927  23.356 0.3000000119
132025  16.794  -53.469  23.380 0.3000000119
46693  15.074  -53.593  22.717 0.3000000119
126881  20.179  -52.113  22.921 0.3000000119
47708  19.417  -52.353  22.924 0.3000000119
47709  18.506  -52.331  22.677 0.3000000119
47710  17.683  -52.432  22.532 0.3000000119
47699  17.220  -52.968  23.053 0.3000000119
111811  20.201  -50.911  22.362 0.3000000119
48697  19.815  -51.589  22.576 0.3000000119
48709  18.973  -51.647  22.390 0.3000000119
49668  18.626  -50.900  22.173 0.3000000119
48710  18.023  -51.678  22.116 0.3000000119
50619  20.422  -50.182  22.158 0.3000000119
125125  19.798  -50.402  22.246 0.3000000119
49667  19.425  -50.955  22.285 0.3000000119
42071  23.424  -58.262  9.583 0.4000000060
128844  15.717  -53.438  22.958 0.3000000119
41053  17.270  -58.159  18.238 0.3000000119
39117  16.659  -60.737  18.187 0.3000000119
120535  18.966  -66.033  17.213 0.4000000060
130629  17.466  -65.379  16.296 0.4000000060
34821  17.816  -64.962  16.692 0.4000000060
35904  16.397  -64.196  15.543 0.4000000060
36999  16.636  -63.323  15.757 0.3000000119
35885  17.587  -64.203  16.579 0.4000000060
36998  17.326  -63.439  16.394 0.4000000060
127366  17.105  -62.657  16.180 0.4000000060
36963  17.953  -63.575  16.914 0.4000000060
39149  16.732  -61.279  15.500 0.3000000119
40147  16.991  -60.387  15.631 0.3000000119
38033  17.504  -61.934  16.439 0.4000000060
126521  16.492  -59.529  15.025 0.3000000119
124674  16.753  -58.071  15.400 0.3000000119
39128  17.955  -61.087  16.619 0.4000000060
111597  17.249  -59.244  15.668 0.3000000119
125102  16.923  -65.289  15.915 0.4000000060
36983  16.975  -64.105  16.105 0.4000000060
42013  16.970  -57.029  16.047 0.3000000119
42027  15.479  -56.549  14.982 0.3000000119
32673  20.283  -67.316  17.364 0.4000000060
32679  23.384  -67.673  16.451 0.3000000119
33794  23.464  -66.189  15.714 0.4000000060
34804  22.569  -65.175  18.212 0.6000000238
34836  17.233  -64.776  16.283 0.4000000060
34883  22.715  -65.336  13.693 0.4000000060
35865  23.675  -64.812  17.306 0.6000000238
35868  18.181  -64.349  17.056 0.5000000000
36960  24.641  -63.666  17.316 0.6999999881
36961  19.003  -63.562  17.797 0.5000000000
37012  23.810  -63.335  15.024 0.6999999881
39129  17.313  -61.145  16.059 0.4000000060
41081  18.704  -58.987  16.564 0.5000000000
41999  17.695  -57.308  16.368 0.3000000119
42014  16.234  -56.873  15.562 0.3000000119
42895  18.001  -56.766  18.202 0.4000000060
42905  18.892  -56.891  18.227 0.6000000238
42906  18.204  -56.693  17.962 0.5000000000
42928  16.415  -56.614  16.271 0.3000000119
43894  19.542  -56.571  11.973 0.8999999762
43905  24.911  -56.472  10.243 0.5000000000
44678  23.375  -55.175  24.710 0.5000000000
46854  17.284  -53.144  12.981 0.8999999762
46869  21.673  -53.093  11.799 0.6999999881
47788  21.712  -52.105  17.317 1.0000000000
47818  17.483  -52.064  14.698 0.8999999762
47872  17.105  -52.556  13.029 0.8999999762
47882  18.846  -53.138  12.148 0.8999999762
48787  16.428  -50.474  15.290 0.8999999762
48799  16.416  -50.736  14.653 0.8999999762
48824  20.874  -51.702  13.339 0.6999999881
48828  16.988  -51.353  13.401 0.8999999762
49722  21.089  -50.130  17.531 0.8999999762
49738  17.934  -49.849  16.613 1.0000000000
49747  20.199  -50.898  17.162 0.8999999762
49788  16.400  -50.355  14.555 0.8999999762
49804  18.274  -50.696  13.613 0.6999999881
49807  16.570  -50.661  14.111 0.8999999762
50742  16.508  -50.030  14.426 0.8999999762
52574  16.554  -47.128  15.875 0.8999999762
53450  21.981  -45.857  16.019 0.6999999881
53451  16.884  -45.809  15.123 0.8000000119
54334  17.939  -45.236  15.429 0.8000000119
55200  19.116  -44.638  15.427 0.8000000119
55256  23.688  -44.234  11.872 0.5000000000
56090  19.943  -42.860  13.508 0.6000000238
57047  20.236  -42.560  13.454 0.6000000238
57960  24.154  -41.576  11.584 0.5000000000
58884  25.814  -40.242  11.888 0.3000000119
59842  24.509  -38.663  12.109 0.4000000060
60722  23.783  -38.629  12.383 0.4000000060
113575  19.736  -57.065  11.770 0.8000000119
115734  19.362  -47.750  16.952 0.8999999762
119203  20.867  -60.898  18.759 0.6999999881
124668  19.980  -48.127  15.310 0.6999999881
124885  22.515  -49.389  21.751 0.3000000119
125243  21.480  -47.530  15.160 0.6000000238
125664  19.988  -57.321  11.527 0.8000000119
127294  16.872  -52.081  14.265 0.8999999762
129057  25.623  -57.985  14.991 1.0000000000
129309  24.343  -42.072  11.563 0.5000000000
129837  20.301  -58.660  10.538 0.5000000000
130275  21.432  -67.381  17.833 0.4000000060
130399  24.553  -43.174  15.041 0.4000000060
131223  18.762  -50.805  16.574 1.0000000000
131233  20.382  -56.937  12.769 0.8999999762
131552  18.565  -46.607  16.518 0.8999999762
131668  22.296  -60.168  13.476 0.8000000119
