#!ascii label  , from subject sub-v1s2x0051471_ses-1 vox2ras=TkReg
694
59770  16.051  -39.349  18.206 0.1428571492
58817  14.807  -40.182  18.599 0.1428571492
114917  15.517  -38.786  17.777 0.1428571492
59748  16.638  -39.855  18.763 0.1428571492
124008  16.300  -38.740  17.841 0.2857142985
59771  15.132  -39.522  18.119 0.1428571492
59769  17.031  -39.068  18.267 0.1428571492
61568  16.306  -37.270  17.187 0.5714285970
60659  17.573  -38.456  18.031 0.1428571492
61555  18.391  -37.269  17.811 0.2857142985
110241  19.537  -36.220  18.112 0.1428571492
62417  19.272  -37.105  18.123 0.2857142985
64133  19.747  -33.864  17.096 0.2857142985
114351  19.085  -34.356  16.688 0.1428571492
130954  19.177  -34.864  17.194 0.2857142985
65918  20.109  -32.396  16.125 0.2857142985
64978  20.437  -33.477  17.474 0.2857142985
130090  20.271  -31.180  15.106 0.2857142985
66716  20.416  -31.562  15.722 0.2857142985
68356  21.323  -29.520  14.509 0.2857142985
70892  21.625  -27.092  14.849 0.8571428657
69216  21.672  -28.159  14.700 0.4285714328
67557  21.196  -30.189  14.653 0.2857142985
72557  22.647  -25.268  14.913 0.7142857313
131334  22.729  -25.664  14.552 0.7142857313
71717  22.358  -26.336  14.723 0.7142857313
70078  20.980  -27.725  15.012 0.7142857313
73400  23.554  -24.083  14.380 0.8571428657
73401  23.107  -24.645  14.665 0.5714285970
72535  22.471  -24.625  15.829 0.8571428657
71699  22.109  -25.946  15.132 0.7142857313
70880  21.469  -26.695  15.265 0.7142857313
75264  24.297  -22.741  14.234 0.4285714328
118407  23.804  -23.605  14.100 0.7142857313
76133  25.405  -21.187  12.715 0.2857142985
76120  25.051  -21.129  13.400 0.5714285970
74321  23.877  -22.959  14.673 0.8571428657
113288  24.496  -21.913  14.337 0.7142857313
74306  23.535  -23.405  15.202 0.8571428657
77018  25.748  -20.380  11.976 0.1428571492
76149  25.691  -21.224  12.124 0.1428571492
118973  25.479  -20.544  12.476 0.4285714328
75265  24.008  -21.929  15.303 0.8571428657
78586  25.660  -18.297  11.881 0.1428571492
77034  26.322  -20.264  11.443 0.1428571492
77019  25.417  -19.573  12.541 0.1428571492
77006  25.191  -20.166  13.170 0.4285714328
76108  24.358  -20.978  15.174 0.8571428657
79356  25.745  -17.071  10.961 0.1428571492
78608  26.532  -17.555  10.388 0.1428571492
78601  25.328  -17.477  11.776 0.1428571492
77811  25.472  -18.729  12.355 0.1428571492
77784  25.056  -18.523  13.587 0.4285714328
76993  24.979  -19.279  13.855 0.5714285970
113544  24.566  -20.120  14.965 0.7142857313
76091  23.894  -20.821  16.133 0.8571428657
79343  24.685  -17.031  12.399 0.1428571492
79344  24.418  -16.163  12.182 0.1428571492
79327  24.693  -17.337  13.152 0.1428571492
78559  24.910  -17.664  13.936 0.5714285970
76980  24.412  -19.256  15.550 0.8571428657
76090  24.236  -20.065  15.836 0.8571428657
79358  24.702  -15.895  11.276 0.1428571492
79313  24.654  -16.917  13.741 0.8571428657
77785  24.871  -18.437  14.369 0.8571428657
76994  24.718  -19.261  14.693 0.7142857313
77773  24.579  -18.409  15.215 0.8571428657
80947  23.772  -14.643  12.275 0.1428571492
80948  23.385  -14.059  11.547 0.1428571492
80135  24.142  -15.498  12.707 0.4285714328
120829  24.657  -15.399  14.390 0.8571428657
80096  24.673  -15.994  14.994 0.8571428657
78546  24.372  -17.504  15.668 0.8571428657
78534  23.852  -17.755  16.405 0.8571428657
80938  24.064  -14.758  13.170 0.4285714328
80086  24.097  -15.826  16.245 0.8571428657
79295  24.334  -16.432  15.779 0.8571428657
79296  23.854  -16.415  16.449 0.8571428657
81751  23.529  -13.833  12.284 0.1428571492
121939  23.489  -13.077  12.385 0.2857142985
81750  23.728  -14.192  12.866 0.5714285970
81731  24.441  -13.573  14.208 0.8571428657
80926  24.549  -14.555  14.088 0.8571428657
80917  24.587  -14.813  15.081 0.8571428657
122776  24.353  -15.447  15.743 0.8571428657
80907  24.240  -14.530  15.956 0.8571428657
80087  23.595  -15.731  16.713 0.8571428657
82674  23.453  -12.346  12.703 0.2857142985
127708  23.720  -12.878  13.058 0.7142857313
81743  23.715  -13.546  12.964 0.5714285970
116661  24.469  -13.201  15.010 0.8571428657
81709  24.070  -13.678  16.265 0.8571428657
80892  23.208  -14.122  17.260 0.8571428657
115300  23.376  -14.979  16.983 0.8571428657
82662  24.308  -12.697  14.363 0.8571428657
83403  24.228  -12.260  15.269 0.8571428657
82631  24.222  -13.012  15.803 0.8571428657
83369  23.214  -12.409  17.108 0.7142857313
82608  23.391  -13.027  17.106 0.7142857313
83421  24.122  -11.917  14.511 0.8571428657
83422  24.033  -11.315  15.034 0.8571428657
82632  23.945  -12.350  16.063 0.8571428657
84064  23.163  -10.871  16.363 0.8571428657
84085  23.581  -10.747  15.543 0.8571428657
83385  22.452  -11.843  17.042 0.7142857313
84111  23.680  -10.185  13.844 0.7142857313
84104  23.744  -10.496  14.735 0.8571428657
127634  23.505  -9.559  14.642 0.8571428657
84728  23.087  -9.615  15.345 0.8571428657
85430  22.903  -8.064  14.828 0.7142857313
114867  23.575  -12.134  16.554 0.8571428657
84086  23.055  -10.237  15.812 0.8571428657
85474  21.309  -8.137  10.468 0.1428571492
84756  23.580  -9.235  13.676 0.8571428657
85429  23.409  -8.604  14.343 0.7142857313
86140  23.336  -7.674  14.170 0.7142857313
85405  23.044  -8.903  15.036 0.8571428657
86942  21.947  -6.270  10.697 0.1428571492
86170  23.256  -7.229  12.510 0.5714285970
86929  23.208  -6.423  12.284 0.5714285970
87656  23.198  -5.367  13.359 0.5714285970
86941  22.711  -6.294  11.519 0.1428571492
88460  20.933  -4.590  8.888 0.1428571492
88430  23.124  -5.006  12.562 0.5714285970
89122  21.657  -4.029  9.555 0.1428571492
89123  21.057  -3.681  8.459 0.1428571492
88453  22.384  -4.759  10.785 0.1428571492
115722  20.402  -3.021  7.183 0.1428571492
88444  22.856  -4.910  11.660 0.5714285970
113472  20.838  -2.741  8.466 0.1428571492
89777  21.653  -2.504  9.939 0.1428571492
89780  20.099  -1.858  7.213 0.1428571492
90405  20.685  -1.802  8.801 0.1428571492
58802  16.238  -40.488  19.307 0.1428571492
58803  15.340  -40.620  19.213 0.1428571492
60660  16.884  -38.344  17.698 0.2857142985
59768  18.154  -38.974  18.453 0.1428571492
127879  18.858  -38.509  18.356 0.2857142985
61556  17.514  -37.751  17.593 0.2857142985
64127  19.712  -34.650  17.569 0.2857142985
63270  19.307  -35.349  17.611 0.2857142985
67569  21.020  -30.086  14.124 0.2857142985
67558  20.669  -30.631  14.135 0.2857142985
114145  21.659  -27.584  14.782 0.4285714328
69217  21.229  -28.867  14.604 0.5714285970
112364  23.894  -23.980  13.854 0.2857142985
70893  20.775  -27.306  15.453 0.7142857313
130464  25.141  -22.115  13.342 0.1428571492
74307  23.018  -23.153  16.361 0.8571428657
79368  25.426  -16.294  10.715 0.1428571492
78560  24.737  -17.614  14.828 0.8571428657
77761  24.199  -18.463  16.020 0.8571428657
127204  24.047  -17.036  16.218 0.8571428657
83431  23.884  -12.254  13.628 0.8571428657
85457  23.288  -8.085  12.669 0.7142857313
86183  22.776  -7.046  11.774 0.2857142985
87674  22.530  -5.538  11.126 0.1428571492
88459  21.807  -4.527  10.034 0.1428571492
89785  20.821  -2.907  6.272 0.1428571492
118579  14.495  -40.756  19.138 0.1428571492
62426  18.133  -36.442  17.480 0.2857142985
61566  17.659  -37.001  17.391 0.4285714328
61567  17.031  -37.175  17.078 0.2857142985
63271  18.712  -35.875  17.574 0.1428571492
110240  20.635  -32.718  17.120 0.2857142985
64988  19.921  -33.148  16.685 0.2857142985
64989  19.292  -33.582  16.234 0.2857142985
69218  21.003  -28.287  14.706 0.7142857313
77826  26.634  -18.401  10.791 0.1428571492
79367  26.308  -16.602  9.922 0.1428571492
80158  24.340  -15.248  10.851 0.1428571492
80146  24.125  -15.364  11.825 0.2857142985
80957  23.746  -14.717  11.317 0.1428571492
116262  24.648  -16.186  14.081 0.8571428657
76969  24.014  -19.291  16.323 0.8571428657
117432  23.789  -19.993  16.511 1.0000000000
116447  23.211  -13.317  11.660 0.1428571492
81691  22.842  -13.471  17.406 0.8571428657
125735  23.559  -11.658  13.105 0.5714285970
110637  23.488  -10.852  13.004 0.5714285970
84116  23.435  -9.895  12.881 0.5714285970
84764  23.344  -8.973  12.785 0.7142857313
86171  22.748  -7.866  11.893 0.4285714328
85458  22.654  -8.752  11.993 0.2857142985
85466  21.977  -8.473  11.205 0.2857142985
86184  22.096  -7.599  11.185 0.1428571492
122738  22.197  -6.881  11.169 0.1428571492
89113  22.264  -3.243  10.984 0.2857142985
87685  21.595  -5.364  10.058 0.1428571492
89118  21.708  -3.391  9.703 0.1428571492
108945  20.129  -1.151  7.755 0.1428571492
90407  20.011  -0.792  6.466 0.1428571492
83440  23.071  -11.619  12.148 0.4285714328
83441  22.935  -10.586  12.070 0.4285714328
84765  22.752  -9.651  12.026 0.4285714328
59749  15.686  -40.031  18.630 0.1428571492
60678  16.059  -38.064  17.492 0.4285714328
122189  16.768  -37.748  17.346 0.5714285970
60658  18.262  -38.140  18.067 0.1428571492
62418  18.822  -36.586  17.824 0.1428571492
71700  21.125  -26.113  16.164 0.7142857313
74320  24.252  -23.515  13.859 0.8571428657
73381  23.087  -23.982  15.581 0.8571428657
75276  24.886  -21.983  13.560 0.5714285970
122614  24.854  -20.163  14.054 0.5714285970
78587  25.169  -17.907  12.541 0.2857142985
127933  26.149  -18.635  11.395 0.1428571492
122381  25.153  -19.228  13.204 0.1428571492
79328  24.374  -16.428  13.119 0.5714285970
128628  24.713  -16.880  14.490 0.8571428657
128740  24.545  -13.986  14.786 0.8571428657
80908  23.780  -14.330  16.663 0.8571428657
83432  23.818  -11.214  14.018 0.8571428657
86194  21.370  -7.198  10.397 0.1428571492
87667  23.331  -5.822  12.798 0.5714285970
112101  23.328  -6.019  13.484 0.5714285970
88466  20.548  -4.291  7.277 0.1428571492
129007  22.798  -4.397  12.119 0.4285714328
89117  22.224  -4.023  10.425 0.1428571492
64126  20.543  -34.671  18.207 0.1428571492
65932  19.469  -32.282  15.489 0.5714285970
65920  18.837  -33.127  15.564 0.5714285970
65933  17.378  -32.589  15.952 0.5714285970
125869  16.558  -33.006  15.901 0.2857142985
66730  18.847  -31.734  15.343 0.5714285970
66731  17.990  -31.793  15.812 0.5714285970
64991  16.634  -33.716  15.943 0.4285714328
110513  18.408  -32.516  15.627 0.5714285970
65921  15.805  -32.651  15.940 0.2857142985
65934  16.298  -32.272  15.936 0.4285714328
67559  20.057  -30.678  13.934 0.4285714328
131112  19.322  -30.556  15.042 0.5714285970
67546  17.639  -31.041  15.876 0.5714285970
67547  16.810  -30.717  16.027 0.4285714328
67571  19.665  -30.059  13.918 0.5714285970
68367  19.212  -29.564  15.609 0.5714285970
68343  17.798  -30.106  15.867 0.4285714328
68366  19.529  -29.598  14.622 0.7142857313
68368  18.518  -28.776  16.282 0.4285714328
114385  19.747  -29.040  15.245 0.4285714328
66732  17.005  -31.676  16.123 0.4285714328
66733  15.921  -31.328  15.805 0.2857142985
65935  15.471  -32.014  15.877 0.2857142985
68365  20.093  -29.383  14.231 0.7142857313
70080  19.313  -27.894  16.307 0.7142857313
70913  17.658  -26.786  15.975 0.4285714328
71718  18.296  -26.136  16.250 0.7142857313
72585  17.795  -25.357  15.279 0.5714285970
72574  18.210  -25.310  15.781 0.7142857313
131396  18.161  -25.028  14.269 0.2857142985
70079  20.258  -28.236  15.367 0.5714285970
70903  20.096  -27.752  15.903 0.5714285970
70904  18.910  -27.126  16.450 0.7142857313
71701  19.782  -25.912  16.610 0.7142857313
112280  18.759  -23.743  15.883 0.7142857313
72538  19.523  -23.730  16.440 0.7142857313
73422  18.191  -23.800  14.747 0.4285714328
73403  18.578  -22.862  15.417 0.4285714328
72558  21.799  -25.327  16.009 0.5714285970
72536  21.438  -24.463  16.643 0.5714285970
72537  20.322  -24.145  16.795 0.5714285970
73384  20.183  -23.196  16.660 0.7142857313
74310  19.979  -22.256  16.424 0.7142857313
76093  21.321  -20.946  16.852 0.7142857313
74322  19.132  -21.986  15.732 0.7142857313
75266  19.246  -21.152  15.636 0.5714285970
76095  19.582  -20.561  15.859 0.5714285970
75246  23.543  -22.557  15.928 0.7142857313
74308  22.137  -22.816  17.067 0.5714285970
73383  21.113  -23.568  16.950 0.5714285970
75248  21.715  -21.883  17.120 0.7142857313
74309  21.027  -22.614  16.967 0.7142857313
74323  18.463  -22.106  15.107 0.4285714328
76971  20.916  -20.059  16.582 0.7142857313
76972  19.998  -19.892  16.109 0.7142857313
119655  21.420  -19.354  16.850 0.7142857313
76982  19.236  -19.767  15.419 0.5714285970
115088  20.467  -19.216  16.359 0.7142857313
75247  22.798  -22.206  16.852 0.5714285970
75249  20.687  -21.602  16.653 0.7142857313
114290  21.901  -20.251  17.185 0.8571428657
119646  22.437  -19.457  17.266 0.8571428657
77765  20.939  -18.501  16.616 0.7142857313
77774  20.001  -18.409  16.136 0.5714285970
78547  19.544  -17.579  15.779 0.2857142985
114816  23.114  -20.408  17.040 0.7142857313
77763  22.849  -18.631  17.260 0.7142857313
79298  20.367  -16.445  16.409 0.7142857313
76970  23.338  -19.397  16.911 0.7142857313
77764  21.901  -18.585  17.164 0.8571428657
80072  22.978  -15.664  17.262 0.8571428657
78537  21.368  -17.661  16.888 0.8571428657
78538  20.705  -17.153  16.559 0.5714285970
79283  21.800  -16.325  17.126 0.8571428657
79297  21.188  -15.936  16.818 0.8571428657
115642  20.404  -15.524  16.394 0.7142857313
78535  23.143  -17.854  17.004 0.8571428657
79282  22.492  -16.344  17.252 0.8571428657
80089  21.204  -14.988  16.818 0.8571428657
80088  22.724  -14.885  17.352 0.8571428657
128244  22.018  -14.762  17.276 0.8571428657
80910  21.615  -14.162  17.067 0.7142857313
124563  22.672  -11.098  16.768 0.7142857313
110479  21.914  -11.016  16.723 0.7142857313
84065  22.413  -10.389  16.376 0.5714285970
83386  20.934  -11.056  16.338 0.7142857313
84729  22.540  -9.766  15.811 0.7142857313
115799  22.636  -9.204  15.471 0.8571428657
85395  21.393  -8.743  15.864 0.7142857313
84067  20.403  -10.332  16.126 0.7142857313
85407  20.519  -8.260  15.868 0.7142857313
86124  20.565  -7.321  15.625 0.7142857313
85408  19.559  -8.735  15.898 0.5714285970
85406  22.288  -8.518  15.429 0.7142857313
86123  21.515  -7.205  15.514 0.7142857313
119485  19.591  -7.839  15.546 0.5714285970
86886  21.129  -6.517  15.495 0.4285714328
123196  19.597  -7.137  15.329 0.5714285970
86122  22.217  -7.588  15.263 0.5714285970
115296  18.576  -8.204  15.353 0.5714285970
87631  21.711  -5.843  15.269 0.5714285970
86903  20.616  -5.798  15.139 0.5714285970
86888  19.051  -6.701  14.816 0.5714285970
86125  18.747  -7.347  15.103 0.4285714328
86126  17.934  -7.464  14.947 0.5714285970
85409  17.597  -8.177  15.157 0.4285714328
86905  18.456  -6.193  14.320 0.5714285970
87639  21.201  -5.042  14.889 0.5714285970
86143  17.710  -6.983  14.738 0.4285714328
112540  16.572  -8.838  15.076 0.4285714328
86906  17.813  -6.417  14.431 0.5714285970
86142  18.189  -6.865  14.630 0.5714285970
87643  17.556  -5.266  14.241 0.4285714328
70891  22.189  -26.920  14.709 0.2857142985
73382  22.195  -23.724  16.631 0.5714285970
87642  17.939  -5.581  13.996 0.2857142985
86907  17.542  -5.991  14.513 0.4285714328
86889  17.340  -6.398  15.145 0.2857142985
64990  18.150  -33.738  15.870 0.5714285970
64143  17.428  -34.312  16.008 0.5714285970
65931  19.891  -31.469  15.194 0.2857142985
66729  19.420  -31.596  15.228 0.4285714328
65001  17.362  -33.434  15.863 0.5714285970
66743  20.231  -31.022  14.438 0.2857142985
66744  19.862  -30.966  14.654 0.5714285970
129550  16.073  -33.222  15.955 0.2857142985
68358  18.314  -29.405  15.986 0.4285714328
67548  15.276  -30.594  15.899 0.2857142985
119114  15.922  -30.265  15.724 0.2857142985
69234  18.456  -28.274  16.410 0.5714285970
71698  22.942  -25.665  14.403 0.2857142985
125212  17.145  -25.748  14.942 0.2857142985
72561  18.410  -24.593  15.671 0.7142857313
123754  20.430  -17.745  16.401 0.7142857313
82634  21.727  -12.643  17.001 0.7142857313
119253  21.346  -11.819  16.710 0.7142857313
82635  20.636  -12.678  16.575 0.7142857313
85396  20.565  -9.065  16.155 0.7142857313
86127  17.389  -7.493  15.085 0.2857142985
123971  22.057  -6.698  15.306 0.5714285970
86901  23.278  -6.651  14.007 0.5714285970
86902  22.635  -6.197  14.769 0.5714285970
86904  19.471  -6.009  14.573 0.5714285970
87641  18.792  -5.420  13.989 0.2857142985
69219  17.457  -28.561  15.940 0.4285714328
131524  19.963  -31.971  15.578 0.2857142985
70881  20.424  -26.779  16.121 0.5714285970
109878  23.369  -21.531  16.491 0.7142857313
76092  22.394  -21.215  17.153 0.7142857313
78520  22.807  -17.088  17.135 0.7142857313
69227  20.268  -28.754  14.917 0.5714285970
115888  19.666  -28.575  15.910 0.5714285970
80911  20.793  -14.173  16.628 0.7142857313
72559  20.631  -25.171  16.714 0.5714285970
121316  18.993  -32.323  15.318 0.5714285970
130197  18.041  -33.112  15.790 0.4285714328
66745  19.378  -30.963  15.082 0.5714285970
67545  18.644  -30.886  15.452 0.5714285970
64144  16.587  -34.499  16.228 0.5714285970
67560  19.551  -30.424  14.334 0.5714285970
68357  19.102  -30.155  15.304 0.5714285970
120085  16.534  -29.680  15.768 0.4285714328
69229  19.295  -29.196  15.925 0.5714285970
69235  17.941  -28.102  16.320 0.4285714328
69228  19.313  -28.722  16.171 0.5714285970
70085  18.631  -27.860  16.435 0.7142857313
71726  17.973  -26.337  16.122 0.5714285970
70905  17.409  -25.790  15.210 0.4285714328
70906  17.354  -26.760  15.594 0.4285714328
70081  17.376  -27.390  15.791 0.4285714328
70070  19.225  -26.725  16.452 0.7142857313
71702  18.891  -26.127  16.460 0.7142857313
71727  17.844  -24.983  14.903 0.2857142985
112821  18.746  -25.304  16.300 0.7142857313
72560  19.326  -24.652  16.483 0.7142857313
73402  19.297  -22.942  16.137 0.7142857313
75250  19.797  -21.358  16.164 0.7142857313
76094  20.366  -20.719  16.378 0.7142857313
76110  18.768  -20.052  14.886 0.2857142985
78548  18.796  -17.656  14.979 0.2857142985
78521  21.989  -17.005  17.224 0.8571428657
84066  21.417  -10.232  16.325 0.7142857313
84710  21.357  -9.471  16.081 0.7142857313
112953  21.445  -7.936  15.630 0.8571428657
86144  17.526  -6.755  14.838 0.4285714328
68345  15.900  -29.419  15.592 0.1428571492
69220  16.596  -28.142  15.525 0.4285714328
60661  15.001  -37.912  17.751 0.4285714328
65917  20.889  -31.944  16.686 0.1428571492
66715  21.164  -31.137  16.247 0.1428571492
69208  21.729  -28.811  14.773 0.1428571492
69207  22.169  -28.136  14.903 0.1428571492
67534  21.566  -30.292  15.826 0.1428571492
66707  21.662  -31.541  17.179 0.1428571492
130123  22.579  -28.163  15.365 0.1428571492
68342  21.703  -29.510  15.183 0.1428571492
70069  22.129  -27.508  14.710 0.1428571492
116996  23.407  -25.115  14.276 0.2857142985
81711  22.080  -13.427  17.242 0.5714285970
108941  20.474  1.503  7.939 0.1428571492
131437  19.554  -14.435  15.745 0.4285714328
124932  20.022  1.982  8.311 0.1428571492
109538  21.402  -1.674  10.297 0.1428571492
82649  19.836  -12.462  16.106 0.4285714328
82648  20.362  -11.835  16.297 0.5714285970
83387  19.950  -11.131  15.971 0.4285714328
90391  20.300  -0.842  12.400 0.2857142985
131895  20.621  -3.506  13.803 0.2857142985
88395  20.527  -4.212  14.240 0.2857142985
89085  21.309  -3.117  13.467 0.2857142985
83423  16.325  -11.824  14.348 0.1428571492
83405  18.982  -11.317  15.608 0.5714285970
84711  20.742  -9.722  16.174 0.5714285970
89087  18.983  -3.177  13.339 0.2857142985
87638  22.306  -5.299  14.702 0.4285714328
109919  17.235  -10.873  14.995 0.4285714328
114206  18.361  -9.895  15.572 0.5714285970
88414  19.542  -3.731  13.584 0.2857142985
84088  16.596  -10.339  14.778 0.4285714328
110375  17.375  -9.900  15.199 0.2857142985
88416  17.951  -4.210  13.548 0.1428571492
88396  19.141  -4.563  13.749 0.1428571492
88415  18.441  -3.938  13.427 0.1428571492
124348  16.400  -9.582  14.877 0.1428571492
111901  17.103  -8.918  15.060 0.4285714328
87659  17.776  -4.719  13.831 0.1428571492
89089  17.723  -4.020  13.799 0.1428571492
89088  17.978  -3.641  13.527 0.1428571492
87632  17.254  -5.424  14.924 0.2857142985
123395  17.202  -6.537  16.489 0.1428571492
88397  17.421  -4.509  14.370 0.1428571492
89743  17.719  -3.293  13.849 0.1428571492
88391  17.228  -4.507  15.264 0.1428571492
89070  17.469  -3.668  14.319 0.1428571492
114716  17.286  -3.761  15.513 0.1428571492
62429  15.703  -36.550  17.244 0.4285714328
129600  15.489  -35.910  17.192 0.2857142985
68330  22.205  -29.565  16.150 0.1428571492
126245  22.536  -26.971  14.712 0.1428571492
126693  19.911  -13.050  16.223 0.2857142985
86157  23.440  -7.404  13.382 0.4285714328
89084  22.200  -3.610  13.140 0.2857142985
89742  18.687  -2.561  13.327 0.2857142985
114547  21.043  -2.304  13.206 0.2857142985
114709  18.043  -2.779  13.564 0.2857142985
62430  14.942  -35.977  17.645 0.2857142985
63269  20.103  -35.422  18.146 0.1428571492
64977  21.213  -33.161  17.895 0.1428571492
72556  23.589  -24.606  14.257 0.1428571492
70890  22.729  -26.367  14.578 0.1428571492
83408  15.957  -10.451  14.636 0.1428571492
129591  20.123  -14.111  16.235 0.4285714328
129417  18.812  -8.861  15.571 0.5714285970
87657  22.752  -4.933  13.949 0.4285714328
90375  19.363  -1.541  13.063 0.2857142985
89740  20.655  -1.574  12.762 0.2857142985
89102  21.932  -2.890  12.713 0.2857142985
89758  21.585  -2.083  12.207 0.2857142985
109563  21.025  -1.296  11.902 0.2857142985
90401  20.535  -0.498  11.493 0.1428571492
108940  19.944  0.540  11.047 0.1428571492
108933  20.629  -0.833  9.249 0.1428571492
89725  17.419  -2.943  14.401 0.2857142985
90376  18.385  -1.874  13.389 0.2857142985
108938  20.505  -0.149  10.244 0.1428571492
108939  20.292  0.063  8.864 0.1428571492
89769  21.859  -2.347  11.167 0.1428571492
108934  21.006  -1.053  10.862 0.1428571492
73421  24.154  -23.521  13.769 0.2857142985
88431  22.717  -4.276  12.801 0.4285714328
90392  19.455  -0.594  12.932 0.2857142985
89757  22.197  -2.805  11.870 0.2857142985
108929  21.489  -1.689  11.365 0.1428571492
61569  15.647  -37.356  17.500 0.4285714328
126808  23.118  -25.145  14.323 0.4285714328
87637  23.059  -5.720  14.090 0.4285714328
88412  22.446  -4.252  13.613 0.2857142985
89101  22.496  -3.607  12.144 0.2857142985
111749  19.574  -11.893  15.839 0.4285714328
84068  19.275  -10.339  15.805 0.5714285970
88394  21.910  -4.441  14.403 0.2857142985
87658  18.233  -4.756  13.615 0.2857142985
81713  20.358  -13.523  16.450 0.5714285970
84712  19.924  -9.579  16.108 0.5714285970
84732  18.103  -9.051  15.320 0.5714285970
87640  19.928  -5.162  14.441 0.2857142985
68341  22.329  -28.762  15.503 0.1428571492
67522  21.892  -30.778  16.841 0.1428571492
69206  22.718  -27.576  15.150 0.1428571492
111665  18.593  -13.028  15.102 0.2857142985
89741  19.722  -2.312  13.233 0.2857142985
89086  20.135  -2.973  13.502 0.2857142985
88413  21.581  -3.770  13.886 0.2857142985
82652  17.128  -11.722  14.617 0.2857142985
84087  18.162  -10.660  15.508 0.4285714328
124712  18.319  -3.292  13.421 0.1428571492
83407  16.437  -11.063  14.533 0.2857142985
61570  15.009  -36.898  17.798 0.2857142985
70049  23.502  -27.436  15.844 0.1428571492
81722  19.074  -13.707  15.356 0.2857142985
76109  19.017  -20.583  15.251 0.4285714328
77775  19.256  -18.330  15.467 0.2857142985
90979  17.984  -0.424  14.048 0.1428571492
128286  18.726  -1.154  13.233 0.1428571492
91622  18.570  0.194  13.762 0.1428571492
89711  17.582  -2.448  15.583 0.1428571492
91607  18.437  0.111  14.174 0.1428571492
90980  17.755  -1.060  13.853 0.1428571492
90393  18.720  -0.497  13.283 0.1428571492
90355  17.487  -1.975  15.054 0.1428571492
90346  17.868  -1.751  15.439 0.1428571492
90363  17.555  -1.702  14.102 0.1428571492
90354  18.276  -1.051  15.170 0.1428571492
91621  19.219  0.715  13.736 0.1428571492
90377  17.858  -1.846  13.705 0.1428571492
90961  17.706  -1.309  14.895 0.1428571492
90352  20.177  -1.118  15.324 0.1428571492
90968  18.759  -0.346  14.776 0.1428571492
76981  19.628  -19.088  15.835 0.2857142985
90345  18.728  -1.691  15.598 0.1428571492
90967  19.847  -0.393  14.948 0.1428571492
91635  19.376  0.852  13.163 0.1428571492
68364  20.845  -29.482  14.228 0.2857142985
120805  18.158  -1.148  13.503 0.1428571492
91004  19.389  0.215  12.822 0.1428571492
123243  18.203  -0.441  13.657 0.1428571492
90353  19.228  -1.005  15.286 0.1428571492
90344  19.799  -1.726  15.589 0.1428571492
67570  20.415  -30.141  13.928 0.4285714328
63294  17.778  -35.045  16.471 0.4285714328
63281  18.613  -35.076  16.966 0.1428571492
64142  18.310  -34.417  16.249 0.2857142985
117894  18.723  -33.853  16.021 0.2857142985
128652  17.364  -35.615  16.626 0.2857142985
65919  19.497  -32.943  15.914 0.2857142985
63295  17.079  -35.123  16.278 0.4285714328
83406  18.011  -11.552  15.213 0.2857142985
63284  15.993  -35.787  16.735 0.2857142985
63296  16.483  -35.219  16.451 0.2857142985
63297  15.890  -34.809  16.668 0.2857142985
119904  18.236  -28.933  16.169 0.2857142985
69230  17.637  -28.138  16.098 0.2857142985
70082  16.880  -27.156  15.414 0.2857142985
72586  18.206  -24.912  14.287 0.1428571492
73440  18.115  -24.175  13.895 0.1428571492
75267  18.701  -21.348  15.168 0.1428571492
77786  18.727  -18.368  14.729 0.1428571492
118805  18.911  -17.007  15.285 0.1428571492
79299  19.606  -15.877  15.912 0.1428571492
78549  18.553  -16.899  14.479 0.1428571492
80098  18.437  -15.269  14.821 0.1428571492
82663  17.866  -13.091  14.731 0.1428571492
82650  18.853  -12.231  15.394 0.1428571492
82664  17.041  -12.618  14.373 0.1428571492
82651  17.905  -12.393  14.864 0.1428571492
85410  16.951  -8.245  15.078 0.1428571492
111399  16.796  -7.828  15.316 0.1428571492
84733  16.013  -9.136  15.062 0.1428571492
114288  17.197  -7.213  15.375 0.1428571492
86128  16.472  -7.530  15.813 0.1428571492
63283  16.788  -35.808  16.562 0.1428571492
80090  19.786  -15.154  15.972 0.2857142985
80106  17.869  -15.198  14.356 0.1428571492
61557  14.212  -37.142  18.425 0.2857142985
68344  17.117  -29.068  15.805 0.2857142985
69231  16.928  -27.797  15.573 0.2857142985
119889  18.120  -23.353  14.003 0.1428571492
76122  18.491  -20.695  14.744 0.1428571492
76996  18.370  -19.997  14.485 0.1428571492
76995  18.648  -19.250  14.772 0.1428571492
122336  18.047  -18.359  13.936 0.1428571492
78561  18.558  -17.673  14.193 0.1428571492
79329  18.299  -16.737  14.068 0.1428571492
80918  18.739  -14.478  15.143 0.1428571492
81733  16.648  -13.302  14.255 0.1428571492
85412  15.803  -8.726  15.601 0.1428571492
85411  16.431  -8.458  15.269 0.1428571492
62428  16.529  -36.538  16.850 0.2857142985
74340  18.167  -22.751  14.542 0.1428571492
79308  19.522  -16.705  15.811 0.1428571492
84734  15.516  -9.660  15.382 0.1428571492
69209  16.215  -28.785  15.502 0.1428571492
80097  19.104  -15.232  15.452 0.1428571492
117980  19.382  -12.928  15.617 0.1428571492
63285  15.327  -35.294  17.197 0.2857142985
70895  16.397  -26.303  15.184 0.1428571492
79309  18.784  -16.166  15.208 0.1428571492
78574  17.912  -17.384  13.852 0.1428571492
116076  14.436  -36.388  18.229 0.1428571492
129177  13.730  -36.229  18.863 0.1428571492
74339  24.525  -23.024  13.822 0.1428571492
73420  24.751  -23.338  14.086 0.1428571492
84123  22.323  -11.224  11.254 0.1428571492
60662  14.089  -38.129  18.244 0.1428571492
63286  14.540  -35.079  17.689 0.1428571492
129524  15.051  -34.258  17.216 0.1428571492
119801  15.852  -33.799  16.389 0.1428571492
64992  15.570  -33.016  16.235 0.1428571492
127874  22.416  -12.092  11.221 0.1428571492
124532  22.121  -10.344  11.272 0.1428571492
65922  14.954  -32.384  16.298 0.1428571492
82679  23.077  -12.556  11.854 0.1428571492
74338  25.019  -22.779  13.726 0.1428571492
67572  19.417  -29.886  14.408 0.5714285970
69226  20.717  -28.938  14.516 0.5714285970
70086  17.893  -27.478  16.288 0.4285714328
70087  17.764  -27.620  16.226 0.4285714328
70894  19.687  -27.133  16.301 0.7142857313
70912  18.205  -27.085  16.371 0.7142857313
71703  18.975  -26.723  16.476 0.7142857313
71728  17.562  -25.103  14.711 0.2857142985
71733  17.605  -26.056  15.605 0.5714285970
75277  24.705  -22.541  13.851 0.1428571492
76121  24.676  -21.067  14.211 0.5714285970
77762  23.586  -18.571  16.679 0.8571428657
77787  18.473  -18.516  14.347 0.1428571492
77797  25.202  -18.647  12.893 0.1428571492
77810  25.859  -19.316  11.810 0.1428571492
78522  21.244  -16.759  16.833 0.5714285970
78536  22.355  -17.840  17.189 0.8571428657
78573  25.024  -18.008  13.226 0.5714285970
78600  25.983  -17.896  11.225 0.1428571492
79281  23.223  -16.390  16.938 0.8571428657
79307  24.626  -16.875  15.173 0.8571428657
79314  18.313  -16.079  14.409 0.1428571492
79357  24.993  -16.668  11.568 0.1428571492
80073  22.067  -15.569  17.263 0.8571428657
80121  24.441  -15.486  13.603 0.4285714328
80909  22.442  -14.147  17.358 0.8571428657
81673  23.243  -13.423  17.255 0.7142857313
81710  23.598  -13.567  16.901 0.8571428657
81712  21.200  -13.439  16.829 0.5714285970
81720  24.388  -13.855  15.494 0.8571428657
81721  19.719  -13.633  15.929 0.4285714328
81742  24.149  -13.961  13.479 0.5714285970
82609  23.111  -12.993  17.330 0.7142857313
82633  22.630  -12.767  17.281 0.5714285970
82673  24.116  -13.143  13.595 0.7142857313
83384  23.177  -11.587  16.786 0.7142857313
83404  23.704  -11.586  15.971 0.8571428657
84709  21.973  -9.810  16.130 0.7142857313
84730  22.042  -9.252  15.800 0.7142857313
84731  19.017  -9.415  15.722 0.5714285970
85445  23.503  -8.314  13.523 0.7142857313
86141  22.799  -7.138  14.735 0.5714285970
86887  20.081  -6.556  15.249 0.5714285970
86918  23.407  -6.581  13.084 0.5714285970
87673  23.105  -5.650  11.978 0.5714285970
88383  17.331  -4.330  16.091 0.1428571492
88411  22.932  -4.754  13.254 0.5714285970
89057  17.740  -2.973  16.136 0.1428571492
89783  19.997  -1.344  6.555 0.1428571492
90969  18.037  -0.630  14.571 0.1428571492
90970  17.680  -1.092  14.308 0.1428571492
91636  18.924  0.208  13.310 0.1428571492
108947  20.019  1.217  7.909 0.1428571492
108948  19.680  1.836  8.632 0.1428571492
109369  19.820  -0.931  6.818 0.1428571492
110347  22.588  -4.154  11.375 0.4285714328
114364  17.643  -2.483  13.963 0.2857142985
114800  17.310  -3.929  14.868 0.1428571492
115338  17.417  -17.885  13.728 0.1428571492
115980  23.766  -12.862  16.594 0.8571428657
118030  21.617  -23.188  17.050 0.5714285970
119217  20.303  -14.736  16.312 0.4285714328
119823  24.956  -22.452  13.634 0.1428571492
121501  19.033  -18.945  15.283 0.2857142985
121707  23.486  -17.092  16.677 0.8571428657
122817  23.968  -15.135  16.413 0.8571428657
125667  19.419  -12.382  15.713 0.4285714328
126113  23.445  -10.110  15.233 0.8571428657
128076  20.080  -17.130  16.250 0.2857142985
129601  19.541  -26.625  16.444 0.7142857313
130386  17.539  -1.644  14.575 0.1428571492
