#!ascii label  , from subject sub-v1s2x0051472_ses-1 vox2ras=TkReg
412
90724  -22.193  -10.179  -0.393 0.0000000000
86692  -19.897  -14.517  3.467 0.0000000000
86737  -25.148  -14.919  0.162 0.0000000000
81764  -22.581  -19.524  2.744 0.0000000000
104105  -23.264  3.331  -2.685 0.0000000000
100070  -25.024  -0.208  -1.753 0.0000000000
95409  -19.429  -5.651  -0.213 0.0000000000
77490  -22.216  -23.124  4.741 0.0000000000
157000  -21.205  -17.290  3.304 0.0000000000
81750  -20.162  -18.646  4.869 0.0000000000
102103  -24.142  1.856  -2.490 0.0000000000
99141  -21.782  -1.857  -2.723 0.0000000000
91676  -19.087  -10.473  2.439 0.0000000000
173864  -17.789  -8.053  3.325 0.0000000000
92660  -20.928  -8.101  -0.361 0.0000000000
95436  -23.139  -5.934  -1.558 0.0000000000
93582  -24.735  -7.802  -0.928 0.0000000000
91704  -24.991  -9.803  -0.077 0.0000000000
88723  -18.575  -12.248  4.069 0.0000000000
88762  -21.029  -12.198  1.314 0.0000000000
88789  -23.931  -12.365  -0.752 0.0000000000
85699  -22.280  -15.131  1.461 0.0000000000
83816  -24.265  -17.816  1.001 0.0000000000
81780  -25.800  -19.329  2.150 0.0000000000
97257  -18.645  -3.320  -0.237 0.0000000000
97290  -22.794  -3.616  -2.540 0.0000000000
97278  -25.864  -2.987  -1.457 0.0000000000
80653  -19.830  -20.273  6.121 0.0000000000
79590  -21.839  -21.310  4.094 0.0000000000
83774  -19.478  -17.604  5.472 0.0000000000
81723  -19.531  -18.842  6.224 0.0000000000
100085  -21.545  -0.302  -2.554 0.0000000000
99119  -19.525  -1.661  -1.347 0.0000000000
90713  -20.866  -10.338  0.632 0.0000000000
91701  -19.706  -9.126  1.036 0.0000000000
92650  -21.397  -8.864  -0.288 0.0000000000
93579  -22.681  -7.664  -1.223 0.0000000000
91716  -23.296  -9.418  -0.690 0.0000000000
92665  -25.207  -8.441  -0.387 0.0000000000
91717  -23.955  -9.952  -0.614 0.0000000000
87743  -19.422  -13.745  3.694 0.0000000000
88742  -19.586  -12.393  2.759 0.0000000000
87761  -20.510  -13.756  2.396 0.0000000000
87778  -22.011  -13.610  1.101 0.0000000000
86705  -21.036  -14.472  2.273 0.0000000000
82800  -22.249  -18.257  2.700 0.0000000000
83807  -22.741  -17.712  2.057 0.0000000000
83808  -22.908  -18.399  2.119 0.0000000000
82811  -24.637  -18.551  1.198 0.0000000000
81777  -23.956  -19.531  1.759 0.0000000000
103106  -20.727  2.796  -2.315 0.0000000000
104094  -20.259  4.104  -1.760 0.0000000000
105056  -22.125  4.269  -2.473 0.0000000000
158211  -22.396  5.074  -2.771 0.0000000000
105059  -24.585  4.265  -2.577 0.0000000000
101089  -24.494  0.506  -1.963 0.0000000000
153871  -18.306  -6.795  1.491 0.0000000000
95396  -18.102  -5.433  1.124 0.0000000000
96357  -19.027  -5.023  0.102 0.0000000000
97275  -21.321  -3.707  -1.881 0.0000000000
159300  -21.577  -4.701  -1.705 0.0000000000
95423  -25.436  -5.629  -1.022 0.0000000000
96392  -24.499  -4.480  -1.725 0.0000000000
97259  -26.046  -3.853  -0.999 0.0000000000
87797  -24.777  -13.467  -0.313 0.0000000000
148113  -25.284  -12.089  0.169 0.0000000000
78534  -20.465  -22.623  6.440 0.0000000000
151601  -21.091  -21.924  5.334 0.0000000000
79579  -20.809  -21.047  5.159 0.0000000000
78560  -21.988  -22.172  4.360 0.0000000000
148598  -19.338  -16.064  4.718 0.0000000000
148031  -20.292  -16.029  3.625 0.0000000000
84752  -20.227  -16.741  3.941 0.0000000000
160012  -20.957  -17.934  3.676 0.0000000000
81762  -21.339  -19.086  3.669 0.0000000000
161548  -22.381  2.161  -2.618 0.0000000000
103118  -23.719  2.669  -2.662 0.0000000000
102101  -22.346  1.373  -2.586 0.0000000000
100087  -23.285  -0.336  -2.408 0.0000000000
100088  -23.744  -1.158  -2.323 0.0000000000
90666  -18.263  -10.363  3.853 0.0000000000
92628  -18.572  -8.969  2.554 0.0000000000
93558  -19.000  -7.857  1.111 0.0000000000
94464  -20.055  -6.945  -0.305 0.0000000000
95421  -21.578  -5.982  -1.150 0.0000000000
93586  -22.293  -7.083  -1.447 0.0000000000
94491  -23.321  -6.794  -1.533 0.0000000000
94480  -25.721  -6.251  -0.676 0.0000000000
170280  -25.513  -7.652  -0.528 0.0000000000
76368  -23.143  -24.387  5.381 0.0000000000
77491  -23.106  -23.263  4.366 0.0000000000
89653  -18.698  -11.664  3.588 0.0000000000
90701  -19.505  -11.162  2.199 0.0000000000
90703  -21.132  -11.249  0.817 0.0000000000
89732  -23.261  -11.157  -0.619 0.0000000000
152275  -22.555  -12.272  -0.113 0.0000000000
87794  -22.818  -13.588  0.395 0.0000000000
154719  -23.734  -14.986  0.366 0.0000000000
85693  -22.075  -15.912  1.988 0.0000000000
84782  -23.460  -16.400  1.105 0.0000000000
84799  -25.044  -16.150  0.448 0.0000000000
147398  -25.651  -17.290  0.880 0.0000000000
83809  -26.248  -18.044  1.903 0.0000000000
103120  -25.232  2.773  -2.217 0.0000000000
98191  -20.247  -2.491  -1.622 0.0000000000
98211  -22.205  -2.738  -2.866 0.0000000000
99144  -24.167  -1.960  -2.200 0.0000000000
96390  -22.968  -4.963  -1.912 0.0000000000
97292  -24.287  -3.242  -2.384 0.0000000000
99122  -25.503  -1.720  -1.718 0.0000000000
89719  -24.189  -11.479  -0.742 0.0000000000
90704  -25.729  -11.188  0.812 0.0000000000
161038  -19.555  -19.659  6.590 0.0000000000
81736  -19.827  -19.406  5.707 0.0000000000
80666  -21.323  -20.058  4.069 0.0000000000
80680  -22.426  -20.113  3.105 0.0000000000
78562  -23.558  -22.520  3.835 0.0000000000
78574  -23.489  -21.808  3.427 0.0000000000
80695  -24.169  -20.688  2.312 0.0000000000
99118  -19.001  -1.080  -0.990 0.0000000000
90714  -21.707  -10.613  0.091 0.0000000000
91703  -21.523  -9.826  -0.048 0.0000000000
91714  -22.224  -9.468  -0.509 0.0000000000
91715  -22.759  -9.191  -0.666 0.0000000000
90725  -22.864  -10.116  -0.615 0.0000000000
90726  -23.512  -10.466  -0.659 0.0000000000
86691  -19.456  -14.531  4.095 0.0000000000
87727  -18.862  -13.717  4.456 0.0000000000
87760  -19.893  -13.782  3.016 0.0000000000
86704  -20.393  -14.513  2.870 0.0000000000
166827  -22.227  -18.946  2.927 0.0000000000
82801  -22.741  -18.943  2.399 0.0000000000
82802  -23.466  -18.875  1.832 0.0000000000
81776  -23.215  -19.539  2.215 0.0000000000
103116  -21.858  2.794  -2.480 0.0000000000
104103  -21.177  3.632  -2.368 0.0000000000
157676  -22.865  3.860  -2.667 0.0000000000
105057  -22.978  4.448  -2.774 0.0000000000
105058  -23.765  4.407  -2.808 0.0000000000
104106  -24.081  3.516  -2.691 0.0000000000
101090  -25.242  0.651  -1.653 0.0000000000
101091  -25.944  0.829  -1.275 0.0000000000
100071  -25.794  -0.011  -1.351 0.0000000000
94462  -18.455  -6.270  0.955 0.0000000000
94453  -17.805  -6.122  1.726 0.0000000000
95408  -18.749  -5.604  0.457 0.0000000000
96376  -20.418  -5.094  -1.027 0.0000000000
95419  -20.032  -5.569  -0.722 0.0000000000
95424  -26.165  -5.399  -0.577 0.0000000000
96377  -25.515  -4.741  -1.168 0.0000000000
149082  -25.019  -14.198  -0.125 0.0000000000
87779  -25.341  -13.608  0.008 0.0000000000
86720  -25.654  -14.378  0.398 0.0000000000
77481  -21.503  -23.449  5.463 0.0000000000
77463  -20.860  -23.390  6.115 0.0000000000
78549  -21.013  -22.628  5.723 0.0000000000
78550  -21.567  -22.502  5.068 0.0000000000
85664  -19.786  -16.065  4.156 0.0000000000
84751  -19.733  -16.794  4.524 0.0000000000
82767  -19.702  -18.086  5.193 0.0000000000
170265  -20.066  -18.000  4.693 0.0000000000
82779  -20.562  -18.311  4.256 0.0000000000
82791  -21.025  -18.633  3.806 0.0000000000
154643  -20.843  -19.220  4.227 0.0000000000
102100  -21.168  1.251  -2.474 0.0000000000
101100  -21.871  0.487  -2.542 0.0000000000
159126  -21.287  -0.977  -2.541 0.0000000000
100086  -22.420  -0.337  -2.557 0.0000000000
155772  -22.073  -1.129  -2.726 0.0000000000
153816  -22.871  -1.151  -2.707 0.0000000000
90684  -18.596  -10.434  3.117 0.0000000000
91675  -18.815  -9.760  2.503 0.0000000000
92649  -20.426  -8.586  0.255 0.0000000000
172995  -19.204  -8.528  1.290 0.0000000000
161964  -19.639  -8.207  0.670 0.0000000000
93567  -19.463  -7.387  0.419 0.0000000000
93568  -20.238  -7.746  -0.012 0.0000000000
93577  -20.967  -7.278  -0.689 0.0000000000
93578  -21.744  -7.199  -1.195 0.0000000000
93580  -23.141  -7.873  -1.174 0.0000000000
93588  -23.412  -7.415  -1.381 0.0000000000
94479  -24.216  -7.090  -1.291 0.0000000000
95422  -24.924  -6.284  -1.178 0.0000000000
94465  -25.262  -7.038  -0.899 0.0000000000
94466  -26.143  -7.016  -0.248 0.0000000000
161537  -25.315  -9.148  -0.052 0.0000000000
92651  -25.933  -8.724  0.214 0.0000000000
91705  -25.775  -9.527  0.547 0.0000000000
75324  -22.694  -24.862  5.689 0.0000000000
88710  -18.078  -12.209  4.653 0.0000000000
89627  -18.277  -11.586  4.279 0.0000000000
88743  -20.194  -12.348  2.096 0.0000000000
89681  -19.730  -11.844  2.338 0.0000000000
89682  -20.249  -11.609  1.654 0.0000000000
89717  -21.764  -12.012  0.338 0.0000000000
172002  -21.578  -12.487  0.831 0.0000000000
86717  -21.754  -14.406  1.615 0.0000000000
86718  -22.535  -14.352  0.941 0.0000000000
86734  -23.382  -14.352  0.361 0.0000000000
86719  -23.034  -15.067  0.789 0.0000000000
84764  -20.737  -16.681  3.445 0.0000000000
85679  -20.821  -15.994  3.106 0.0000000000
84765  -21.315  -16.644  2.948 0.0000000000
83814  -23.433  -17.297  1.383 0.0000000000
84774  -22.584  -16.743  1.833 0.0000000000
84797  -24.031  -16.071  0.600 0.0000000000
84783  -24.134  -16.815  0.805 0.0000000000
84785  -25.539  -16.464  0.650 0.0000000000
84784  -24.922  -17.003  0.620 0.0000000000
165049  -25.390  -19.191  1.613 0.0000000000
82813  -25.759  -18.019  1.276 0.0000000000
82803  -25.850  -18.679  1.698 0.0000000000
82793  -26.429  -18.553  2.619 0.0000000000
103119  -24.562  2.705  -2.527 0.0000000000
103107  -25.030  2.059  -2.228 0.0000000000
170111  -17.443  -3.067  0.881 0.0000000000
97256  -17.870  -2.743  0.360 0.0000000000
98190  -19.437  -2.589  -1.155 0.0000000000
97258  -19.420  -3.403  -0.859 0.0000000000
97289  -21.870  -3.219  -2.470 0.0000000000
162108  -22.678  -3.169  -2.749 0.0000000000
98212  -22.925  -2.677  -2.789 0.0000000000
98213  -23.804  -2.667  -2.545 0.0000000000
95435  -22.446  -5.746  -1.588 0.0000000000
95434  -21.859  -5.618  -1.507 0.0000000000
97277  -25.227  -3.783  -1.486 0.0000000000
97276  -24.602  -3.696  -1.984 0.0000000000
97293  -25.055  -3.137  -2.016 0.0000000000
98192  -25.346  -2.452  -1.862 0.0000000000
98193  -25.949  -2.212  -1.561 0.0000000000
99106  -26.814  -1.725  -0.798 0.0000000000
88788  -23.322  -12.104  -0.607 0.0000000000
144788  -23.782  -11.179  -0.760 0.0000000000
88790  -24.189  -12.294  -0.720 0.0000000000
79563  -19.906  -21.091  6.464 0.0000000000
80640  -19.563  -20.486  6.927 0.0000000000
80654  -20.312  -20.163  5.402 0.0000000000
80665  -20.792  -20.113  4.668 0.0000000000
159616  -21.698  -20.618  3.898 0.0000000000
80679  -21.818  -20.107  3.573 0.0000000000
79603  -22.275  -20.838  3.520 0.0000000000
79605  -23.698  -21.280  2.812 0.0000000000
83785  -19.702  -17.481  4.887 0.0000000000
82755  -19.467  -18.150  5.835 0.0000000000
160726  -19.728  -18.660  5.504 0.0000000000
170803  -20.825  -0.256  -2.449 0.0000000000
152604  -20.474  -0.653  -2.165 0.0000000000
99140  -20.933  -1.621  -2.337 0.0000000000
149737  -19.573  -10.483  1.791 0.0000000000
91688  -19.342  -9.836  1.812 0.0000000000
91689  -20.051  -10.012  1.200 0.0000000000
91702  -20.648  -9.461  0.449 0.0000000000
155057  -21.636  -7.957  -0.773 0.0000000000
92661  -22.246  -8.606  -0.730 0.0000000000
92662  -22.857  -8.426  -0.874 0.0000000000
92663  -23.475  -8.559  -0.866 0.0000000000
92664  -24.244  -8.547  -0.796 0.0000000000
153611  -23.830  -9.170  -0.680 0.0000000000
91718  -24.555  -9.284  -0.448 0.0000000000
173567  -24.475  -9.895  -0.407 0.0000000000
87741  -18.487  -12.817  4.393 0.0000000000
87742  -18.960  -12.967  3.885 0.0000000000
167365  -20.016  -13.059  2.555 0.0000000000
88744  -20.699  -13.007  1.871 0.0000000000
88763  -21.434  -12.960  1.231 0.0000000000
87777  -21.224  -13.692  1.751 0.0000000000
83798  -21.601  -17.874  3.179 0.0000000000
158864  -21.928  -17.310  2.665 0.0000000000
83815  -23.459  -18.122  1.624 0.0000000000
82810  -24.007  -18.490  1.405 0.0000000000
81789  -24.753  -19.288  1.525 0.0000000000
81779  -25.166  -19.808  1.862 0.0000000000
158162  -25.039  4.885  -2.445 0.0000000000
102090  -24.744  1.283  -2.029 0.0000000000
102091  -25.473  1.473  -1.669 0.0000000000
95377  -17.321  -5.553  2.377 0.0000000000
95395  -17.535  -5.154  1.715 0.0000000000
96356  -18.316  -4.672  0.632 0.0000000000
96374  -18.857  -4.277  -0.006 0.0000000000
149709  -19.347  -4.035  -0.499 0.0000000000
96387  -20.002  -4.253  -0.979 0.0000000000
96388  -20.785  -4.481  -1.467 0.0000000000
96399  -22.015  -4.002  -2.128 0.0000000000
95438  -24.720  -5.436  -1.400 0.0000000000
153764  -23.814  -5.268  -1.674 0.0000000000
97260  -26.657  -3.177  -0.849 0.0000000000
87808  -24.264  -13.018  -0.509 0.0000000000
87809  -24.529  -12.821  -0.486 0.0000000000
88779  -25.032  -12.896  -0.250 0.0000000000
88765  -25.615  -12.796  0.498 0.0000000000
157427  -19.945  -21.910  6.815 0.0000000000
79564  -20.478  -21.746  5.939 0.0000000000
79578  -20.267  -20.863  5.808 0.0000000000
79580  -21.449  -21.638  4.723 0.0000000000
79591  -22.413  -21.711  3.824 0.0000000000
85662  -18.957  -15.339  4.800 0.0000000000
85677  -19.870  -15.296  3.833 0.0000000000
85678  -20.365  -15.269  3.284 0.0000000000
159257  -20.665  -17.244  3.722 0.0000000000
83786  -20.279  -17.500  4.256 0.0000000000
82792  -21.610  -18.591  3.342 0.0000000000
81763  -21.918  -19.417  3.309 0.0000000000
155506  -19.419  2.198  -1.232 0.0000000000
102088  -20.263  1.946  -2.023 0.0000000000
161174  -21.463  2.048  -2.511 0.0000000000
103117  -22.844  2.709  -2.646 0.0000000000
153738  -23.172  1.989  -2.648 0.0000000000
102102  -23.378  1.221  -2.414 0.0000000000
101101  -22.841  0.481  -2.471 0.0000000000
101088  -23.707  0.459  -2.236 0.0000000000
100069  -24.170  -0.318  -2.098 0.0000000000
93546  -18.214  -8.013  2.560 0.0000000000
92639  -19.039  -9.106  1.849 0.0000000000
167214  -18.702  -8.362  1.820 0.0000000000
93557  -18.468  -7.529  1.659 0.0000000000
93566  -18.769  -7.073  0.931 0.0000000000
94476  -19.980  -6.208  -0.556 0.0000000000
95420  -20.851  -5.856  -0.835 0.0000000000
94477  -20.692  -6.524  -0.691 0.0000000000
94488  -21.865  -6.568  -1.331 0.0000000000
94490  -22.647  -6.582  -1.529 0.0000000000
93587  -22.861  -7.266  -1.481 0.0000000000
95437  -24.009  -6.154  -1.467 0.0000000000
157913  -26.350  -6.143  -0.164 0.0000000000
85702  -25.593  -15.155  0.579 0.0000000000
76367  -22.359  -24.430  5.372 0.0000000000
77482  -22.050  -23.886  5.177 0.0000000000
147538  -18.413  -11.035  3.722 0.0000000000
89680  -18.833  -11.096  2.979 0.0000000000
167438  -19.223  -11.725  2.919 0.0000000000
90702  -20.195  -10.823  1.366 0.0000000000
90715  -22.481  -10.817  -0.357 0.0000000000
89718  -22.557  -11.606  -0.293 0.0000000000
88777  -23.064  -12.848  -0.172 0.0000000000
88764  -22.175  -12.812  0.510 0.0000000000
88778  -23.730  -12.758  -0.543 0.0000000000
87795  -23.766  -13.575  -0.182 0.0000000000
87796  -24.533  -13.915  -0.224 0.0000000000
86736  -24.703  -14.688  0.007 0.0000000000
85691  -20.903  -15.246  2.707 0.0000000000
148101  -21.550  -15.203  2.128 0.0000000000
84773  -21.838  -16.539  2.434 0.0000000000
85700  -22.846  -15.811  1.328 0.0000000000
85701  -23.602  -15.616  0.708 0.0000000000
85717  -24.288  -15.324  0.299 0.0000000000
85718  -24.842  -15.439  0.273 0.0000000000
85719  -25.325  -15.658  0.468 0.0000000000
83817  -25.105  -17.974  0.838 0.0000000000
104107  -24.968  3.451  -2.435 0.0000000000
99105  -18.691  -1.828  -0.688 0.0000000000
162526  -20.343  -1.850  -1.837 0.0000000000
98209  -20.938  -2.398  -2.105 0.0000000000
97274  -20.292  -3.451  -1.439 0.0000000000
98210  -21.581  -2.482  -2.544 0.0000000000
99142  -22.488  -1.957  -2.829 0.0000000000
99143  -23.316  -1.951  -2.607 0.0000000000
99121  -24.740  -1.190  -1.922 0.0000000000
95433  -21.188  -5.313  -1.319 0.0000000000
96389  -22.213  -4.882  -1.853 0.0000000000
96400  -22.563  -4.140  -2.226 0.0000000000
96391  -23.667  -4.535  -1.991 0.0000000000
96402  -23.960  -3.906  -2.263 0.0000000000
97291  -23.368  -3.342  -2.581 0.0000000000
98214  -24.641  -2.615  -2.239 0.0000000000
99145  -24.911  -2.003  -2.013 0.0000000000
152934  -25.645  -0.896  -1.525 0.0000000000
100058  -26.423  -0.685  -1.047 0.0000000000
90727  -23.941  -10.779  -0.740 0.0000000000
90716  -24.486  -10.526  -0.403 0.0000000000
89734  -24.625  -12.200  -0.467 0.0000000000
89720  -24.888  -11.325  -0.093 0.0000000000
90717  -25.284  -10.419  0.376 0.0000000000
170667  -19.997  -18.991  5.265 0.0000000000
81751  -21.432  -19.572  3.748 0.0000000000
78561  -22.691  -22.521  4.073 0.0000000000
78573  -23.009  -22.014  3.682 0.0000000000
79604  -22.940  -21.388  3.345 0.0000000000
80681  -22.937  -20.738  2.913 0.0000000000
80694  -23.494  -20.617  2.477 0.0000000000
80693  -23.023  -20.129  2.548 0.0000000000
146169  -23.697  -20.136  2.122 0.0000000000
79589  -21.325  -20.790  4.417 0.0000000000
81737  -20.322  -19.399  5.010 0.0000000000
81788  -24.173  -18.961  1.522 0.0000000000
82812  -25.253  -18.651  1.257 0.0000000000
84798  -24.576  -16.124  0.498 0.0000000000
85663  -19.405  -15.340  4.373 0.0000000000
85692  -21.397  -15.957  2.582 0.0000000000
86735  -24.162  -14.496  0.010 0.0000000000
87759  -19.445  -13.057  3.206 0.0000000000
88724  -19.071  -12.328  3.429 0.0000000000
89733  -23.822  -11.780  -0.818 0.0000000000
93581  -23.846  -7.920  -1.162 0.0000000000
94463  -19.247  -6.463  0.214 0.0000000000
94478  -21.357  -6.525  -0.980 0.0000000000
94489  -22.156  -6.328  -1.444 0.0000000000
95376  -16.972  -4.941  2.919 0.0000000000
96333  -17.751  -4.690  1.241 0.0000000000
96375  -19.598  -4.871  -0.506 0.0000000000
96401  -23.198  -4.079  -2.302 0.0000000000
97237  -18.106  -3.665  0.442 0.0000000000
97288  -21.401  -2.957  -2.190 0.0000000000
98177  -18.848  -2.691  -0.662 0.0000000000
98178  -26.497  -2.354  -1.130 0.0000000000
102089  -24.080  1.085  -2.173 0.0000000000
104104  -22.386  3.425  -2.528 0.0000000000
149098  -21.933  -11.261  0.079 0.0000000000
151247  -17.177  -4.783  2.252 0.0000000000
154608  -22.267  -7.798  -1.091 0.0000000000
155080  -20.895  -3.007  -1.828 0.0000000000
159374  -22.345  -3.450  -2.568 0.0000000000
175204  -21.906  -6.143  -1.344 0.0000000000
