#!ascii label  , from subject sub-v1s2x0051489_ses-1 vox2ras=TkReg
560
80261  20.284  -4.695  2.680 0.0000000000
88320  25.865  4.327  -0.089 0.0000000000
96678  22.445  13.966  -1.966 0.0000000000
144646  18.720  9.569  -1.296 0.0000000000
75751  22.304  -9.823  3.193 0.0000000000
79308  25.198  -5.319  3.581 0.0000000000
83767  22.924  -0.680  -0.161 0.0000000000
88342  21.110  4.439  -1.550 0.0000000000
92660  24.458  9.445  -1.433 0.0000000000
98363  28.490  15.978  0.400 0.0000000000
158280  22.641  18.626  -3.346 0.0000000000
77549  21.290  -7.315  2.613 0.0000000000
76674  23.902  -8.116  3.419 0.0000000000
136774  22.615  -5.377  2.063 0.0000000000
86597  19.334  2.039  0.970 0.0000000000
88322  17.851  4.541  1.128 0.0000000000
94197  20.194  11.681  -2.931 0.0000000000
92686  21.178  9.587  -3.611 0.0000000000
94988  23.365  12.292  -1.819 0.0000000000
94975  26.674  12.152  -0.475 0.0000000000
96674  25.780  15.011  -1.584 0.0000000000
101553  20.599  20.896  -1.558 0.0000000000
100759  19.507  19.339  -1.858 0.0000000000
101580  22.237  20.572  -3.729 0.0000000000
86595  24.796  2.023  -0.366 0.0000000000
83756  25.498  -0.279  1.271 0.0000000000
85659  26.975  1.964  1.957 0.0000000000
96693  19.328  13.931  -2.643 0.0000000000
90909  27.928  7.378  1.096 0.0000000000
82024  19.818  -2.424  2.411 0.0000000000
135843  21.971  -3.101  0.901 0.0000000000
83758  20.206  -0.567  1.100 0.0000000000
85687  21.770  1.295  -0.924 0.0000000000
87511  23.398  3.720  -1.878 0.0000000000
90079  19.641  6.562  -1.241 0.0000000000
90087  22.535  6.506  -2.640 0.0000000000
90946  25.022  7.187  -0.828 0.0000000000
150569  26.971  9.909  0.089 0.0000000000
98403  19.428  16.988  -2.498 0.0000000000
98401  23.085  16.629  -2.248 0.0000000000
140710  23.342  20.028  -6.523 0.0000000000
99963  25.131  18.512  -3.847 0.0000000000
99170  25.721  17.163  -2.334 0.0000000000
99930  28.108  18.143  -0.495 0.0000000000
142282  24.615  -3.152  1.721 0.0000000000
159081  19.336  -4.542  3.548 0.0000000000
79311  19.414  -5.307  3.505 0.0000000000
139767  20.940  -6.348  2.608 0.0000000000
144091  22.476  -6.066  2.207 0.0000000000
80259  22.010  -4.768  1.965 0.0000000000
95840  21.319  12.842  -2.507 0.0000000000
135140  21.698  11.872  -2.494 0.0000000000
94989  22.888  12.823  -1.997 0.0000000000
142970  24.502  13.460  -1.971 0.0000000000
134995  24.706  14.778  -2.333 0.0000000000
102421  21.366  22.311  -2.764 0.0000000000
101568  21.162  20.597  -2.563 0.0000000000
147025  21.928  21.730  -4.682 0.0000000000
87490  25.334  2.953  -0.228 0.0000000000
157759  25.853  2.262  0.835 0.0000000000
87488  26.501  3.608  0.801 0.0000000000
95815  17.961  13.202  -1.355 0.0000000000
96679  17.973  14.628  -1.612 0.0000000000
158711  21.016  -9.592  3.203 0.0000000000
135693  21.664  -11.006  3.573 0.0000000000
143626  23.204  -11.089  4.157 0.0000000000
148811  24.236  -9.912  4.536 0.0000000000
78430  24.713  -6.675  3.756 0.0000000000
76658  25.131  -8.105  4.704 0.0000000000
82035  19.883  -1.826  1.816 0.0000000000
83759  19.671  -0.438  1.755 0.0000000000
86607  19.800  2.661  0.198 0.0000000000
85674  20.412  1.274  0.121 0.0000000000
86616  21.029  2.732  -1.106 0.0000000000
86614  22.519  2.701  -1.671 0.0000000000
88340  22.360  4.075  -2.291 0.0000000000
90069  18.231  6.676  0.115 0.0000000000
90963  19.044  7.963  -1.031 0.0000000000
92670  22.989  9.729  -2.273 0.0000000000
90982  21.579  7.958  -3.381 0.0000000000
91848  23.338  8.238  -2.221 0.0000000000
90076  23.963  6.455  -1.576 0.0000000000
91846  24.953  8.659  -1.088 0.0000000000
91833  26.268  8.813  -0.408 0.0000000000
93415  25.707  10.043  -0.894 0.0000000000
95798  27.669  14.065  0.182 0.0000000000
94956  27.837  12.788  0.400 0.0000000000
99953  20.716  18.888  -2.489 0.0000000000
99955  19.273  18.693  -2.036 0.0000000000
148078  20.901  18.047  -2.199 0.0000000000
141686  21.205  16.572  -2.289 0.0000000000
99180  22.438  17.337  -2.479 0.0000000000
99948  25.690  18.325  -3.054 0.0000000000
99943  26.418  18.353  -2.330 0.0000000000
99942  27.005  18.217  -1.674 0.0000000000
82903  22.227  -1.783  0.279 0.0000000000
81196  23.161  -3.491  1.093 0.0000000000
141382  23.864  -1.934  0.798 0.0000000000
83746  26.756  -0.696  2.286 0.0000000000
82870  26.281  -1.571  2.184 0.0000000000
76692  20.583  -8.489  3.239 0.0000000000
76690  21.769  -8.656  2.635 0.0000000000
76675  23.212  -8.639  3.027 0.0000000000
77547  23.055  -7.444  2.424 0.0000000000
78441  23.478  -6.754  2.535 0.0000000000
79317  24.059  -5.425  2.427 0.0000000000
85663  18.236  1.811  2.311 0.0000000000
136313  18.830  2.819  1.042 0.0000000000
88332  19.475  4.305  -0.138 0.0000000000
93430  19.269  10.305  -2.140 0.0000000000
149361  19.893  9.398  -2.740 0.0000000000
145708  20.889  10.575  -3.445 0.0000000000
93439  22.289  10.486  -2.620 0.0000000000
93429  23.237  10.526  -1.965 0.0000000000
93426  25.668  10.891  -0.937 0.0000000000
94986  25.327  12.372  -1.290 0.0000000000
95814  26.198  13.570  -1.034 0.0000000000
97547  26.901  15.360  -0.596 0.0000000000
101528  19.820  20.156  -0.600 0.0000000000
101554  19.930  20.449  -1.502 0.0000000000
100757  20.867  19.814  -2.721 0.0000000000
100769  22.629  19.158  -3.542 0.0000000000
84702  23.485  0.014  -0.385 0.0000000000
83757  24.737  -0.472  0.762 0.0000000000
84700  25.157  0.900  0.518 0.0000000000
84683  26.426  0.665  1.833 0.0000000000
93417  18.154  10.885  -0.720 0.0000000000
95001  18.893  11.957  -2.205 0.0000000000
95842  19.795  13.221  -2.712 0.0000000000
96691  20.641  13.831  -2.575 0.0000000000
75738  24.823  -8.895  4.665 0.0000000000
89168  27.352  5.882  0.635 0.0000000000
143330  27.442  5.024  0.960 0.0000000000
146311  20.090  -3.850  2.721 0.0000000000
80271  21.439  -4.115  1.881 0.0000000000
82023  20.367  -2.541  1.792 0.0000000000
82904  21.357  -1.900  0.572 0.0000000000
133763  21.659  -1.199  0.160 0.0000000000
84706  20.194  0.660  0.649 0.0000000000
84704  21.157  0.123  -0.080 0.0000000000
84703  22.560  -0.007  -0.499 0.0000000000
85685  23.418  1.457  -1.168 0.0000000000
87501  23.893  3.052  -1.301 0.0000000000
143005  24.884  4.160  -0.888 0.0000000000
89183  18.589  5.890  -0.034 0.0000000000
89181  20.304  5.154  -1.166 0.0000000000
90975  20.209  8.034  -2.634 0.0000000000
90090  21.005  6.364  -2.496 0.0000000000
89192  21.652  4.890  -2.265 0.0000000000
88350  22.918  5.052  -2.413 0.0000000000
89190  24.241  5.598  -1.424 0.0000000000
89179  25.849  5.682  -0.430 0.0000000000
90944  26.436  7.349  -0.229 0.0000000000
148133  27.459  8.940  0.601 0.0000000000
153391  26.974  11.496  -0.169 0.0000000000
97568  18.839  15.582  -2.337 0.0000000000
156368  20.793  15.717  -2.460 0.0000000000
136204  22.552  15.358  -1.818 0.0000000000
155726  23.500  19.743  -5.358 0.0000000000
100777  23.887  18.960  -5.012 0.0000000000
100776  24.431  19.236  -4.877 0.0000000000
99964  24.283  18.299  -3.829 0.0000000000
99950  23.930  17.997  -3.163 0.0000000000
97564  24.236  16.549  -2.585 0.0000000000
97554  24.458  15.536  -2.518 0.0000000000
97553  25.218  15.450  -2.238 0.0000000000
98390  27.111  16.784  -0.901 0.0000000000
134172  27.826  16.815  -0.322 0.0000000000
80270  22.192  -4.106  1.507 0.0000000000
81187  23.503  -4.029  1.528 0.0000000000
80250  24.564  -4.661  2.495 0.0000000000
82872  24.763  -1.857  1.259 0.0000000000
81185  25.141  -3.328  2.267 0.0000000000
80262  19.758  -4.750  3.086 0.0000000000
79321  19.857  -5.263  3.008 0.0000000000
78444  19.942  -6.123  3.088 0.0000000000
79320  20.592  -5.470  2.628 0.0000000000
79319  21.689  -5.617  2.307 0.0000000000
80260  21.135  -4.796  2.297 0.0000000000
96690  21.455  13.700  -2.357 0.0000000000
95839  22.124  13.201  -2.150 0.0000000000
95829  22.903  13.507  -1.970 0.0000000000
95828  23.678  13.502  -1.989 0.0000000000
96677  23.399  14.096  -2.000 0.0000000000
102429  21.792  21.420  -3.738 0.0000000000
87489  25.892  3.670  0.215 0.0000000000
88319  26.392  4.326  0.406 0.0000000000
75766  21.639  -9.390  2.916 0.0000000000
75752  21.469  -10.190  3.311 0.0000000000
74744  22.197  -10.499  3.427 0.0000000000
74733  22.451  -11.061  3.734 0.0000000000
74743  22.972  -10.314  3.688 0.0000000000
74732  23.778  -10.468  4.352 0.0000000000
75740  23.658  -9.713  4.022 0.0000000000
79309  24.563  -5.938  3.200 0.0000000000
78422  25.225  -6.703  4.324 0.0000000000
79295  25.214  -6.063  3.980 0.0000000000
79294  25.749  -5.443  4.327 0.0000000000
83748  19.473  -0.731  2.206 0.0000000000
84670  19.316  0.168  2.253 0.0000000000
87502  20.752  3.525  -1.010 0.0000000000
145002  20.438  2.858  -0.605 0.0000000000
87514  21.499  3.481  -1.541 0.0000000000
87513  22.188  3.454  -1.895 0.0000000000
88341  21.869  4.136  -2.072 0.0000000000
139974  18.246  8.003  -0.172 0.0000000000
91850  18.523  8.683  -0.693 0.0000000000
151851  23.705  9.837  -1.800 0.0000000000
147857  22.873  8.922  -2.573 0.0000000000
92661  23.587  9.095  -1.944 0.0000000000
91847  24.126  8.461  -1.564 0.0000000000
92659  25.340  9.428  -1.001 0.0000000000
96652  27.838  14.747  0.253 0.0000000000
96651  28.293  14.412  0.635 0.0000000000
99952  21.895  18.924  -2.999 0.0000000000
133918  21.668  18.022  -2.677 0.0000000000
99951  22.740  18.035  -3.122 0.0000000000
100755  26.379  19.218  -2.706 0.0000000000
101567  26.708  20.268  -2.729 0.0000000000
100748  27.008  18.967  -1.901 0.0000000000
82902  23.154  -1.413  0.308 0.0000000000
82887  22.930  -2.248  0.581 0.0000000000
134061  27.341  -0.119  2.616 0.0000000000
82857  26.945  -1.550  2.785 0.0000000000
135557  20.409  -6.934  2.915 0.0000000000
77550  20.508  -7.686  3.087 0.0000000000
76691  21.165  -8.195  2.807 0.0000000000
140123  21.828  -7.982  2.487 0.0000000000
76689  22.577  -8.190  2.533 0.0000000000
77548  22.281  -7.399  2.360 0.0000000000
78442  22.781  -6.732  2.261 0.0000000000
79318  23.266  -5.985  2.227 0.0000000000
79310  23.937  -6.184  2.620 0.0000000000
144477  23.312  -5.211  2.060 0.0000000000
87482  17.492  3.760  1.759 0.0000000000
86598  17.976  2.878  1.640 0.0000000000
87492  18.311  3.669  1.145 0.0000000000
87491  19.207  3.576  0.439 0.0000000000
88321  18.639  4.401  0.506 0.0000000000
93449  20.046  11.222  -3.041 0.0000000000
92688  20.241  10.539  -3.201 0.0000000000
94208  20.402  11.123  -3.194 0.0000000000
150148  22.541  11.922  -2.139 0.0000000000
94195  21.923  11.331  -2.521 0.0000000000
144937  22.695  11.161  -2.160 0.0000000000
94185  23.659  11.467  -1.697 0.0000000000
134635  24.610  11.943  -1.382 0.0000000000
94987  24.004  12.282  -1.603 0.0000000000
96675  24.990  14.078  -2.080 0.0000000000
95826  25.344  13.306  -1.558 0.0000000000
96664  25.662  14.204  -1.542 0.0000000000
96663  26.423  14.544  -0.920 0.0000000000
97548  26.295  15.357  -1.128 0.0000000000
101552  21.107  21.422  -1.914 0.0000000000
101538  20.845  20.709  -0.766 0.0000000000
101539  20.059  20.577  -0.851 0.0000000000
133923  22.166  20.229  -3.290 0.0000000000
100756  21.819  19.862  -3.025 0.0000000000
100778  22.973  19.518  -4.351 0.0000000000
85672  24.633  1.147  -0.195 0.0000000000
84701  24.441  0.249  0.120 0.0000000000
140977  26.319  2.291  1.304 0.0000000000
85661  25.690  1.630  0.930 0.0000000000
85660  26.326  1.399  1.633 0.0000000000
85651  26.961  1.098  2.165 0.0000000000
155200  17.836  10.431  -0.023 0.0000000000
94186  18.483  11.425  -1.525 0.0000000000
148951  17.963  11.778  -0.684 0.0000000000
95830  18.307  13.613  -1.968 0.0000000000
95843  19.166  13.188  -2.551 0.0000000000
140698  20.247  13.332  -2.687 0.0000000000
96692  19.979  13.923  -2.699 0.0000000000
76660  23.757  -8.947  3.717 0.0000000000
76659  24.388  -8.528  4.176 0.0000000000
140891  25.426  -8.957  5.044 0.0000000000
90055  27.459  6.899  0.637 0.0000000000
82015  19.583  -2.514  2.959 0.0000000000
81189  19.764  -3.143  2.958 0.0000000000
81188  20.175  -3.030  2.405 0.0000000000
82889  20.047  -1.197  1.381 0.0000000000
82888  20.535  -1.892  1.169 0.0000000000
82905  20.790  -1.076  0.657 0.0000000000
83769  21.319  -0.491  0.056 0.0000000000
85662  19.055  1.549  1.598 0.0000000000
84686  19.550  0.866  1.407 0.0000000000
85675  19.761  1.323  0.831 0.0000000000
85688  21.045  1.319  -0.463 0.0000000000
84705  20.798  0.622  0.003 0.0000000000
84718  21.431  0.659  -0.426 0.0000000000
83780  21.741  0.031  -0.354 0.0000000000
84717  22.174  0.642  -0.756 0.0000000000
84716  23.049  0.645  -0.905 0.0000000000
85686  22.532  1.279  -1.184 0.0000000000
86613  23.116  3.047  -1.748 0.0000000000
86603  23.272  2.353  -1.456 0.0000000000
87500  24.749  3.445  -0.858 0.0000000000
87510  24.249  3.950  -1.419 0.0000000000
90947  19.198  7.175  -0.991 0.0000000000
90068  18.922  6.567  -0.568 0.0000000000
89182  19.466  5.740  -0.730 0.0000000000
89194  20.178  5.930  -1.382 0.0000000000
92673  20.266  9.654  -3.163 0.0000000000
91862  20.273  8.865  -2.976 0.0000000000
147632  20.657  8.307  -3.218 0.0000000000
90972  22.106  7.408  -3.100 0.0000000000
90973  21.459  7.305  -3.087 0.0000000000
90089  21.510  6.434  -2.715 0.0000000000
89204  21.529  5.674  -2.482 0.0000000000
147751  21.839  5.813  -2.642 0.0000000000
88351  22.348  4.688  -2.491 0.0000000000
150740  22.901  5.838  -2.435 0.0000000000
147317  24.379  7.080  -1.196 0.0000000000
90067  24.656  6.406  -1.030 0.0000000000
89180  25.005  5.619  -0.826 0.0000000000
90066  25.431  6.451  -0.646 0.0000000000
90065  26.198  6.524  -0.333 0.0000000000
90945  25.795  7.258  -0.591 0.0000000000
92650  26.457  9.493  -0.302 0.0000000000
92635  26.858  8.998  0.089 0.0000000000
159394  27.230  9.406  0.355 0.0000000000
92617  28.297  9.864  1.264 0.0000000000
92634  27.675  9.757  0.681 0.0000000000
94176  25.916  11.830  -0.906 0.0000000000
94164  26.412  11.237  -0.526 0.0000000000
100749  19.356  19.514  -1.341 0.0000000000
99944  18.991  18.808  -1.548 0.0000000000
99183  19.171  18.009  -2.430 0.0000000000
99184  18.478  18.308  -1.980 0.0000000000
135511  18.493  17.498  -2.192 0.0000000000
98404  18.024  16.771  -1.639 0.0000000000
97569  18.040  15.706  -1.691 0.0000000000
139197  18.765  16.466  -2.299 0.0000000000
143962  22.103  16.610  -2.024 0.0000000000
98402  21.779  15.721  -1.993 0.0000000000
158296  22.601  16.014  -1.853 0.0000000000
141730  22.868  20.317  -5.969 0.0000000000
100766  25.249  19.263  -4.190 0.0000000000
100775  25.098  19.927  -4.670 0.0000000000
100767  24.505  18.716  -4.444 0.0000000000
99949  24.911  17.876  -3.490 0.0000000000
99177  25.350  17.537  -2.931 0.0000000000
98400  25.116  16.801  -2.802 0.0000000000
98393  24.945  16.104  -2.620 0.0000000000
98392  25.467  16.345  -2.256 0.0000000000
99931  27.542  18.187  -0.994 0.0000000000
99168  27.024  17.499  -1.330 0.0000000000
99158  27.669  17.497  -0.674 0.0000000000
81198  21.654  -3.514  1.346 0.0000000000
81195  23.953  -3.360  1.356 0.0000000000
81186  24.404  -3.906  1.974 0.0000000000
82886  24.375  -1.237  0.799 0.0000000000
82885  25.144  -1.075  1.269 0.0000000000
82020  26.397  -2.253  2.674 0.0000000000
158210  25.872  -2.185  2.144 0.0000000000
82021  25.763  -2.794  2.515 0.0000000000
81175  25.696  -3.520  2.933 0.0000000000
78443  21.931  -6.585  2.337 0.0000000000
94999  20.448  12.136  -2.801 0.0000000000
94998  21.110  12.101  -2.661 0.0000000000
94997  21.896  12.445  -2.310 0.0000000000
141661  23.864  12.894  -1.839 0.0000000000
148474  25.272  14.696  -2.023 0.0000000000
102410  21.194  22.006  -2.027 0.0000000000
102420  21.521  21.267  -2.920 0.0000000000
158791  25.167  1.580  0.241 0.0000000000
85671  25.483  2.221  0.334 0.0000000000
86594  25.978  2.872  0.656 0.0000000000
151078  26.587  3.009  1.145 0.0000000000
96694  18.679  13.998  -2.336 0.0000000000
142644  20.530  -9.328  3.469 0.0000000000
138469  20.118  -9.247  3.989 0.0000000000
75753  20.669  -10.150  3.519 0.0000000000
74745  20.900  -10.855  3.588 0.0000000000
73861  23.818  -12.031  4.945 0.0000000000
73876  24.044  -11.280  4.765 0.0000000000
74722  24.556  -10.463  4.901 0.0000000000
77534  24.298  -7.343  3.596 0.0000000000
145987  24.497  -7.868  4.064 0.0000000000
77520  24.884  -7.303  4.258 0.0000000000
82873  19.550  -1.661  2.403 0.0000000000
82890  19.645  -1.186  1.917 0.0000000000
86596  20.038  1.852  0.344 0.0000000000
86606  20.598  2.081  -0.425 0.0000000000
86605  21.362  1.991  -1.047 0.0000000000
86604  22.096  1.936  -1.408 0.0000000000
86615  21.778  2.683  -1.512 0.0000000000
87512  22.711  3.543  -2.057 0.0000000000
90948  18.556  7.310  -0.400 0.0000000000
92685  21.809  9.163  -3.449 0.0000000000
91871  21.377  8.671  -3.535 0.0000000000
147948  22.335  8.806  -3.136 0.0000000000
91860  22.590  8.154  -2.880 0.0000000000
90971  22.928  7.363  -2.510 0.0000000000
90077  23.279  6.531  -2.199 0.0000000000
150504  23.784  7.434  -1.735 0.0000000000
90960  24.613  7.823  -1.172 0.0000000000
90959  25.390  7.969  -0.828 0.0000000000
146442  26.081  8.039  -0.567 0.0000000000
91834  25.685  8.733  -0.765 0.0000000000
92651  25.969  9.463  -0.674 0.0000000000
139262  26.621  12.988  -0.610 0.0000000000
94974  27.201  12.825  -0.153 0.0000000000
94973  27.561  13.378  0.141 0.0000000000
95797  28.216  13.584  0.668 0.0000000000
154014  19.862  19.072  -2.179 0.0000000000
99954  20.036  18.422  -2.191 0.0000000000
99182  20.416  17.472  -2.371 0.0000000000
99181  21.476  17.320  -2.273 0.0000000000
99962  25.702  18.989  -3.486 0.0000000000
99176  25.899  17.809  -2.518 0.0000000000
99169  26.393  17.633  -1.973 0.0000000000
145482  27.431  18.772  -1.280 0.0000000000
82048  22.036  -2.506  0.600 0.0000000000
82032  23.519  -2.802  0.925 0.0000000000
82031  24.340  -2.619  1.274 0.0000000000
83747  25.927  -0.904  1.737 0.0000000000
76677  20.243  -8.684  3.648 0.0000000000
75767  21.061  -8.961  2.951 0.0000000000
76676  22.441  -9.049  2.831 0.0000000000
75750  23.069  -9.420  3.372 0.0000000000
139649  23.322  -7.980  2.763 0.0000000000
77535  23.702  -7.398  2.934 0.0000000000
78431  24.114  -6.718  3.097 0.0000000000
145875  24.726  -5.205  2.945 0.0000000000
86586  18.467  2.205  1.647 0.0000000000
87503  19.994  3.535  -0.332 0.0000000000
88331  20.287  4.328  -0.751 0.0000000000
92662  19.418  9.500  -2.192 0.0000000000
92674  19.796  10.078  -2.773 0.0000000000
92687  20.651  9.903  -3.468 0.0000000000
94196  20.779  11.444  -3.041 0.0000000000
93440  21.428  10.934  -3.062 0.0000000000
92672  21.640  10.079  -3.339 0.0000000000
93428  24.177  10.432  -1.553 0.0000000000
93427  25.065  10.210  -1.179 0.0000000000
94184  24.763  11.094  -1.301 0.0000000000
153374  25.292  11.627  -1.158 0.0000000000
94976  26.020  12.706  -0.987 0.0000000000
95827  24.641  12.735  -1.662 0.0000000000
95813  27.001  13.701  -0.402 0.0000000000
96662  27.234  14.637  -0.230 0.0000000000
97531  27.705  15.465  0.020 0.0000000000
101570  19.603  20.035  -1.807 0.0000000000
101569  20.248  20.298  -2.223 0.0000000000
100758  19.996  19.688  -2.352 0.0000000000
82901  23.869  -0.712  0.243 0.0000000000
84685  25.136  0.203  0.785 0.0000000000
84684  25.749  0.651  1.297 0.0000000000
83755  26.228  -0.063  1.760 0.0000000000
93416  18.215  10.062  -0.533 0.0000000000
93431  18.638  10.552  -1.459 0.0000000000
94199  19.144  11.150  -2.186 0.0000000000
94198  19.660  11.709  -2.694 0.0000000000
94990  18.249  12.311  -1.473 0.0000000000
142699  19.321  12.427  -2.535 0.0000000000
95000  19.853  12.436  -2.749 0.0000000000
95841  20.255  12.768  -2.733 0.0000000000
144378  20.747  13.143  -2.631 0.0000000000
75739  24.286  -9.267  4.363 0.0000000000
88318  26.841  5.052  0.507 0.0000000000
146949  19.522  -3.946  3.312 0.0000000000
155028  20.737  -4.174  2.297 0.0000000000
135488  20.824  -3.400  1.930 0.0000000000
82034  21.209  -2.710  1.132 0.0000000000
142024  22.381  -1.161  0.018 0.0000000000
142580  19.354  0.479  1.941 0.0000000000
83771  19.953  0.134  1.246 0.0000000000
83770  20.641  -0.105  0.479 0.0000000000
83768  22.064  -0.623  -0.213 0.0000000000
85673  23.904  0.786  -0.659 0.0000000000
85684  24.194  1.469  -0.769 0.0000000000
134105  22.724  1.923  -1.406 0.0000000000
86602  24.062  2.135  -1.052 0.0000000000
152910  24.588  2.714  -0.777 0.0000000000
87499  25.373  3.883  -0.406 0.0000000000
89173  17.443  5.372  1.134 0.0000000000
89172  18.183  5.220  0.540 0.0000000000
89171  18.966  5.070  -0.106 0.0000000000
143587  19.700  4.915  -0.587 0.0000000000
91849  19.164  8.796  -1.592 0.0000000000
143622  19.607  8.209  -1.888 0.0000000000
90962  19.805  7.378  -1.768 0.0000000000
90983  21.100  8.115  -3.420 0.0000000000
90961  20.579  7.147  -2.531 0.0000000000
90078  20.375  6.505  -1.914 0.0000000000
89193  20.919  5.560  -1.952 0.0000000000
88352  22.066  4.545  -2.432 0.0000000000
88339  22.867  4.209  -2.352 0.0000000000
89191  23.515  5.674  -2.041 0.0000000000
88338  23.678  4.682  -1.870 0.0000000000
88330  24.583  4.786  -1.170 0.0000000000
88329  25.402  4.774  -0.550 0.0000000000
89170  26.210  4.982  -0.088 0.0000000000
89169  26.592  5.788  0.019 0.0000000000
90056  26.850  6.651  0.142 0.0000000000
90927  27.466  7.639  0.637 0.0000000000
91819  26.616  8.153  -0.086 0.0000000000
91818  27.181  8.238  0.390 0.0000000000
91803  27.751  8.207  0.899 0.0000000000
93414  26.314  10.259  -0.522 0.0000000000
94957  27.485  12.007  0.117 0.0000000000
93399  27.499  10.612  0.416 0.0000000000
140481  18.703  14.747  -2.309 0.0000000000
138705  19.519  14.753  -2.624 0.0000000000
158926  20.322  16.507  -2.526 0.0000000000
97567  19.741  15.804  -2.557 0.0000000000
140663  20.435  14.744  -2.576 0.0000000000
97566  21.193  15.029  -2.295 0.0000000000
146439  21.904  14.677  -1.976 0.0000000000
153998  22.984  14.744  -1.852 0.0000000000
102443  22.367  21.199  -5.466 0.0000000000
133563  22.612  20.601  -4.683 0.0000000000
100768  23.655  18.739  -4.253 0.0000000000
101591  23.890  19.616  -5.514 0.0000000000
99965  23.279  18.418  -3.611 0.0000000000
99179  23.541  17.425  -2.677 0.0000000000
99178  24.582  17.406  -2.957 0.0000000000
97565  23.484  15.647  -2.208 0.0000000000
97555  23.929  14.812  -2.320 0.0000000000
97552  25.907  15.832  -1.621 0.0000000000
98391  26.297  16.759  -1.623 0.0000000000
98381  27.333  16.112  -0.465 0.0000000000
158548  27.945  16.226  -0.009 0.0000000000
99929  28.817  18.455  -0.223 0.0000000000
99157  28.482  17.550  -0.087 0.0000000000
99139  29.103  17.180  0.286 0.0000000000
98362  29.210  16.529  0.527 0.0000000000
80258  22.892  -4.643  1.669 0.0000000000
81197  22.402  -3.571  1.081 0.0000000000
80269  22.820  -4.000  1.305 0.0000000000
80257  23.800  -4.661  1.979 0.0000000000
80249  25.191  -4.683  3.111 0.0000000000
82871  25.559  -1.702  1.711 0.0000000000
82022  25.169  -2.524  1.823 0.0000000000
81176  25.140  -4.058  2.640 0.0000000000
80233  25.777  -4.640  3.829 0.0000000000
88312  27.110  4.260  0.987 0.0000000000
87481  27.099  3.453  1.283 0.0000000000
82033  22.692  -2.984  0.797 0.0000000000
89202  22.284  5.579  -2.604 0.0000000000
89203  21.943  5.125  -2.596 0.0000000000
90088  21.929  6.477  -2.804 0.0000000000
90928  26.991  7.487  0.248 0.0000000000
90974  20.852  7.621  -3.099 0.0000000000
91861  21.960  8.324  -3.387 0.0000000000
91863  19.736  8.797  -2.388 0.0000000000
91872  20.768  9.001  -3.493 0.0000000000
92671  22.342  9.545  -2.967 0.0000000000
93441  19.723  10.876  -2.761 0.0000000000
96676  24.247  14.129  -2.196 0.0000000000
98380  28.499  16.723  0.164 0.0000000000
98382  26.598  16.041  -1.019 0.0000000000
99171  17.932  17.737  -1.509 0.0000000000
134033  18.630  12.777  -2.134 0.0000000000
139970  21.109  6.975  -2.858 0.0000000000
144143  21.324  11.543  -2.791 0.0000000000
144811  21.117  14.373  -2.402 0.0000000000
152781  20.736  12.571  -2.686 0.0000000000
155816  23.827  -1.321  0.534 0.0000000000
158272  18.384  16.127  -2.020 0.0000000000
