#!ascii label  , from subject sub-v1s2x0051479_ses-1 vox2ras=TkReg
943
56007  -38.256  -28.218  77.521 0.0000000000
52792  -19.136  -32.484  81.854 0.0000000000
119688  -28.270  -32.036  78.895 0.0000000000
68472  -46.463  -15.009  54.838 0.0000000000
70276  -52.914  -13.287  50.344 0.0000000000
53807  -10.121  -29.936  87.356 0.0000000000
67440  -44.217  -15.538  59.054 0.0000000000
59474  -38.424  -23.788  75.646 0.0000000000
52888  -34.266  -31.344  77.924 0.0000000000
53866  -14.026  -30.598  83.689 0.0000000000
51678  -14.161  -33.718  88.634 0.0000000000
54967  -34.661  -29.641  73.636 0.0000000000
58694  -35.196  -26.046  74.050 0.0000000000
53928  -24.024  -31.869  80.500 0.0000000000
53978  -29.685  -30.364  76.033 0.0000000000
61358  -39.508  -22.709  62.646 0.0000000000
63298  -42.956  -21.008  59.894 0.0000000000
64309  -47.214  -19.788  57.218 0.0000000000
47996  -6.772  -36.459  90.332 0.0000000000
47961  -4.249  -37.094  94.928 0.0000000000
59522  -31.295  -25.948  73.643 0.0000000000
60340  -33.008  -25.036  68.919 0.0000000000
60392  -36.957  -24.679  66.014 0.0000000000
117048  -11.628  -34.100  88.301 0.0000000000
130556  -19.242  -32.501  85.396 0.0000000000
52749  -21.519  -32.015  84.214 0.0000000000
113191  -36.615  -29.747  77.992 0.0000000000
54844  -17.097  -29.304  81.987 0.0000000000
52767  -16.121  -31.620  82.797 0.0000000000
51707  -15.884  -33.080  84.953 0.0000000000
54934  -34.422  -29.274  76.570 0.0000000000
53997  -32.258  -30.717  75.032 0.0000000000
64249  -38.379  -18.654  62.013 0.0000000000
62312  -40.860  -21.496  61.120 0.0000000000
65294  -40.283  -18.467  60.429 0.0000000000
66373  -44.807  -17.571  56.642 0.0000000000
66380  -46.580  -17.906  55.728 0.0000000000
65327  -48.958  -19.372  56.065 0.0000000000
67494  -48.498  -16.835  54.351 0.0000000000
67502  -50.353  -16.304  53.433 0.0000000000
60268  -32.312  -24.565  77.523 0.0000000000
121196  -33.577  -26.088  74.383 0.0000000000
60276  -30.278  -24.441  75.587 0.0000000000
62205  -30.698  -21.828  69.959 0.0000000000
62238  -32.243  -21.522  67.546 0.0000000000
60374  -34.836  -24.699  67.197 0.0000000000
62268  -34.001  -21.787  65.708 0.0000000000
62277  -35.707  -21.659  64.436 0.0000000000
53948  -26.202  -31.694  79.364 0.0000000000
51663  -8.856  -32.865  87.164 0.0000000000
51674  -9.726  -32.476  87.506 0.0000000000
45913  -4.617  -39.678  96.255 0.0000000000
45904  -3.270  -39.771  96.843 0.0000000000
66323  -41.951  -16.422  61.016 0.0000000000
61181  -37.650  -22.897  74.923 0.0000000000
51757  -31.437  -32.382  77.974 0.0000000000
113892  -11.002  -30.920  85.319 0.0000000000
51685  -11.388  -33.581  87.009 0.0000000000
51698  -13.326  -33.700  85.821 0.0000000000
69450  -54.592  -14.302  49.648 0.0000000000
54958  -36.904  -29.007  75.327 0.0000000000
56994  -36.947  -27.317  73.884 0.0000000000
56974  -35.329  -27.551  74.971 0.0000000000
54860  -19.052  -29.184  80.690 0.0000000000
52819  -21.422  -31.997  81.180 0.0000000000
54892  -21.163  -29.146  79.006 0.0000000000
53962  -23.677  -30.103  77.364 0.0000000000
53986  -26.059  -30.679  76.549 0.0000000000
115916  -27.867  -29.171  76.463 0.0000000000
51782  -28.968  -31.815  76.030 0.0000000000
51793  -31.425  -32.162  75.032 0.0000000000
123043  -34.652  -31.083  75.039 0.0000000000
60414  -41.145  -24.104  65.282 0.0000000000
65303  -42.351  -18.070  58.872 0.0000000000
64296  -45.272  -19.957  58.195 0.0000000000
68488  -51.608  -16.039  52.868 0.0000000000
47977  -5.224  -36.595  92.315 0.0000000000
45929  -6.492  -38.980  95.075 0.0000000000
58709  -36.716  -25.511  74.094 0.0000000000
60287  -35.727  -23.821  73.824 0.0000000000
131118  -35.554  -23.282  73.102 0.0000000000
61192  -29.345  -23.280  73.060 0.0000000000
60313  -31.747  -25.032  70.760 0.0000000000
61216  -35.264  -23.436  71.785 0.0000000000
61265  -36.683  -24.300  70.153 0.0000000000
123280  -37.988  -25.063  68.796 0.0000000000
60377  -39.682  -25.021  66.974 0.0000000000
116899  -38.034  -23.407  63.872 0.0000000000
63260  -37.173  -20.380  63.523 0.0000000000
114271  -23.673  -31.850  83.101 0.0000000000
51644  -6.659  -32.456  90.159 0.0000000000
49016  -8.398  -35.436  88.874 0.0000000000
50812  -12.545  -33.785  89.497 0.0000000000
43766  -1.995  -39.996  96.459 0.0000000000
112971  -18.854  -32.767  83.710 0.0000000000
52748  -20.302  -32.368  84.615 0.0000000000
52771  -20.048  -32.612  82.851 0.0000000000
56006  -37.619  -28.755  77.443 0.0000000000
53891  -17.395  -30.311  81.448 0.0000000000
53880  -16.605  -29.696  82.321 0.0000000000
52768  -17.075  -32.038  82.592 0.0000000000
52746  -17.788  -32.687  83.518 0.0000000000
65267  -38.960  -17.780  62.040 0.0000000000
64261  -39.591  -18.726  60.791 0.0000000000
65282  -39.992  -17.731  61.138 0.0000000000
68451  -46.055  -14.413  56.424 0.0000000000
66379  -45.646  -16.943  55.743 0.0000000000
68471  -46.553  -16.163  54.854 0.0000000000
66387  -48.050  -17.765  54.996 0.0000000000
124619  -47.080  -15.982  54.425 0.0000000000
133044  -47.475  -15.285  53.895 0.0000000000
60267  -31.417  -23.997  77.203 0.0000000000
63143  -32.548  -19.476  69.049 0.0000000000
62254  -32.708  -21.840  66.748 0.0000000000
63192  -33.889  -19.606  66.948 0.0000000000
63193  -34.866  -18.954  66.862 0.0000000000
52861  -26.872  -31.756  78.940 0.0000000000
117961  -27.144  -31.898  80.861 0.0000000000
52845  -28.848  -32.101  80.590 0.0000000000
52639  -9.765  -30.546  87.293 0.0000000000
52655  -9.733  -31.933  87.729 0.0000000000
118466  -52.797  -14.864  51.373 0.0000000000
44800  -4.253  -40.051  96.868 0.0000000000
59458  -39.439  -23.930  77.069 0.0000000000
60279  -37.801  -23.302  75.165 0.0000000000
51759  -32.937  -31.855  77.824 0.0000000000
52869  -33.977  -31.314  79.464 0.0000000000
54812  -14.944  -28.829  83.792 0.0000000000
131854  -13.842  -28.958  84.582 0.0000000000
54787  -13.167  -28.454  85.878 0.0000000000
53849  -12.361  -30.588  84.624 0.0000000000
52699  -11.502  -32.133  85.092 0.0000000000
51714  -13.573  -32.575  84.268 0.0000000000
51701  -17.287  -32.900  86.194 0.0000000000
51689  -16.716  -32.966  86.850 0.0000000000
54968  -35.328  -29.693  73.627 0.0000000000
57011  -36.090  -28.485  73.641 0.0000000000
56991  -35.301  -28.350  74.196 0.0000000000
54861  -19.822  -28.638  80.610 0.0000000000
54877  -20.132  -29.167  79.887 0.0000000000
55960  -20.591  -28.162  80.422 0.0000000000
55987  -23.134  -27.731  77.952 0.0000000000
55988  -24.133  -27.787  77.468 0.0000000000
53975  -24.449  -30.138  77.053 0.0000000000
54926  -25.583  -28.892  76.709 0.0000000000
54931  -30.126  -30.338  77.321 0.0000000000
54945  -28.903  -30.154  76.251 0.0000000000
112518  -27.695  -30.591  75.956 0.0000000000
52918  -29.250  -30.871  75.101 0.0000000000
51792  -30.498  -32.077  75.269 0.0000000000
52934  -30.452  -30.937  74.442 0.0000000000
54955  -33.573  -30.110  74.693 0.0000000000
52937  -33.097  -31.284  74.461 0.0000000000
54006  -34.383  -30.383  73.853 0.0000000000
53999  -35.935  -30.176  75.243 0.0000000000
61343  -39.826  -23.507  63.457 0.0000000000
60433  -42.324  -23.723  64.683 0.0000000000
61360  -41.487  -23.308  62.941 0.0000000000
63283  -42.719  -21.515  60.550 0.0000000000
62313  -42.531  -22.117  61.198 0.0000000000
66354  -43.586  -15.728  59.687 0.0000000000
66352  -42.384  -17.029  59.265 0.0000000000
67438  -42.932  -16.852  58.647 0.0000000000
65319  -45.998  -18.914  56.767 0.0000000000
64306  -44.673  -19.076  57.576 0.0000000000
64297  -46.089  -19.914  57.837 0.0000000000
63311  -47.199  -20.823  59.250 0.0000000000
68487  -50.751  -15.756  52.936 0.0000000000
68493  -50.174  -14.806  52.554 0.0000000000
116861  -50.750  -14.432  52.121 0.0000000000
123018  -5.833  -35.170  90.961 0.0000000000
120237  -5.270  -34.717  91.864 0.0000000000
47978  -5.940  -36.815  91.522 0.0000000000
47023  -7.436  -38.412  94.541 0.0000000000
45905  -6.544  -39.216  96.640 0.0000000000
57895  -35.846  -26.556  73.803 0.0000000000
57884  -37.443  -26.431  74.293 0.0000000000
58708  -35.976  -25.800  73.743 0.0000000000
59505  -32.705  -26.189  74.608 0.0000000000
59506  -34.501  -25.577  73.647 0.0000000000
60285  -33.770  -25.615  73.321 0.0000000000
61186  -35.569  -23.554  73.466 0.0000000000
60297  -33.307  -25.179  72.708 0.0000000000
62167  -30.094  -20.708  72.363 0.0000000000
60338  -31.072  -23.614  69.519 0.0000000000
60321  -30.673  -23.610  70.206 0.0000000000
112482  -32.115  -25.022  70.208 0.0000000000
61215  -34.236  -23.942  71.583 0.0000000000
60324  -34.069  -25.053  70.081 0.0000000000
61238  -35.711  -23.809  71.003 0.0000000000
129347  -35.258  -24.925  69.578 0.0000000000
117097  -35.306  -24.401  66.491 0.0000000000
60362  -36.450  -25.176  68.529 0.0000000000
59572  -36.839  -25.085  67.012 0.0000000000
120305  -39.348  -25.124  67.804 0.0000000000
113162  -37.968  -24.994  65.970 0.0000000000
60411  -38.279  -24.448  65.133 0.0000000000
60410  -37.274  -24.192  65.165 0.0000000000
63235  -36.625  -19.406  65.022 0.0000000000
63247  -36.217  -20.896  64.146 0.0000000000
64199  -37.296  -18.917  64.773 0.0000000000
53907  -22.600  -31.851  80.843 0.0000000000
52795  -21.991  -31.935  81.981 0.0000000000
53908  -23.366  -31.826  81.219 0.0000000000
132309  -9.856  -33.334  86.594 0.0000000000
49951  -8.650  -34.824  88.178 0.0000000000
49952  -9.673  -35.023  88.409 0.0000000000
50819  -13.044  -33.955  87.764 0.0000000000
51676  -11.372  -33.708  87.959 0.0000000000
51666  -13.920  -33.574  89.367 0.0000000000
52701  -18.844  -32.345  86.608 0.0000000000
52703  -20.456  -32.110  86.190 0.0000000000
53852  -21.276  -32.022  85.868 0.0000000000
53854  -22.872  -31.799  85.414 0.0000000000
53969  -35.836  -30.373  78.121 0.0000000000
116969  -35.209  -30.707  78.826 0.0000000000
54814  -16.553  -28.047  83.258 0.0000000000
53867  -15.505  -29.414  83.158 0.0000000000
52766  -15.222  -31.772  83.155 0.0000000000
51716  -15.118  -32.675  83.915 0.0000000000
51717  -16.312  -32.830  84.174 0.0000000000
52722  -17.838  -32.786  85.490 0.0000000000
54948  -34.155  -29.344  75.264 0.0000000000
56961  -35.197  -28.287  75.459 0.0000000000
53966  -31.112  -30.465  77.478 0.0000000000
120051  -31.292  -30.668  74.806 0.0000000000
54947  -33.609  -29.814  75.880 0.0000000000
62301  -38.720  -20.961  61.754 0.0000000000
62303  -40.547  -21.924  61.608 0.0000000000
62311  -40.031  -21.150  61.136 0.0000000000
63281  -40.492  -20.744  60.635 0.0000000000
64273  -41.581  -19.729  59.659 0.0000000000
67469  -43.761  -16.913  57.366 0.0000000000
66377  -44.528  -16.534  56.593 0.0000000000
65324  -45.667  -17.990  56.286 0.0000000000
118065  -47.156  -18.781  56.098 0.0000000000
64318  -48.330  -19.651  56.530 0.0000000000
65332  -47.572  -18.264  55.534 0.0000000000
66388  -48.913  -17.994  54.946 0.0000000000
66397  -49.282  -17.323  54.435 0.0000000000
68479  -48.925  -16.354  53.903 0.0000000000
68485  -48.962  -15.473  53.395 0.0000000000
47987  -8.352  -36.887  91.325 0.0000000000
47979  -7.655  -37.470  91.866 0.0000000000
47980  -8.459  -37.180  92.465 0.0000000000
59473  -33.755  -25.928  76.421 0.0000000000
59489  -33.850  -26.098  75.040 0.0000000000
59472  -33.033  -25.538  76.533 0.0000000000
59487  -31.910  -25.604  75.658 0.0000000000
59503  -30.514  -25.491  74.539 0.0000000000
63107  -30.369  -20.716  71.540 0.0000000000
63126  -31.540  -19.578  70.402 0.0000000000
62223  -31.395  -21.582  68.862 0.0000000000
61289  -31.978  -23.188  67.814 0.0000000000
60360  -33.645  -24.818  68.148 0.0000000000
61307  -32.555  -23.069  67.137 0.0000000000
61320  -33.826  -22.877  66.004 0.0000000000
61321  -34.505  -22.743  65.544 0.0000000000
61327  -35.212  -22.488  64.921 0.0000000000
62269  -34.521  -21.326  65.314 0.0000000000
112757  -24.354  -31.773  79.436 0.0000000000
113461  -24.832  -31.776  81.166 0.0000000000
53930  -26.273  -31.786  81.262 0.0000000000
51664  -9.805  -32.198  86.348 0.0000000000
116788  -9.743  -33.298  87.213 0.0000000000
47013  -4.724  -38.653  95.046 0.0000000000
47955  -3.974  -36.626  95.886 0.0000000000
47003  -4.229  -38.852  95.757 0.0000000000
47002  -3.583  -39.003  96.323 0.0000000000
46992  -2.627  -38.426  96.753 0.0000000000
62136  -37.596  -22.659  74.586 0.0000000000
51743  -30.041  -32.301  78.840 0.0000000000
52846  -29.906  -32.019  80.316 0.0000000000
54766  -12.094  -28.409  87.187 0.0000000000
53808  -10.719  -29.497  87.048 0.0000000000
53821  -9.958  -31.208  86.889 0.0000000000
52679  -10.231  -32.262  86.057 0.0000000000
51697  -11.471  -33.406  85.892 0.0000000000
50825  -13.351  -33.930  86.917 0.0000000000
51706  -14.954  -33.135  84.880 0.0000000000
51688  -15.503  -33.396  87.598 0.0000000000
51679  -15.309  -33.286  88.645 0.0000000000
69437  -53.477  -14.049  50.401 0.0000000000
56015  -37.836  -28.326  76.657 0.0000000000
56963  -38.014  -27.734  75.809 0.0000000000
133207  -36.912  -28.535  74.242 0.0000000000
56993  -36.269  -27.808  73.734 0.0000000000
57883  -35.209  -26.732  74.381 0.0000000000
56962  -35.340  -27.673  76.285 0.0000000000
57870  -35.045  -26.851  75.851 0.0000000000
58680  -34.263  -26.154  76.485 0.0000000000
59455  -33.177  -25.060  77.703 0.0000000000
52816  -18.857  -31.601  80.916 0.0000000000
115076  -19.619  -32.112  81.191 0.0000000000
52817  -19.559  -31.493  80.558 0.0000000000
53925  -20.893  -31.037  79.585 0.0000000000
110874  -22.376  -31.240  79.158 0.0000000000
55975  -21.512  -28.167  79.172 0.0000000000
54909  -22.488  -28.997  77.981 0.0000000000
53945  -22.814  -30.957  78.443 0.0000000000
53947  -24.678  -31.480  78.497 0.0000000000
53965  -25.857  -31.365  77.817 0.0000000000
130402  -27.552  -31.847  78.232 0.0000000000
56003  -26.848  -27.919  77.456 0.0000000000
54943  -27.030  -29.236  76.236 0.0000000000
114278  -27.400  -31.175  76.297 0.0000000000
51772  -28.687  -32.199  76.983 0.0000000000
51774  -30.119  -32.630  77.259 0.0000000000
116838  -31.557  -32.587  76.961 0.0000000000
51777  -32.934  -32.146  76.666 0.0000000000
52921  -31.734  -31.486  74.520 0.0000000000
52913  -33.417  -31.733  74.997 0.0000000000
52906  -34.127  -31.543  76.504 0.0000000000
53990  -35.385  -30.638  75.786 0.0000000000
119730  -36.508  -29.602  75.882 0.0000000000
54845  -17.664  -28.917  81.489 0.0000000000
61378  -41.998  -22.905  62.334 0.0000000000
66338  -41.313  -17.271  60.379 0.0000000000
66351  -41.642  -17.842  59.539 0.0000000000
64285  -42.889  -19.639  58.946 0.0000000000
66371  -43.489  -17.658  57.785 0.0000000000
64295  -44.191  -19.586  58.228 0.0000000000
63308  -44.158  -20.773  59.437 0.0000000000
63299  -45.616  -21.023  60.005 0.0000000000
68495  -52.132  -15.669  52.430 0.0000000000
69422  -52.219  -14.473  51.462 0.0000000000
69421  -51.487  -13.685  51.291 0.0000000000
48930  -4.666  -35.607  93.023 0.0000000000
47972  -4.927  -36.693  93.290 0.0000000000
47031  -6.817  -38.134  92.944 0.0000000000
47030  -5.922  -38.115  93.147 0.0000000000
129170  -4.903  -38.073  94.260 0.0000000000
45928  -5.852  -39.488  95.435 0.0000000000
57871  -38.175  -26.395  75.274 0.0000000000
58682  -38.538  -25.555  75.531 0.0000000000
59491  -37.677  -24.196  75.032 0.0000000000
59507  -35.394  -25.316  73.678 0.0000000000
59508  -36.056  -24.283  74.069 0.0000000000
59490  -36.916  -23.734  74.707 0.0000000000
60278  -37.042  -23.210  74.774 0.0000000000
62143  -36.170  -23.021  73.812 0.0000000000
124988  -36.287  -22.856  73.510 0.0000000000
61184  -29.424  -23.051  74.247 0.0000000000
59520  -29.880  -25.542  72.602 0.0000000000
61213  -30.067  -22.424  71.049 0.0000000000
60303  -29.710  -24.449  71.370 0.0000000000
60305  -31.682  -25.595  71.883 0.0000000000
61214  -33.848  -24.022  71.914 0.0000000000
61200  -35.349  -23.296  72.500 0.0000000000
60342  -35.983  -24.984  69.327 0.0000000000
60344  -37.684  -24.710  69.478 0.0000000000
60394  -39.988  -24.664  66.086 0.0000000000
60430  -39.556  -24.081  64.319 0.0000000000
120035  -38.910  -22.941  63.045 0.0000000000
61340  -36.402  -22.212  64.096 0.0000000000
62285  -36.922  -21.502  63.535 0.0000000000
62292  -38.555  -22.008  62.623 0.0000000000
63261  -37.561  -19.734  63.111 0.0000000000
64235  -38.453  -17.560  63.672 0.0000000000
52773  -21.716  -31.997  82.804 0.0000000000
52750  -22.137  -31.922  83.636 0.0000000000
127155  -24.877  -31.879  82.731 0.0000000000
49942  -7.022  -34.898  89.383 0.0000000000
51662  -7.695  -32.260  88.143 0.0000000000
50807  -7.306  -34.057  88.827 0.0000000000
48997  -8.154  -36.035  89.557 0.0000000000
124984  -8.718  -36.347  90.420 0.0000000000
51675  -11.080  -32.953  88.060 0.0000000000
120787  -11.934  -33.902  88.390 0.0000000000
50811  -12.178  -33.935  89.038 0.0000000000
43757  -3.294  -40.930  98.149 0.0000000000
44786  -2.308  -39.830  96.698 0.0000000000
45902  -1.991  -38.541  96.692 0.0000000000
56964  -38.501  -27.653  76.815 0.0000000000
52770  -19.223  -32.709  82.956 0.0000000000
114288  -19.802  -32.641  83.779 0.0000000000
52791  -18.053  -31.630  81.394 0.0000000000
52790  -17.319  -31.412  81.891 0.0000000000
52769  -18.153  -32.453  82.484 0.0000000000
65268  -39.837  -17.088  62.142 0.0000000000
126929  -46.092  -14.946  55.398 0.0000000000
67483  -45.667  -15.583  55.616 0.0000000000
68477  -46.981  -15.163  54.239 0.0000000000
63167  -33.694  -19.171  67.921 0.0000000000
52862  -27.646  -31.938  79.370 0.0000000000
52863  -28.450  -32.072  79.788 0.0000000000
53794  -10.757  -28.654  88.285 0.0000000000
53806  -10.186  -30.299  87.466 0.0000000000
70269  -52.850  -14.184  50.934 0.0000000000
69423  -53.270  -14.871  50.913 0.0000000000
60270  -39.064  -23.446  76.278 0.0000000000
60269  -38.537  -23.118  75.733 0.0000000000
112768  -33.654  -31.510  78.492 0.0000000000
114978  -34.478  -31.149  78.693 0.0000000000
53851  -14.220  -29.342  84.006 0.0000000000
53850  -13.474  -29.881  84.271 0.0000000000
53865  -13.231  -30.915  84.079 0.0000000000
52721  -12.750  -31.840  84.333 0.0000000000
52744  -13.694  -31.672  83.915 0.0000000000
54018  -34.872  -29.945  73.499 0.0000000000
54980  -35.206  -29.397  73.542 0.0000000000
112876  -34.762  -29.037  73.900 0.0000000000
121940  -25.269  -26.865  77.901 0.0000000000
56001  -25.116  -28.007  77.087 0.0000000000
55989  -25.979  -27.142  77.609 0.0000000000
54930  -29.289  -30.052  77.057 0.0000000000
53988  -28.954  -30.591  75.593 0.0000000000
113830  -29.787  -30.605  74.998 0.0000000000
53995  -30.005  -30.840  74.687 0.0000000000
53996  -30.479  -30.734  74.627 0.0000000000
127847  -34.026  -30.053  73.920 0.0000000000
61344  -40.972  -23.668  63.608 0.0000000000
61359  -40.494  -23.115  62.797 0.0000000000
122917  -43.743  -21.099  59.877 0.0000000000
66353  -42.950  -16.330  59.262 0.0000000000
67439  -43.490  -16.220  58.751 0.0000000000
64316  -46.807  -19.189  56.708 0.0000000000
64308  -46.408  -19.596  57.250 0.0000000000
64298  -46.836  -20.084  57.846 0.0000000000
69408  -49.987  -13.841  52.017 0.0000000000
125095  -6.451  -35.607  90.124 0.0000000000
48973  -6.127  -36.196  90.850 0.0000000000
59523  -32.488  -26.058  73.568 0.0000000000
60296  -32.105  -25.771  72.752 0.0000000000
60339  -31.926  -24.578  69.340 0.0000000000
60323  -33.016  -25.286  70.047 0.0000000000
60325  -35.074  -24.565  70.262 0.0000000000
60341  -34.321  -25.150  69.264 0.0000000000
60391  -36.035  -24.544  66.220 0.0000000000
59573  -37.619  -25.207  66.778 0.0000000000
60409  -36.180  -23.718  65.237 0.0000000000
124951  -23.035  -31.883  80.185 0.0000000000
50810  -10.627  -34.473  87.739 0.0000000000
49944  -10.372  -35.036  89.570 0.0000000000
50799  -11.260  -34.594  89.859 0.0000000000
51677  -13.035  -33.894  88.537 0.0000000000
48905  -4.238  -35.841  94.634 0.0000000000
121457  -39.479  -24.874  77.027 0.0000000000
52723  -18.694  -32.543  85.830 0.0000000000
52702  -19.490  -32.250  86.213 0.0000000000
127111  -20.959  -32.122  84.611 0.0000000000
52725  -20.738  -32.110  85.301 0.0000000000
52726  -21.492  -32.012  85.052 0.0000000000
53853  -22.059  -31.935  85.603 0.0000000000
53868  -22.362  -31.879  84.637 0.0000000000
54815  -17.293  -27.718  82.934 0.0000000000
54827  -16.895  -28.665  82.628 0.0000000000
52789  -16.626  -30.983  82.228 0.0000000000
53879  -16.033  -30.224  82.631 0.0000000000
113556  -15.369  -30.671  82.953 0.0000000000
51724  -15.880  -32.392  83.372 0.0000000000
52747  -18.496  -32.750  84.741 0.0000000000
51718  -17.365  -32.802  84.428 0.0000000000
53980  -31.595  -30.450  76.489 0.0000000000
54933  -33.694  -29.819  76.953 0.0000000000
62310  -39.286  -20.753  61.307 0.0000000000
63271  -38.687  -19.826  61.452 0.0000000000
63295  -40.195  -19.625  60.344 0.0000000000
63296  -41.039  -20.329  60.091 0.0000000000
64272  -40.811  -19.213  59.925 0.0000000000
67471  -44.569  -15.636  57.129 0.0000000000
67482  -44.952  -15.824  56.269 0.0000000000
66385  -46.316  -16.887  55.301 0.0000000000
65325  -46.432  -18.600  56.273 0.0000000000
66396  -48.524  -17.346  54.670 0.0000000000
68484  -48.065  -15.402  53.639 0.0000000000
60266  -30.519  -23.345  76.596 0.0000000000
60277  -31.179  -24.707  76.292 0.0000000000
59486  -31.057  -25.328  75.440 0.0000000000
62224  -31.914  -20.647  68.424 0.0000000000
63142  -31.632  -20.229  69.423 0.0000000000
62237  -31.723  -22.008  68.185 0.0000000000
62255  -33.381  -21.365  66.237 0.0000000000
61308  -33.180  -22.953  66.516 0.0000000000
63215  -35.034  -19.709  65.884 0.0000000000
126809  -25.363  -31.697  79.660 0.0000000000
53929  -25.524  -31.719  80.755 0.0000000000
114338  -26.249  -31.762  80.325 0.0000000000
120233  -28.053  -31.973  80.869 0.0000000000
52821  -27.737  -31.966  81.589 0.0000000000
45927  -4.958  -39.456  95.668 0.0000000000
61175  -38.487  -22.719  75.573 0.0000000000
62137  -38.310  -22.547  75.164 0.0000000000
132041  -38.726  -22.202  75.384 0.0000000000
51744  -30.897  -32.125  78.842 0.0000000000
51745  -31.718  -31.934  78.954 0.0000000000
53837  -12.050  -29.477  85.488 0.0000000000
54775  -12.211  -28.687  86.305 0.0000000000
53822  -10.672  -30.047  86.164 0.0000000000
51704  -12.646  -32.921  84.924 0.0000000000
50831  -12.472  -33.834  86.361 0.0000000000
129558  -15.584  -33.294  85.600 0.0000000000
127476  -16.235  -33.047  87.415 0.0000000000
114135  -15.757  -33.325  86.572 0.0000000000
56024  -37.488  -28.472  75.674 0.0000000000
54970  -36.709  -28.941  74.390 0.0000000000
56035  -35.762  -28.401  73.720 0.0000000000
56992  -35.779  -27.476  73.962 0.0000000000
56014  -35.150  -28.470  76.714 0.0000000000
58668  -34.399  -26.023  78.061 0.0000000000
111860  -34.629  -26.430  76.928 0.0000000000
58681  -34.635  -26.424  75.378 0.0000000000
58667  -34.128  -26.042  77.501 0.0000000000
59456  -33.760  -25.709  77.506 0.0000000000
53906  -19.039  -30.579  80.477 0.0000000000
53942  -20.660  -29.773  79.306 0.0000000000
53924  -20.042  -30.328  79.728 0.0000000000
127679  -21.767  -31.256  79.535 0.0000000000
53943  -21.472  -30.293  78.924 0.0000000000
54910  -23.338  -28.964  77.491 0.0000000000
53961  -22.927  -30.104  77.825 0.0000000000
53946  -23.634  -31.189  78.208 0.0000000000
53976  -25.262  -30.184  76.688 0.0000000000
53964  -24.976  -31.116  77.466 0.0000000000
53977  -25.594  -31.036  77.010 0.0000000000
52884  -26.621  -31.583  77.992 0.0000000000
52902  -26.251  -31.256  77.113 0.0000000000
118542  -28.234  -28.692  77.416 0.0000000000
54913  -28.741  -29.196  78.560 0.0000000000
121695  -27.652  -28.043  77.727 0.0000000000
54928  -27.409  -28.426  76.835 0.0000000000
54927  -26.480  -28.558  76.645 0.0000000000
132889  -28.018  -31.040  75.825 0.0000000000
119810  -28.234  -31.521  76.244 0.0000000000
52904  -27.858  -31.758  77.130 0.0000000000
51755  -29.470  -32.492  77.867 0.0000000000
51773  -29.497  -32.430  76.685 0.0000000000
51785  -31.126  -32.575  76.144 0.0000000000
51786  -32.107  -32.504  76.020 0.0000000000
51776  -32.224  -32.326  77.337 0.0000000000
52936  -32.278  -31.137  74.712 0.0000000000
52924  -33.987  -31.337  74.385 0.0000000000
52923  -33.254  -31.473  74.465 0.0000000000
52914  -34.092  -31.531  75.478 0.0000000000
52905  -33.551  -31.859  76.045 0.0000000000
129575  -34.744  -31.107  76.408 0.0000000000
54957  -36.357  -29.558  74.770 0.0000000000
54949  -37.114  -28.980  76.511 0.0000000000
54846  -18.596  -28.430  81.232 0.0000000000
53905  -18.244  -30.118  80.883 0.0000000000
60396  -41.770  -23.908  66.097 0.0000000000
61345  -41.932  -23.533  63.845 0.0000000000
61330  -43.154  -23.586  64.869 0.0000000000
61377  -41.041  -22.648  62.221 0.0000000000
124597  -41.586  -22.182  61.556 0.0000000000
65284  -41.496  -16.459  61.962 0.0000000000
66322  -41.147  -16.889  61.118 0.0000000000
64284  -42.044  -19.026  59.150 0.0000000000
64293  -42.702  -18.843  58.703 0.0000000000
127653  -44.215  -17.056  56.874 0.0000000000
66372  -44.242  -17.966  57.234 0.0000000000
64286  -43.759  -19.972  58.905 0.0000000000
64287  -44.643  -20.303  58.917 0.0000000000
111635  -44.925  -20.876  59.554 0.0000000000
63309  -45.530  -20.657  59.112 0.0000000000
67496  -50.782  -17.001  53.808 0.0000000000
70260  -50.720  -13.735  51.651 0.0000000000
69409  -51.438  -14.455  51.856 0.0000000000
131335  -4.954  -35.481  92.259 0.0000000000
49906  -4.820  -34.516  92.779 0.0000000000
47973  -7.769  -37.765  92.854 0.0000000000
47037  -6.992  -37.831  92.215 0.0000000000
45947  -6.862  -38.765  94.632 0.0000000000
47022  -6.644  -38.615  93.802 0.0000000000
45946  -6.264  -38.835  94.388 0.0000000000
47021  -5.710  -38.522  93.876 0.0000000000
45945  -5.606  -38.885  94.611 0.0000000000
46993  -6.420  -38.931  97.819 0.0000000000
56975  -37.712  -27.312  74.766 0.0000000000
131027  -38.178  -27.115  75.483 0.0000000000
128223  -37.152  -25.920  74.173 0.0000000000
58695  -37.666  -25.389  74.710 0.0000000000
59509  -36.855  -24.637  74.402 0.0000000000
127576  -34.698  -25.867  74.133 0.0000000000
60286  -34.905  -24.465  73.275 0.0000000000
113634  -35.306  -24.681  73.494 0.0000000000
60288  -36.454  -23.464  74.317 0.0000000000
61193  -34.486  -24.116  72.910 0.0000000000
62141  -29.555  -22.020  73.900 0.0000000000
60283  -29.359  -24.148  73.970 0.0000000000
60295  -29.440  -24.664  72.859 0.0000000000
62185  -30.409  -21.405  70.783 0.0000000000
62166  -29.969  -21.698  71.651 0.0000000000
61236  -30.428  -22.558  70.414 0.0000000000
114428  -30.606  -24.608  70.731 0.0000000000
60312  -30.039  -23.472  70.797 0.0000000000
60304  -30.294  -25.455  71.594 0.0000000000
120398  -31.328  -25.307  71.140 0.0000000000
60306  -32.736  -25.152  71.571 0.0000000000
118801  -34.623  -23.505  72.103 0.0000000000
61201  -35.966  -23.113  72.378 0.0000000000
61239  -36.560  -23.736  70.861 0.0000000000
114002  -34.063  -24.598  67.494 0.0000000000
60361  -34.790  -25.133  68.438 0.0000000000
119166  -35.595  -25.180  68.169 0.0000000000
60363  -37.272  -25.100  68.715 0.0000000000
118237  -40.111  -24.775  67.899 0.0000000000
60378  -40.505  -24.439  67.040 0.0000000000
60429  -38.572  -23.999  64.367 0.0000000000
60412  -39.283  -24.493  65.154 0.0000000000
61342  -38.808  -23.451  63.687 0.0000000000
61328  -36.056  -22.699  64.652 0.0000000000
63248  -36.824  -20.081  64.120 0.0000000000
62291  -37.594  -21.197  62.938 0.0000000000
62300  -38.032  -20.902  62.321 0.0000000000
64216  -37.666  -18.336  64.069 0.0000000000
52818  -20.434  -32.035  81.011 0.0000000000
52793  -20.229  -32.435  81.919 0.0000000000
52794  -21.149  -32.211  81.973 0.0000000000
53881  -22.700  -31.885  82.769 0.0000000000
53869  -23.045  -31.788  83.812 0.0000000000
53870  -23.973  -31.661  83.996 0.0000000000
53910  -25.526  -31.774  81.644 0.0000000000
114076  -24.859  -31.856  82.029 0.0000000000
53895  -25.483  -31.853  82.475 0.0000000000
49933  -6.193  -34.447  90.273 0.0000000000
50798  -6.669  -33.658  89.676 0.0000000000
52637  -8.570  -31.576  87.412 0.0000000000
52614  -7.690  -30.958  88.662 0.0000000000
50808  -8.025  -33.735  88.074 0.0000000000
49950  -7.810  -34.768  88.628 0.0000000000
49015  -7.654  -35.446  89.111 0.0000000000
48998  -9.131  -35.807  89.633 0.0000000000
52678  -9.950  -32.892  86.613 0.0000000000
52656  -10.388  -32.372  87.754 0.0000000000
129118  -12.636  -33.810  89.079 0.0000000000
116978  -54.072  -13.962  50.003 0.0000000000
43767  -2.259  -40.820  97.007 0.0000000000
43768  -2.613  -41.012  97.455 0.0000000000
112354  -19.468  -32.607  84.633 0.0000000000
114368  -20.732  -32.322  83.790 0.0000000000
54936  -37.054  -29.232  77.461 0.0000000000
53890  -16.978  -30.347  81.937 0.0000000000
51725  -16.742  -32.541  83.359 0.0000000000
54919  -34.269  -29.492  77.772 0.0000000000
64250  -38.970  -18.795  61.326 0.0000000000
64260  -39.403  -17.984  61.414 0.0000000000
66386  -47.153  -17.381  55.111 0.0000000000
67488  -47.699  -16.868  54.600 0.0000000000
68478  -47.807  -16.100  54.066 0.0000000000
61173  -31.040  -22.634  77.450 0.0000000000
63166  -32.769  -19.914  68.119 0.0000000000
62239  -33.029  -20.454  67.193 0.0000000000
62256  -34.259  -20.387  66.129 0.0000000000
52843  -26.982  -31.847  79.877 0.0000000000
52844  -27.759  -31.958  80.214 0.0000000000
52822  -28.582  -32.039  81.487 0.0000000000
52654  -10.087  -30.453  87.489 0.0000000000
68500  -53.099  -15.524  51.537 0.0000000000
68501  -53.683  -15.723  50.975 0.0000000000
44801  -5.228  -39.925  97.157 0.0000000000
44789  -4.713  -40.266  97.745 0.0000000000
44788  -3.901  -40.562  97.479 0.0000000000
51758  -32.279  -32.011  78.359 0.0000000000
52867  -32.445  -31.720  79.224 0.0000000000
52887  -32.902  -31.713  78.689 0.0000000000
52868  -33.191  -31.542  79.399 0.0000000000
52851  -34.220  -31.148  80.308 0.0000000000
127388  -14.473  -28.496  84.622 0.0000000000
54799  -13.893  -28.371  85.319 0.0000000000
53838  -13.100  -29.102  84.883 0.0000000000
51700  -16.365  -33.036  85.934 0.0000000000
54969  -36.088  -29.343  73.910 0.0000000000
54981  -35.775  -29.080  73.595 0.0000000000
56052  -35.589  -28.902  73.573 0.0000000000
54876  -19.492  -29.755  80.164 0.0000000000
54878  -20.836  -28.632  79.597 0.0000000000
55977  -23.197  -26.829  78.964 0.0000000000
121073  -24.237  -26.688  78.350 0.0000000000
54911  -24.196  -29.050  77.113 0.0000000000
116546  -24.867  -29.275  76.890 0.0000000000
54914  -29.554  -30.066  78.315 0.0000000000
122099  -28.868  -29.518  77.620 0.0000000000
54929  -28.566  -29.527  76.753 0.0000000000
54944  -28.234  -30.079  76.066 0.0000000000
127120  -28.422  -30.747  75.619 0.0000000000
52911  -28.609  -31.160  75.520 0.0000000000
51783  -29.667  -32.017  75.618 0.0000000000
52919  -29.924  -31.253  74.755 0.0000000000
52920  -30.851  -31.334  74.470 0.0000000000
54954  -32.893  -30.675  74.792 0.0000000000
54005  -33.514  -30.753  74.369 0.0000000000
52938  -33.788  -31.077  74.151 0.0000000000
52925  -34.535  -30.869  74.205 0.0000000000
53998  -35.192  -30.614  74.591 0.0000000000
54007  -34.845  -30.397  73.756 0.0000000000
54008  -35.633  -30.006  74.180 0.0000000000
60431  -40.564  -24.054  64.369 0.0000000000
60432  -41.494  -23.880  64.503 0.0000000000
63282  -41.609  -21.323  60.742 0.0000000000
66324  -42.860  -15.814  61.262 0.0000000000
66339  -41.938  -16.900  60.047 0.0000000000
66340  -42.647  -16.046  60.161 0.0000000000
66365  -42.714  -17.502  58.639 0.0000000000
65318  -45.145  -18.537  56.925 0.0000000000
64307  -45.569  -19.405  57.355 0.0000000000
63316  -46.374  -20.463  58.575 0.0000000000
63317  -47.374  -20.512  58.428 0.0000000000
68486  -49.825  -15.553  53.112 0.0000000000
68494  -51.310  -15.165  52.446 0.0000000000
48949  -5.421  -35.893  91.527 0.0000000000
45915  -6.794  -38.950  95.869 0.0000000000
57896  -36.621  -26.385  73.890 0.0000000000
61198  -33.708  -24.370  72.280 0.0000000000
62150  -29.585  -21.873  72.666 0.0000000000
61262  -30.785  -22.774  69.901 0.0000000000
60322  -31.304  -24.418  70.097 0.0000000000
60314  -33.104  -25.049  71.040 0.0000000000
60315  -33.866  -24.752  70.767 0.0000000000
61237  -34.778  -24.197  70.998 0.0000000000
61264  -35.922  -24.298  70.245 0.0000000000
60375  -35.973  -24.991  67.351 0.0000000000
127211  -36.845  -25.235  67.918 0.0000000000
60376  -37.700  -25.292  67.833 0.0000000000
60364  -38.645  -25.158  68.300 0.0000000000
59574  -38.610  -25.288  67.091 0.0000000000
60393  -39.004  -24.932  66.035 0.0000000000
60428  -37.673  -23.772  64.428 0.0000000000
63234  -35.899  -20.446  64.783 0.0000000000
64215  -37.285  -19.493  63.965 0.0000000000
53926  -21.757  -31.779  80.360 0.0000000000
52820  -22.138  -31.918  81.259 0.0000000000
53892  -22.736  -31.850  81.737 0.0000000000
53893  -23.496  -31.824  82.176 0.0000000000
50809  -9.203  -34.212  87.397 0.0000000000
49017  -9.122  -35.342  88.807 0.0000000000
49943  -9.695  -35.364  89.309 0.0000000000
50818  -11.415  -34.042  87.630 0.0000000000
59475  -39.077  -24.301  76.253 0.0000000000
52681  -19.331  -32.134  87.096 0.0000000000
52682  -19.980  -32.114  86.836 0.0000000000
52724  -19.956  -32.306  85.413 0.0000000000
52889  -34.924  -30.919  77.767 0.0000000000
54813  -15.800  -28.425  83.603 0.0000000000
54826  -16.239  -29.014  82.892 0.0000000000
53878  -14.790  -29.886  83.451 0.0000000000
132242  -14.717  -30.954  83.252 0.0000000000
52745  -14.426  -31.746  83.510 0.0000000000
51708  -16.868  -32.930  85.219 0.0000000000
52700  -18.152  -32.658  86.445 0.0000000000
54956  -34.277  -29.532  74.216 0.0000000000
56023  -34.692  -28.845  74.702 0.0000000000
129101  -34.708  -28.788  75.765 0.0000000000
53979  -30.676  -30.405  76.323 0.0000000000
53989  -30.471  -30.423  75.156 0.0000000000
128314  -31.172  -30.457  75.538 0.0000000000
126646  -31.955  -30.585  75.611 0.0000000000
114750  -33.168  -30.184  76.433 0.0000000000
54946  -32.864  -30.394  75.546 0.0000000000
61375  -39.174  -21.908  62.106 0.0000000000
61376  -40.076  -22.352  62.127 0.0000000000
62302  -39.633  -21.567  61.613 0.0000000000
63280  -39.475  -20.012  60.841 0.0000000000
63297  -42.003  -20.756  59.973 0.0000000000
63306  -42.450  -20.121  59.477 0.0000000000
67457  -43.964  -16.058  58.040 0.0000000000
115810  -44.422  -15.636  57.764 0.0000000000
67470  -44.196  -16.272  57.230 0.0000000000
66378  -45.041  -17.039  56.162 0.0000000000
64317  -47.597  -19.447  56.611 0.0000000000
65326  -48.005  -19.040  56.002 0.0000000000
65333  -48.475  -18.543  55.465 0.0000000000
65334  -49.368  -18.764  55.397 0.0000000000
67495  -49.888  -16.833  53.861 0.0000000000
67501  -49.613  -16.112  53.548 0.0000000000
47997  -7.757  -36.623  90.251 0.0000000000
47986  -7.285  -36.989  91.025 0.0000000000
58707  -34.447  -26.110  75.149 0.0000000000
59488  -32.877  -25.935  75.576 0.0000000000
59471  -32.135  -25.072  76.542 0.0000000000
59504  -31.604  -25.942  74.684 0.0000000000
62186  -30.747  -20.053  70.933 0.0000000000
62206  -30.956  -20.680  70.114 0.0000000000
120179  -31.101  -21.305  69.498 0.0000000000
61263  -31.002  -22.386  69.350 0.0000000000
61288  -31.418  -23.229  68.652 0.0000000000
60358  -32.077  -24.285  68.387 0.0000000000
60359  -32.682  -24.251  67.857 0.0000000000
60372  -33.294  -24.058  67.217 0.0000000000
60373  -33.912  -23.925  66.691 0.0000000000
60390  -34.568  -23.788  66.205 0.0000000000
60408  -35.277  -23.656  65.730 0.0000000000
62270  -35.242  -20.806  64.968 0.0000000000
63216  -36.048  -19.156  65.701 0.0000000000
63217  -37.378  -18.362  66.297 0.0000000000
132942  -24.843  -31.763  80.336 0.0000000000
53911  -26.219  -31.805  82.120 0.0000000000
114247  -26.962  -31.871  81.783 0.0000000000
132802  -14.779  -33.310  89.326 0.0000000000
128714  -4.061  -37.810  95.505 0.0000000000
47954  -3.678  -37.684  96.056 0.0000000000
115789  -2.986  -37.459  96.549 0.0000000000
47946  -2.312  -37.173  96.884 0.0000000000
65285  -42.610  -16.025  62.244 0.0000000000
66341  -43.654  -15.549  60.825 0.0000000000
66355  -44.689  -15.282  60.291 0.0000000000
62145  -37.741  -22.382  74.220 0.0000000000
52886  -29.114  -32.187  79.007 0.0000000000
52864  -29.779  -32.151  79.544 0.0000000000
52865  -30.461  -32.009  79.584 0.0000000000
52870  -34.696  -30.915  79.563 0.0000000000
51686  -11.052  -33.761  86.544 0.0000000000
50824  -11.910  -33.921  86.838 0.0000000000
51687  -14.410  -33.757  87.771 0.0000000000
130294  -14.358  -32.827  84.327 0.0000000000
51705  -13.959  -33.161  84.948 0.0000000000
51699  -14.764  -33.575  85.695 0.0000000000
112600  -14.616  -33.800  86.720 0.0000000000
129000  -37.585  -28.071  74.998 0.0000000000
115634  -37.163  -28.102  74.175 0.0000000000
56036  -36.498  -28.638  73.885 0.0000000000
129694  -36.600  -28.065  73.819 0.0000000000
120949  -36.291  -27.102  73.775 0.0000000000
110889  -35.229  -26.892  77.044 0.0000000000
129815  -33.482  -25.074  78.307 0.0000000000
52840  -19.603  -30.725  80.168 0.0000000000
52841  -20.188  -31.287  80.166 0.0000000000
52842  -20.916  -31.748  80.379 0.0000000000
132164  -22.339  -31.699  80.015 0.0000000000
55961  -21.318  -27.522  80.035 0.0000000000
55976  -22.259  -27.894  78.603 0.0000000000
54893  -21.732  -29.096  78.523 0.0000000000
53944  -22.194  -30.168  78.317 0.0000000000
53927  -23.375  -31.671  79.301 0.0000000000
53963  -24.200  -30.895  77.587 0.0000000000
131450  -25.553  -31.543  78.595 0.0000000000
114096  -26.226  -31.583  78.577 0.0000000000
55990  -26.765  -27.165  77.897 0.0000000000
56002  -26.074  -27.885  77.151 0.0000000000
54942  -26.138  -29.674  76.351 0.0000000000
132731  -27.514  -29.877  76.119 0.0000000000
53987  -26.870  -30.391  76.214 0.0000000000
52910  -26.652  -31.072  76.551 0.0000000000
52903  -27.024  -31.480  77.173 0.0000000000
52885  -28.479  -32.152  78.049 0.0000000000
51756  -30.475  -32.536  78.020 0.0000000000
51784  -30.278  -32.550  76.365 0.0000000000
51775  -30.844  -32.680  77.164 0.0000000000
113077  -33.714  -31.663  77.265 0.0000000000
52935  -31.096  -30.956  74.387 0.0000000000
52922  -32.582  -31.585  74.536 0.0000000000
51795  -32.874  -31.844  74.761 0.0000000000
51794  -32.294  -32.112  74.854 0.0000000000
51787  -32.881  -32.162  75.454 0.0000000000
115192  -34.387  -31.347  77.213 0.0000000000
53981  -35.546  -30.556  76.996 0.0000000000
53982  -36.164  -30.130  77.313 0.0000000000
53991  -36.076  -30.174  76.386 0.0000000000
54935  -36.572  -29.629  76.952 0.0000000000
54828  -17.511  -28.287  82.329 0.0000000000
54829  -18.348  -27.842  81.995 0.0000000000
61361  -42.454  -23.341  63.134 0.0000000000
126788  -42.466  -22.590  61.857 0.0000000000
65283  -40.601  -16.948  61.593 0.0000000000
66321  -40.658  -17.532  60.755 0.0000000000
65295  -40.915  -18.153  60.029 0.0000000000
64283  -41.341  -18.792  59.612 0.0000000000
63307  -43.307  -20.488  59.375 0.0000000000
67456  -43.366  -16.797  58.052 0.0000000000
66366  -43.065  -17.396  58.247 0.0000000000
65311  -43.034  -18.207  58.318 0.0000000000
65312  -43.799  -18.646  57.874 0.0000000000
64294  -43.343  -19.182  58.422 0.0000000000
63310  -46.368  -20.866  59.565 0.0000000000
67509  -52.889  -16.125  52.248 0.0000000000
69410  -51.932  -15.056  52.003 0.0000000000
68499  -52.525  -15.291  51.862 0.0000000000
70268  -52.179  -13.504  50.807 0.0000000000
71089  -51.516  -12.631  50.957 0.0000000000
49893  -4.336  -34.527  93.676 0.0000000000
48914  -4.371  -35.770  93.850 0.0000000000
47966  -4.509  -36.912  94.031 0.0000000000
47043  -6.686  -37.377  91.562 0.0000000000
47036  -6.077  -37.596  92.278 0.0000000000
47035  -5.431  -37.434  92.857 0.0000000000
47029  -5.200  -37.721  93.521 0.0000000000
45914  -5.544  -39.720  96.322 0.0000000000
44802  -5.986  -39.576  97.144 0.0000000000
120356  -38.445  -24.698  75.544 0.0000000000
119631  -36.160  -25.071  73.911 0.0000000000
120874  -36.133  -23.269  74.017 0.0000000000
61187  -36.780  -22.966  74.403 0.0000000000
62144  -36.838  -22.689  74.035 0.0000000000
120376  -30.106  -22.384  76.073 0.0000000000
62142  -29.944  -21.085  74.640 0.0000000000
61185  -29.660  -22.334  75.142 0.0000000000
60275  -29.588  -23.653  74.988 0.0000000000
60284  -29.767  -24.701  74.653 0.0000000000
59502  -29.813  -25.150  73.706 0.0000000000
59521  -30.438  -25.670  73.421 0.0000000000
61212  -29.554  -23.057  71.729 0.0000000000
60294  -29.372  -24.198  72.125 0.0000000000
122189  -29.487  -25.084  71.972 0.0000000000
59530  -30.854  -25.911  72.605 0.0000000000
127423  -32.844  -25.206  72.221 0.0000000000
61199  -34.600  -23.612  72.458 0.0000000000
62152  -36.087  -22.882  72.972 0.0000000000
115958  -36.895  -22.556  73.429 0.0000000000
61217  -36.411  -23.228  71.748 0.0000000000
60343  -36.921  -24.758  69.420 0.0000000000
60395  -40.830  -24.208  66.174 0.0000000000
60413  -40.265  -24.381  65.215 0.0000000000
61329  -36.788  -23.280  64.553 0.0000000000
61341  -37.300  -22.869  63.944 0.0000000000
61357  -37.965  -22.595  63.246 0.0000000000
130168  -38.616  -21.497  62.185 0.0000000000
63270  -38.081  -19.746  62.178 0.0000000000
64234  -37.910  -18.499  62.898 0.0000000000
65252  -38.479  -17.765  62.706 0.0000000000
65253  -39.339  -17.123  63.224 0.0000000000
115627  -20.897  -32.223  82.827 0.0000000000
52772  -21.408  -32.056  83.474 0.0000000000
53909  -24.151  -31.811  81.619 0.0000000000
53894  -24.265  -31.849  82.500 0.0000000000
53882  -24.469  -31.840  83.272 0.0000000000
53883  -25.278  -31.882  83.337 0.0000000000
123739  -24.698  -31.783  83.863 0.0000000000
53871  -24.574  -31.761  84.489 0.0000000000
116159  -29.231  -32.150  79.867 0.0000000000
52823  -29.524  -31.993  81.277 0.0000000000
50788  -5.787  -33.943  91.397 0.0000000000
51653  -7.083  -32.987  88.928 0.0000000000
48996  -7.213  -35.925  89.658 0.0000000000
116480  -9.572  -35.899  90.713 0.0000000000
51665  -11.431  -33.882  88.027 0.0000000000
51656  -13.794  -33.279  90.079 0.0000000000
50801  -12.533  -33.596  90.430 0.0000000000
50800  -11.902  -33.959  90.142 0.0000000000
44787  -2.946  -40.450  97.142 0.0000000000
45903  -2.421  -39.135  96.784 0.0000000000
46991  -2.091  -37.937  96.866 0.0000000000
45912  -1.485  -38.643  96.072 0.0000000000
44785  -1.863  -39.020  96.381 0.0000000000
45901  -1.612  -38.195  96.385 0.0000000000
47985  -6.500  -36.795  91.011 0.0000000000
51715  -14.227  -32.370  83.924 0.0000000000
52912  -29.243  -31.375  75.304 0.0000000000
52939  -34.323  -30.830  73.978 0.0000000000
55991  -27.485  -27.406  78.312 0.0000000000
56034  -35.179  -28.965  73.585 0.0000000000
56037  -37.181  -28.535  74.750 0.0000000000
61180  -29.950  -23.214  75.762 0.0000000000
132637  -28.270  -32.043  80.384 0.0000000000
