#!ascii label  , from subject sub-v1s2x0051479_ses-1 vox2ras=TkReg
1006
7797  34.071  -81.099  21.879 0.3000000119
16679  34.984  -69.884  25.729 0.6000000238
114959  32.650  -66.714  28.087 0.6999999881
19371  31.627  -66.660  27.026 0.6999999881
8356  34.119  -80.572  21.526 0.4000000060
12476  36.634  -74.274  22.194 0.4000000060
8355  35.462  -80.130  21.749 0.5000000000
7795  35.748  -80.702  22.288 0.5000000000
15762  35.948  -70.006  26.148 0.6999999881
16656  34.951  -68.913  27.154 0.6999999881
18426  33.996  -67.638  28.232 0.6000000238
19351  33.284  -67.132  28.283 0.6000000238
19369  33.396  -66.375  28.056 0.6999999881
19381  32.088  -65.837  26.715 0.6999999881
9548  34.959  -78.734  21.065 0.5000000000
12483  36.624  -74.688  21.284 0.4000000060
8914  35.392  -79.065  21.160 0.6000000238
13256  36.556  -72.995  23.309 0.4000000060
14874  36.189  -72.057  23.933 0.5000000000
9547  36.429  -78.127  20.861 0.6000000238
14861  36.342  -71.583  24.279 0.6000000238
15788  35.833  -71.070  24.734 0.6000000238
8913  36.705  -78.664  21.263 0.6000000238
15776  36.403  -70.552  25.573 0.6000000238
17534  35.274  -68.487  27.803 0.6000000238
17517  35.474  -67.973  28.146 0.6000000238
20351  34.904  -65.653  27.228 0.6999999881
19350  34.129  -66.908  28.321 0.6999999881
20352  34.155  -65.419  27.295 0.6999999881
20353  33.462  -65.644  27.480 0.6999999881
20374  32.546  -65.019  26.046 0.6999999881
20361  34.463  -64.998  26.753 0.6999999881
20362  33.643  -64.969  26.885 0.6999999881
21293  33.209  -64.558  26.302 0.6999999881
21292  33.963  -64.331  26.337 0.6999999881
10207  35.027  -77.835  20.894 0.5000000000
11698  35.543  -75.965  20.936 0.5000000000
129697  35.679  -75.494  21.555 0.5000000000
14054  37.101  -73.079  23.039 0.4000000060
10205  36.378  -77.544  20.625 0.5000000000
14873  36.949  -71.839  23.859 0.5000000000
14843  36.845  -71.061  25.008 0.6000000238
9545  38.016  -77.496  21.022 0.6000000238
10204  37.777  -76.975  20.517 0.5000000000
12485  38.597  -75.390  20.919 0.5000000000
16666  36.439  -69.562  27.114 0.6999999881
17533  36.086  -68.484  27.946 0.6000000238
18442  35.633  -67.231  28.129 0.6000000238
18441  36.249  -67.907  28.093 0.6000000238
19380  35.754  -65.934  27.023 0.6000000238
19349  34.863  -66.800  28.173 0.6000000238
20360  35.284  -65.331  26.460 0.6999999881
21306  32.128  -64.665  24.909 0.6999999881
20372  35.616  -65.171  25.450 0.6000000238
21304  33.525  -63.958  25.731 0.6999999881
22230  33.103  -63.707  24.975 0.6999999881
20373  34.801  -64.608  26.010 0.6999999881
13265  37.444  -73.662  22.278 0.4000000060
124093  36.234  -76.775  20.476 0.5000000000
11691  36.674  -75.142  20.582 0.4000000060
14045  37.363  -72.518  23.392 0.5000000000
14860  37.297  -71.535  24.479 0.6000000238
115808  37.037  -75.674  20.289 0.4000000060
15775  37.465  -70.619  25.940 0.6000000238
10970  37.516  -76.367  20.323 0.4000000060
134203  37.640  -74.569  20.952 0.4000000060
12486  38.071  -74.964  20.875 0.4000000060
125967  38.977  -74.184  21.867 0.4000000060
15761  36.983  -70.102  26.551 0.6999999881
16654  36.766  -68.998  27.705 0.6000000238
113570  36.704  -68.386  27.902 0.6000000238
19379  36.553  -66.242  26.770 0.6000000238
131469  36.426  -67.303  27.863 0.6000000238
20359  36.094  -65.696  26.091 0.6000000238
115254  32.256  -63.920  24.438 0.6999999881
22229  33.787  -63.634  25.143 0.6999999881
21302  35.091  -64.413  24.973 0.6000000238
21303  34.277  -63.948  25.558 0.6000000238
13272  37.597  -74.156  21.468 0.4000000060
14053  37.834  -73.150  22.833 0.4000000060
14842  37.856  -71.120  25.348 0.6999999881
13264  38.222  -73.798  22.101 0.4000000060
15760  38.041  -70.081  26.715 0.8000000119
13271  39.675  -74.420  21.805 0.5000000000
16665  37.453  -69.474  27.284 0.6999999881
17532  37.293  -68.590  27.685 0.6000000238
19378  37.336  -66.549  26.501 0.5000000000
18451  37.689  -67.322  27.118 0.6000000238
21319  31.501  -63.493  23.563 0.6999999881
20386  36.515  -65.907  24.064 0.6000000238
22244  32.579  -63.440  24.012 0.8000000119
22257  31.948  -63.040  23.203 0.8000000119
20387  35.871  -65.321  24.154 0.6000000238
14859  38.871  -72.026  24.384 0.5000000000
14872  37.803  -71.999  23.979 0.6000000238
14043  39.300  -72.975  23.285 0.5000000000
14032  40.557  -72.193  24.152 0.6999999881
125970  39.607  -73.371  22.765 0.4000000060
16664  38.399  -69.425  27.008 0.6999999881
16653  37.881  -68.931  27.430 0.6999999881
19377  38.123  -66.873  26.185 0.6000000238
17531  37.867  -68.212  27.367 0.6000000238
19387  37.542  -66.420  25.337 0.6000000238
20371  36.354  -65.689  24.990 0.6000000238
22243  33.487  -63.440  24.389 0.6999999881
22256  32.945  -63.072  23.499 0.6999999881
21317  35.198  -64.540  23.768 0.6999999881
22255  33.822  -63.281  23.585 0.6999999881
14858  39.933  -71.894  24.763 0.5000000000
126038  39.293  -71.478  25.217 0.6000000238
14841  38.721  -71.113  25.517 0.6000000238
14857  40.948  -71.749  25.018 0.6999999881
14033  39.558  -72.453  23.927 0.6000000238
15774  38.503  -70.634  26.100 0.6999999881
14031  41.510  -71.998  24.295 0.6999999881
14050  41.249  -73.142  22.991 0.6999999881
15759  39.090  -69.992  26.553 0.6999999881
17544  38.689  -68.666  26.956 0.6999999881
18459  38.855  -67.267  25.853 0.5000000000
18450  38.475  -67.714  26.800 0.6000000238
23155  30.817  -62.853  23.498 0.5000000000
127661  37.562  -66.634  24.120 0.6000000238
18460  38.274  -66.819  24.933 0.6000000238
118688  31.796  -62.555  23.098 0.6000000238
23154  31.254  -62.545  23.278 0.5000000000
120259  36.956  -66.172  24.596 0.6000000238
117913  33.207  -62.834  22.844 0.6000000238
23152  32.549  -62.314  22.615 0.5000000000
23167  32.446  -61.822  22.440 0.5000000000
20396  36.437  -65.914  23.250 0.6999999881
20397  35.844  -65.359  23.029 0.6999999881
21326  35.336  -64.661  22.729 0.6999999881
22265  34.192  -63.299  22.540 0.6999999881
22266  33.532  -62.642  22.178 0.5000000000
21338  34.932  -64.079  22.382 0.6000000238
15773  39.561  -70.742  25.922 0.6000000238
14840  40.309  -71.311  25.448 0.6999999881
15770  42.152  -71.112  25.298 0.6999999881
18449  39.195  -68.052  26.439 0.6999999881
134299  39.138  -69.302  26.736 0.6999999881
24065  31.490  -62.086  23.520 0.4000000060
18471  38.942  -67.323  24.694 0.5000000000
24075  32.572  -61.205  22.393 0.4000000060
19408  36.980  -66.377  22.772 0.6000000238
117644  36.965  -66.364  23.560 0.6000000238
22276  33.987  -62.573  21.631 0.4000000060
20407  35.948  -65.253  22.331 0.6000000238
21337  35.480  -64.575  22.083 0.6999999881
21347  34.939  -63.816  21.817 0.5000000000
14839  41.283  -71.217  25.446 0.6000000238
15772  40.603  -70.645  25.761 0.6999999881
15758  40.028  -70.086  26.198 0.6999999881
134435  42.382  -70.604  25.276 0.6999999881
16677  42.221  -69.914  25.291 0.6999999881
122073  39.679  -69.543  26.466 0.6000000238
17543  39.719  -68.783  26.400 0.6000000238
18472  38.282  -67.196  23.617 0.6000000238
19407  37.633  -66.853  23.142 0.6000000238
23166  33.105  -62.095  21.987 0.4000000060
23176  32.896  -61.461  21.904 0.5000000000
25092  32.952  -60.795  21.868 0.4000000060
20406  36.522  -65.841  22.556 0.6000000238
132789  33.320  -61.141  21.572 0.4000000060
20414  35.988  -65.005  21.941 0.6000000238
21346  35.666  -64.308  21.737 0.5000000000
16678  41.265  -69.530  25.594 0.6999999881
16663  40.340  -69.486  26.104 0.6000000238
17559  42.484  -69.029  24.014 0.6999999881
112749  41.224  -68.833  25.195 0.6000000238
17550  40.599  -68.829  25.764 0.6000000238
16688  42.801  -69.562  24.656 0.6999999881
17551  40.095  -68.149  25.709 0.5000000000
18481  38.842  -67.807  23.015 0.6000000238
134586  38.923  -67.669  23.734 0.6000000238
18482  38.154  -67.291  22.596 0.6000000238
19414  37.660  -66.805  22.404 0.5000000000
19415  37.144  -66.302  22.334 0.6000000238
20413  36.569  -65.673  22.113 0.6000000238
17570  41.742  -68.815  23.669 0.6999999881
113018  41.354  -68.607  24.440 0.6999999881
17561  40.058  -68.157  23.711 0.6000000238
18480  39.321  -68.035  23.238 0.5000000000
18495  38.791  -67.654  22.313 0.6000000238
18489  38.732  -67.678  22.414 0.6000000238
19420  37.684  -66.772  22.276 0.6000000238
19421  37.219  -66.135  22.124 0.6000000238
21345  36.138  -64.656  21.759 0.5000000000
117341  41.044  -75.682  21.774 0.5000000000
13269  41.191  -74.187  22.218 0.5000000000
11687  42.223  -74.890  22.450 0.5000000000
12478  41.766  -74.769  22.162 0.5000000000
132580  41.950  -73.090  22.949 0.6999999881
14048  43.446  -72.906  23.363 0.6999999881
14049  42.576  -73.083  23.055 0.5000000000
12475  42.288  -74.357  22.628 0.5000000000
14030  42.459  -71.922  24.354 0.6999999881
14040  43.042  -72.433  23.704 0.6999999881
14855  42.674  -71.418  24.870 0.6999999881
7209  33.943  -81.949  22.281 0.3000000119
20354  32.533  -66.078  27.583 0.6999999881
17535  34.417  -68.454  27.608 0.6000000238
20363  32.854  -65.291  26.889 0.6999999881
21320  31.321  -64.245  23.830 0.6999999881
14051  40.407  -73.434  22.732 0.6000000238
19388  36.853  -66.040  25.734 0.6000000238
21318  34.364  -63.721  24.491 0.6999999881
131158  32.407  -62.698  22.957 0.6000000238
21327  34.643  -63.834  23.284 0.6999999881
23153  31.837  -62.198  22.935 0.5000000000
24064  32.142  -61.611  23.111 0.5000000000
22275  34.792  -63.139  21.449 0.5000000000
18458  39.482  -67.681  25.644 0.5000000000
16689  41.956  -69.120  24.824 0.6999999881
18470  39.673  -67.778  24.508 0.5000000000
17560  40.688  -68.207  24.790 0.6000000238
18490  38.192  -67.221  22.320 0.6000000238
17571  40.771  -68.630  23.396 0.5000000000
14038  44.775  -72.311  23.779 0.6000000238
15785  46.902  -69.864  24.814 0.6000000238
17557  47.449  -68.627  24.263 0.4000000060
120327  45.923  -70.839  23.928 0.5000000000
14871  44.359  -71.735  23.979 0.6000000238
15789  35.011  -70.951  24.652 0.5000000000
17558  47.348  -68.337  24.476 0.4000000060
15777  35.397  -70.496  25.229 0.5000000000
15778  34.588  -70.445  25.067 0.5000000000
14869  46.364  -70.552  24.381 0.5000000000
18468  47.039  -68.068  24.156 0.4000000060
16669  33.483  -69.399  26.102 0.5000000000
15796  46.952  -69.649  24.031 0.6000000238
16668  34.510  -69.318  26.265 0.5000000000
131281  45.516  -70.972  23.853 0.5000000000
14029  43.376  -71.714  24.309 0.6000000238
19395  45.637  -67.041  24.046 0.4000000060
18457  45.280  -67.601  25.423 0.4000000060
16693  47.382  -68.981  23.628 0.4000000060
15763  31.929  -70.455  25.683 0.5000000000
15797  46.437  -70.015  23.696 0.5000000000
17545  32.973  -68.925  26.792 0.5000000000
16671  31.417  -69.623  26.260 0.5000000000
126938  45.107  -71.642  23.856 0.6000000238
14853  44.699  -70.982  24.151 0.6000000238
124944  43.158  -71.301  24.706 0.6000000238
17519  33.949  -68.114  27.960 0.5000000000
17546  30.924  -68.849  26.188 0.5000000000
16672  30.810  -69.526  25.552 0.4000000060
16694  45.278  -70.126  23.625 0.5000000000
15798  45.966  -70.185  23.502 0.5000000000
15799  44.354  -70.194  24.070 0.6000000238
15786  43.720  -70.654  24.569 0.6000000238
16687  43.582  -69.933  24.429 0.6000000238
14838  42.975  -70.969  24.956 0.6000000238
17568  47.295  -68.164  23.798 0.4000000060
18479  46.464  -67.482  23.854 0.4000000060
18452  31.280  -67.306  26.325 0.5000000000
18453  30.880  -68.145  25.633 0.5000000000
17562  30.826  -68.666  23.410 0.4000000060
18444  31.452  -67.526  27.240 0.6000000238
17552  30.801  -68.870  24.598 0.4000000060
16701  46.422  -69.103  22.674 0.6000000238
124692  45.141  -69.328  22.913 0.6000000238
128244  44.352  -69.062  22.743 0.6000000238
17569  43.600  -69.071  22.992 0.6000000238
128155  44.758  -66.576  24.343 0.4000000060
18461  31.403  -67.044  25.118 0.5000000000
18473  31.030  -67.715  23.465 0.4000000060
18492  29.442  -67.906  22.629 0.4000000060
131460  46.986  -68.123  22.867 0.6000000238
18478  47.155  -68.093  23.315 0.4000000060
17590  45.880  -68.410  21.750 0.6000000238
16700  47.024  -69.074  22.979 0.6000000238
16702  45.882  -69.544  23.044 0.5000000000
16703  44.585  -68.823  22.241 0.6000000238
17591  44.944  -68.555  21.638 0.5000000000
16697  43.237  -69.212  23.847 0.6000000238
19384  44.464  -66.895  25.061 0.4000000060
19404  46.878  -67.802  23.340 0.4000000060
130733  31.622  -66.133  24.764 0.6000000238
19398  30.954  -66.787  23.178 0.5000000000
111561  28.981  -66.947  22.975 0.5000000000
18485  28.357  -67.676  23.109 0.5000000000
18493  46.368  -67.376  21.928 0.4000000060
19412  46.424  -67.249  22.551 0.4000000060
17589  46.543  -68.012  22.103 0.5000000000
17596  45.364  -68.117  21.095 0.5000000000
17597  44.440  -68.281  20.975 0.5000000000
17580  43.588  -68.886  22.165 0.6000000238
17592  42.586  -69.098  21.566 0.6000000238
17581  42.438  -68.956  22.901 0.6000000238
20393  45.386  -66.137  22.718 0.4000000060
19406  45.132  -66.348  23.560 0.4000000060
20394  44.614  -65.629  23.147 0.4000000060
20384  44.254  -65.905  23.900 0.4000000060
20400  45.575  -65.894  21.903 0.4000000060
19405  46.087  -66.939  23.169 0.4000000060
20388  30.850  -65.829  23.372 0.6000000238
130344  29.293  -66.294  22.803 0.5000000000
19411  28.751  -66.187  23.172 0.4000000060
19416  46.021  -66.551  21.645 0.4000000060
17595  45.980  -67.881  21.343 0.5000000000
116317  43.684  -68.671  21.519 0.5000000000
16711  42.545  -68.978  21.125 0.6000000238
16704  41.786  -69.622  21.672 0.6000000238
17582  41.340  -69.168  22.494 0.6000000238
20401  44.943  -65.366  22.381 0.4000000060
19397  31.478  -65.221  24.172 0.6000000238
19410  29.242  -65.637  22.977 0.5000000000
19400  27.479  -66.945  24.531 0.5000000000
121947  46.035  -66.765  21.198 0.4000000060
18504  45.677  -66.817  20.490 0.5000000000
18499  44.970  -67.691  20.502 0.5000000000
16714  41.685  -69.141  21.015 0.5000000000
21324  44.297  -64.865  22.843 0.4000000060
20398  30.507  -64.780  23.554 0.6000000238
20399  29.402  -65.071  23.330 0.5000000000
20389  29.260  -65.232  24.198 0.5000000000
18498  45.589  -67.448  20.771 0.5000000000
18500  44.179  -67.913  20.443 0.4000000060
122839  42.408  -68.675  20.631 0.4000000060
16713  41.298  -70.039  21.315 0.4000000060
16706  40.838  -69.765  21.565 0.6000000238
17572  39.844  -68.557  22.712 0.4000000060
21331  44.710  -64.554  22.178 0.4000000060
21330  45.294  -65.047  21.594 0.4000000060
20409  45.710  -65.544  21.020 0.4000000060
22258  31.113  -62.998  23.392 0.5000000000
21329  29.955  -64.577  23.567 0.5000000000
20364  29.144  -65.526  25.739 0.4000000060
21322  29.734  -64.568  23.853 0.4000000060
19426  45.032  -66.418  19.549 0.5000000000
130356  44.477  -66.816  19.696 0.5000000000
18507  43.955  -67.432  20.048 0.6000000238
16715  41.536  -69.716  20.950 0.4000000060
17600  40.895  -68.862  21.074 0.4000000060
17594  40.058  -68.734  22.063 0.4000000060
18501  42.137  -67.774  20.250 0.5000000000
22259  30.530  -63.285  23.629 0.5000000000
21321  30.215  -63.934  23.806 0.6000000238
23139  30.629  -62.894  24.129 0.4000000060
17601  40.271  -68.584  21.569 0.5000000000
17585  39.396  -68.146  22.342 0.5000000000
116879  42.595  -66.160  20.038 0.5000000000
18508  43.067  -67.670  20.083 0.5000000000
17599  41.434  -68.573  20.667 0.5000000000
18503  40.596  -68.227  20.864 0.5000000000
21339  45.610  -64.629  20.724 0.4000000060
20405  37.632  -65.970  21.989 0.5000000000
121018  39.514  -68.153  21.986 0.4000000060
122486  41.325  -66.537  20.695 0.5000000000
19423  42.009  -66.846  20.212 0.5000000000
24047  31.514  -61.950  24.642 0.4000000060
20404  38.337  -65.977  21.984 0.4000000060
20410  38.609  -66.765  21.898 0.4000000060
18496  38.155  -67.064  22.062 0.5000000000
114877  39.025  -67.484  21.925 0.5000000000
18494  39.864  -67.833  21.405 0.5000000000
19419  39.666  -66.785  21.583 0.5000000000
19418  40.519  -67.240  20.976 0.5000000000
19417  40.662  -66.158  21.285 0.5000000000
18443  32.026  -67.766  27.814 0.5000000000
19382  31.663  -66.387  25.943 0.6000000238
16657  33.992  -68.820  26.847 0.6000000238
20375  31.968  -65.522  25.493 0.6000000238
131516  35.609  -71.655  24.330 0.5000000000
17583  40.500  -69.243  22.129 0.4000000060
16658  32.067  -69.109  26.836 0.5000000000
17537  32.476  -68.483  27.439 0.5000000000
17538  31.534  -68.551  27.033 0.5000000000
18462  31.171  -67.659  24.455 0.4000000060
18491  30.346  -68.015  22.609 0.4000000060
16709  46.327  -68.614  22.299 0.6000000238
19389  31.350  -66.720  23.914 0.6000000238
18483  30.637  -67.373  22.835 0.4000000060
19413  45.978  -66.575  22.373 0.4000000060
133197  31.404  -65.964  23.985 0.6000000238
19409  30.081  -66.334  22.984 0.5000000000
18474  28.014  -67.036  23.618 0.5000000000
17576  27.920  -68.439  23.389 0.5000000000
114251  29.828  -65.288  23.212 0.5000000000
20390  28.935  -65.677  23.563 0.5000000000
17602  43.410  -68.105  20.371 0.5000000000
19399  28.201  -66.470  24.217 0.5000000000
19424  45.629  -66.137  19.895 0.5000000000
21328  30.611  -63.797  23.682 0.6000000238
17593  40.675  -69.253  21.697 0.3000000119
4388  29.944  -87.180  29.813 0.3000000119
4875  28.780  -87.236  31.033 0.3000000119
4874  29.531  -86.848  30.638 0.3000000119
5362  28.138  -85.447  32.772 0.3000000119
4861  28.358  -86.796  31.792 0.3000000119
5374  29.399  -85.728  31.680 0.3000000119
5949  27.002  -84.149  33.167 0.3000000119
121656  28.198  -84.699  32.960 0.3000000119
5961  30.817  -84.147  31.224 0.3000000119
118682  29.587  -85.053  31.788 0.3000000119
6486  28.283  -83.391  32.784 0.3000000119
6487  27.451  -83.437  32.803 0.3000000119
6497  30.013  -83.697  31.839 0.3000000119
7094  29.573  -82.296  32.224 0.3000000119
134714  29.567  -82.981  32.272 0.3000000119
7095  28.784  -82.614  32.484 0.4000000060
7096  27.849  -82.705  32.479 0.4000000060
7128  27.420  -82.644  31.339 0.4000000060
6521  27.285  -83.711  30.710 0.3000000119
7694  28.957  -80.950  31.734 0.3000000119
7695  28.422  -81.451  31.628 0.4000000060
7710  28.240  -81.350  31.021 0.4000000060
7115  27.650  -82.388  31.922 0.4000000060
8245  29.559  -80.464  31.725 0.3000000119
7141  28.386  -82.312  30.007 0.4000000060
8814  30.033  -79.114  31.329 0.4000000060
8815  29.745  -79.780  31.527 0.4000000060
124274  28.191  -83.383  30.003 0.4000000060
6535  29.464  -83.312  28.863 0.3000000119
8269  29.007  -80.179  30.576 0.4000000060
8270  28.626  -80.762  30.811 0.3000000119
7726  28.474  -81.409  30.288 0.4000000060
8829  29.427  -79.617  30.975 0.4000000060
7740  29.546  -81.648  28.914 0.5000000000
133987  28.728  -81.787  29.749 0.4000000060
9541  37.533  -78.877  21.745 0.5000000000
9464  30.372  -78.526  31.007 0.4000000060
7140  29.121  -82.235  29.294 0.4000000060
7205  34.297  -82.377  22.870 0.3000000119
7203  36.246  -81.719  23.428 0.4000000060
113525  31.260  -84.461  26.441 0.3000000119
122707  35.917  -72.393  24.054 0.4000000060
14034  35.518  -71.878  24.336 0.4000000060
12480  40.031  -74.843  21.564 0.4000000060
122703  40.476  -75.264  21.448 0.4000000060
11693  39.459  -75.987  21.153 0.4000000060
8845  29.446  -79.667  30.137 0.4000000060
8287  29.219  -80.404  29.747 0.3000000119
7725  29.050  -81.278  29.565 0.5000000000
10201  39.809  -76.506  21.486 0.4000000060
9540  38.404  -78.252  21.769 0.4000000060
8844  30.099  -79.296  29.646 0.4000000060
7789  36.311  -81.186  22.853 0.4000000060
7157  29.786  -82.375  28.575 0.4000000060
8349  38.256  -80.056  22.734 0.5000000000
6534  30.023  -83.100  28.261 0.5000000000
7195  36.376  -82.001  23.943 0.4000000060
6585  34.585  -82.624  23.435 0.4000000060
6550  31.543  -83.596  26.660 0.3000000119
112815  34.904  -82.790  24.206 0.4000000060
15790  34.510  -70.839  24.884 0.4000000060
13262  40.864  -73.746  22.455 0.4000000060
8853  30.582  -79.735  28.827 0.4000000060
8286  29.800  -80.018  29.244 0.4000000060
112498  40.311  -76.953  21.882 0.4000000060
9539  39.459  -78.059  22.015 0.5000000000
8296  31.106  -80.215  28.121 0.4000000060
8297  30.343  -80.554  28.512 0.4000000060
8904  38.951  -79.597  22.732 0.5000000000
8852  31.421  -79.468  28.481 0.4000000060
8862  31.871  -79.900  27.786 0.4000000060
8304  31.620  -80.665  27.500 0.5000000000
132612  32.133  -81.756  26.707 0.5000000000
9537  40.505  -77.540  22.242 0.4000000060
8348  39.251  -79.708  23.043 0.5000000000
9490  33.701  -78.456  27.692 0.4000000060
7171  31.735  -82.510  26.789 0.5000000000
7787  37.972  -80.648  23.224 0.4000000060
6549  32.273  -83.350  26.212 0.4000000060
7181  34.555  -82.770  25.035 0.4000000060
6561  34.480  -83.009  24.590 0.4000000060
7190  36.273  -82.066  24.273 0.4000000060
10197  40.703  -76.839  22.157 0.4000000060
10964  41.978  -75.500  22.457 0.3000000119
127177  32.246  -80.341  27.284 0.4000000060
8303  32.944  -80.453  26.808 0.4000000060
9532  40.719  -77.890  22.695 0.4000000060
17575  28.712  -68.362  22.979 0.4000000060
9488  34.963  -78.090  26.957 0.4000000060
8859  33.741  -79.011  27.237 0.4000000060
8318  33.447  -80.944  26.238 0.5000000000
125482  33.517  -81.576  25.970 0.5000000000
8894  40.144  -79.073  23.290 0.5000000000
8339  39.172  -79.987  23.570 0.4000000060
9504  35.507  -78.287  26.406 0.4000000060
7182  33.684  -82.954  25.349 0.4000000060
7775  38.011  -80.833  24.165 0.4000000060
7179  36.089  -82.123  24.640 0.4000000060
133932  37.782  -80.945  24.430 0.4000000060
12474  43.170  -74.248  23.210 0.4000000060
10193  40.942  -77.128  22.491 0.3000000119
8876  34.143  -79.334  26.736 0.4000000060
8317  33.910  -80.216  26.374 0.4000000060
9531  41.149  -77.403  22.967 0.3000000119
9505  34.897  -78.893  26.373 0.4000000060
8875  35.266  -79.669  25.808 0.4000000060
8316  34.757  -80.432  25.823 0.4000000060
8329  35.141  -81.408  25.484 0.5000000000
118849  36.342  -78.077  26.140 0.4000000060
9503  37.420  -78.299  25.797 0.4000000060
124310  36.594  -80.841  25.227 0.4000000060
116964  36.849  -81.530  24.864 0.4000000060
114287  39.416  -79.870  24.227 0.4000000060
13255  44.098  -73.024  23.530 0.4000000060
8884  36.180  -79.815  25.499 0.4000000060
5423  25.397  -85.651  28.695 0.3000000119
132186  31.250  -83.055  31.282 0.3000000119
7682  30.177  -81.332  31.974 0.3000000119
8802  30.080  -79.990  31.862 0.4000000060
9475  31.292  -78.421  29.654 0.4000000060
9484  31.725  -78.778  28.876 0.4000000060
10149  32.759  -77.923  28.857 0.4000000060
10156  34.379  -77.895  27.643 0.4000000060
10960  42.497  -75.501  23.005 0.3000000119
115248  35.680  -77.632  26.832 0.4000000060
11683  43.400  -74.507  23.469 0.4000000060
10184  42.234  -76.117  23.866 0.4000000060
9523  41.288  -77.549  23.684 0.4000000060
10920  38.395  -76.845  26.563 0.4000000060
9512  37.562  -79.223  25.503 0.4000000060
8882  38.170  -79.811  25.342 0.4000000060
8873  39.005  -79.431  25.534 0.4000000060
8880  40.270  -79.091  25.020 0.3000000119
8888  40.444  -78.908  24.226 0.4000000060
10165  38.798  -77.702  26.252 0.4000000060
8353  37.576  -79.678  22.295 0.4000000060
13254  44.309  -73.416  23.739 0.4000000060
4379  27.877  -87.582  31.320 0.3000000119
4860  29.143  -86.498  31.421 0.3000000119
134121  27.491  -85.672  33.013 0.3000000119
5405  25.055  -85.452  29.690 0.3000000119
5404  25.564  -85.674  29.761 0.3000000119
5361  28.906  -85.089  32.373 0.3000000119
6484  30.196  -82.829  31.885 0.3000000119
6485  29.150  -83.517  32.510 0.4000000060
6498  27.224  -82.958  32.174 0.4000000060
7683  28.978  -81.677  32.190 0.3000000119
134634  29.687  -81.694  32.104 0.3000000119
7114  28.163  -82.029  32.107 0.4000000060
7127  27.915  -81.967  30.775 0.4000000060
7681  30.762  -80.897  31.883 0.3000000119
9451  30.636  -78.597  31.678 0.4000000060
7739  30.188  -81.555  28.305 0.4000000060
7163  31.028  -82.864  27.309 0.5000000000
6563  32.703  -83.904  25.494 0.3000000119
7748  30.870  -81.946  27.623 0.5000000000
9482  32.997  -78.469  28.216 0.4000000060
7769  35.392  -82.268  25.076 0.4000000060
125360  39.030  -80.167  24.767 0.4000000060
14020  45.862  -71.976  25.479 0.4000000060
14028  45.870  -71.989  24.906 0.4000000060
14830  46.347  -71.044  26.423 0.4000000060
16675  47.156  -69.333  25.263 0.3000000119
14027  46.141  -71.325  24.816 0.5000000000
13252  45.455  -72.516  24.071 0.4000000060
117436  44.963  -72.794  23.800 0.4000000060
121433  39.502  -71.214  30.564 0.3000000119
128616  40.308  -71.212  30.020 0.3000000119
17530  43.148  -68.081  27.720 0.3000000119
128814  44.744  -68.617  26.999 0.3000000119
18447  44.793  -67.894  26.174 0.3000000119
18456  46.285  -68.110  25.400 0.3000000119
15728  40.997  -70.786  29.639 0.3000000119
16644  41.965  -69.533  28.871 0.3000000119
17514  42.645  -68.547  28.248 0.3000000119
14780  38.711  -71.287  31.124 0.3000000119
15716  39.855  -70.413  30.323 0.3000000119
18436  44.369  -68.082  26.794 0.3000000119
19374  44.175  -67.246  25.783 0.3000000119
17503  41.397  -68.944  29.088 0.3000000119
18422  42.358  -67.772  28.079 0.3000000119
18437  43.550  -67.686  27.173 0.3000000119
18412  40.387  -67.745  29.245 0.3000000119
17516  41.130  -68.034  28.927 0.3000000119
18439  42.028  -67.054  27.872 0.3000000119
18424  40.848  -67.267  28.669 0.3000000119
19346  41.302  -66.776  28.170 0.3000000119
17493  40.022  -69.016  29.977 0.3000000119
19361  43.080  -67.043  26.923 0.3000000119
19375  43.317  -66.793  26.195 0.3000000119
125446  43.468  -65.467  24.240 0.3000000119
19335  40.091  -67.006  28.917 0.3000000119
19362  42.362  -66.687  27.288 0.3000000119
20369  42.473  -65.416  25.239 0.3000000119
19347  40.557  -66.515  28.413 0.3000000119
20358  41.506  -65.343  26.540 0.3000000119
20357  42.125  -65.839  26.355 0.3000000119
131073  41.527  -64.920  26.091 0.3000000119
20395  43.860  -65.147  23.513 0.3000000119
20368  43.085  -65.829  24.957 0.3000000119
21315  43.130  -64.628  23.881 0.3000000119
21332  44.191  -64.168  22.653 0.3000000119
21340  45.158  -64.194  21.470 0.3000000119
22260  44.539  -63.675  22.112 0.3000000119
133745  45.023  -63.503  21.373 0.3000000119
22267  45.536  -63.769  20.673 0.3000000119
132824  46.830  -69.138  26.005 0.3000000119
14836  46.480  -70.839  25.726 0.4000000060
18446  45.820  -68.292  25.948 0.3000000119
19385  43.572  -66.524  25.402 0.3000000119
14013  45.910  -71.844  26.115 0.5000000000
15715  40.550  -70.248  29.834 0.3000000119
18438  42.761  -67.360  27.529 0.3000000119
17529  43.987  -68.374  27.337 0.3000000119
17528  45.514  -69.142  26.971 0.3000000119
17541  46.238  -68.821  26.348 0.3000000119
17515  41.874  -68.274  28.567 0.3000000119
16634  40.678  -69.397  29.636 0.3000000119
18448  43.857  -67.481  26.511 0.3000000119
18423  41.605  -67.510  28.395 0.3000000119
20348  41.234  -65.714  27.275 0.3000000119
21290  41.066  -64.499  26.285 0.3000000119
19386  42.668  -66.074  25.767 0.3000000119
19348  39.800  -66.233  28.648 0.3000000119
20370  41.967  -65.288  25.819 0.3000000119
9516  41.345  -77.727  24.574 0.3000000119
10174  41.368  -77.860  25.512 0.4000000060
118671  41.608  -76.130  27.876 0.4000000060
10917  41.952  -76.449  27.303 0.4000000060
10178  42.365  -76.267  24.831 0.3000000119
11614  42.757  -75.225  27.802 0.4000000060
11598  42.552  -75.035  28.216 0.3000000119
131520  42.710  -76.001  25.747 0.4000000060
10896  42.990  -75.326  27.118 0.4000000060
134809  43.930  -73.888  28.169 0.3000000119
11643  43.594  -74.847  25.478 0.3000000119
11644  43.162  -75.415  26.184 0.4000000060
13233  44.493  -73.593  27.614 0.4000000060
129788  44.793  -73.540  24.821 0.3000000119
12447  44.680  -73.673  26.140 0.4000000060
14014  45.563  -72.381  26.568 0.4000000060
11660  43.770  -74.601  24.508 0.3000000119
12469  44.699  -73.642  24.289 0.3000000119
12471  44.342  -73.776  23.902 0.3000000119
11674  43.628  -74.615  23.828 0.3000000119
13241  44.797  -73.524  26.854 0.4000000060
10934  42.159  -76.588  26.449 0.4000000060
8243  30.745  -80.012  32.036 0.3000000119
8872  39.644  -78.845  25.954 0.3000000119
8253  33.923  -80.098  31.358 0.3000000119
8254  33.106  -80.297  31.705 0.3000000119
8242  31.629  -79.873  32.183 0.3000000119
8801  30.460  -79.301  31.871 0.3000000119
112038  41.265  -77.988  26.396 0.3000000119
9502  39.024  -78.556  25.932 0.3000000119
9449  33.630  -78.760  32.264 0.3000000119
8799  31.812  -79.235  32.405 0.3000000119
8798  32.506  -78.852  32.491 0.3000000119
9435  31.012  -78.602  32.134 0.3000000119
9463  30.965  -78.134  30.528 0.3000000119
10163  40.474  -78.038  27.126 0.3000000119
10115  34.951  -77.857  32.021 0.3000000119
9433  32.920  -78.014  32.627 0.3000000119
9432  33.976  -78.003  32.440 0.3000000119
113712  31.589  -78.625  32.391 0.3000000119
9450  30.918  -78.024  31.378 0.3000000119
10102  33.341  -77.323  32.713 0.3000000119
10103  32.465  -77.219  32.544 0.3000000119
10116  31.446  -77.479  31.645 0.3000000119
10104  31.743  -77.467  32.188 0.3000000119
10140  32.371  -77.532  29.624 0.3000000119
10148  33.644  -77.724  28.381 0.3000000119
10155  35.140  -77.377  27.534 0.3000000119
10101  34.354  -77.340  32.619 0.3000000119
10125  31.940  -77.184  30.448 0.3000000119
10855  31.690  -77.037  31.187 0.3000000119
10139  33.156  -77.263  29.225 0.3000000119
10153  40.176  -77.524  27.267 0.3000000119
10823  32.636  -76.376  32.662 0.3000000119
10822  33.721  -76.750  32.977 0.3000000119
10824  32.215  -76.761  32.280 0.3000000119
10839  31.921  -76.712  31.816 0.3000000119
10870  33.431  -76.558  29.608 0.3000000119
10884  35.417  -76.519  28.138 0.3000000119
10921  37.331  -76.808  26.772 0.3000000119
10900  39.819  -76.655  27.367 0.3000000119
10899  40.796  -76.757  27.853 0.3000000119
8871  40.091  -78.975  25.669 0.3000000119
111794  32.378  -75.899  31.615 0.3000000119
111651  32.946  -76.288  30.262 0.3000000119
10885  34.620  -76.536  28.690 0.3000000119
129913  36.518  -76.599  27.352 0.3000000119
8800  31.141  -79.213  32.244 0.3000000119
8812  33.353  -79.562  32.035 0.3000000119
8813  32.450  -79.731  32.196 0.3000000119
5363  27.408  -84.833  33.257 0.3000000119
5375  28.698  -86.016  32.144 0.3000000119
5947  28.647  -84.154  32.779 0.3000000119
5948  27.827  -84.061  33.110 0.3000000119
5963  29.430  -84.366  32.171 0.3000000119
6496  30.815  -83.324  31.474 0.3000000119
6520  28.825  -83.042  29.511 0.4000000060
6560  35.038  -82.758  24.421 0.4000000060
6562  33.866  -83.386  24.865 0.4000000060
6572  35.807  -82.359  24.148 0.4000000060
6573  35.366  -82.600  24.252 0.4000000060
6574  34.380  -83.071  24.345 0.4000000060
6579  35.215  -82.578  23.904 0.4000000060
6580  34.325  -83.018  23.866 0.4000000060
7093  30.252  -82.065  31.967 0.3000000119
7142  27.795  -82.747  30.550 0.4000000060
7156  30.389  -82.528  27.959 0.5000000000
7169  33.243  -82.267  25.890 0.5000000000
7170  32.523  -82.397  26.299 0.5000000000
7180  35.267  -82.650  24.650 0.4000000060
7183  32.976  -83.120  25.757 0.4000000060
7189  36.955  -81.691  24.075 0.4000000060
7191  35.654  -82.472  24.392 0.4000000060
7196  35.828  -82.197  23.821 0.4000000060
7202  36.880  -81.602  23.714 0.4000000060
7204  35.223  -82.114  23.322 0.3000000119
7208  34.713  -81.732  22.615 0.3000000119
7696  27.902  -81.942  31.426 0.4000000060
7746  32.173  -81.004  26.925 0.4000000060
7747  31.515  -81.574  27.213 0.5000000000
7757  34.180  -81.220  25.805 0.5000000000
7758  32.832  -81.455  26.391 0.5000000000
7767  38.218  -80.581  24.607 0.4000000060
7768  37.516  -81.100  24.653 0.4000000060
7770  34.700  -82.036  25.431 0.4000000060
7771  33.992  -82.156  25.596 0.4000000060
7774  38.375  -80.557  23.666 0.4000000060
7776  37.469  -81.251  24.278 0.4000000060
7777  36.884  -81.644  24.475 0.4000000060
7781  37.546  -81.147  23.771 0.4000000060
7788  37.092  -81.146  23.213 0.4000000060
7790  35.558  -81.461  22.759 0.4000000060
7794  36.670  -80.630  22.573 0.4000000060
7796  34.882  -81.026  22.156 0.5000000000
7798  33.537  -81.185  21.675 0.4000000060
7800  34.724  -80.426  21.666 0.5000000000
8244  30.095  -80.605  31.902 0.3000000119
8257  29.070  -80.345  31.259 0.3000000119
8258  28.626  -80.952  31.271 0.3000000119
8288  28.811  -80.750  30.200 0.3000000119
8298  29.656  -80.879  29.006 0.4000000060
8305  30.882  -81.051  27.798 0.4000000060
8325  39.658  -79.614  24.901 0.4000000060
8326  37.922  -80.537  25.009 0.4000000060
8327  37.317  -80.945  25.009 0.4000000060
8328  35.652  -80.622  25.489 0.4000000060
8331  40.186  -79.150  23.711 0.4000000060
8332  39.974  -79.369  24.269 0.4000000060
8333  38.751  -80.409  24.177 0.4000000060
8338  39.767  -79.476  23.682 0.4000000060
8340  38.732  -80.178  23.150 0.5000000000
8347  39.684  -79.401  23.145 0.5000000000
8350  37.481  -80.439  22.732 0.5000000000
8354  36.254  -80.040  22.021 0.5000000000
8359  35.963  -79.412  21.468 0.5000000000
8360  35.130  -79.796  21.407 0.6000000238
8361  34.598  -80.104  21.435 0.4000000060
8828  29.873  -79.074  30.581 0.4000000060
8843  30.919  -79.041  29.231 0.4000000060
8851  32.312  -79.127  28.136 0.4000000060
8860  33.418  -79.624  27.036 0.4000000060
8861  32.645  -79.734  27.429 0.4000000060
8874  35.779  -78.904  25.882 0.4000000060
8881  39.592  -79.340  25.426 0.3000000119
8883  37.243  -80.078  25.315 0.4000000060
8887  40.900  -78.348  23.958 0.4000000060
8893  40.482  -78.726  23.526 0.5000000000
8902  40.422  -78.533  22.951 0.5000000000
8903  39.538  -79.179  22.723 0.5000000000
8907  39.845  -78.547  22.369 0.5000000000
8908  39.165  -78.813  22.358 0.5000000000
8909  38.345  -79.225  22.306 0.4000000060
8910  36.820  -79.444  21.810 0.5000000000
9434  32.013  -78.009  32.512 0.3000000119
9474  32.042  -78.166  29.272 0.4000000060
9476  30.506  -78.678  30.104 0.4000000060
9483  32.375  -78.493  28.652 0.4000000060
9489  34.312  -78.616  27.121 0.4000000060
9491  33.126  -79.054  27.603 0.4000000060
9500  40.788  -78.245  26.720 0.3000000119
9501  40.258  -78.520  26.389 0.3000000119
9511  38.274  -78.939  25.620 0.4000000060
9513  36.726  -79.015  25.604 0.4000000060
9517  40.883  -78.478  24.971 0.3000000119
9524  40.840  -78.142  23.258 0.5000000000
9533  40.281  -78.250  22.459 0.4000000060
9538  40.089  -77.841  22.058 0.4000000060
9542  34.544  -78.398  21.269 0.5000000000
9544  38.878  -77.483  21.558 0.4000000060
9546  36.939  -77.693  20.637 0.6000000238
10126  31.341  -77.549  30.897 0.3000000119
10141  31.623  -77.798  30.047 0.3000000119
10147  34.535  -77.169  28.222 0.3000000119
10151  40.902  -77.042  27.698 0.4000000060
10152  40.687  -77.413  27.551 0.3000000119
10154  35.852  -76.958  27.375 0.3000000119
10161  41.588  -77.166  26.929 0.4000000060
10162  41.024  -77.666  27.308 0.3000000119
10164  39.729  -78.119  26.583 0.3000000119
10166  37.862  -77.496  26.167 0.4000000060
10167  36.448  -77.247  26.782 0.4000000060
10172  42.168  -76.628  25.654 0.4000000060
10173  41.762  -77.258  26.054 0.4000000060
10179  41.675  -76.863  24.225 0.4000000060
10185  41.589  -76.754  23.396 0.3000000119
10191  42.127  -76.082  23.155 0.3000000119
10192  41.459  -76.593  22.780 0.3000000119
10196  41.289  -76.285  22.329 0.4000000060
10198  39.723  -77.354  21.762 0.4000000060
10202  39.188  -76.924  21.414 0.4000000060
10203  38.458  -76.911  20.992 0.6000000238
10206  35.623  -77.313  20.726 0.5000000000
10801  33.143  -76.159  33.178 0.3000000119
10854  32.220  -76.473  30.904 0.3000000119
10871  32.654  -76.862  29.995 0.3000000119
10886  33.920  -76.890  28.872 0.3000000119
10897  42.330  -75.795  27.597 0.4000000060
10898  41.045  -76.414  27.935 0.3000000119
10903  37.157  -76.064  27.451 0.3000000119
10916  42.559  -75.920  26.770 0.4000000060
10918  41.283  -76.812  27.583 0.4000000060
10919  39.345  -77.146  26.776 0.3000000119
10933  43.328  -75.226  24.730 0.3000000119
10943  43.328  -75.142  24.020 0.4000000060
10944  42.830  -75.597  24.318 0.3000000119
10951  42.719  -75.523  23.601 0.4000000060
10961  41.916  -76.009  22.706 0.3000000119
10962  35.256  -76.011  21.770 0.5000000000
10965  40.829  -76.248  21.922 0.4000000060
10966  40.531  -76.129  21.624 0.5000000000
10967  35.029  -76.601  21.120 0.5000000000
10968  38.944  -76.374  21.088 0.4000000060
10969  38.205  -76.345  20.600 0.5000000000
10971  35.564  -76.596  20.698 0.5000000000
11613  43.438  -74.774  27.420 0.4000000060
11615  42.075  -75.600  28.130 0.3000000119
11616  41.374  -75.831  28.220 0.3000000119
11631  43.601  -74.809  26.542 0.4000000060
11642  44.081  -74.308  25.160 0.3000000119
11659  44.354  -74.004  24.651 0.3000000119
11673  44.140  -74.147  24.096 0.3000000119
11675  43.127  -75.043  23.446 0.3000000119
11684  42.767  -74.884  22.947 0.3000000119
11688  41.615  -75.291  22.039 0.5000000000
11689  40.162  -75.818  21.358 0.4000000060
11690  39.519  -75.432  21.195 0.4000000060
11692  36.032  -75.281  20.933 0.4000000060
11694  38.728  -75.854  20.846 0.5000000000
11695  37.933  -75.649  20.468 0.4000000060
11696  37.377  -75.042  20.553 0.4000000060
11697  36.180  -75.912  20.431 0.4000000060
12434  43.789  -74.305  27.792 0.3000000119
12435  43.170  -74.770  27.946 0.3000000119
12448  44.228  -74.205  26.958 0.4000000060
12459  45.246  -73.176  24.622 0.4000000060
12460  44.534  -73.810  25.343 0.3000000119
12461  44.143  -74.283  25.941 0.4000000060
12472  43.786  -73.983  23.597 0.4000000060
12479  40.828  -74.737  21.758 0.5000000000
12481  38.206  -74.370  21.331 0.4000000060
12482  37.147  -74.551  20.970 0.4000000060
12484  36.104  -74.912  21.811 0.4000000060
13232  45.173  -72.974  27.124 0.4000000060
13239  45.561  -72.515  25.790 0.5000000000
13240  45.206  -73.073  26.299 0.5000000000
13245  45.586  -72.600  25.067 0.4000000060
13246  45.139  -73.199  25.404 0.4000000060
13249  45.572  -72.593  24.486 0.4000000060
13253  45.103  -73.228  24.001 0.3000000119
13258  43.543  -73.653  23.402 0.4000000060
13259  43.177  -73.400  23.169 0.5000000000
13260  42.403  -73.734  22.821 0.5000000000
13261  41.751  -73.564  22.666 0.6999999881
13263  39.874  -73.881  22.282 0.6000000238
13266  36.925  -73.602  22.602 0.4000000060
13268  41.789  -74.196  22.425 0.5000000000
13270  40.442  -74.304  22.000 0.4000000060
13273  37.104  -74.114  21.712 0.4000000060
14007  45.865  -71.714  26.715 0.4000000060
14019  46.185  -71.442  25.305 0.5000000000
14039  43.962  -72.371  23.757 0.6000000238
14041  42.020  -72.583  23.496 0.6999999881
14042  40.267  -72.912  23.375 0.6999999881
14044  38.438  -72.606  23.472 0.5000000000
14046  36.612  -72.486  23.561 0.4000000060
14052  38.719  -73.259  22.772 0.4000000060
14829  46.635  -70.270  26.049 0.4000000060
14837  46.210  -71.482  25.803 0.4000000060
14852  46.487  -70.678  25.103 0.5000000000
14854  43.708  -71.215  24.489 0.6000000238
14856  41.881  -71.620  25.060 0.6999999881
14870  45.419  -71.847  23.954 0.4000000060
15755  46.800  -69.511  25.931 0.3000000119
15756  46.553  -70.106  26.494 0.3000000119
15757  40.760  -70.062  25.882 0.6999999881
15769  46.768  -70.021  25.515 0.3000000119
15771  41.545  -70.479  25.584 0.6000000238
15787  42.975  -70.314  24.939 0.6000000238
15805  46.939  -69.481  23.409 0.6000000238
15806  46.455  -69.568  23.161 0.6000000238
16624  40.104  -69.729  30.042 0.3000000119
16633  41.376  -70.008  29.364 0.3000000119
16652  43.563  -68.954  27.873 0.3000000119
16655  35.865  -69.026  27.531 0.6000000238
16661  46.632  -69.459  26.358 0.3000000119
16667  35.471  -69.451  26.697 0.6000000238
16686  47.359  -69.208  24.474 0.6000000238
16695  44.540  -69.570  23.376 0.6000000238
16696  43.948  -69.584  23.783 0.6000000238
16698  28.560  -69.118  23.212 0.4000000060
16705  41.054  -69.858  21.773 0.6000000238
16710  45.626  -68.922  22.369 0.5000000000
16712  41.823  -69.608  21.096 0.5000000000
16716  40.946  -69.894  21.216 0.6000000238
17504  40.595  -68.541  29.468 0.3000000119
17518  34.664  -68.052  28.074 0.6000000238
17536  33.490  -68.430  27.491 0.5000000000
17542  45.275  -68.510  26.527 0.3000000119
17548  47.351  -68.755  24.960 0.4000000060
17549  47.135  -68.616  25.355 0.4000000060
17567  47.371  -68.303  23.780 0.4000000060
17573  39.261  -68.166  22.514 0.5000000000
17574  30.698  -68.262  22.966 0.4000000060
17578  47.236  -68.445  23.175 0.4000000060
17579  46.822  -68.537  22.691 0.6000000238
17584  39.915  -68.693  22.275 0.4000000060
17586  30.495  -68.801  22.844 0.4000000060
17598  43.433  -68.488  20.845 0.5000000000
18425  34.798  -67.471  28.238 0.6000000238
18427  33.091  -67.875  28.008 0.5000000000
18428  32.511  -67.257  28.127 0.6999999881
18440  37.061  -67.814  27.752 0.6000000238
18455  46.965  -68.268  25.014 0.4000000060
18469  46.172  -67.659  24.668 0.3000000119
18484  29.864  -67.104  22.641 0.4000000060
18488  46.818  -67.828  22.727 0.4000000060
18497  46.097  -67.278  21.169 0.5000000000
18502  41.287  -67.595  20.487 0.5000000000
18505  45.234  -66.886  20.025 0.5000000000
18506  44.704  -67.227  20.013 0.5000000000
19363  41.633  -66.400  27.583 0.3000000119
19364  40.941  -66.093  27.879 0.3000000119
19365  36.916  -66.943  27.361 0.6000000238
19366  36.135  -66.638  27.557 0.6000000238
19367  35.304  -66.357  27.731 0.6000000238
19368  34.337  -66.097  27.880 0.6999999881
19370  31.932  -66.861  27.804 0.6999999881
19376  42.562  -66.428  26.593 0.3000000119
19396  43.890  -66.228  24.633 0.3000000119
19427  42.802  -66.906  19.939 0.5000000000
20334  40.257  -65.781  28.160 0.3000000119
20347  41.888  -66.088  26.941 0.3000000119
20376  28.666  -66.055  25.076 0.5000000000
20411  37.868  -66.640  22.019 0.5000000000
21305  32.828  -64.254  25.473 0.6999999881
22268  44.669  -62.920  21.681 0.3000000119
23138  31.017  -62.476  23.859 0.5000000000
112168  36.023  -81.590  25.127 0.4000000060
112407  43.768  -66.697  19.692 0.6000000238
113184  29.549  -81.131  31.952 0.3000000119
113982  37.063  -77.557  26.308 0.4000000060
114211  41.730  -77.060  25.146 0.3000000119
114307  34.293  -63.092  21.860 0.5000000000
114984  30.617  -69.006  23.158 0.4000000060
115383  41.341  -75.771  22.056 0.4000000060
115428  33.325  -83.573  25.231 0.3000000119
115430  47.088  -68.988  25.653 0.3000000119
115628  44.549  -69.026  27.410 0.3000000119
115780  41.130  -72.533  23.641 0.6999999881
115813  40.061  -78.901  22.811 0.4000000060
116777  32.972  -76.730  32.820 0.3000000119
117048  25.628  -86.035  29.092 0.3000000119
118222  35.670  -78.183  20.859 0.5000000000
119076  34.578  -79.682  26.208 0.4000000060
119276  36.028  -78.692  21.093 0.6000000238
120926  38.987  -74.792  21.325 0.5000000000
121221  45.804  -71.691  24.380 0.5000000000
121722  43.188  -75.430  25.382 0.3000000119
122025  37.070  -77.092  20.402 0.5000000000
122299  41.368  -74.610  22.007 0.5000000000
122348  42.873  -73.953  22.991 0.5000000000
123056  38.293  -71.598  24.861 0.6000000238
123848  31.140  -78.024  31.973 0.3000000119
124623  42.123  -68.935  28.653 0.3000000119
124765  38.658  -80.163  25.126 0.4000000060
126077  39.065  -73.686  22.340 0.4000000060
126097  41.166  -75.140  21.719 0.5000000000
127243  34.360  -81.413  22.245 0.3000000119
128257  45.238  -67.170  24.713 0.4000000060
128505  40.473  -76.984  27.644 0.3000000119
128565  43.847  -74.196  23.787 0.3000000119
128869  38.271  -78.160  25.874 0.4000000060
128996  31.461  -78.120  32.254 0.3000000119
129494  42.655  -74.465  22.849 0.4000000060
129548  33.491  -81.702  21.899 0.3000000119
129585  40.690  -78.563  25.865 0.3000000119
130669  42.937  -75.676  24.974 0.3000000119
130858  36.960  -80.041  22.286 0.4000000060
130971  37.389  -78.038  21.100 0.6000000238
131031  40.485  -69.176  22.002 0.4000000060
131247  40.722  -75.612  21.552 0.4000000060
131335  39.782  -71.887  30.269 0.3000000119
131720  39.920  -79.284  25.256 0.3000000119
131991  30.741  -68.893  25.598 0.4000000060
132302  42.780  -69.068  22.159 0.6000000238
132314  41.091  -78.309  25.721 0.4000000060
132527  35.150  -80.524  21.917 0.5000000000
132593  37.366  -69.029  27.592 0.6999999881
133079  39.224  -79.832  25.206 0.4000000060
133352  36.841  -78.101  20.913 0.6000000238
133373  37.424  -77.435  20.628 0.6000000238
133562  31.943  -66.325  27.373 0.6999999881
133672  36.792  -76.349  20.290 0.4000000060
133773  31.094  -68.092  26.567 0.5000000000
133992  39.677  -68.171  26.180 0.6999999881
134699  31.274  -82.203  27.226 0.5000000000
