#!ascii label  , from subject sub-v1s2x0051464_ses-1 vox2ras=TkReg
1636
5316  -11.537  -102.165  -26.931 0.5000000000
4595  -11.040  -102.575  -26.664 0.6000000238
5341  -18.268  -101.322  -28.868 0.3000000119
5339  -10.136  -102.329  -28.555 0.5000000000
6978  -15.760  -99.079  -28.055 0.4000000060
6990  -16.680  -99.636  -29.461 0.4000000060
6117  -17.280  -100.204  -29.554 0.4000000060
6118  -17.544  -100.889  -29.388 0.3000000119
7802  -17.325  -98.826  -29.549 0.4000000060
6931  -11.017  -99.754  -23.974 0.5000000000
6078  -10.964  -100.552  -24.640 0.5000000000
5306  -11.173  -101.917  -26.157 0.5000000000
6930  -10.466  -100.269  -24.029 0.6000000238
6067  -10.178  -100.968  -24.573 0.5000000000
4587  -10.639  -102.259  -26.051 0.6000000238
5332  -19.331  -101.543  -28.238 0.3000000119
5326  -9.540  -101.873  -26.786 0.5000000000
7787  -15.286  -97.799  -27.837 0.5000000000
6977  -15.197  -98.432  -27.641 0.5000000000
5342  -19.252  -101.582  -29.248 0.3000000119
6090  -9.331  -101.311  -26.112 0.6000000238
4615  -9.790  -102.309  -27.714 0.5000000000
7789  -16.383  -98.353  -28.587 0.5000000000
7788  -15.741  -98.415  -28.239 0.4000000060
6991  -17.502  -99.532  -29.978 0.4000000060
6129  -18.854  -100.698  -30.251 0.3000000119
5350  -18.543  -101.171  -29.806 0.3000000119
8664  -16.999  -97.718  -28.037 0.4000000060
7790  -17.459  -98.201  -28.692 0.4000000060
7813  -18.219  -98.823  -29.873 0.4000000060
7791  -18.734  -98.053  -28.250 0.4000000060
162115  -12.335  -95.598  -22.704 0.6999999881
8609  -11.937  -96.563  -23.475 0.6999999881
8616  -11.650  -97.481  -23.758 0.6999999881
166439  -11.678  -101.295  -26.793 0.5000000000
10586  -11.090  -95.573  -22.464 0.6999999881
9534  -11.132  -96.250  -22.437 0.6999999881
7752  -11.184  -98.109  -23.118 0.8000000119
6921  -10.987  -98.925  -23.504 0.5000000000
6920  -10.393  -99.517  -23.577 0.6999999881
6975  -12.071  -99.391  -27.840 0.5000000000
7737  -10.271  -97.663  -22.638 0.6999999881
7775  -12.596  -98.029  -27.153 0.4000000060
7776  -13.996  -97.635  -27.242 0.5000000000
4621  -20.739  -102.072  -28.649 0.3000000119
6929  -9.327  -99.715  -23.879 0.6000000238
8644  -13.815  -97.028  -27.144 0.5000000000
8663  -16.024  -97.765  -28.065 0.5000000000
4620  -20.155  -101.709  -29.471 0.3000000119
6066  -9.581  -100.476  -24.365 0.5000000000
8646  -16.657  -97.336  -27.305 0.5000000000
8634  -18.432  -97.329  -25.891 0.4000000060
8647  -17.797  -97.510  -26.900 0.4000000060
7803  -19.234  -98.457  -28.984 0.4000000060
7814  -19.353  -98.972  -29.951 0.4000000060
7001  -18.639  -99.708  -30.138 0.4000000060
8648  -18.862  -97.618  -26.596 0.3000000119
8666  -19.311  -97.831  -27.294 0.4000000060
12970  -12.014  -93.912  -24.966 0.5000000000
12950  -11.992  -93.895  -23.955 0.6000000238
12938  -13.114  -93.329  -23.136 0.6000000238
188661  -13.091  -94.550  -22.503 0.6000000238
10572  -12.717  -95.066  -22.553 0.6000000238
11788  -11.822  -94.641  -27.531 0.5000000000
11787  -10.994  -94.761  -27.163 0.5000000000
11770  -10.883  -94.699  -26.166 0.6000000238
12936  -11.803  -94.176  -23.112 0.6000000238
11712  -11.650  -94.895  -22.518 0.6999999881
8627  -11.682  -97.753  -24.992 0.6000000238
4600  -23.302  -102.484  -26.427 0.3000000119
10679  -10.631  -95.473  -29.373 0.6999999881
166385  -10.312  -95.002  -27.827 0.6000000238
10642  -10.106  -95.084  -26.808 0.6000000238
11755  -10.870  -94.769  -25.164 0.6000000238
11741  -10.833  -94.879  -24.138 0.6999999881
10585  -10.558  -95.593  -22.686 0.6999999881
8618  -12.587  -96.303  -25.416 0.6000000238
8628  -11.970  -96.915  -25.918 0.6000000238
7773  -11.813  -98.542  -27.083 0.5000000000
10708  -11.143  -95.634  -30.903 0.6999999881
10678  -9.884  -95.489  -29.017 0.6000000238
10652  -9.589  -95.352  -27.658 0.6000000238
171773  -10.257  -95.137  -25.759 0.6000000238
10618  -9.972  -96.003  -24.438 0.6999999881
193201  -9.330  -97.284  -22.973 0.6999999881
8643  -13.005  -97.073  -27.047 0.5000000000
4611  -21.160  -102.412  -27.826 0.3000000119
9647  -10.630  -95.763  -31.646 0.6999999881
9633  -10.230  -95.814  -30.789 0.6000000238
9623  -9.875  -95.728  -29.852 0.6999999881
9589  -9.004  -95.831  -25.846 0.6000000238
9576  -9.162  -96.167  -24.803 0.6000000238
6918  -8.930  -98.873  -23.541 0.6999999881
190026  -13.236  -96.149  -25.946 0.5000000000
9577  -14.024  -96.034  -25.928 0.5000000000
9611  -9.201  -95.645  -28.460 0.6000000238
171278  -8.658  -95.809  -26.739 0.6000000238
8615  -8.344  -97.538  -23.672 0.6000000238
7756  -8.136  -98.538  -24.056 0.6000000238
6928  -8.619  -99.314  -24.167 0.6000000238
9578  -15.094  -96.150  -25.708 0.5000000000
5352  -20.020  -101.517  -30.176 0.3000000119
9632  -9.349  -96.150  -30.619 0.6999999881
164633  -8.988  -96.086  -29.750 0.6000000238
9601  -8.862  -95.696  -27.559 0.6000000238
9588  -8.047  -96.199  -26.073 0.6000000238
9575  -8.327  -96.406  -25.009 0.5000000000
9559  -7.783  -97.075  -24.248 0.5000000000
6940  -7.128  -98.830  -24.832 0.5000000000
6941  -8.538  -99.633  -24.852 0.5000000000
8619  -17.067  -96.813  -25.386 0.5000000000
8651  -21.673  -97.101  -26.443 0.3000000119
8668  -21.180  -97.636  -27.206 0.3000000119
8667  -20.269  -97.770  -27.189 0.3000000119
7805  -20.873  -98.248  -28.743 0.4000000060
7804  -20.136  -98.587  -29.298 0.4000000060
177443  -7.821  -99.322  -25.372 0.5000000000
8636  -20.323  -97.172  -25.774 0.3000000119
8649  -19.833  -97.556  -26.481 0.3000000119
7792  -19.757  -98.024  -27.995 0.4000000060
11789  -12.557  -94.567  -27.951 0.5000000000
12991  -12.613  -93.971  -26.277 0.5000000000
12971  -12.716  -93.579  -25.406 0.5000000000
10710  -13.055  -95.842  -31.655 0.5000000000
173716  -12.164  -95.604  -29.954 0.5000000000
10665  -12.040  -95.425  -29.157 0.5000000000
12990  -12.144  -94.060  -25.729 0.5000000000
12951  -12.747  -93.402  -23.873 0.5000000000
11695  -14.557  -93.988  -22.276 0.6000000238
11714  -14.277  -94.554  -22.547 0.6000000238
178804  -12.299  -95.650  -31.822 0.5000000000
167184  -13.991  -95.012  -22.819 0.6000000238
167026  -13.784  -95.594  -24.124 0.8000000119
4601  -23.956  -101.801  -25.728 0.3000000119
10739  -12.432  -95.607  -33.271 0.6000000238
10725  -11.929  -95.541  -32.478 0.6000000238
10694  -11.549  -95.598  -30.300 0.6000000238
10609  -15.197  -95.359  -23.301 0.4000000060
168729  -11.418  -95.516  -33.286 0.6999999881
9564  -15.201  -95.878  -24.684 0.5000000000
176651  -12.634  -95.936  -24.194 0.6000000238
4623  -22.251  -102.332  -27.938 0.3000000119
5344  -22.257  -101.721  -28.643 0.3000000119
192025  -11.190  -95.493  -34.792 0.6999999881
9550  -16.500  -96.074  -23.877 0.4000000060
5343  -21.509  -101.541  -29.482 0.3000000119
167930  -10.634  -95.755  -33.133 0.6000000238
9646  -9.674  -96.153  -31.643 0.6999999881
178914  -15.896  -96.216  -24.713 0.4000000060
6144  -19.554  -100.928  -30.709 0.3000000119
9680  -9.940  -96.063  -33.325 0.6000000238
9662  -9.477  -96.373  -32.623 0.6999999881
195612  -8.197  -96.423  -28.685 0.6000000238
9599  -7.470  -96.502  -26.709 0.5000000000
193879  -7.351  -96.554  -25.884 0.5000000000
7755  -7.218  -98.350  -24.427 0.6000000238
9566  -17.598  -96.643  -24.463 0.4000000060
8620  -18.011  -96.987  -25.162 0.4000000060
9580  -21.789  -96.610  -25.557 0.3000000119
191313  -22.202  -96.709  -26.095 0.3000000119
8652  -22.608  -96.767  -26.705 0.3000000119
8669  -22.017  -97.333  -27.362 0.3000000119
7793  -20.661  -98.013  -27.913 0.4000000060
7002  -19.624  -100.174  -30.449 0.3000000119
182526  -8.311  -96.522  -29.402 0.6000000238
8680  -6.863  -97.038  -28.199 0.5000000000
8662  -6.738  -96.908  -27.085 0.5000000000
8641  -6.643  -96.955  -25.827 0.5000000000
187409  -5.952  -98.373  -25.177 0.5000000000
6955  -6.006  -99.343  -25.745 0.6000000238
6970  -6.565  -99.813  -26.358 0.5000000000
8621  -18.997  -96.958  -25.035 0.3000000119
9579  -20.895  -96.665  -25.122 0.3000000119
9620  -7.657  -96.805  -28.876 0.5000000000
8661  -5.903  -97.448  -26.341 0.5000000000
7772  -4.944  -98.548  -26.098 0.5000000000
7785  -4.509  -98.523  -26.898 0.5000000000
10711  -13.817  -96.339  -31.485 0.5000000000
178070  -13.262  -95.811  -31.052 0.5000000000
195658  -13.095  -94.246  -27.569 0.5000000000
13010  -13.265  -93.881  -26.851 0.5000000000
12972  -13.601  -93.181  -25.458 0.5000000000
14173  -13.903  -92.799  -24.534 0.5000000000
10740  -13.408  -96.107  -33.099 0.5000000000
11826  -12.764  -95.376  -29.534 0.5000000000
14133  -15.456  -92.826  -22.888 0.4000000060
10726  -12.786  -95.799  -32.421 0.5000000000
12919  -14.944  -93.363  -22.468 0.4000000060
184093  -24.825  -101.931  -24.384 0.3000000119
4602  -24.700  -101.247  -24.983 0.3000000119
195252  -13.368  -95.645  -34.960 0.6000000238
11715  -15.462  -93.883  -22.308 0.4000000060
190057  -15.476  -94.979  -22.770 0.4000000060
10767  -13.144  -95.468  -35.650 0.6000000238
10738  -11.861  -95.444  -34.264 0.6000000238
5322  -23.601  -101.642  -26.667 0.3000000119
5335  -23.303  -101.304  -27.515 0.3000000119
10753  -11.619  -95.437  -35.254 0.6000000238
10611  -17.283  -95.656  -23.339 0.4000000060
10765  -11.270  -95.474  -36.038 0.6000000238
173160  -18.123  -95.585  -23.349 0.4000000060
9551  -17.946  -96.209  -23.757 0.4000000060
10752  -10.719  -95.638  -35.421 0.6999999881
176155  -19.571  -96.390  -24.245 0.3000000119
171015  -20.381  -96.394  -24.534 0.3000000119
10681  -13.587  -95.391  -29.809 0.5000000000
11827  -13.288  -94.997  -29.116 0.5000000000
11790  -13.829  -94.070  -27.613 0.5000000000
167484  -14.261  -93.185  -25.925 0.4000000060
171199  -14.459  -92.871  -25.216 0.4000000060
14154  -14.807  -92.618  -24.255 0.4000000060
9701  -14.683  -96.442  -34.512 0.6000000238
14134  -16.272  -92.973  -22.860 0.4000000060
11716  -16.855  -94.028  -22.406 0.4000000060
5336  -23.794  -100.685  -26.838 0.3000000119
5323  -24.052  -100.988  -25.856 0.3000000119
10782  -12.494  -95.248  -36.304 0.6000000238
10590  -17.009  -94.829  -22.672 0.4000000060
10610  -16.196  -95.373  -23.103 0.4000000060
10612  -18.645  -94.939  -23.220 0.4000000060
187860  -19.728  -95.620  -23.710 0.4000000060
9569  -21.075  -96.069  -24.363 0.3000000119
10764  -10.483  -95.554  -36.328 0.6000000238
10696  -13.959  -96.036  -30.673 0.5000000000
11828  -14.136  -94.902  -29.104 0.5000000000
186631  -14.174  -94.422  -28.320 0.4000000060
183255  -14.427  -93.827  -27.298 0.4000000060
9682  -14.771  -96.651  -33.646 0.5000000000
9648  -14.451  -96.759  -32.020 0.5000000000
14174  -15.352  -92.862  -25.093 0.4000000060
10756  -14.539  -96.141  -35.098 0.6000000238
9718  -15.147  -96.283  -35.101 0.6000000238
9702  -15.394  -96.446  -34.325 0.6000000238
14155  -15.804  -92.644  -24.292 0.4000000060
172308  -13.886  -95.574  -35.814 0.6000000238
10785  -15.152  -95.415  -36.001 0.6000000238
14135  -17.114  -92.946  -23.091 0.4000000060
12922  -18.116  -93.575  -22.877 0.4000000060
10783  -13.365  -95.176  -36.216 0.6000000238
10592  -18.383  -94.197  -22.912 0.4000000060
11736  -19.942  -93.950  -23.349 0.4000000060
10613  -19.452  -94.893  -23.398 0.4000000060
11743  -20.692  -93.930  -23.737 0.4000000060
5345  -23.036  -100.970  -28.423 0.3000000119
6119  -23.538  -100.158  -28.442 0.3000000119
11923  -12.668  -94.747  -36.619 0.6000000238
10620  -21.125  -95.015  -23.956 0.4000000060
6146  -22.046  -100.377  -30.876 0.3000000119
5353  -22.422  -100.969  -29.348 0.3000000119
11922  -11.795  -94.943  -36.714 0.6000000238
10781  -10.985  -95.209  -36.678 0.6000000238
14343  -11.752  -92.678  -36.483 0.6999999881
15470  -13.253  -92.015  -36.246 0.6999999881
13154  -11.138  -93.968  -36.940 0.6000000238
15469  -12.277  -91.940  -36.135 0.6999999881
15458  -11.811  -91.087  -35.948 0.6999999881
14342  -10.848  -92.557  -36.521 0.6000000238
16565  -13.833  -91.104  -36.586 0.6999999881
17723  -13.275  -89.686  -36.366 0.6000000238
15468  -11.360  -91.840  -36.132 0.6999999881
17722  -12.215  -89.738  -36.188 0.6999999881
10682  -14.559  -95.635  -29.935 0.5000000000
9683  -15.536  -96.536  -33.429 0.5000000000
9666  -15.729  -96.555  -32.637 0.5000000000
9649  -15.263  -96.660  -31.557 0.5000000000
11810  -14.948  -94.675  -28.603 0.5000000000
13012  -15.193  -93.906  -27.324 0.4000000060
12973  -15.022  -93.135  -25.909 0.4000000060
11913  -16.864  -94.600  -35.968 0.6000000238
10770  -16.246  -95.295  -35.407 0.6000000238
10758  -16.310  -95.470  -34.637 0.6000000238
179179  -16.475  -95.536  -33.872 0.6000000238
14175  -16.148  -92.949  -25.022 0.4000000060
11924  -15.078  -94.619  -36.451 0.6000000238
11900  -16.651  -94.688  -35.288 0.6000000238
13102  -16.553  -94.441  -34.673 0.6000000238
166798  -17.193  -92.680  -23.708 0.4000000060
187314  -14.367  -93.937  -36.845 0.6000000238
13141  -15.399  -93.703  -36.919 0.6000000238
167316  -17.201  -93.387  -36.743 0.6000000238
13126  -17.737  -93.143  -36.380 0.6000000238
14327  -17.711  -93.040  -35.857 0.6000000238
12940  -19.424  -93.377  -23.431 0.4000000060
12954  -21.670  -93.314  -24.713 0.4000000060
164667  -14.396  -93.155  -36.883 0.6000000238
14347  -16.823  -92.688  -37.096 0.6000000238
14348  -17.536  -92.711  -36.813 0.6000000238
15447  -17.935  -91.590  -36.039 0.6000000238
15446  -17.418  -91.531  -34.916 0.6000000238
12941  -20.153  -93.252  -23.783 0.4000000060
11745  -22.100  -94.166  -24.633 0.4000000060
13140  -13.369  -93.560  -36.754 0.6000000238
14346  -15.483  -92.640  -37.108 0.5000000000
15472  -16.197  -91.774  -37.147 0.6000000238
167883  -17.587  -91.075  -36.521 0.6000000238
187560  -18.002  -91.047  -35.370 0.6000000238
17690  -16.690  -89.823  -33.995 0.6999999881
13138  -12.122  -93.554  -36.780 0.6999999881
164542  -14.243  -92.200  -36.748 0.6000000238
168675  -15.738  -90.952  -37.104 0.6000000238
168881  -16.718  -91.001  -36.987 0.6000000238
16550  -17.964  -90.179  -35.237 0.6000000238
17679  -16.058  -89.224  -33.293 0.6000000238
18865  -15.472  -88.454  -31.723 0.6000000238
17727  -17.072  -89.489  -36.496 0.6000000238
17702  -17.808  -89.469  -35.526 0.6000000238
18912  -17.146  -88.541  -34.484 0.6000000238
18886  -15.910  -88.372  -32.723 0.6000000238
16566  -14.838  -90.412  -36.953 0.6000000238
16567  -16.019  -90.203  -37.016 0.6000000238
18930  -17.349  -88.735  -35.738 0.5000000000
18913  -17.597  -88.638  -35.183 0.6000000238
20081  -16.506  -87.613  -32.980 0.6000000238
170086  -16.646  -88.887  -36.553 0.5000000000
16563  -11.424  -90.209  -36.030 0.6999999881
18937  -12.698  -89.069  -36.113 0.6999999881
18938  -13.748  -89.102  -36.212 0.5000000000
20131  -15.134  -88.447  -36.264 0.6000000238
20133  -16.572  -88.005  -36.143 0.5000000000
20111  -17.374  -87.869  -35.201 0.5000000000
181183  -15.408  -87.294  -35.608 0.6000000238
18762  -8.534  -88.129  -26.495 0.6000000238
18783  -8.997  -87.985  -27.476 0.6000000238
177382  -8.147  -87.296  -28.088 0.6000000238
9634  -15.182  -96.316  -30.730 0.5000000000
9650  -16.126  -96.517  -31.954 0.5000000000
161919  -15.505  -95.824  -30.024 0.5000000000
12994  -15.617  -93.637  -26.588 0.5000000000
12974  -15.960  -93.266  -25.792 0.4000000060
13113  -16.427  -93.011  -34.577 0.5000000000
11887  -16.383  -94.678  -33.831 0.5000000000
166854  -15.855  -93.832  -33.520 0.5000000000
14176  -17.665  -93.077  -25.096 0.4000000060
14177  -18.998  -92.899  -24.856 0.4000000060
13101  -16.238  -93.768  -34.295 0.5000000000
14280  -15.061  -92.488  -32.822 0.5000000000
14147  -17.901  -92.799  -23.593 0.4000000060
14159  -19.328  -92.827  -24.233 0.4000000060
14160  -21.135  -92.879  -24.996 0.4000000060
15431  -16.766  -91.137  -34.278 0.5000000000
15430  -15.846  -91.252  -33.714 0.5000000000
179347  -15.483  -92.001  -33.526 0.5000000000
14149  -19.593  -92.966  -23.862 0.4000000060
16539  -16.403  -90.538  -33.872 0.6000000238
16538  -15.511  -90.583  -33.175 0.6000000238
18885  -15.514  -89.005  -32.453 0.6000000238
17678  -15.371  -89.809  -32.641 0.5000000000
20065  -15.963  -87.670  -31.223 0.4000000060
18848  -15.421  -88.325  -30.716 0.4000000060
18828  -15.412  -88.382  -29.861 0.4000000060
186160  -16.796  -86.892  -32.657 0.6000000238
20066  -16.427  -87.267  -31.994 0.6000000238
20044  -16.405  -87.241  -30.536 0.5000000000
175615  -16.255  -87.377  -29.847 0.4000000060
20024  -15.820  -87.840  -29.427 0.4000000060
21278  -17.100  -86.678  -28.218 0.4000000060
16562  -10.229  -90.787  -35.877 0.6999999881
20082  -17.142  -86.866  -33.629 0.6000000238
21308  -16.885  -86.649  -30.848 0.5000000000
21289  -16.968  -86.688  -28.952 0.4000000060
18928  -13.231  -88.447  -35.847 0.6000000238
21379  -16.816  -86.832  -35.320 0.5000000000
191626  -17.424  -86.459  -34.216 0.5000000000
21321  -17.392  -86.085  -31.325 0.5000000000
178477  -17.975  -85.720  -29.988 0.5000000000
21300  -17.490  -86.209  -29.493 0.4000000060
21291  -18.376  -85.950  -28.229 0.4000000060
182229  -14.821  -87.892  -35.795 0.6000000238
182655  -17.612  -86.091  -33.791 0.5000000000
18744  -8.287  -88.663  -24.803 0.6999999881
18763  -9.387  -88.873  -26.649 0.6000000238
17566  -9.693  -89.535  -25.828 0.6999999881
182214  -9.892  -88.824  -27.476 0.6000000238
17588  -11.466  -89.639  -26.488 0.6000000238
185360  -9.753  -88.250  -28.944 0.6000000238
17605  -10.670  -89.231  -27.622 0.6000000238
168475  -11.400  -89.483  -27.352 0.6000000238
18786  -12.725  -89.181  -26.840 0.6000000238
18787  -13.199  -88.572  -27.321 0.6000000238
20021  -8.919  -87.376  -29.355 0.5000000000
180539  -10.445  -88.612  -29.642 0.6000000238
17639  -11.411  -89.173  -29.361 0.6000000238
17622  -12.130  -89.396  -28.641 0.6000000238
163738  -12.656  -89.206  -27.845 0.6000000238
11792  -15.726  -94.538  -28.042 0.5000000000
163889  -8.862  -87.325  -30.153 0.5000000000
20022  -9.575  -87.932  -29.866 0.5000000000
18826  -12.646  -88.842  -29.897 0.5000000000
18805  -13.471  -88.075  -28.769 0.5000000000
9667  -16.406  -96.233  -32.522 0.4000000060
9651  -16.705  -96.166  -31.953 0.5000000000
13013  -16.199  -94.255  -27.286 0.5000000000
11773  -16.811  -93.966  -26.494 0.4000000060
20040  -9.743  -87.853  -31.178 0.5000000000
18845  -11.383  -88.568  -30.764 0.5000000000
18847  -13.123  -88.254  -30.303 0.5000000000
20023  -13.515  -87.615  -29.543 0.5000000000
164714  -16.533  -95.250  -32.327 0.5000000000
12976  -18.576  -93.396  -25.623 0.4000000060
12977  -19.438  -93.251  -25.724 0.4000000060
14179  -20.685  -92.840  -25.590 0.4000000060
20061  -9.009  -87.301  -31.729 0.5000000000
18864  -11.714  -87.987  -31.468 0.5000000000
20041  -12.743  -87.898  -31.116 0.6000000238
21306  -13.032  -86.999  -31.313 0.6000000238
14178  -19.811  -92.911  -25.038 0.4000000060
20080  -10.411  -86.940  -32.650 0.6000000238
20063  -11.484  -86.996  -32.319 0.6000000238
20064  -12.302  -87.366  -31.686 0.6999999881
15420  -14.975  -91.462  -32.836 0.4000000060
16524  -14.397  -90.642  -31.587 0.5000000000
18910  -7.240  -88.201  -34.199 0.6000000238
17665  -14.563  -89.836  -31.218 0.5000000000
17654  -14.571  -89.629  -30.248 0.4000000060
18922  -7.629  -88.741  -34.883 0.6000000238
173673  -15.006  -88.835  -30.267 0.4000000060
183058  -9.335  -89.444  -35.611 0.6000000238
17711  -10.891  -89.040  -35.908 0.6000000238
19996  -15.813  -87.922  -28.431 0.4000000060
20124  -12.738  -87.603  -35.413 0.6000000238
185716  -11.363  -89.548  -36.030 0.6999999881
21377  -14.391  -87.120  -35.222 0.6000000238
21364  -15.229  -85.907  -34.877 0.6000000238
21378  -15.940  -86.691  -35.332 0.5000000000
21366  -17.179  -86.055  -34.886 0.5000000000
17565  -9.100  -89.478  -24.971 0.6999999881
173553  -9.991  -89.851  -25.047 0.6999999881
182269  -11.677  -89.685  -24.958 0.6000000238
17568  -11.563  -89.720  -25.663 0.6000000238
18746  -12.838  -88.764  -25.006 0.6000000238
18764  -12.771  -89.071  -25.962 0.6000000238
19962  -13.439  -87.703  -26.021 0.6999999881
21276  -13.737  -86.833  -27.192 0.6000000238
19995  -13.516  -87.536  -27.800 0.6000000238
10698  -17.248  -95.954  -31.163 0.5000000000
10684  -17.325  -95.636  -30.353 0.5000000000
10666  -15.974  -95.071  -28.897 0.5000000000
11811  -16.624  -95.029  -28.481 0.5000000000
20009  -13.665  -86.986  -28.648 0.6000000238
170148  -13.757  -86.530  -27.933 0.5000000000
10667  -17.227  -95.347  -29.299 0.5000000000
11774  -18.086  -94.662  -26.893 0.5000000000
179402  -19.219  -93.761  -26.398 0.4000000060
169862  -13.820  -85.548  -31.032 0.6000000238
21307  -13.656  -86.396  -30.676 0.6000000238
21287  -13.856  -86.147  -28.592 0.5000000000
13071  -15.718  -93.908  -31.912 0.5000000000
20107  -7.757  -87.425  -33.846 0.6000000238
20093  -8.394  -86.992  -33.589 0.4000000060
21330  -9.754  -86.233  -33.548 0.6000000238
22657  -12.594  -85.522  -32.462 0.6000000238
21319  -13.179  -86.061  -31.556 0.6000000238
22647  -14.087  -85.615  -30.056 0.6000000238
14279  -14.556  -92.088  -32.014 0.4000000060
169016  -15.262  -93.248  -31.280 0.4000000060
20109  -9.040  -86.902  -34.174 0.5000000000
21346  -9.832  -85.645  -33.940 0.5000000000
21347  -10.061  -85.015  -33.872 0.6000000238
22668  -10.834  -84.853  -33.741 0.6999999881
22669  -11.917  -84.759  -33.438 0.6000000238
22670  -12.964  -84.641  -33.020 0.6000000238
23929  -14.010  -84.706  -31.378 0.6000000238
15410  -14.282  -91.553  -31.193 0.5000000000
20121  -8.962  -87.566  -34.725 0.6000000238
22681  -10.179  -84.900  -34.048 0.6000000238
22682  -11.415  -84.342  -34.052 0.6000000238
23956  -13.256  -83.720  -33.466 0.6000000238
23957  -14.096  -83.523  -32.824 0.6000000238
23946  -14.766  -83.414  -31.259 0.6000000238
16490  -14.255  -90.595  -30.701 0.4000000060
177582  -10.354  -87.370  -35.212 0.5000000000
181205  -10.425  -86.406  -34.770 0.6000000238
22693  -11.989  -84.477  -34.470 0.6000000238
25232  -13.509  -83.223  -33.968 0.6000000238
25217  -14.509  -83.005  -33.199 0.6000000238
18924  -9.310  -88.475  -35.338 0.6000000238
18926  -11.162  -88.089  -35.754 0.6000000238
182768  -10.989  -87.157  -35.212 0.6000000238
21362  -12.613  -85.564  -34.785 0.6000000238
23987  -13.557  -83.827  -34.418 0.6000000238
21363  -13.993  -86.022  -34.697 0.6000000238
21376  -13.291  -86.841  -34.956 0.6000000238
22697  -16.782  -85.220  -34.809 0.5000000000
179039  -17.887  -85.106  -34.359 0.5000000000
17520  -8.704  -88.968  -23.735 0.6999999881
17541  -10.366  -89.794  -24.317 0.6999999881
21210  -9.504  -86.686  -23.014 0.6999999881
19918  -9.557  -87.979  -22.693 0.6999999881
18718  -10.089  -89.214  -23.123 0.6999999881
188760  -10.683  -89.565  -23.581 0.6999999881
17523  -12.090  -89.392  -23.622 0.6000000238
18733  -13.306  -88.174  -24.332 0.6000000238
19946  -13.819  -87.474  -24.623 0.5000000000
166739  -13.415  -87.905  -25.208 0.6999999881
19963  -13.924  -87.110  -25.512 0.5000000000
21265  -14.169  -86.400  -26.725 0.5000000000
21277  -14.086  -86.171  -27.435 0.5000000000
189241  -17.751  -95.518  -30.732 0.4000000060
11812  -17.644  -95.191  -28.364 0.5000000000
187311  -19.272  -95.092  -28.160 0.5000000000
12996  -18.737  -94.243  -26.604 0.5000000000
12997  -19.745  -93.447  -26.815 0.4000000060
189008  -16.075  -93.777  -31.153 0.4000000060
10685  -18.082  -95.268  -29.976 0.4000000060
22632  -14.461  -85.130  -29.412 0.6000000238
23930  -14.543  -84.225  -30.766 0.6000000238
23931  -15.122  -83.492  -30.578 0.6000000238
25218  -15.243  -82.618  -32.761 0.6000000238
168000  -15.222  -82.862  -31.303 0.6000000238
23988  -14.750  -83.982  -34.535 0.6000000238
25247  -15.165  -83.216  -34.214 0.6000000238
25203  -15.312  -82.517  -31.962 0.6000000238
22695  -14.362  -84.893  -34.642 0.6000000238
26548  -16.102  -82.501  -33.345 0.5000000000
22696  -15.609  -85.067  -34.707 0.6000000238
25248  -16.473  -83.478  -34.278 0.5000000000
23990  -17.281  -84.558  -34.461 0.5000000000
22529  -9.776  -85.955  -23.551 0.6999999881
21191  -9.738  -87.194  -22.444 0.6999999881
19919  -10.240  -87.957  -22.104 0.6999999881
18702  -10.656  -88.797  -22.398 0.6999999881
18703  -11.543  -88.888  -22.287 0.6000000238
17512  -11.880  -89.255  -22.869 0.6999999881
18704  -12.576  -88.883  -23.105 0.4000000060
23812  -10.188  -84.718  -23.924 0.6999999881
22511  -10.323  -85.360  -22.655 0.6999999881
21192  -10.163  -86.900  -21.891 0.6000000238
19908  -11.593  -87.801  -21.182 0.6000000238
164621  -13.753  -87.673  -23.801 0.5000000000
25096  -11.160  -82.827  -24.550 0.6999999881
187873  -10.482  -84.028  -23.633 0.6999999881
21230  -14.591  -86.825  -24.079 0.5000000000
26427  -11.908  -81.977  -24.800 0.6999999881
21249  -14.586  -86.445  -25.437 0.5000000000
27744  -12.181  -81.255  -24.630 0.6000000238
29058  -11.594  -79.754  -23.984 0.6000000238
30374  -10.973  -79.334  -24.201 0.6000000238
30320  -9.246  -79.021  -22.040 0.5000000000
10669  -18.692  -94.949  -29.330 0.4000000060
13015  -19.503  -93.896  -27.680 0.4000000060
26539  -16.672  -82.310  -32.842 0.6000000238
19909  -12.455  -87.854  -21.161 0.5000000000
179714  -12.321  -88.708  -22.366 0.5000000000
23786  -10.559  -84.564  -22.237 0.6000000238
169875  -10.506  -85.079  -21.506 0.6000000238
21154  -11.007  -86.397  -20.626 0.6000000238
19897  -12.012  -87.401  -20.551 0.6000000238
18695  -13.545  -87.846  -22.055 0.5000000000
19932  -13.695  -87.793  -22.927 0.5000000000
19933  -14.357  -87.199  -23.384 0.5000000000
26411  -11.645  -82.494  -23.852 0.6999999881
25054  -10.999  -83.601  -22.024 0.6000000238
23771  -10.724  -84.232  -21.284 0.6000000238
23754  -10.695  -84.922  -20.678 0.6000000238
22446  -11.595  -85.278  -19.477 0.6000000238
21212  -15.021  -86.620  -23.581 0.5000000000
175568  -12.124  -82.079  -23.212 0.6999999881
25082  -11.433  -82.919  -22.804 0.6000000238
26381  -11.787  -82.646  -21.374 0.6000000238
26364  -11.867  -82.645  -20.675 0.6000000238
23739  -11.401  -84.140  -19.440 0.6000000238
29059  -12.228  -80.473  -23.415 0.6000000238
27712  -12.422  -81.333  -22.646 0.6000000238
27692  -12.470  -81.576  -21.627 0.6000000238
185639  -12.438  -82.169  -20.503 0.6000000238
30342  -11.799  -79.631  -23.152 0.6000000238
30322  -11.955  -79.591  -22.279 0.6000000238
29030  -12.381  -80.311  -21.647 0.6000000238
27672  -12.772  -81.172  -20.299 0.6000000238
31638  -10.431  -78.443  -23.334 0.5000000000
30340  -9.830  -78.333  -23.199 0.5000000000
31625  -10.841  -78.271  -22.789 0.5000000000
30304  -11.532  -78.824  -21.418 0.6000000238
29013  -12.419  -80.339  -20.689 0.6000000238
13027  -19.439  -93.798  -28.048 0.4000000060
181182  -8.810  -79.240  -18.916 0.5000000000
31623  -9.428  -77.609  -22.742 0.5000000000
31605  -10.919  -78.049  -22.047 0.6000000238
30288  -11.738  -79.292  -20.575 0.6000000238
31573  -8.569  -78.107  -19.702 0.5000000000
31586  -8.628  -77.639  -20.998 0.5000000000
31602  -8.778  -77.231  -22.037 0.4000000060
31604  -10.198  -77.182  -22.326 0.5000000000
31588  -10.802  -77.519  -21.322 0.6000000238
19898  -12.908  -87.433  -20.558 0.6000000238
19911  -14.097  -87.424  -21.519 0.5000000000
19920  -14.263  -87.385  -22.407 0.5000000000
21156  -12.418  -86.948  -19.965 0.6000000238
21139  -14.358  -86.795  -20.048 0.5000000000
21194  -15.415  -86.458  -22.292 0.5000000000
23740  -12.008  -84.838  -18.888 0.6999999881
22423  -12.683  -85.355  -18.671 0.6999999881
26347  -12.201  -82.572  -19.910 0.6000000238
23720  -11.984  -83.883  -18.626 0.6999999881
26365  -12.797  -81.869  -19.881 0.6000000238
190135  -12.874  -82.349  -18.505 0.6999999881
28993  -12.681  -80.752  -19.856 0.6000000238
27633  -13.035  -81.473  -18.607 0.6999999881
30289  -12.132  -80.072  -19.774 0.6000000238
28972  -12.593  -80.643  -19.004 0.6999999881
33911  -8.258  -76.765  -16.864 0.5000000000
32747  -8.437  -77.494  -19.068 0.5000000000
33986  -9.048  -76.458  -22.103 0.4000000060
32779  -10.223  -76.717  -21.272 0.6000000238
31576  -11.275  -78.379  -20.281 0.6000000238
33926  -8.314  -76.892  -18.130 0.5000000000
32778  -8.777  -76.656  -21.635 0.4000000060
33975  -9.378  -76.272  -21.652 0.5000000000
21176  -15.430  -86.444  -21.358 0.5000000000
21159  -15.204  -86.512  -20.456 0.5000000000
21138  -13.692  -86.541  -19.370 0.6000000238
21120  -14.018  -86.152  -18.757 0.5000000000
22449  -15.644  -85.896  -19.249 0.5000000000
23721  -12.569  -84.620  -18.298 0.6999999881
23701  -12.580  -83.707  -17.954 0.6999999881
26329  -13.167  -82.014  -18.217 0.6000000238
30273  -11.556  -79.282  -18.591 0.6999999881
28952  -12.737  -80.850  -17.999 0.6000000238
31575  -10.836  -77.510  -20.210 0.6000000238
31557  -11.122  -78.343  -19.179 0.6000000238
35159  -8.015  -75.656  -19.147 0.5000000000
33957  -8.649  -76.020  -20.872 0.4000000060
32765  -10.464  -76.814  -19.989 0.6000000238
174889  -7.755  -74.763  -20.132 0.4000000060
35175  -8.149  -75.371  -20.382 0.4000000060
35176  -9.017  -75.043  -20.862 0.5000000000
33958  -9.147  -75.762  -21.102 0.5000000000
22407  -14.118  -84.997  -17.634 0.6000000238
22408  -15.122  -85.196  -17.751 0.5000000000
174524  -13.204  -83.621  -17.256 0.6000000238
23703  -14.751  -84.593  -17.184 0.5000000000
26311  -13.424  -82.801  -16.892 0.6000000238
27611  -13.101  -81.671  -17.648 0.6000000238
165579  -13.719  -82.434  -16.374 0.5000000000
173444  -12.764  -81.000  -17.181 0.6000000238
30257  -11.640  -79.408  -17.625 0.6999999881
30258  -12.248  -80.208  -17.159 0.5000000000
178189  -10.726  -77.510  -19.311 0.6000000238
33944  -10.158  -76.220  -19.550 0.5000000000
35188  -8.156  -74.332  -20.774 0.4000000060
35161  -9.858  -75.557  -19.098 0.5000000000
41075  -6.507  -69.720  -12.718 0.4000000060
41105  -7.605  -69.858  -14.104 0.3000000119
42302  -7.071  -68.722  -13.880 0.4000000060
23687  -15.267  -84.173  -16.676 0.5000000000
161950  -5.716  -67.844  -14.014 0.3000000119
43504  -6.348  -67.907  -13.930 0.4000000060
27590  -13.091  -81.473  -16.690 0.5000000000
170616  -14.855  -82.918  -15.899 0.5000000000
42335  -5.469  -69.220  -15.384 0.3000000119
171232  -5.808  -67.907  -14.640 0.4000000060
28934  -12.728  -80.704  -16.392 0.5000000000
41144  -6.172  -70.304  -16.341 0.3000000119
167291  -11.188  -78.808  -17.100 0.6000000238
32731  -10.447  -77.239  -17.799 0.6999999881
32713  -10.562  -77.495  -16.789 0.6000000238
36282  -8.715  -74.401  -20.618 0.5000000000
33927  -10.269  -76.336  -18.334 0.5000000000
35140  -9.605  -74.805  -18.750 0.4000000060
35141  -10.011  -75.567  -17.852 0.4000000060
39851  -8.949  -71.604  -13.717 0.3000000119
41077  -8.125  -70.841  -14.034 0.3000000119
42320  -8.607  -69.082  -14.622 0.3000000119
42319  -7.746  -69.000  -14.451 0.3000000119
182391  -7.143  -67.897  -14.377 0.4000000060
27592  -14.220  -82.358  -15.867 0.5000000000
43540  -5.964  -68.202  -15.215 0.4000000060
43519  -6.818  -67.724  -14.670 0.4000000060
28935  -13.310  -81.179  -15.847 0.5000000000
42356  -5.937  -69.536  -15.862 0.4000000060
194679  -6.599  -68.442  -15.936 0.4000000060
30217  -11.837  -79.152  -15.800 0.5000000000
30218  -12.508  -79.484  -15.279 0.5000000000
41145  -6.595  -70.726  -17.373 0.4000000060
31502  -11.375  -78.326  -15.658 0.5000000000
33912  -10.290  -76.473  -17.019 0.5000000000
32714  -10.839  -77.741  -16.040 0.5000000000
38709  -7.857  -72.991  -20.248 0.3000000119
37412  -8.796  -73.317  -19.550 0.4000000060
36241  -9.822  -74.690  -17.517 0.4000000060
33895  -10.507  -76.073  -15.949 0.4000000060
38612  -9.698  -72.343  -13.426 0.3000000119
41107  -9.365  -69.900  -14.407 0.3000000119
194478  -8.759  -68.189  -14.707 0.4000000060
43520  -8.333  -67.306  -14.850 0.4000000060
24982  -16.685  -83.428  -16.462 0.4000000060
44675  -8.245  -66.938  -15.303 0.4000000060
26276  -15.639  -82.677  -15.659 0.4000000060
44692  -6.558  -68.076  -15.449 0.4000000060
44693  -8.028  -67.042  -15.339 0.4000000060
27577  -14.144  -81.564  -15.405 0.4000000060
43562  -7.959  -67.770  -16.576 0.4000000060
31503  -12.113  -78.707  -15.060 0.5000000000
42378  -7.356  -69.689  -17.308 0.4000000060
178178  -7.672  -71.281  -18.926 0.3000000119
31487  -11.797  -77.883  -14.858 0.5000000000
37402  -9.224  -73.045  -18.325 0.3000000119
188907  -9.953  -70.563  -14.168 0.3000000119
181265  -10.312  -69.897  -14.318 0.3000000119
42321  -9.662  -68.908  -14.624 0.3000000119
43521  -9.315  -67.704  -14.808 0.4000000060
44676  -8.921  -66.969  -15.086 0.4000000060
45840  -9.399  -65.796  -16.012 0.3000000119
45839  -8.937  -66.359  -15.802 0.4000000060
180869  -17.456  -82.979  -16.899 0.4000000060
27613  -18.244  -81.703  -17.364 0.4000000060
45855  -8.739  -66.505  -15.764 0.4000000060
27566  -15.057  -81.327  -14.882 0.4000000060
28903  -13.817  -80.232  -14.651 0.4000000060
43581  -7.688  -68.783  -16.917 0.3000000119
30199  -12.794  -79.044  -14.545 0.4000000060
41165  -6.999  -70.502  -18.004 0.3000000119
42379  -8.166  -69.466  -17.851 0.3000000119
39915  -8.583  -71.025  -18.413 0.3000000119
35119  -10.140  -75.450  -16.701 0.4000000060
41080  -11.637  -70.755  -13.642 0.3000000119
43522  -10.339  -68.162  -14.648 0.4000000060
174218  -10.468  -66.586  -15.077 0.4000000060
166567  -9.485  -66.312  -15.501 0.4000000060
28973  -18.537  -80.492  -18.416 0.4000000060
26294  -17.677  -82.040  -16.612 0.4000000060
46969  -9.702  -65.556  -16.104 0.4000000060
27579  -16.575  -81.611  -15.277 0.4000000060
44710  -8.358  -66.838  -16.073 0.4000000060
28904  -14.746  -80.461  -14.490 0.4000000060
28905  -15.565  -80.593  -14.557 0.4000000060
44732  -8.772  -67.522  -17.005 0.3000000119
30200  -13.572  -79.370  -14.196 0.4000000060
42381  -9.444  -68.912  -17.963 0.3000000119
31488  -12.521  -78.232  -14.397 0.5000000000
42398  -8.272  -70.295  -18.396 0.3000000119
41166  -8.836  -70.035  -18.242 0.3000000119
32677  -11.690  -77.033  -14.846 0.5000000000
37389  -9.523  -72.807  -17.231 0.3000000119
35101  -11.225  -75.554  -15.297 0.4000000060
36257  -9.484  -73.927  -18.531 0.4000000060
42323  -11.733  -69.291  -14.149 0.3000000119
46970  -10.168  -65.071  -16.122 0.3000000119
48217  -10.117  -64.683  -16.640 0.3000000119
28953  -18.415  -80.806  -17.508 0.4000000060
45868  -9.367  -65.976  -16.154 0.3000000119
27593  -17.623  -81.350  -16.130 0.4000000060
27594  -18.128  -81.117  -16.708 0.3000000119
44733  -9.547  -67.285  -17.403 0.3000000119
30202  -15.297  -79.921  -14.083 0.4000000060
28906  -16.754  -80.857  -14.987 0.4000000060
42358  -10.305  -68.739  -17.228 0.3000000119
41167  -9.738  -69.671  -17.506 0.3000000119
32679  -13.072  -77.715  -13.940 0.4000000060
41146  -9.283  -70.783  -17.543 0.3000000119
38667  -10.060  -72.462  -16.500 0.3000000119
37390  -10.215  -73.431  -16.377 0.3000000119
35102  -12.047  -75.074  -15.109 0.3000000119
47001  -9.882  -65.310  -16.866 0.3000000119
48240  -10.618  -63.578  -17.354 0.3000000119
45893  -10.062  -65.814  -17.313 0.3000000119
28936  -17.762  -80.530  -16.012 0.3000000119
166353  -16.091  -79.994  -14.370 0.4000000060
170668  -16.865  -80.159  -14.596 0.4000000060
42359  -11.297  -69.136  -16.586 0.3000000119
31464  -14.186  -78.790  -13.643 0.4000000060
30185  -15.897  -79.355  -13.860 0.4000000060
41147  -10.153  -70.446  -16.851 0.3000000119
39899  -10.238  -71.422  -16.564 0.3000000119
33878  -12.314  -76.558  -14.590 0.3000000119
36226  -11.496  -74.591  -15.383 0.3000000119
43563  -11.130  -68.178  -16.974 0.3000000119
168539  -10.649  -69.766  -16.708 0.3000000119
31465  -14.980  -78.463  -13.528 0.3000000119
32661  -16.356  -78.038  -13.484 0.3000000119
162494  -10.985  -70.652  -16.385 0.3000000119
32658  -13.858  -77.225  -13.762 0.3000000119
180761  -11.454  -72.852  -15.812 0.3000000119
35079  -12.171  -75.760  -14.815 0.3000000119
178796  -12.834  -69.107  -16.343 0.3000000119
44714  -13.262  -67.625  -16.244 0.3000000119
39901  -12.005  -70.754  -16.237 0.3000000119
32659  -14.675  -77.232  -13.510 0.3000000119
42361  -13.094  -69.859  -16.157 0.3000000119
42336  -13.626  -69.093  -16.082 0.3000000119
36242  -10.204  -74.496  -16.358 0.4000000060
184225  -8.370  -71.828  -19.035 0.3000000119
38666  -9.401  -71.875  -17.260 0.3000000119
8617  -11.961  -96.703  -24.692 0.6000000238
173790  -11.536  -98.552  -25.552 0.5000000000
180180  -11.251  -101.073  -25.605 0.5000000000
5305  -10.568  -101.718  -25.374 0.5000000000
6091  -11.569  -100.087  -26.833 0.5000000000
7764  -13.505  -98.323  -27.103 0.5000000000
7738  -10.927  -97.644  -22.649 0.6999999881
10608  -14.166  -95.372  -23.275 0.6999999881
9533  -10.587  -96.248  -22.504 0.6999999881
7751  -10.430  -98.514  -22.972 0.6999999881
6976  -12.372  -99.135  -27.667 0.4000000060
7750  -9.460  -98.098  -22.956 0.6999999881
8631  -14.429  -96.592  -26.721 0.5000000000
189797  -21.075  -101.228  -30.464 0.3000000119
173409  -16.373  -96.887  -26.543 0.5000000000
8635  -19.410  -97.313  -25.768 0.3000000119
12918  -14.221  -93.299  -22.594 0.6000000238
179040  -12.743  -93.835  -22.701 0.6000000238
12952  -13.488  -92.994  -23.811 0.5000000000
10664  -11.287  -95.319  -28.883 0.6000000238
10607  -10.674  -95.043  -23.092 0.6999999881
4613  -22.887  -102.252  -27.290 0.3000000119
10641  -9.330  -95.526  -26.805 0.6000000238
10629  -10.359  -95.304  -24.793 0.6000000238
173335  -9.917  -96.095  -23.660 0.6999999881
9563  -14.413  -95.745  -24.959 0.5000000000
8629  -12.724  -96.688  -26.349 0.6000000238
7763  -11.823  -97.922  -26.396 0.5000000000
9560  -8.647  -96.781  -24.184 0.6000000238
7749  -8.539  -98.142  -23.518 0.6999999881
9609  -7.710  -96.558  -27.903 0.5000000000
8614  -6.689  -97.909  -24.482 0.5000000000
188231  -20.771  -100.843  -31.117 0.3000000119
176825  -9.021  -96.610  -32.084 0.6000000238
8626  -6.481  -97.460  -24.861 0.5000000000
189289  -22.178  -97.474  -27.971 0.3000000119
9548  -14.785  -95.643  -24.014 0.5000000000
186280  -20.690  -100.450  -31.488 0.3000000119
8660  -5.394  -97.983  -25.908 0.5000000000
14146  -16.308  -92.677  -23.455 0.4000000060
6108  -23.622  -100.404  -27.750 0.3000000119
13142  -16.522  -94.238  -36.589 0.6000000238
14344  -12.744  -92.762  -36.411 0.6999999881
15471  -15.018  -91.492  -37.048 0.6000000238
17725  -15.338  -89.514  -36.891 0.6000000238
13143  -17.310  -93.887  -36.318 0.6000000238
11875  -16.474  -95.369  -33.090 0.5000000000
14157  -17.742  -92.713  -24.263 0.4000000060
15445  -16.321  -92.028  -34.359 0.5000000000
16556  -17.878  -90.402  -35.885 0.6000000238
17666  -15.044  -89.310  -31.835 0.4000000060
17721  -10.653  -89.871  -35.885 0.6000000238
18936  -11.726  -88.997  -36.008 0.6999999881
18785  -10.295  -88.839  -28.221 0.6000000238
9635  -16.225  -96.385  -31.295 0.4000000060
14269  -14.916  -92.995  -32.018 0.4000000060
18806  -15.364  -88.514  -29.011 0.4000000060
21333  -17.330  -86.347  -32.882 0.4000000060
177260  -8.957  -89.937  -35.708 0.6000000238
17587  -10.461  -89.441  -26.763 0.6000000238
17653  -11.887  -89.066  -30.123 0.6000000238
11793  -17.304  -94.735  -27.417 0.5000000000
20062  -10.030  -87.484  -31.914 0.5000000000
21298  -13.797  -86.521  -29.541 0.6000000238
20079  -9.456  -87.070  -32.651 0.4000000060
21375  -12.175  -86.547  -34.980 0.5000000000
14256  -14.536  -92.194  -30.498 0.5000000000
23971  -12.229  -84.050  -34.060 0.6000000238
21361  -11.490  -85.321  -34.698 0.5000000000
194433  -11.539  -80.452  -25.170 0.6000000238
31574  -8.888  -78.770  -20.223 0.5000000000
21155  -11.599  -86.697  -20.211 0.5000000000
25055  -11.295  -83.317  -21.083 0.6000000238
23755  -10.933  -84.066  -20.361 0.6000000238
22447  -12.372  -85.715  -19.151 0.6000000238
29046  -12.322  -80.397  -22.500 0.6000000238
32730  -8.511  -78.071  -17.859 0.5000000000
187295  -14.421  -86.440  -19.340 0.5000000000
170461  -12.099  -80.068  -18.226 0.6000000238
33943  -8.349  -76.395  -19.738 0.5000000000
31538  -10.663  -78.117  -17.448 0.6000000238
42301  -6.400  -68.724  -13.186 0.3000000119
24990  -13.889  -83.603  -16.679 0.5000000000
37423  -8.400  -73.676  -20.480 0.3000000119
24981  -15.676  -83.503  -16.148 0.4000000060
26275  -14.939  -82.168  -15.427 0.4000000060
36270  -9.067  -74.145  -19.767 0.4000000060
193766  -8.220  -72.399  -19.655 0.3000000119
33896  -11.093  -76.570  -15.343 0.5000000000
26293  -17.000  -82.673  -16.146 0.4000000060
41079  -10.732  -70.698  -13.959 0.3000000119
43583  -9.287  -68.310  -17.720 0.3000000119
31489  -13.249  -78.564  -13.930 0.4000000060
36225  -10.790  -74.789  -15.651 0.3000000119
33877  -11.678  -76.295  -14.939 0.4000000060
42304  -12.584  -69.367  -13.762 0.3000000119
43584  -10.363  -67.694  -17.557 0.3000000119
174116  -13.735  -78.052  -13.665 0.4000000060
42360  -12.270  -69.518  -16.408 0.3000000119
7853  -2.693  -98.473  -32.607 0.5000000000
166685  -2.895  -98.512  -30.898 0.5000000000
178727  -3.261  -98.583  -29.441 0.5000000000
7800  -3.482  -98.880  -28.113 0.4000000060
165616  -3.059  -97.806  -34.415 0.5000000000
8740  -3.698  -98.469  -32.817 0.5000000000
7844  -3.968  -98.527  -31.304 0.5000000000
7826  -4.117  -98.462  -29.735 0.5000000000
7812  -4.513  -98.336  -29.142 0.5000000000
164535  -5.190  -97.941  -26.638 0.4000000060
8763  -3.589  -97.328  -35.249 0.4000000060
8741  -4.525  -98.159  -33.447 0.5000000000
7835  -4.580  -98.451  -30.657 0.5000000000
8678  -5.181  -97.945  -27.749 0.4000000060
8756  -5.082  -97.535  -34.404 0.5000000000
8725  -5.277  -98.186  -32.718 0.5000000000
8724  -4.352  -98.446  -32.333 0.5000000000
8742  -5.596  -97.937  -33.610 0.5000000000
8702  -5.545  -98.170  -30.818 0.5000000000
174379  -6.016  -98.111  -32.228 0.5000000000
8703  -6.355  -97.757  -30.900 0.5000000000
8693  -6.893  -97.207  -29.193 0.4000000060
8726  -6.722  -97.780  -32.708 0.5000000000
169785  -7.002  -97.380  -31.018 0.5000000000
8704  -6.811  -97.379  -30.179 0.5000000000
165222  -7.502  -94.912  -37.611 0.5000000000
178689  -5.665  -96.795  -35.330 0.5000000000
9713  -6.556  -96.493  -35.841 0.5000000000
9696  -6.599  -96.766  -34.899 0.5000000000
172123  -7.136  -96.556  -35.413 0.5000000000
9659  -7.169  -97.200  -33.252 0.5000000000
9677  -7.724  -96.810  -33.893 0.5000000000
8727  -7.374  -97.229  -32.376 0.5000000000
170285  -7.600  -97.042  -30.689 0.5000000000
183980  -7.439  -95.623  -37.427 0.5000000000
10804  -8.252  -94.993  -37.725 0.5000000000
14354  -8.163  -92.857  -36.861 0.5000000000
165713  -7.954  -96.257  -36.475 0.5000000000
10805  -8.855  -95.132  -37.618 0.5000000000
177928  -8.977  -94.235  -37.579 0.5000000000
9698  -8.463  -96.543  -34.784 0.5000000000
9732  -8.699  -96.012  -36.577 0.5000000000
9733  -9.466  -95.768  -36.578 0.5000000000
9678  -8.556  -96.673  -33.660 0.5000000000
9699  -9.266  -96.294  -34.756 0.5000000000
9660  -7.941  -96.878  -32.988 0.5000000000
164392  -8.203  -96.821  -32.037 0.5000000000
9631  -8.440  -96.594  -30.389 0.5000000000
17718  -7.774  -90.263  -35.827 0.5000000000
16561  -8.839  -90.612  -36.040 0.6000000238
14356  -9.085  -92.901  -37.126 0.5000000000
11937  -9.897  -94.844  -37.376 0.5000000000
14357  -9.709  -93.060  -37.085 0.5000000000
10780  -10.250  -95.401  -36.859 0.5000000000
11938  -10.384  -94.351  -37.170 0.5000000000
9679  -9.250  -96.474  -33.437 0.5000000000
9700  -9.909  -95.974  -35.063 0.5000000000
9661  -8.776  -96.722  -32.798 0.5000000000
18921  -6.864  -89.016  -34.523 0.5000000000
17708  -7.731  -89.642  -35.448 0.5000000000
15466  -9.744  -91.560  -36.336 0.6000000238
19959  -6.023  -86.733  -25.302 0.5000000000
19961  -7.631  -87.535  -26.295 0.6000000238
21229  -5.984  -86.340  -23.971 0.5000000000
169392  -6.661  -87.190  -24.934 0.5000000000
189406  -8.147  -88.226  -25.694 0.6000000238
18731  -7.460  -87.813  -24.264 0.6000000238
19928  -6.703  -86.746  -23.664 0.5000000000
21209  -7.300  -86.641  -23.435 0.6000000238
22527  -7.842  -86.175  -23.519 0.5000000000
18732  -8.199  -88.619  -23.999 0.6000000238
19930  -8.055  -87.459  -23.309 0.6000000238
22551  -8.629  -85.661  -24.129 0.5000000000
22528  -9.042  -86.348  -23.555 0.6000000238
19931  -8.897  -87.838  -23.070 0.6000000238
23811  -9.200  -85.094  -24.878 0.5000000000
22552  -9.529  -85.569  -24.150 0.5000000000
189362  -10.798  -82.930  -26.026 0.5000000000
25111  -11.441  -82.438  -25.405 0.6000000238
169054  -10.492  -80.519  -25.552 0.6000000238
29083  -11.120  -80.527  -26.123 0.5000000000
25095  -10.454  -83.778  -24.435 0.6000000238
175272  -9.828  -84.699  -24.622 0.5000000000
27743  -12.011  -81.267  -25.306 0.5000000000
163112  -9.663  -79.953  -23.764 0.6000000238
190048  -10.917  -79.736  -24.549 0.6000000238
30356  -9.898  -79.191  -23.560 0.6000000238
7827  -20.684  -99.374  -31.526 0.3000000119
183199  -21.630  -97.902  -32.384 0.3000000119
7816  -20.908  -98.415  -29.721 0.3000000119
10714  -22.610  -95.967  -32.490 0.3000000119
8681  -21.623  -97.952  -29.202 0.3000000119
7815  -20.275  -98.832  -30.073 0.3000000119
7003  -20.122  -99.353  -30.529 0.3000000119
175986  -6.085  -97.510  -28.538 0.4000000060
9717  -9.971  -95.768  -36.031 0.5000000000
186009  -10.537  -93.746  -36.989 0.5000000000
19993  -7.961  -87.440  -27.213 0.5000000000
186306  -5.325  -97.999  -29.025 0.4000000060
182650  -5.912  -97.863  -30.081 0.5000000000
8757  -6.047  -97.292  -34.293 0.5000000000
9751  -6.571  -95.657  -37.427 0.5000000000
9730  -6.741  -96.227  -36.739 0.5000000000
13157  -7.482  -94.415  -37.322 0.5000000000
13158  -8.161  -94.546  -37.571 0.5000000000
9743  -7.976  -95.895  -37.181 0.5000000000
13153  -9.920  -93.841  -37.255 0.5000000000
7836  -21.323  -98.659  -32.105 0.3000000119
8695  -22.260  -97.406  -29.821 0.3000000119
8717  -21.960  -97.250  -31.885 0.3000000119
8716  -21.488  -97.946  -31.410 0.3000000119
8705  -21.853  -97.438  -30.818 0.3000000119
168022  -22.419  -96.514  -31.705 0.3000000119
30203  -16.650  -79.436  -14.228 0.3000000119
3884  -22.885  -103.242  -26.096 0.3000000119
3893  -22.529  -102.967  -26.772 0.3000000119
4586  -10.109  -102.187  -25.821 0.6000000238
4590  -24.456  -101.885  -24.949 0.3000000119
4593  -9.946  -102.392  -26.312 0.6000000238
4594  -10.442  -102.588  -26.484 0.6000000238
4604  -10.139  -102.769  -26.978 0.5000000000
4616  -10.599  -103.093  -27.789 0.5000000000
4622  -21.517  -102.178  -28.502 0.3000000119
4631  -20.912  -101.867  -29.211 0.3000000119
5304  -9.923  -101.610  -25.258 0.6000000238
5315  -9.733  -101.903  -25.858 0.6000000238
5324  -24.641  -100.652  -25.303 0.3000000119
5334  -22.725  -101.736  -27.963 0.3000000119
5351  -19.435  -101.445  -30.028 0.3000000119
5362  -19.718  -101.232  -30.546 0.3000000119
5363  -20.343  -101.274  -30.602 0.3000000119
5365  -21.815  -100.815  -30.209 0.3000000119
6058  -9.967  -100.126  -23.859 0.6000000238
6065  -9.052  -99.957  -24.438 0.5000000000
6102  -11.939  -100.201  -27.813 0.5000000000
6106  -16.974  -100.406  -29.174 0.4000000060
6107  -17.304  -100.828  -28.556 0.3000000119
6109  -24.043  -99.767  -27.182 0.3000000119
6120  -24.014  -99.642  -28.064 0.3000000119
6128  -18.000  -100.399  -29.808 0.4000000060
6145  -20.143  -100.953  -31.028 0.3000000119
6163  -20.247  -100.543  -31.068 0.3000000119
6164  -21.227  -100.372  -31.704 0.3000000119
6919  -9.733  -99.205  -23.366 0.6000000238
6927  -7.925  -98.935  -24.639 0.5000000000
6939  -5.892  -98.749  -25.400 0.5000000000
6942  -11.339  -99.512  -25.063 0.5000000000
6956  -7.156  -99.550  -25.942 0.5000000000
6958  -11.526  -99.060  -26.470 0.5000000000
6974  -11.787  -99.257  -27.444 0.5000000000
6979  -16.400  -99.974  -28.527 0.4000000060
6989  -16.031  -99.102  -28.869 0.4000000060
7014  -20.293  -99.954  -31.067 0.3000000119
7022  -20.646  -100.065  -31.790 0.3000000119
7023  -21.063  -100.028  -32.136 0.3000000119
7032  -21.199  -99.513  -32.212 0.3000000119
7757  -11.372  -98.806  -24.458 0.5000000000
7761  -5.586  -98.382  -25.519 0.5000000000
7762  -6.427  -98.430  -24.892 0.5000000000
7774  -12.073  -98.035  -27.066 0.5000000000
7777  -14.618  -97.944  -27.384 0.5000000000
7784  -3.861  -98.918  -27.255 0.5000000000
7786  -12.077  -98.750  -27.435 0.5000000000
7801  -4.265  -98.443  -28.062 0.5000000000
7811  -3.707  -98.583  -28.853 0.5000000000
7825  -3.383  -98.482  -30.264 0.5000000000
7843  -3.331  -98.545  -31.916 0.5000000000
8594  -9.935  -96.980  -22.659 0.6999999881
8595  -10.666  -96.956  -22.504 0.6999999881
8596  -11.173  -96.906  -22.532 0.6999999881
8597  -11.697  -96.280  -22.680 0.6999999881
8607  -8.904  -97.707  -23.213 0.6999999881
8608  -11.445  -97.240  -22.911 0.6999999881
8625  -6.075  -98.038  -24.940 0.5000000000
8630  -13.561  -96.593  -26.588 0.6000000238
8632  -16.116  -96.521  -25.628 0.5000000000
8633  -17.417  -97.162  -26.170 0.4000000060
8637  -21.078  -96.985  -25.881 0.3000000119
8640  -5.901  -97.713  -25.427 0.5000000000
8642  -12.318  -97.362  -26.724 0.5000000000
8645  -14.725  -97.249  -27.328 0.5000000000
8650  -20.736  -97.394  -26.474 0.3000000119
8665  -18.236  -97.793  -27.597 0.4000000060
8679  -5.963  -97.420  -27.443 0.5000000000
8691  -5.058  -98.283  -29.953 0.4000000060
8692  -6.224  -97.582  -29.434 0.4000000060
8694  -21.501  -97.936  -30.289 0.3000000119
8713  -5.132  -98.343  -31.669 0.5000000000
8714  -6.749  -97.667  -31.744 0.5000000000
8715  -7.491  -97.123  -31.518 0.5000000000
8743  -6.449  -97.632  -33.520 0.5000000000
8755  -4.062  -97.795  -34.434 0.4000000060
9532  -10.152  -96.178  -22.732 0.6999999881
9535  -13.203  -95.330  -22.846 0.6999999881
9545  -9.029  -97.093  -23.506 0.6000000238
9546  -9.635  -96.533  -23.107 0.6999999881
9547  -13.224  -95.547  -23.427 0.6999999881
9549  -15.648  -95.809  -23.918 0.5000000000
9552  -18.868  -95.859  -23.618 0.4000000060
9553  -20.387  -95.790  -23.991 0.3000000119
9561  -9.319  -96.438  -23.915 0.6999999881
9562  -13.398  -95.797  -25.140 0.5000000000
9565  -16.752  -96.501  -24.610 0.4000000060
9567  -18.514  -96.615  -24.292 0.3000000119
9568  -19.939  -96.860  -25.058 0.3000000119
9570  -21.592  -96.264  -24.839 0.3000000119
9574  -7.267  -96.745  -25.032 0.5000000000
9581  -22.632  -96.228  -25.767 0.3000000119
9600  -8.184  -96.103  -27.253 0.6000000238
9610  -8.435  -96.061  -28.194 0.6000000238
9612  -22.811  -97.140  -27.870 0.3000000119
9621  -8.713  -96.061  -28.968 0.6000000238
9622  -9.317  -95.779  -29.228 0.6000000238
9630  -7.660  -96.965  -29.790 0.5000000000
9636  -16.768  -96.168  -31.635 0.5000000000
9637  -22.312  -96.928  -30.814 0.3000000119
9644  -8.118  -96.804  -31.193 0.5000000000
9645  -8.824  -96.544  -31.324 0.6000000238
9663  -10.217  -95.923  -32.465 0.6000000238
9664  -14.173  -96.637  -32.896 0.5000000000
9665  -14.923  -96.785  -32.765 0.5000000000
9676  -6.866  -97.002  -34.054 0.5000000000
9681  -14.033  -96.318  -33.809 0.6000000238
9684  -16.145  -96.276  -33.151 0.5000000000
9697  -7.435  -96.698  -34.741 0.5000000000
9703  -16.135  -96.120  -33.962 0.6000000238
9714  -7.797  -96.500  -35.569 0.5000000000
9715  -8.441  -96.318  -35.850 0.5000000000
9716  -9.211  -96.134  -35.705 0.5000000000
9731  -7.421  -96.148  -36.876 0.5000000000
9734  -9.971  -95.616  -36.588 0.5000000000
9742  -7.000  -95.964  -37.177 0.5000000000
9750  -6.426  -95.480  -37.434 0.5000000000
10573  -13.501  -94.775  -22.601 0.6000000238
10587  -11.804  -95.467  -22.525 0.6999999881
10588  -14.721  -95.001  -22.817 0.6000000238
10589  -16.063  -94.503  -22.472 0.4000000060
10591  -17.858  -94.937  -22.958 0.4000000060
10606  -10.152  -95.732  -23.051 0.6999999881
10614  -20.274  -94.864  -23.585 0.4000000060
10619  -10.335  -95.483  -23.820 0.6999999881
10621  -21.706  -95.610  -24.488 0.3000000119
10628  -9.823  -95.735  -25.326 0.6000000238
10653  -11.119  -94.945  -28.099 0.5000000000
10662  -9.865  -95.278  -28.358 0.6000000238
10663  -10.518  -95.227  -28.634 0.6000000238
10668  -18.204  -95.247  -29.168 0.5000000000
10680  -11.418  -95.527  -29.626 0.6000000238
10683  -16.292  -95.603  -29.714 0.5000000000
10693  -10.796  -95.596  -30.139 0.6999999881
10695  -12.987  -95.612  -30.353 0.5000000000
10697  -16.371  -96.050  -30.578 0.4000000060
10699  -17.572  -95.623  -31.003 0.5000000000
10709  -12.248  -95.641  -30.948 0.5000000000
10712  -14.491  -96.528  -31.294 0.5000000000
10713  -17.024  -95.904  -31.508 0.5000000000
10724  -11.060  -95.650  -32.441 0.6999999881
10727  -13.645  -96.355  -32.242 0.5000000000
10728  -16.681  -95.868  -32.266 0.5000000000
10737  -10.623  -95.688  -34.180 0.6000000238
10741  -16.517  -95.975  -33.185 0.6000000238
10754  -12.563  -95.441  -35.016 0.6000000238
10755  -13.975  -96.000  -34.646 0.6000000238
10757  -15.806  -95.948  -34.857 0.6000000238
10766  -12.147  -95.397  -35.844 0.6000000238
10768  -14.660  -95.857  -35.643 0.6000000238
10769  -15.540  -95.729  -35.531 0.6000000238
10779  -9.683  -95.524  -36.949 0.5000000000
10784  -14.295  -95.254  -36.136 0.6000000238
10793  -8.166  -95.426  -37.505 0.5000000000
10794  -10.433  -94.960  -37.143 0.5000000000
10803  -7.408  -95.373  -37.585 0.5000000000
11693  -13.095  -94.126  -22.450 0.6000000238
11694  -13.740  -94.260  -22.421 0.6000000238
11711  -11.012  -95.113  -22.607 0.6999999881
11713  -12.433  -94.715  -22.506 0.6000000238
11717  -17.629  -94.194  -22.642 0.4000000060
11718  -19.161  -94.081  -23.103 0.4000000060
11735  -11.316  -94.642  -22.824 0.6999999881
11742  -11.403  -94.342  -24.548 0.6000000238
11744  -21.414  -93.979  -24.184 0.4000000060
11756  -11.495  -94.329  -25.517 0.6000000238
11771  -11.785  -94.388  -26.500 0.5000000000
11772  -12.525  -94.273  -27.111 0.5000000000
11775  -19.115  -94.898  -27.477 0.5000000000
11791  -14.698  -94.150  -27.901 0.4000000060
11794  -18.452  -95.150  -27.774 0.5000000000
11795  -19.552  -94.680  -28.005 0.4000000060
11807  -11.923  -94.996  -28.380 0.5000000000
11808  -12.659  -94.992  -28.730 0.5000000000
11809  -13.370  -94.545  -28.353 0.5000000000
11813  -18.738  -95.140  -28.637 0.4000000060
11829  -15.200  -95.272  -29.351 0.5000000000
11849  -17.923  -95.141  -30.520 0.4000000060
11860  -16.397  -94.749  -31.987 0.5000000000
11874  -16.082  -94.465  -32.800 0.5000000000
11888  -16.528  -95.052  -34.475 0.6000000238
11925  -16.028  -95.085  -36.005 0.6000000238
11939  -11.089  -94.619  -36.979 0.6000000238
11940  -11.922  -94.339  -36.920 0.6000000238
11946  -6.528  -94.953  -37.351 0.5000000000
11947  -8.909  -94.728  -37.653 0.5000000000
11948  -9.368  -94.805  -37.556 0.5000000000
11949  -9.780  -94.470  -37.392 0.5000000000
12899  -13.918  -93.805  -22.376 0.6000000238
12915  -11.834  -94.424  -22.719 0.6999999881
12916  -12.315  -94.357  -22.590 0.6999999881
12917  -13.495  -93.513  -22.651 0.6000000238
12920  -15.833  -93.335  -22.550 0.4000000060
12921  -17.408  -93.482  -22.705 0.4000000060
12923  -18.748  -93.500  -23.089 0.4000000060
12937  -12.406  -93.751  -23.197 0.6000000238
12939  -17.979  -93.078  -23.133 0.4000000060
12953  -20.870  -93.250  -24.274 0.4000000060
12975  -16.848  -93.303  -25.486 0.4000000060
12992  -13.778  -93.473  -26.328 0.5000000000
12993  -14.581  -93.496  -26.640 0.4000000060
12995  -17.772  -93.797  -26.031 0.4000000060
13011  -13.949  -93.712  -26.957 0.4000000060
13014  -19.421  -94.292  -27.316 0.5000000000
13016  -19.860  -93.136  -27.416 0.4000000060
13088  -15.426  -93.435  -32.808 0.5000000000
13114  -16.960  -93.734  -35.240 0.5000000000
13139  -12.769  -94.177  -36.850 0.6999999881
13151  -7.411  -94.082  -36.823 0.5000000000
13152  -9.341  -93.685  -37.381 0.5000000000
13159  -8.617  -94.079  -37.474 0.5000000000
13160  -9.373  -94.341  -37.508 0.5000000000
14131  -13.940  -92.885  -23.035 0.5000000000
14132  -14.645  -92.917  -22.793 0.4000000060
14144  -14.720  -92.654  -23.312 0.4000000060
14145  -15.414  -92.593  -23.577 0.4000000060
14148  -18.757  -92.970  -23.558 0.4000000060
14150  -20.209  -92.943  -24.466 0.4000000060
14156  -16.816  -92.755  -24.459 0.4000000060
14158  -18.521  -92.747  -24.151 0.4000000060
14268  -14.636  -92.499  -31.289 0.5000000000
14293  -15.680  -92.915  -33.755 0.5000000000
14308  -17.219  -92.571  -35.197 0.5000000000
14309  -17.837  -92.044  -35.630 0.6000000238
14328  -17.968  -92.464  -36.128 0.6000000238
14341  -10.059  -92.424  -36.726 0.5000000000
14345  -13.592  -92.762  -36.571 0.6000000238
14358  -10.333  -93.207  -36.917 0.5000000000
14359  -11.083  -93.338  -36.782 0.5000000000
14360  -8.192  -93.811  -37.231 0.5000000000
14361  -8.617  -93.299  -37.201 0.5000000000
15419  -14.464  -91.291  -32.010 0.5000000000
15465  -9.088  -91.401  -36.410 0.6000000238
15467  -10.524  -91.685  -36.192 0.6000000238
15473  -17.312  -91.947  -36.958 0.6000000238
15474  -17.771  -92.227  -36.509 0.6000000238
16525  -14.803  -90.616  -32.391 0.5000000000
16549  -17.399  -90.544  -34.622 0.6999999881
16564  -12.225  -90.446  -36.150 0.6999999881
16568  -16.975  -90.173  -36.702 0.6000000238
16569  -17.461  -90.108  -36.341 0.6000000238
16572  -8.137  -90.646  -36.163 0.5000000000
17511  -11.061  -89.298  -22.877 0.6999999881
17521  -9.306  -89.351  -23.704 0.6999999881
17522  -11.426  -89.472  -23.403 0.6999999881
17539  -8.777  -89.249  -24.222 0.6999999881
17540  -9.525  -89.661  -24.328 0.6999999881
17542  -11.360  -89.662  -24.194 0.6000000238
17543  -12.224  -89.410  -24.506 0.6000000238
17567  -10.677  -89.805  -25.806 0.6000000238
17569  -12.268  -89.438  -25.398 0.6000000238
17589  -12.220  -89.486  -26.250 0.6000000238
17606  -12.155  -89.465  -27.112 0.6000000238
17621  -11.241  -89.311  -28.288 0.6000000238
17638  -10.618  -88.906  -28.896 0.6000000238
17640  -12.217  -89.257  -29.440 0.5000000000
17642  -14.910  -89.034  -29.527 0.4000000060
17655  -14.902  -88.994  -31.006 0.4000000060
17677  -14.761  -90.016  -31.949 0.5000000000
17689  -15.971  -89.984  -33.434 0.6000000238
17701  -17.457  -89.470  -34.774 0.6000000238
17709  -8.533  -89.217  -35.394 0.5000000000
17710  -10.055  -89.253  -35.700 0.6000000238
17712  -17.514  -89.536  -36.055 0.6000000238
17719  -8.335  -90.089  -35.772 0.5000000000
17720  -9.648  -90.125  -35.775 0.6000000238
17724  -14.292  -89.649  -36.620 0.6000000238
17726  -16.353  -89.438  -36.831 0.5000000000
18692  -11.130  -88.300  -21.766 0.6000000238
18693  -12.005  -88.362  -21.723 0.6000000238
18694  -12.798  -88.198  -21.818 0.5000000000
18701  -9.951  -88.553  -22.682 0.6999999881
18705  -13.045  -88.341  -22.580 0.5000000000
18715  -7.792  -88.020  -23.687 0.6000000238
18716  -8.434  -88.325  -23.489 0.6000000238
18717  -9.248  -88.659  -23.207 0.6000000238
18719  -12.721  -88.863  -23.979 0.6000000238
18720  -13.213  -88.319  -23.430 0.4000000060
18745  -8.811  -88.938  -25.727 0.6000000238
18747  -13.155  -88.399  -25.725 0.6999999881
18765  -13.160  -88.510  -26.452 0.6000000238
18784  -9.589  -88.311  -28.114 0.6000000238
18804  -12.902  -88.944  -28.908 0.5000000000
18825  -11.123  -88.816  -30.118 0.6000000238
18827  -13.232  -88.419  -29.513 0.5000000000
18844  -10.725  -88.106  -31.385 0.5000000000
18846  -12.294  -88.561  -30.672 0.6000000238
18866  -15.957  -87.806  -32.135 0.6000000238
18899  -16.534  -88.442  -33.614 0.6000000238
18911  -7.874  -87.944  -34.413 0.6000000238
18923  -8.377  -88.119  -34.930 0.6000000238
18925  -10.260  -88.321  -35.566 0.6000000238
18927  -12.203  -88.310  -35.791 0.6999999881
18929  -14.271  -88.517  -35.963 0.5000000000
18939  -14.778  -88.993  -36.502 0.6000000238
18940  -15.799  -88.756  -36.650 0.5000000000
18941  -16.886  -88.477  -36.166 0.5000000000
18942  -17.134  -89.011  -36.259 0.5000000000
19896  -11.212  -87.126  -20.773 0.6000000238
19899  -13.816  -87.294  -20.693 0.5000000000
19907  -10.752  -87.495  -21.397 0.6000000238
19910  -13.289  -87.716  -21.273 0.5000000000
19929  -7.255  -87.322  -23.686 0.6000000238
19945  -6.486  -86.979  -24.175 0.5000000000
19947  -14.357  -86.880  -24.729 0.5000000000
19960  -7.428  -87.740  -25.291 0.6000000238
19977  -6.670  -86.884  -26.074 0.6000000238
19978  -13.459  -87.636  -26.851 0.6000000238
19994  -9.004  -87.591  -28.455 0.6000000238
20008  -8.119  -87.123  -28.922 0.6000000238
20010  -16.513  -87.177  -28.295 0.4000000060
20025  -16.363  -87.288  -29.146 0.4000000060
20039  -8.925  -87.549  -30.922 0.5000000000
20042  -13.419  -87.314  -30.450 0.6000000238
20043  -15.849  -87.766  -30.261 0.4000000060
20094  -9.075  -86.891  -33.364 0.6000000238
20095  -16.979  -87.714  -34.092 0.6000000238
20096  -17.290  -87.036  -34.602 0.5000000000
20108  -8.386  -87.448  -34.314 0.6000000238
20110  -17.409  -87.914  -34.860 0.6000000238
20122  -9.626  -87.556  -35.076 0.5000000000
20123  -11.749  -87.393  -35.347 0.6000000238
20125  -13.796  -87.785  -35.515 0.6000000238
20126  -16.355  -87.441  -35.800 0.5000000000
20127  -17.055  -87.779  -35.696 0.5000000000
20132  -15.822  -88.015  -36.189 0.6000000238
21121  -14.879  -86.141  -18.894 0.5000000000
21136  -11.946  -86.211  -19.629 0.5000000000
21137  -12.817  -86.453  -19.438 0.6000000238
21140  -15.067  -86.356  -19.656 0.5000000000
21157  -13.360  -87.007  -19.949 0.5000000000
21158  -14.685  -87.020  -20.958 0.5000000000
21174  -10.598  -86.602  -21.193 0.6000000238
21175  -14.838  -86.990  -21.868 0.5000000000
21193  -14.882  -86.836  -22.756 0.5000000000
21208  -6.544  -86.279  -23.543 0.5000000000
21211  -9.998  -86.205  -22.760 0.6999999881
21228  -5.122  -85.979  -24.058 0.5000000000
21264  -13.770  -86.993  -26.395 0.5000000000
21288  -13.993  -85.940  -28.035 0.5000000000
21290  -17.635  -86.269  -28.633 0.4000000060
21299  -16.826  -86.797  -29.881 0.5000000000
21309  -17.398  -86.179  -30.378 0.5000000000
21318  -12.409  -86.524  -32.040 0.6999999881
21320  -16.928  -86.591  -31.858 0.6000000238
21331  -10.705  -85.989  -33.219 0.6000000238
21332  -11.670  -85.799  -32.905 0.6999999881
21344  -8.481  -86.992  -33.939 0.4000000060
21345  -9.104  -86.460  -33.953 0.4000000060
21348  -17.466  -85.972  -34.431 0.5000000000
21360  -9.941  -85.728  -34.250 0.6000000238
21365  -16.343  -85.971  -34.998 0.5000000000
21373  -9.687  -86.690  -34.551 0.5000000000
21374  -11.207  -86.348  -34.933 0.6000000238
21380  -17.226  -86.927  -34.993 0.5000000000
22424  -13.434  -85.397  -18.248 0.6000000238
22425  -14.504  -85.666  -18.228 0.5000000000
22426  -15.432  -85.625  -18.465 0.5000000000
22448  -13.160  -86.015  -18.891 0.6999999881
22473  -10.621  -85.754  -20.978 0.6000000238
22474  -11.143  -85.750  -20.167 0.5000000000
22495  -10.310  -85.867  -21.855 0.6000000238
22530  -10.121  -85.432  -23.429 0.6999999881
22531  -15.742  -86.092  -23.663 0.5000000000
22600  -14.477  -85.604  -27.720 0.5000000000
22615  -14.363  -85.503  -28.561 0.5000000000
22631  -14.068  -85.779  -29.185 0.6000000238
22648  -14.375  -84.800  -30.073 0.6000000238
22658  -13.349  -85.131  -31.892 0.6000000238
22683  -17.943  -85.314  -33.999 0.5000000000
22692  -11.017  -84.568  -34.238 0.6000000238
22694  -13.094  -84.614  -34.626 0.6000000238
22698  -17.493  -85.401  -34.645 0.5000000000
23702  -13.199  -84.483  -17.662 0.6000000238
23796  -10.431  -84.693  -23.178 0.6999999881
23913  -14.885  -84.265  -29.819 0.6000000238
23944  -13.712  -84.285  -32.387 0.6000000238
23945  -14.303  -83.844  -31.755 0.6000000238
23955  -12.394  -84.032  -33.840 0.6000000238
23970  -11.810  -84.210  -34.142 0.6000000238
23972  -12.961  -83.534  -33.992 0.6000000238
23986  -12.606  -83.847  -34.217 0.6000000238
23989  -16.040  -84.233  -34.561 0.6000000238
24974  -16.292  -82.982  -15.933 0.4000000060
24980  -14.688  -83.583  -16.347 0.5000000000
24989  -12.879  -82.775  -17.750 0.6999999881
25006  -12.374  -83.039  -18.470 0.6999999881
25023  -11.884  -83.192  -19.202 0.6000000238
25039  -11.483  -83.263  -20.065 0.6000000238
25081  -10.707  -83.795  -22.913 0.6000000238
25110  -10.758  -83.132  -25.153 0.5000000000
25202  -14.733  -82.981  -32.117 0.6000000238
25204  -15.808  -82.473  -31.486 0.6000000238
25216  -13.693  -83.267  -33.687 0.6000000238
25233  -14.223  -83.029  -33.857 0.6000000238
25234  -15.146  -82.767  -33.641 0.6000000238
25245  -13.218  -83.419  -34.107 0.6000000238
25246  -13.945  -83.295  -34.151 0.6000000238
26277  -16.419  -82.357  -15.600 0.4000000060
26278  -17.154  -81.912  -15.811 0.4000000060
26292  -14.073  -82.997  -16.251 0.5000000000
26310  -13.211  -82.207  -17.489 0.6000000238
26312  -17.962  -82.442  -17.324 0.4000000060
26313  -18.318  -82.254  -18.015 0.4000000060
26348  -12.589  -82.439  -19.160 0.6999999881
26382  -12.255  -82.167  -21.185 0.6000000238
26412  -12.140  -81.851  -24.066 0.6999999881
26445  -11.638  -81.992  -26.222 0.6000000238
26523  -15.902  -82.338  -32.377 0.6000000238
27565  -14.316  -80.889  -14.914 0.4000000060
27567  -16.002  -81.215  -14.844 0.4000000060
27578  -15.752  -81.954  -15.192 0.4000000060
27591  -13.604  -81.896  -16.154 0.5000000000
27612  -13.354  -82.091  -16.902 0.6000000238
27634  -18.470  -81.410  -18.192 0.4000000060
27655  -12.947  -81.336  -19.449 0.6999999881
27727  -12.322  -81.288  -23.744 0.6999999881
27760  -11.869  -81.096  -26.018 0.5000000000
27761  -11.876  -80.703  -25.219 0.6000000238
28907  -17.320  -80.350  -15.127 0.3000000119
28922  -13.010  -80.326  -15.434 0.5000000000
28923  -13.718  -80.838  -15.239 0.5000000000
28924  -17.227  -81.127  -15.526 0.4000000060
29057  -10.365  -79.486  -24.154 0.6000000238
29071  -10.381  -80.080  -24.727 0.6000000238
29072  -11.151  -80.267  -25.166 0.6000000238
29073  -11.424  -80.078  -24.671 0.6000000238
29074  -12.053  -80.523  -24.345 0.6000000238
29084  -11.564  -80.696  -25.716 0.5000000000
30184  -15.084  -79.180  -13.676 0.4000000060
30201  -14.438  -79.706  -14.024 0.4000000060
30219  -13.122  -79.702  -14.799 0.4000000060
30236  -11.735  -79.403  -16.661 0.5000000000
30237  -12.276  -79.917  -16.088 0.5000000000
30286  -9.092  -79.829  -19.596 0.5000000000
30305  -11.992  -79.542  -21.436 0.6000000238
30321  -11.491  -78.835  -22.135 0.6000000238
30339  -9.509  -79.063  -22.936 0.6000000238
30341  -11.278  -78.891  -22.937 0.6000000238
30357  -10.439  -78.873  -23.736 0.6000000238
30358  -11.045  -79.015  -23.697 0.6000000238
31466  -15.718  -78.617  -13.554 0.3000000119
31522  -10.890  -78.268  -16.531 0.6000000238
31539  -11.081  -78.664  -18.052 0.6000000238
31556  -10.659  -77.863  -18.420 0.6000000238
31587  -8.832  -78.242  -21.564 0.5000000000
31589  -11.301  -78.408  -21.093 0.6000000238
31603  -8.979  -77.751  -22.464 0.5000000000
31624  -10.050  -77.681  -22.980 0.5000000000
32678  -12.392  -77.383  -14.446 0.5000000000
32695  -10.626  -76.990  -16.023 0.5000000000
32696  -11.186  -77.440  -15.396 0.5000000000
32748  -10.458  -77.012  -18.878 0.6000000238
32764  -8.505  -77.027  -20.396 0.4000000060
32791  -8.932  -76.740  -22.159 0.4000000060
32792  -9.094  -76.961  -22.420 0.4000000060
32793  -9.615  -76.705  -22.199 0.5000000000
32808  -9.587  -77.163  -22.608 0.5000000000
33857  -13.668  -76.353  -14.038 0.3000000119
33879  -13.060  -76.872  -14.234 0.3000000119
33959  -9.795  -76.212  -20.722 0.6000000238
33974  -8.911  -75.996  -21.428 0.4000000060
35100  -10.506  -75.258  -15.866 0.4000000060
35158  -7.706  -74.869  -19.006 0.4000000060
35160  -9.371  -74.874  -20.007 0.5000000000
35174  -7.991  -74.668  -20.667 0.4000000060
35177  -9.575  -75.577  -20.315 0.5000000000
35189  -8.521  -75.137  -20.835 0.5000000000
35190  -8.772  -75.380  -20.969 0.5000000000
36280  -7.780  -74.130  -20.609 0.4000000060
36281  -8.201  -74.054  -20.779 0.4000000060
36294  -8.508  -74.696  -20.794 0.5000000000
37371  -10.945  -73.380  -15.839 0.3000000119
37421  -7.689  -73.382  -20.329 0.3000000119
37422  -7.998  -73.491  -20.624 0.3000000119
38652  -10.733  -72.872  -16.102 0.3000000119
38679  -8.986  -72.240  -18.183 0.3000000119
38695  -8.205  -72.912  -20.141 0.3000000119
38696  -8.602  -72.563  -19.258 0.3000000119
39853  -11.158  -71.475  -13.530 0.3000000119
39951  -7.999  -72.363  -19.786 0.3000000119
41078  -9.165  -70.752  -14.133 0.3000000119
41106  -8.374  -69.982  -14.409 0.3000000119
41108  -11.244  -70.009  -14.119 0.3000000119
41148  -11.641  -70.027  -16.413 0.3000000119
41149  -12.409  -70.185  -16.265 0.3000000119
41182  -7.154  -71.183  -18.745 0.3000000119
41183  -7.589  -70.743  -18.583 0.3000000119
41184  -8.228  -71.050  -18.747 0.3000000119
42285  -5.822  -68.956  -12.450 0.3000000119
42357  -6.864  -68.949  -16.450 0.4000000060
42377  -6.580  -69.861  -16.697 0.4000000060
42380  -8.879  -69.213  -18.248 0.3000000119
42397  -7.690  -70.160  -18.125 0.3000000119
43502  -5.099  -68.298  -13.475 0.3000000119
43503  -5.770  -68.206  -13.207 0.3000000119
43524  -12.203  -68.629  -14.159 0.3000000119
43559  -5.738  -68.827  -15.521 0.4000000060
43560  -6.224  -68.815  -15.872 0.4000000060
43561  -7.133  -68.057  -16.038 0.4000000060
43564  -12.059  -68.659  -16.565 0.3000000119
43565  -12.871  -68.261  -16.362 0.3000000119
43582  -8.526  -68.517  -17.492 0.3000000119
44677  -9.880  -67.151  -14.958 0.4000000060
44709  -7.692  -67.355  -15.775 0.4000000060
44711  -9.002  -66.579  -16.541 0.4000000060
45856  -9.099  -66.184  -16.022 0.4000000060
45892  -9.626  -66.219  -16.981 0.3000000119
46980  -10.350  -64.433  -17.223 0.3000000119
47002  -10.710  -64.329  -17.593 0.3000000119
161748  -7.541  -67.358  -14.841 0.4000000060
162055  -9.456  -95.191  -37.368 0.5000000000
162151  -13.110  -95.766  -34.133 0.6000000238
162222  -15.377  -96.676  -26.755 0.5000000000
163623  -6.656  -99.049  -25.293 0.6000000238
164146  -16.389  -93.405  -37.012 0.6000000238
164247  -11.348  -100.087  -25.713 0.5000000000
164552  -12.076  -82.273  -22.105 0.6000000238
164928  -13.335  -97.407  -27.076 0.4000000060
165113  -13.130  -93.176  -24.633 0.5000000000
165259  -7.278  -96.385  -36.173 0.5000000000
165812  -12.494  -95.889  -23.052 0.6999999881
166195  -11.552  -95.618  -31.695 0.6000000238
166352  -10.805  -74.068  -15.750 0.3000000119
166394  -9.456  -86.150  -34.093 0.5000000000
166943  -5.910  -96.340  -36.533 0.5000000000
166974  -10.923  -83.290  -23.685 0.6999999881
167170  -8.617  -94.590  -37.623 0.5000000000
167205  -12.733  -91.151  -36.167 0.6999999881
167247  -19.204  -94.631  -28.703 0.4000000060
167847  -13.876  -84.277  -17.113 0.5000000000
168048  -15.657  -97.291  -27.447 0.5000000000
168329  -21.574  -97.806  -28.108 0.3000000119
168486  -10.571  -85.359  -34.507 0.6000000238
169854  -9.305  -78.200  -22.840 0.5000000000
170021  -15.920  -82.784  -34.021 0.6000000238
170166  -10.362  -88.321  -30.537 0.5000000000
170264  -11.312  -94.471  -23.551 0.6999999881
170737  -14.473  -77.923  -13.532 0.4000000060
171116  -11.529  -82.949  -21.877 0.6000000238
171422  -20.842  -98.595  -30.859 0.3000000119
171445  -13.229  -88.577  -28.131 0.5000000000
171898  -7.029  -69.531  -13.430 0.4000000060
172154  -3.438  -98.234  -33.589 0.5000000000
172591  -17.399  -93.940  -35.960 0.6000000238
172759  -14.192  -87.216  -24.131 0.5000000000
172930  -12.611  -81.645  -20.778 0.6000000238
173860  -8.940  -66.236  -16.048 0.4000000060
173964  -10.329  -65.104  -17.489 0.3000000119
174081  -17.484  -86.020  -32.203 0.5000000000
174157  -9.942  -89.622  -23.770 0.6999999881
174301  -12.646  -80.993  -21.162 0.6000000238
174349  -14.193  -86.572  -26.063 0.5000000000
174562  -9.051  -96.468  -34.140 0.5000000000
174933  -20.650  -101.569  -29.920 0.3000000119
174956  -11.017  -84.822  -19.962 0.6000000238
174962  -10.926  -89.866  -25.007 0.6999999881
175016  -19.166  -101.134  -30.353 0.3000000119
175396  -9.643  -96.171  -34.141 0.5000000000
175936  -11.597  -79.239  -19.543 0.6000000238
176083  -13.053  -81.884  -18.997 0.6999999881
176317  -12.000  -89.459  -27.861 0.6000000238
176896  -18.301  -92.875  -24.767 0.4000000060
176925  -9.698  -73.751  -17.316 0.4000000060
177007  -9.838  -68.149  -17.774 0.3000000119
177220  -13.823  -90.205  -36.638 0.6000000238
177288  -15.105  -94.464  -22.486 0.4000000060
177432  -11.851  -67.702  -16.781 0.3000000119
177757  -7.548  -97.888  -23.975 0.5000000000
177795  -11.945  -79.898  -19.014 0.6999999881
178280  -16.536  -87.104  -31.261 0.6000000238
178759  -11.861  -81.687  -25.572 0.6000000238
179339  -11.419  -98.278  -23.859 0.5000000000
179397  -16.372  -88.414  -36.390 0.5000000000
180019  -16.754  -89.112  -34.042 0.6000000238
180099  -14.156  -84.981  -30.622 0.6000000238
180400  -7.959  -67.987  -14.600 0.3000000119
180534  -8.621  -99.849  -25.537 0.5000000000
180736  -8.832  -87.103  -23.056 0.6000000238
180838  -15.258  -96.765  -32.144 0.5000000000
180891  -16.670  -94.780  -27.891 0.5000000000
181474  -7.220  -67.541  -15.256 0.4000000060
181673  -15.410  -86.424  -23.020 0.5000000000
181768  -13.966  -95.778  -35.327 0.6000000238
182049  -13.181  -93.600  -26.068 0.5000000000
182065  -16.621  -93.392  -22.618 0.4000000060
182483  -13.015  -90.345  -36.334 0.6999999881
182593  -9.317  -87.375  -22.828 0.6999999881
182682  -18.178  -98.435  -29.109 0.4000000060
182806  -16.470  -78.764  -13.805 0.3000000119
182808  -17.229  -96.324  -23.931 0.4000000060
182916  -20.012  -101.759  -28.705 0.3000000119
183290  -8.182  -86.788  -23.238 0.6000000238
184619  -5.996  -98.058  -31.479 0.5000000000
184675  -10.403  -85.217  -22.071 0.6000000238
185122  -11.001  -91.021  -35.763 0.6999999881
185666  -10.110  -65.721  -15.616 0.4000000060
185816  -8.928  -95.585  -37.160 0.5000000000
185881  -16.643  -98.822  -29.145 0.4000000060
186479  -14.148  -92.683  -23.757 0.4000000060
186571  -12.499  -93.552  -24.585 0.5000000000
186682  -9.945  -95.196  -37.172 0.5000000000
186920  -22.233  -102.749  -27.331 0.3000000119
186971  -11.714  -95.314  -36.384 0.6000000238
186996  -13.695  -94.535  -36.614 0.6000000238
187134  -6.527  -67.710  -14.857 0.4000000060
187220  -10.915  -87.643  -32.030 0.5000000000
187695  -7.422  -67.341  -14.981 0.4000000060
187848  -20.153  -98.261  -28.543 0.4000000060
187915  -8.599  -78.420  -18.639 0.5000000000
187954  -9.727  -95.498  -26.119 0.6000000238
188962  -6.055  -98.091  -32.992 0.5000000000
189119  -9.448  -90.877  -36.050 0.6000000238
189346  -7.109  -89.450  -35.056 0.5000000000
189509  -10.578  -84.690  -33.986 0.6000000238
189649  -12.194  -94.090  -22.819 0.6000000238
189946  -9.324  -87.174  -34.581 0.5000000000
190332  -9.890  -85.343  -23.972 0.5000000000
190348  -16.299  -80.573  -14.676 0.4000000060
190411  -8.942  -93.657  -37.417 0.5000000000
190423  -16.186  -93.800  -22.381 0.4000000060
190787  -7.021  -97.404  -24.387 0.5000000000
190790  -15.006  -86.624  -35.118 0.6000000238
190898  -19.410  -99.525  -30.187 0.4000000060
190942  -10.807  -90.402  -35.859 0.6999999881
191293  -6.198  -67.796  -14.426 0.4000000060
191337  -18.418  -93.205  -23.156 0.4000000060
191611  -6.135  -95.869  -37.500 0.5000000000
192008  -8.874  -71.511  -18.107 0.3000000119
192388  -10.770  -101.149  -24.933 0.5000000000
193790  -9.460  -87.850  -30.521 0.5000000000
194284  -14.457  -84.088  -16.735 0.5000000000
194560  -11.383  -78.818  -16.320 0.5000000000
195091  -10.250  -76.897  -21.890 0.5000000000
195113  -14.414  -93.621  -22.406 0.6000000238
195157  -15.068  -92.801  -30.714 0.4000000060
195355  -7.946  -70.872  -18.729 0.3000000119
195373  -12.528  -80.938  -21.908 0.6000000238
