#!ascii label  , from subject sub-v1s2x0051464_ses-1 vox2ras=TkReg
1057
79414  -21.356  -37.849  -16.843 0.4285714328
80633  -21.682  -36.340  -18.393 0.2857142985
80615  -22.206  -36.712  -17.805 0.4285714328
80634  -22.626  -36.043  -18.349 0.4285714328
80635  -23.614  -35.994  -18.120 0.4285714328
81826  -22.596  -35.572  -18.955 0.2857142985
81827  -23.294  -35.520  -18.720 0.4285714328
81848  -23.813  -35.066  -19.211 0.4285714328
83014  -23.031  -34.434  -20.588 0.4285714328
83015  -23.827  -34.296  -20.424 0.4285714328
84194  -24.029  -33.759  -21.506 0.4285714328
172498  -24.693  -33.445  -21.556 0.4285714328
85253  -23.848  -32.573  -23.845 0.5714285970
85236  -24.416  -32.685  -22.884 0.5714285970
85237  -25.206  -32.309  -22.552 0.2857142985
86187  -24.195  -31.967  -24.472 0.7142857313
85254  -24.678  -32.070  -23.441 0.7142857313
87259  -25.994  -30.603  -24.122 0.7142857313
194100  -26.570  -30.062  -23.628 0.4285714328
86188  -25.030  -31.285  -24.064 0.7142857313
86189  -25.850  -31.000  -23.244 0.5714285970
88416  -26.557  -29.776  -24.441 0.5714285970
87267  -25.877  -30.455  -25.414 0.5714285970
88422  -26.341  -29.881  -25.563 0.5714285970
88423  -26.807  -29.217  -25.298 0.5714285970
88417  -27.228  -28.901  -24.195 0.5714285970
87281  -25.760  -30.232  -26.400 0.5714285970
89493  -27.762  -28.081  -24.065 0.4285714328
90589  -27.756  -27.785  -25.901 0.5714285970
90576  -28.483  -27.160  -25.230 0.5714285970
89544  -26.756  -28.975  -28.029 0.7142857313
90590  -28.285  -27.454  -26.753 0.7142857313
91578  -28.874  -26.743  -26.237 0.7142857313
191649  -29.247  -26.489  -25.120 0.5714285970
172223  -27.314  -28.389  -26.399 0.5714285970
90607  -25.463  -28.534  -26.884 0.5714285970
90610  -28.006  -27.637  -28.086 0.8571428657
172732  -29.330  -26.351  -27.058 0.7142857313
91568  -29.955  -25.977  -25.247 0.5714285970
193990  -27.412  -27.779  -28.050 0.7142857313
91597  -26.810  -27.498  -27.552 0.5714285970
92582  -30.431  -25.356  -27.464 0.7142857313
92561  -30.953  -25.127  -26.404 0.5714285970
91615  -28.453  -27.047  -28.924 0.7142857313
92581  -29.825  -26.017  -27.678 0.7142857313
92604  -31.826  -25.335  -28.276 0.5714285970
91600  -29.162  -26.525  -28.449 0.7142857313
189555  -32.219  -25.275  -27.503 0.5714285970
91621  -28.523  -26.655  -29.113 0.5714285970
92610  -28.753  -26.219  -29.115 0.7142857313
92612  -30.071  -24.974  -28.646 0.7142857313
94606  -32.154  -24.594  -28.505 0.7142857313
93602  -32.128  -25.254  -28.417 0.7142857313
93600  -29.683  -24.749  -28.704 0.7142857313
93611  -30.211  -24.501  -29.366 0.7142857313
94618  -30.509  -24.212  -29.736 0.7142857313
95649  -32.038  -23.048  -29.002 0.7142857313
185549  -32.177  -23.687  -28.400 0.5714285970
94616  -29.862  -24.434  -29.447 0.7142857313
93579  -28.264  -25.648  -28.242 0.5714285970
96623  -32.834  -22.128  -28.165 0.5714285970
96641  -32.667  -21.212  -28.883 0.5714285970
95660  -29.828  -23.924  -29.297 0.8571428657
95670  -31.392  -22.102  -30.712 0.7142857313
95662  -30.522  -23.295  -30.089 0.8571428657
95669  -30.933  -22.352  -30.758 0.7142857313
98754  -32.415  -19.527  -30.434 0.8571428657
97658  -32.563  -20.356  -29.542 0.5714285970
96648  -31.259  -21.280  -31.115 0.8571428657
96646  -30.531  -21.521  -30.547 0.8571428657
95668  -30.546  -22.433  -30.515 0.8571428657
98762  -31.751  -18.754  -31.813 0.8571428657
99693  -32.747  -18.242  -31.084 0.8571428657
191725  -33.303  -16.291  -30.337 0.8571428657
97675  -31.087  -20.389  -31.630 0.8571428657
99696  -31.889  -18.250  -31.791 0.8571428657
100646  -31.754  -17.660  -30.661 1.0000000000
100656  -32.186  -17.726  -31.477 1.0000000000
98761  -31.206  -19.487  -31.699 0.8571428657
101675  -32.107  -17.022  -30.953 1.0000000000
99683  -31.627  -18.347  -31.242 1.0000000000
102658  -33.337  -15.153  -30.905 1.0000000000
103587  -32.375  -14.338  -30.403 0.7142857313
101663  -32.872  -16.233  -30.357 1.0000000000
101662  -32.177  -16.177  -30.025 1.0000000000
103589  -33.376  -14.711  -31.243 1.0000000000
107377  -34.026  -10.334  -32.621 1.0000000000
174588  -33.739  -10.182  -32.786 0.8571428657
109287  -33.463  -8.577  -33.371 0.8571428657
173404  -33.549  -9.243  -33.282 1.0000000000
113010  -33.030  -5.226  -34.446 0.8571428657
111222  -33.181  -6.612  -33.995 0.8571428657
110265  -33.352  -7.496  -33.684 1.0000000000
184770  -32.520  -4.116  -33.924 0.8571428657
113927  -32.109  -3.678  -33.858 0.7142857313
112991  -30.800  -4.858  -32.854 0.5714285970
114874  -31.183  -2.993  -34.037 0.7142857313
177930  -28.189  -3.675  -32.985 0.5714285970
113916  -29.474  -4.012  -33.196 0.5714285970
113915  -26.733  -3.420  -33.283 0.4285714328
115835  -27.101  -0.821  -34.647 0.4285714328
115846  -28.285  -0.239  -34.765 0.4285714328
115821  -26.179  -1.968  -32.567 0.2857142985
115822  -26.912  -1.295  -32.081 0.2857142985
184135  -25.940  -2.466  -32.832 0.2857142985
115823  -28.172  -1.108  -31.165 0.2857142985
81825  -21.880  -35.779  -18.916 0.2857142985
89500  -27.367  -28.397  -25.225 0.5714285970
92560  -30.022  -25.622  -26.401 0.5714285970
97659  -33.330  -20.367  -28.463 0.5714285970
95663  -31.336  -22.891  -30.122 0.7142857313
96640  -32.086  -22.220  -29.644 0.7142857313
97670  -31.742  -20.381  -30.747 0.8571428657
98755  -33.036  -18.729  -30.282 0.8571428657
101664  -33.314  -16.972  -30.570 0.8571428657
104527  -33.307  -13.406  -31.550 0.8571428657
116685  -30.091  -1.048  -30.089 0.1428571492
81847  -22.184  -35.399  -19.536 0.2857142985
166696  -22.993  -35.220  -19.388 0.2857142985
82993  -23.416  -34.711  -19.867 0.4285714328
83016  -24.658  -34.156  -20.463 0.4285714328
84213  -24.068  -33.310  -22.310 0.4285714328
84178  -25.143  -33.771  -20.999 0.4285714328
84225  -23.203  -33.324  -22.815 0.5714285970
86174  -25.482  -31.600  -22.960 0.4285714328
85266  -23.753  -31.771  -25.185 0.2857142985
86197  -24.457  -31.381  -25.313 0.7142857313
87266  -25.235  -31.011  -25.391 0.7142857313
87285  -25.150  -30.562  -26.822 0.5714285970
89494  -28.380  -27.907  -23.289 0.4285714328
87286  -25.852  -29.695  -27.026 0.7142857313
88441  -26.508  -29.200  -27.232 0.7142857313
90557  -27.925  -27.720  -24.828 0.5714285970
90558  -28.363  -27.398  -24.089 0.4285714328
91599  -28.702  -27.040  -27.710 0.7142857313
90608  -26.111  -28.202  -27.291 0.5714285970
90621  -26.813  -28.362  -28.006 0.5714285970
93603  -32.803  -24.939  -27.655 0.5714285970
91598  -27.637  -27.224  -28.337 0.5714285970
93561  -31.985  -24.771  -26.411 0.5714285970
92611  -29.306  -25.722  -28.832 0.7142857313
92602  -29.751  -25.789  -28.477 0.7142857313
92600  -28.390  -26.401  -29.091 0.8571428657
97669  -30.655  -20.636  -30.893 1.0000000000
101677  -33.640  -15.555  -30.429 1.0000000000
99668  -31.145  -18.618  -29.075 1.0000000000
103570  -32.584  -15.016  -30.427 0.8571428657
104526  -33.056  -13.177  -31.720 0.7142857313
186582  -33.592  -12.765  -31.653 1.0000000000
106392  -34.323  -11.868  -31.347 1.0000000000
107376  -33.858  -10.829  -32.326 0.7142857313
106403  -34.076  -11.507  -31.844 1.0000000000
105458  -33.340  -12.194  -32.081 0.7142857313
108302  -34.066  -9.965  -33.119 0.8571428657
112150  -32.694  -6.050  -33.908 0.8571428657
109288  -33.620  -8.369  -33.362 1.0000000000
112992  -31.721  -4.300  -33.278 0.7142857313
114871  -26.634  -2.127  -34.092 0.7142857313
113917  -30.619  -4.163  -33.181 0.5714285970
113926  -30.305  -3.389  -33.504 0.7142857313
114873  -29.846  -2.458  -33.861 0.7142857313
178142  -27.356  -4.311  -32.725 0.4285714328
115828  -25.866  -0.982  -33.541 0.2857142985
116701  -26.317  -0.062  -34.657 0.4285714328
115836  -29.257  -1.301  -34.357 0.4285714328
116713  -27.401  0.087  -34.811 0.4285714328
191233  -27.522  -0.757  -32.107 0.2857142985
86210  -24.782  -31.008  -26.685 0.4285714328
88439  -24.915  -30.290  -26.901 0.4285714328
114864  -26.042  -2.434  -33.626 0.4285714328
113924  -27.788  -2.841  -33.487 0.7142857313
115834  -25.841  -1.195  -34.159 0.2857142985
115829  -26.596  -0.287  -33.228 0.2857142985
79439  -21.784  -37.286  -17.310 0.4285714328
80614  -21.322  -36.900  -17.944 0.2857142985
83033  -22.710  -34.233  -21.397 0.2857142985
83034  -23.503  -34.113  -21.153 0.4285714328
83035  -24.120  -34.042  -20.934 0.4285714328
83048  -23.230  -33.817  -22.026 0.4285714328
84226  -23.726  -32.946  -23.079 0.4285714328
193322  -23.573  -32.319  -24.679 0.2857142985
87280  -25.227  -30.923  -26.486 0.5714285970
88437  -26.365  -29.546  -26.334 0.5714285970
89516  -26.926  -28.957  -26.311 0.5714285970
90609  -27.627  -28.108  -27.214 0.7142857313
186121  -29.051  -26.820  -24.201 0.5714285970
89543  -26.424  -28.790  -27.705 0.7142857313
90622  -27.276  -28.126  -27.951 0.7142857313
89542  -25.844  -28.973  -27.333 0.7142857313
90623  -27.902  -27.421  -28.411 0.5714285970
92583  -31.374  -25.221  -27.428 0.5714285970
93601  -30.961  -24.939  -28.708 0.7142857313
92580  -27.856  -26.504  -28.557 0.7142857313
92601  -28.693  -25.865  -29.004 0.8571428657
94619  -31.319  -23.889  -29.351 0.7142857313
93599  -28.963  -25.127  -28.371 0.8571428657
162240  -31.978  -21.323  -30.163 0.8571428657
97674  -30.883  -20.428  -31.544 0.8571428657
162496  -31.592  -19.480  -31.471 0.8571428657
184095  -30.223  -22.236  -29.891 0.8571428657
98753  -31.287  -19.036  -31.299 1.0000000000
102644  -32.531  -15.544  -30.032 1.0000000000
104514  -32.906  -14.004  -31.333 0.8571428657
112999  -32.299  -4.986  -33.819 0.8571428657
183000  -31.295  -3.686  -33.463 0.7142857313
113925  -29.057  -3.034  -33.411 0.5714285970
112987  -26.565  -4.269  -32.547 0.4285714328
114872  -28.276  -2.016  -33.910 0.4285714328
114860  -27.612  -1.686  -30.806 0.2857142985
113913  -25.970  -2.617  -33.245 0.2857142985
81871  -22.597  -34.949  -20.071 0.2857142985
86209  -24.205  -31.257  -25.923 0.2857142985
106412  -33.920  -11.432  -32.032 1.0000000000
118367  -30.553  2.131  -36.413 0.2857142985
119175  -30.683  3.400  -34.928 0.1428571492
117564  -29.052  1.006  -34.942 0.2857142985
118346  -30.301  1.964  -34.856 0.1428571492
117546  -27.601  0.536  -34.131 0.1428571492
173433  -28.087  0.488  -34.651 0.2857142985
117554  -29.446  1.371  -33.738 0.1428571492
117589  -31.275  0.827  -36.822 0.2857142985
117579  -30.169  1.149  -35.399 0.2857142985
115879  -33.868  -1.247  -36.480 0.2857142985
116734  -32.044  -0.639  -36.179 0.2857142985
119165  -30.756  2.969  -33.818 0.1428571492
116714  -28.567  0.360  -34.958 0.2857142985
114885  -32.639  -2.416  -34.725 0.2857142985
117580  -30.858  0.550  -35.919 0.2857142985
117565  -29.627  0.659  -35.184 0.2857142985
113946  -34.549  -2.782  -34.839 0.1428571492
115849  -32.513  -1.743  -35.346 0.2857142985
118333  -30.435  2.006  -33.936 0.1428571492
116716  -31.040  -0.828  -35.140 0.2857142985
195079  -30.300  0.652  -35.424 0.2857142985
162284  -36.221  -3.068  -34.916 0.1428571492
113947  -35.302  -2.889  -34.885 0.1428571492
114895  -33.928  -2.491  -35.103 0.4285714328
114884  -31.551  -2.346  -34.582 0.2857142985
112151  -34.396  -4.956  -33.688 0.2857142985
172834  -33.884  -3.948  -34.455 0.4285714328
112142  -35.726  -5.041  -32.464 0.1428571492
113013  -34.877  -3.980  -33.747 0.2857142985
114876  -33.130  -2.923  -34.147 0.4285714328
113011  -33.581  -4.829  -34.359 0.5714285970
113928  -32.954  -3.482  -33.973 0.7142857313
111201  -35.602  -6.838  -32.127 0.1428571492
111215  -35.132  -6.086  -32.573 0.1428571492
113000  -33.254  -4.195  -34.394 0.7142857313
114875  -32.377  -3.008  -34.188 0.4285714328
111224  -33.996  -6.004  -33.725 0.4285714328
110247  -36.223  -7.220  -31.391 0.2857142985
110246  -35.549  -7.767  -32.023 0.7142857313
112158  -33.394  -5.549  -34.242 0.7142857313
109289  -34.112  -9.023  -33.109 0.8571428657
111214  -34.518  -7.047  -32.936 0.8571428657
111230  -33.415  -6.074  -33.995 0.5714285970
109255  -36.597  -8.577  -29.626 0.2857142985
109266  -36.263  -8.307  -30.459 0.2857142985
172934  -33.972  -6.761  -33.520 0.7142857313
111212  -32.125  -6.549  -33.293 0.5714285970
111223  -33.523  -6.787  -33.790 0.8571428657
108274  -36.213  -9.234  -29.290 0.1428571492
109280  -35.389  -8.407  -31.928 0.7142857313
107331  -35.990  -10.083  -28.921 0.1428571492
177949  -28.652  -18.198  -27.165 0.5714285970
177090  -31.383  -16.765  -28.935 0.8571428657
100615  -30.935  -17.011  -28.285 0.4285714328
102618  -31.333  -15.574  -28.637 0.5714285970
105439  -34.655  -12.301  -30.653 0.8571428657
108303  -34.360  -9.774  -32.640 0.8571428657
106364  -35.521  -11.332  -28.912 0.2857142985
107355  -35.115  -10.452  -31.001 0.8571428657
180206  -34.951  -9.055  -32.347 0.8571428657
110266  -33.767  -7.469  -33.535 0.8571428657
106353  -35.823  -11.682  -28.063 0.4285714328
108273  -35.604  -9.835  -29.928 0.7142857313
109265  -35.501  -8.848  -31.227 0.7142857313
164478  -27.249  -18.943  -27.427 0.2857142985
100630  -30.772  -17.955  -28.248 0.5714285970
180179  -30.175  -18.251  -27.526 0.5714285970
173637  -31.767  -16.851  -29.889 0.8571428657
104516  -33.965  -13.961  -30.636 0.8571428657
185933  -34.033  -12.630  -31.200 0.8571428657
106404  -34.549  -11.143  -31.629 0.8571428657
105406  -35.224  -12.325  -28.967 0.4285714328
105423  -34.936  -12.610  -30.006 0.8571428657
106393  -34.947  -11.444  -30.768 0.8571428657
105395  -35.551  -12.550  -27.856 0.4285714328
95620  -26.822  -22.844  -26.954 0.7142857313
175249  -25.975  -21.555  -27.125 0.4285714328
94587  -28.487  -23.636  -27.058 0.7142857313
96621  -29.725  -21.952  -27.680 0.8571428657
167070  -28.989  -21.236  -27.180 0.5714285970
98717  -27.627  -19.676  -27.261 0.5714285970
98716  -26.800  -19.604  -27.674 0.4285714328
97643  -30.164  -20.853  -28.460 0.8571428657
98719  -29.656  -20.053  -27.436 0.5714285970
99652  -29.102  -19.114  -27.036 0.5714285970
165307  -30.910  -20.042  -29.853 0.8571428657
98738  -30.884  -19.345  -29.060 0.7142857313
99653  -29.988  -19.137  -27.497 0.5714285970
100648  -33.998  -17.018  -29.824 0.7142857313
101665  -33.778  -16.285  -30.160 0.7142857313
188968  -34.292  -14.929  -30.132 0.7142857313
104503  -34.390  -13.728  -30.137 0.8571428657
103517  -34.868  -14.928  -27.045 0.2857142985
103537  -34.727  -14.798  -28.078 0.4285714328
104472  -34.770  -14.001  -28.359 0.5714285970
92579  -27.221  -26.553  -27.430 0.4285714328
93578  -26.942  -24.509  -26.593 0.4285714328
95619  -25.792  -22.683  -26.841 0.4285714328
95661  -30.122  -23.221  -30.014 0.7142857313
95647  -29.622  -22.980  -27.765 0.7142857313
95648  -29.938  -22.745  -29.078 0.7142857313
97657  -30.453  -20.809  -29.709 0.8571428657
100632  -34.136  -17.699  -29.025 0.7142857313
177000  -34.598  -16.739  -28.323 0.2857142985
170402  -34.377  -17.039  -28.879 0.5714285970
100647  -33.463  -17.832  -30.286 0.5714285970
92578  -26.163  -26.334  -26.542 0.4285714328
165970  -25.266  -25.110  -26.371 0.5714285970
189746  -27.840  -24.860  -27.097 0.5714285970
94586  -27.558  -23.796  -26.771 0.5714285970
98721  -33.932  -19.746  -28.000 0.4285714328
99671  -34.383  -18.359  -28.140 0.4285714328
100616  -34.633  -17.520  -27.991 0.4285714328
89527  -25.086  -29.263  -26.790 0.5714285970
92562  -31.408  -24.951  -25.626 0.4285714328
93581  -32.826  -25.031  -27.092 0.4285714328
96624  -33.850  -21.716  -27.272 0.4285714328
97626  -34.772  -20.665  -26.672 0.4285714328
97644  -33.970  -20.459  -27.779 0.4285714328
84196  -25.450  -33.248  -21.453 0.1428571492
94607  -32.823  -23.825  -27.498 0.4285714328
95622  -33.423  -22.730  -27.148 0.4285714328
96596  -34.262  -22.191  -26.771 0.4285714328
85238  -26.020  -31.972  -22.211 0.1428571492
86175  -26.274  -31.211  -22.471 0.1428571492
89480  -27.754  -28.598  -23.227 0.2857142985
91570  -31.413  -26.000  -24.194 0.2857142985
93552  -35.072  -24.885  -25.083 0.2857142985
92551  -33.364  -24.968  -24.924 0.2857142985
91549  -29.816  -26.350  -24.366 0.4285714328
93564  -35.159  -24.319  -25.353 0.2857142985
93550  -33.114  -24.373  -25.998 0.2857142985
92550  -31.402  -25.292  -24.874 0.2857142985
94569  -34.761  -24.009  -25.868 0.2857142985
93583  -34.026  -24.354  -26.130 0.4285714328
85220  -26.472  -32.353  -21.566 0.1428571492
86157  -26.729  -31.577  -21.739 0.1428571492
87246  -27.023  -30.782  -21.964 0.2857142985
87247  -27.404  -29.940  -22.200 0.2857142985
174092  -29.844  -28.067  -22.437 0.2857142985
90561  -31.277  -27.253  -23.105 0.2857142985
90560  -30.508  -26.964  -23.244 0.2857142985
172828  -29.008  -27.288  -23.398 0.2857142985
91551  -31.362  -26.599  -23.534 0.2857142985
88390  -29.237  -29.600  -21.487 0.2857142985
86158  -27.499  -31.270  -21.405 0.2857142985
88404  -28.778  -28.946  -21.939 0.2857142985
172964  -26.594  -30.410  -22.928 0.2857142985
81828  -24.158  -35.492  -18.564 0.2857142985
83017  -25.537  -34.118  -20.404 0.1428571492
84179  -25.932  -33.643  -20.928 0.1428571492
79415  -22.254  -37.774  -16.726 0.2857142985
78309  -21.815  -38.411  -16.331 0.2857142985
82995  -25.122  -34.505  -19.794 0.2857142985
79416  -23.155  -37.735  -16.661 0.1428571492
173435  -20.919  -38.445  -16.464 0.2857142985
78295  -21.319  -39.040  -15.926 0.1428571492
87231  -27.805  -30.448  -21.476 0.2857142985
190749  -29.153  -28.359  -22.224 0.2857142985
90545  -29.770  -27.405  -22.975 0.2857142985
166372  -32.345  -25.394  -24.451 0.2857142985
92549  -30.672  -25.368  -25.466 0.4285714328
93562  -33.935  -24.450  -26.037 0.2857142985
95605  -35.099  -22.698  -25.805 0.2857142985
95645  -27.277  -22.201  -27.083 0.7142857313
95623  -34.225  -22.911  -26.481 0.4285714328
168130  -33.262  -19.439  -29.071 0.4285714328
100605  -34.767  -17.545  -26.894 0.2857142985
185014  -34.730  -15.855  -26.880 0.2857142985
101637  -34.709  -16.106  -28.079 0.5714285970
104488  -34.530  -13.853  -29.385 0.7142857313
112998  -31.566  -5.075  -33.118 0.4285714328
112149  -31.886  -5.732  -33.237 0.5714285970
111229  -33.188  -5.947  -34.170 0.7142857313
104473  -35.338  -13.377  -27.596 0.2857142985
168571  -34.896  -8.350  -32.621 0.8571428657
115847  -30.712  -1.489  -34.694 0.2857142985
112152  -34.781  -5.488  -33.123 0.4285714328
118334  -30.711  1.485  -32.848 0.1428571492
113936  -34.728  -3.401  -34.293 0.1428571492
116733  -31.668  0.083  -36.453 0.2857142985
79440  -22.689  -37.198  -17.212 0.1428571492
79438  -20.883  -37.418  -17.455 0.2857142985
80636  -24.484  -36.041  -18.043 0.1428571492
82994  -24.260  -34.571  -19.766 0.2857142985
84197  -26.224  -33.051  -21.335 0.1428571492
85221  -27.306  -32.158  -21.253 0.1428571492
174043  -27.996  -31.773  -21.166 0.1428571492
88402  -27.117  -29.502  -23.235 0.2857142985
88403  -27.892  -29.112  -22.382 0.2857142985
166373  -29.057  -27.839  -22.716 0.2857142985
91571  -32.376  -26.193  -23.819 0.2857142985
163698  -26.547  -25.371  -26.503 0.5714285970
90559  -29.705  -26.758  -23.587 0.2857142985
95617  -24.373  -23.009  -26.875 0.2857142985
94562  -35.413  -23.838  -24.969 0.2857142985
96578  -35.077  -22.198  -25.291 0.2857142985
95621  -27.844  -22.924  -26.951 0.7142857313
95646  -28.833  -22.987  -27.132 0.5714285970
97638  -25.609  -20.592  -27.599 0.4285714328
96619  -27.878  -21.505  -27.061 0.5714285970
190081  -27.714  -18.366  -27.295 0.2857142985
99651  -28.081  -18.993  -26.877 0.5714285970
161907  -34.858  -21.419  -26.350 0.2857142985
95650  -32.524  -23.059  -27.879 0.4285714328
187633  -29.032  -20.497  -27.194 0.7142857313
100612  -27.809  -17.647  -27.416 0.2857142985
163211  -34.865  -20.057  -26.141 0.1428571492
168879  -34.700  -18.921  -26.763 0.4285714328
98722  -34.474  -19.159  -27.454 0.4285714328
99644  -34.754  -18.284  -26.387 0.1428571492
103590  -33.953  -14.693  -30.767 0.8571428657
101647  -34.387  -16.238  -29.268 0.5714285970
103538  -35.108  -14.165  -27.331 0.2857142985
104489  -35.078  -13.220  -28.636 0.5714285970
107330  -35.369  -10.787  -29.705 0.7142857313
110257  -34.260  -8.053  -33.134 0.8571428657
173765  -36.442  -10.004  -28.167 0.2857142985
108267  -36.567  -9.358  -28.488 0.1428571492
116695  -26.568  0.226  -34.236 0.2857142985
106365  -36.114  -10.757  -28.250 0.4285714328
110221  -37.100  -7.952  -29.987 0.1428571492
111216  -36.038  -5.789  -31.990 0.1428571492
189118  -34.430  -6.291  -33.193 0.5714285970
111202  -36.527  -6.209  -31.309 0.1428571492
114886  -33.469  -2.726  -34.613 0.2857142985
173436  -34.249  -3.484  -34.377 0.2857142985
113930  -35.797  -3.799  -33.580 0.1428571492
189373  -36.264  -3.411  -34.140 0.1428571492
113937  -35.493  -3.332  -34.198 0.1428571492
115868  -33.790  -1.867  -35.755 0.2857142985
115869  -34.251  -1.762  -36.105 0.2857142985
114908  -34.713  -1.943  -36.171 0.1428571492
114897  -35.050  -2.301  -35.479 0.1428571492
80618  -24.905  -36.597  -17.626 0.1428571492
84180  -26.823  -33.551  -20.918 0.1428571492
92534  -33.551  -25.690  -24.103 0.2857142985
103518  -35.265  -14.304  -26.340 0.2857142985
113948  -36.637  -2.729  -35.775 0.1428571492
115880  -34.440  -1.475  -36.838 0.2857142985
80616  -23.125  -36.590  -17.688 0.1428571492
80617  -24.031  -36.559  -17.601 0.1428571492
176073  -25.019  -35.666  -18.504 0.1428571492
176069  -24.792  -35.090  -19.170 0.1428571492
85219  -25.717  -32.633  -21.840 0.1428571492
93580  -28.525  -24.545  -27.369 0.5714285970
161931  -27.523  -25.636  -27.307 0.4285714328
168361  -33.560  -21.118  -27.944 0.4285714328
94605  -29.337  -24.041  -27.718 0.7142857313
185322  -30.213  -21.439  -29.548 0.7142857313
179313  -34.082  -15.739  -30.087 0.7142857313
100631  -31.436  -17.635  -29.244 0.8571428657
98739  -31.239  -19.273  -30.057 0.8571428657
102659  -33.695  -15.078  -30.921 0.8571428657
104515  -33.457  -14.105  -31.142 0.8571428657
114883  -30.562  -2.166  -34.362 0.2857142985
116715  -29.763  -0.333  -34.779 0.2857142985
99670  -33.707  -18.492  -29.110 0.4285714328
88440  -25.568  -29.658  -27.033 0.5714285970
179826  -33.352  -24.227  -26.691 0.4285714328
99654  -30.561  -18.872  -28.234 0.5714285970
107370  -34.550  -10.469  -32.100 0.8571428657
117552  -27.191  0.376  -34.595 0.2857142985
96622  -30.021  -21.696  -28.649 0.8571428657
118358  -30.391  1.783  -35.564 0.2857142985
119187  -30.429  2.562  -35.426 0.1428571492
119174  -30.518  2.612  -34.570 0.1428571492
118345  -29.876  1.504  -35.086 0.2857142985
118359  -30.728  1.331  -36.238 0.2857142985
118332  -29.507  1.437  -34.548 0.1428571492
117553  -28.386  0.826  -34.318 0.1428571492
115867  -32.982  -1.115  -35.965 0.2857142985
116717  -31.925  -1.127  -35.622 0.2857142985
115848  -31.743  -1.708  -35.062 0.2857142985
115850  -33.231  -2.137  -35.281 0.2857142985
117566  -30.531  0.098  -35.282 0.2857142985
171709  -31.354  -0.333  -35.754 0.2857142985
113935  -34.021  -3.092  -34.551 0.2857142985
114896  -34.401  -2.187  -35.551 0.1428571492
114898  -35.803  -2.486  -35.604 0.1428571492
113001  -35.253  -4.548  -33.196 0.1428571492
113929  -33.582  -3.370  -34.337 0.5714285970
113002  -36.256  -4.255  -33.020 0.1428571492
113012  -34.113  -4.303  -34.173 0.4285714328
112159  -33.754  -5.350  -34.117 0.5714285970
109281  -35.972  -8.028  -31.304 0.5714285970
110258  -35.004  -7.644  -32.623 0.7142857313
108283  -35.920  -9.045  -30.187 0.5714285970
191565  -35.746  -10.728  -28.913 0.4285714328
108297  -35.051  -9.732  -31.777 0.8571428657
184582  -29.530  -18.502  -27.230 0.5714285970
101635  -30.465  -16.199  -27.691 0.4285714328
100613  -29.590  -17.676  -27.247 0.4285714328
105422  -34.361  -13.152  -30.534 0.8571428657
108282  -35.376  -9.558  -30.783 0.8571428657
104504  -34.823  -13.168  -29.672 0.7142857313
94585  -26.305  -23.463  -26.692 0.5714285970
95644  -26.325  -22.134  -27.044 0.4285714328
96620  -29.012  -22.138  -27.163 0.7142857313
97640  -27.050  -20.771  -27.198 0.4285714328
97641  -28.040  -20.499  -27.087 0.5714285970
98718  -28.586  -19.807  -27.043 0.5714285970
194482  -27.171  -20.156  -27.431 0.4285714328
174858  -25.371  -20.142  -27.986 0.2857142985
98720  -30.504  -19.930  -28.447 0.8571428657
103556  -34.488  -14.730  -29.264 0.7142857313
166234  -25.561  -24.118  -26.548 0.5714285970
98740  -33.998  -19.025  -28.281 0.4285714328
101623  -34.660  -16.729  -26.325 0.2857142985
92563  -32.213  -24.719  -25.287 0.2857142985
93582  -33.156  -24.582  -26.712 0.4285714328
162180  -34.399  -20.104  -27.289 0.4285714328
94588  -33.604  -23.501  -26.720 0.4285714328
89481  -28.462  -28.408  -22.559 0.2857142985
93551  -34.263  -24.764  -25.444 0.2857142985
91569  -30.598  -25.882  -24.613 0.2857142985
91550  -30.528  -26.395  -23.845 0.2857142985
95604  -34.817  -23.218  -26.095 0.4285714328
84198  -26.901  -32.856  -21.221 0.1428571492
90546  -30.621  -27.624  -22.710 0.2857142985
88389  -28.223  -29.647  -21.609 0.2857142985
78310  -22.728  -38.374  -16.255 0.1428571492
99655  -34.735  -18.317  -27.282 0.2857142985
117548  -29.934  0.894  -32.682 0.1428571492
79441  -23.593  -37.166  -17.159 0.1428571492
187762  -25.212  -36.150  -18.050 0.1428571492
116697  -28.982  0.430  -32.412 0.1428571492
110256  -33.089  -7.647  -33.543 0.5714285970
108300  -33.300  -9.765  -33.088 0.4285714328
177072  -32.954  -8.936  -32.990 0.4285714328
180551  -33.477  -10.099  -32.869 0.4285714328
104513  -32.039  -13.447  -30.226 0.4285714328
106410  -33.532  -11.701  -32.184 0.4285714328
106402  -32.935  -11.637  -32.029 0.4285714328
108301  -33.534  -9.660  -33.162 0.5714285970
177411  -33.466  -9.365  -33.291 0.5714285970
103555  -31.415  -14.978  -28.773 0.5714285970
93538  -35.921  -25.084  -24.146 0.1428571492
93553  -35.526  -24.692  -24.738 0.1428571492
95581  -35.309  -23.086  -24.320 0.1428571492
186804  -23.126  -32.699  -24.411 0.2857142985
92552  -34.561  -25.301  -24.689 0.1428571492
92508  -35.769  -25.973  -22.038 0.1428571492
92537  -36.096  -25.798  -23.802 0.1428571492
93497  -35.650  -25.283  -21.128 0.1428571492
93526  -35.986  -25.253  -23.428 0.1428571492
94502  -35.630  -24.450  -21.093 0.1428571492
85252  -23.134  -33.014  -23.600 0.2857142985
90563  -33.745  -27.228  -23.142 0.1428571492
91554  -35.558  -26.755  -23.405 0.1428571492
91552  -33.450  -26.445  -23.585 0.1428571492
91555  -36.010  -26.468  -23.297 0.1428571492
92509  -35.694  -26.173  -20.895 0.1428571492
164309  -36.049  -26.459  -22.775 0.1428571492
92473  -38.189  -25.792  -18.515 0.1428571492
91493  -36.410  -26.268  -19.347 0.1428571492
93477  -37.672  -25.168  -18.727 0.1428571492
84224  -22.529  -33.473  -23.308 0.2857142985
84223  -21.793  -33.666  -23.635 0.2857142985
88405  -30.879  -29.192  -21.862 0.1428571492
89483  -31.653  -28.802  -22.217 0.1428571492
90547  -31.683  -27.966  -22.724 0.1428571492
89482  -30.737  -28.423  -22.309 0.1428571492
90562  -32.361  -27.115  -23.279 0.1428571492
90550  -35.245  -28.062  -22.629 0.1428571492
90549  -34.106  -27.994  -22.674 0.1428571492
90535  -35.868  -27.537  -22.065 0.1428571492
90564  -34.960  -27.322  -23.110 0.1428571492
91526  -35.834  -27.167  -21.113 0.1428571492
192838  -36.805  -27.407  -18.877 0.1428571492
90488  -37.994  -27.222  -18.388 0.1428571492
91494  -36.957  -26.340  -18.821 0.1428571492
83047  -22.349  -34.109  -22.228 0.2857142985
83046  -21.538  -34.277  -22.386 0.2857142985
180127  -21.131  -34.452  -21.781 0.2857142985
88392  -31.067  -29.816  -21.545 0.1428571492
186736  -32.383  -28.515  -22.494 0.1428571492
89473  -35.982  -28.796  -21.593 0.1428571492
168982  -36.442  -27.829  -19.200 0.1428571492
89464  -35.980  -28.476  -20.740 0.1428571492
90489  -39.059  -27.563  -18.413 0.1428571492
91486  -38.600  -26.551  -18.456 0.1428571492
87232  -28.745  -30.353  -21.283 0.1428571492
88391  -30.244  -29.686  -21.514 0.1428571492
87233  -29.761  -30.361  -21.270 0.1428571492
87235  -31.646  -30.272  -21.571 0.1428571492
87234  -30.725  -30.365  -21.335 0.1428571492
88408  -34.143  -29.728  -22.645 0.1428571492
88406  -31.753  -29.542  -21.802 0.1428571492
189466  -34.976  -29.484  -22.705 0.1428571492
88407  -33.329  -29.358  -22.393 0.1428571492
89487  -35.802  -28.948  -22.192 0.1428571492
88375  -37.003  -29.209  -18.634 0.1428571492
89450  -36.000  -29.308  -20.635 0.1428571492
171852  -38.120  -28.005  -18.279 0.1428571492
89431  -37.578  -28.647  -18.425 0.1428571492
86160  -29.333  -31.157  -21.097 0.1428571492
86159  -28.342  -31.143  -21.203 0.1428571492
177468  -31.836  -30.888  -21.607 0.1428571492
169331  -31.213  -30.980  -21.268 0.1428571492
166098  -30.330  -31.088  -21.097 0.1428571492
88393  -32.460  -29.800  -21.976 0.1428571492
87250  -34.859  -30.225  -22.754 0.1428571492
87249  -33.815  -30.531  -22.879 0.1428571492
87251  -35.540  -30.298  -22.296 0.1428571492
172896  -35.916  -30.109  -20.975 0.1428571492
88409  -35.494  -29.594  -22.460 0.1428571492
89452  -36.661  -28.570  -18.884 0.1428571492
88394  -35.862  -29.654  -21.766 0.1428571492
85225  -32.262  -32.055  -21.843 0.1428571492
86161  -30.932  -31.702  -20.913 0.1428571492
86176  -32.841  -30.946  -22.843 0.1428571492
86163  -32.282  -31.238  -22.133 0.1428571492
88373  -35.932  -30.139  -20.053 0.1428571492
87237  -35.715  -30.594  -21.545 0.1428571492
87236  -32.347  -30.492  -22.003 0.1428571492
87248  -33.142  -30.058  -22.447 0.1428571492
89485  -34.407  -28.871  -22.533 0.1428571492
88357  -38.670  -28.845  -18.275 0.1428571492
91487  -39.493  -26.552  -18.634 0.1428571492
90506  -37.234  -27.806  -18.584 0.1428571492
90505  -36.489  -27.021  -19.260 0.1428571492
92535  -34.868  -25.907  -24.131 0.1428571492
94532  -35.455  -23.778  -23.217 0.1428571492
83032  -21.872  -34.370  -21.596 0.2857142985
88374  -36.301  -29.437  -19.353 0.1428571492
87217  -36.958  -29.941  -18.652 0.1428571492
89432  -39.485  -28.394  -18.534 0.1428571492
90507  -40.038  -27.126  -18.889 0.1428571492
104502  -31.682  -13.811  -29.328 0.4285714328
179801  -39.084  -25.801  -18.616 0.1428571492
91485  -37.723  -26.450  -18.521 0.1428571492
93483  -36.336  -24.992  -19.633 0.1428571492
93485  -38.061  -24.331  -18.876 0.1428571492
173379  -35.349  -23.220  -23.585 0.1428571492
95598  -35.290  -22.929  -25.154 0.1428571492
110255  -32.435  -7.238  -33.082 0.4285714328
114919  -35.289  -1.534  -37.832 0.1428571492
111213  -32.836  -6.982  -33.760 0.4285714328
116754  -34.255  -0.805  -37.606 0.1428571492
92553  -35.559  -25.412  -24.360 0.1428571492
184771  -29.828  -28.861  -21.898 0.1428571492
96577  -34.875  -21.412  -25.057 0.1428571492
97621  -34.936  -20.822  -25.805 0.1428571492
195087  -34.119  -26.107  -23.815 0.1428571492
94547  -35.587  -24.111  -24.174 0.1428571492
92526  -36.155  -25.918  -23.078 0.1428571492
93509  -35.587  -25.072  -22.193 0.1428571492
91525  -35.842  -26.773  -22.009 0.1428571492
92536  -35.691  -26.190  -23.848 0.1428571492
92495  -35.910  -25.372  -20.332 0.1428571492
165324  -35.556  -24.376  -22.782 0.1428571492
191964  -35.693  -23.753  -20.973 0.1428571492
93498  -35.999  -24.663  -20.338 0.1428571492
90548  -32.896  -27.948  -22.842 0.1428571492
91553  -34.745  -26.600  -23.622 0.1428571492
91541  -35.708  -27.232  -23.001 0.1428571492
92482  -36.112  -25.825  -19.832 0.1428571492
91508  -35.999  -26.689  -20.077 0.1428571492
91542  -35.893  -27.019  -22.705 0.1428571492
92483  -36.786  -25.545  -19.060 0.1428571492
90551  -35.723  -27.731  -22.478 0.1428571492
171924  -33.265  -28.650  -22.484 0.1428571492
90536  -35.916  -28.018  -21.376 0.1428571492
172711  -35.873  -28.260  -22.098 0.1428571492
90523  -35.996  -27.679  -20.199 0.1428571492
89484  -32.492  -29.134  -22.186 0.1428571492
188361  -35.650  -28.391  -22.352 0.1428571492
89451  -36.110  -28.547  -19.799 0.1428571492
186772  -35.154  -30.819  -22.568 0.1428571492
87223  -35.781  -30.852  -20.594 0.1428571492
77208  -19.268  -39.208  -16.218 0.1428571492
167323  -20.193  -38.435  -16.614 0.1428571492
78307  -18.777  -38.651  -16.822 0.1428571492
78325  -19.575  -38.169  -17.042 0.1428571492
78326  -20.485  -37.953  -16.969 0.1428571492
80632  -20.377  -37.022  -18.178 0.1428571492
80655  -20.317  -36.398  -18.758 0.1428571492
80654  -19.488  -36.276  -19.146 0.1428571492
81869  -20.242  -35.550  -20.199 0.1428571492
80656  -21.061  -36.091  -18.916 0.1428571492
188939  -20.943  -35.248  -20.421 0.1428571492
81844  -19.360  -35.818  -19.897 0.1428571492
83012  -21.217  -34.699  -21.021 0.1428571492
83011  -19.632  -34.941  -21.587 0.1428571492
83044  -19.856  -34.092  -22.395 0.1428571492
84222  -20.854  -33.435  -23.557 0.1428571492
84211  -21.192  -34.085  -23.116 0.1428571492
85250  -21.620  -32.893  -24.119 0.2857142985
85251  -22.461  -33.113  -24.011 0.1428571492
85264  -22.511  -32.593  -24.618 0.1428571492
85265  -23.155  -32.285  -25.073 0.1428571492
87279  -23.996  -31.017  -26.038 0.2857142985
165143  -23.658  -27.208  -26.403 0.4285714328
91596  -25.725  -27.173  -26.568 0.4285714328
102617  -30.874  -15.566  -28.164 0.2857142985
104487  -31.243  -14.280  -28.744 0.2857142985
103569  -31.896  -14.778  -29.590 0.2857142985
107368  -32.182  -10.085  -31.323 0.2857142985
108296  -32.721  -9.619  -32.225 0.2857142985
109286  -32.882  -8.081  -32.657 0.2857142985
84212  -22.017  -34.024  -23.002 0.1428571492
85262  -21.087  -31.990  -24.256 0.1428571492
86196  -21.614  -31.464  -24.662 0.2857142985
165199  -23.438  -31.542  -25.466 0.1428571492
79457  -19.380  -37.194  -18.166 0.1428571492
168551  -18.738  -34.794  -21.393 0.1428571492
84210  -20.249  -33.835  -22.972 0.1428571492
85235  -19.816  -33.056  -23.279 0.1428571492
85249  -20.497  -32.543  -23.778 0.1428571492
87265  -21.139  -30.715  -24.921 0.2857142985
86208  -22.786  -31.188  -25.320 0.2857142985
86207  -22.044  -30.936  -25.049 0.2857142985
87278  -22.447  -30.387  -25.465 0.2857142985
171124  -23.265  -30.935  -25.566 0.2857142985
192691  -24.514  -29.802  -26.468 0.4285714328
172840  -24.138  -28.829  -26.089 0.4285714328
91594  -23.064  -26.487  -27.084 0.2857142985
170214  -29.779  -16.643  -27.343 0.2857142985
181070  -29.752  -15.734  -27.624 0.2857142985
103536  -31.110  -15.135  -28.400 0.2857142985
103553  -29.746  -14.273  -27.965 0.2857142985
177436  -32.417  -12.819  -30.957 0.2857142985
179406  -32.367  -10.951  -31.235 0.2857142985
189194  -31.804  -11.117  -30.194 0.2857142985
88436  -23.403  -30.327  -25.768 0.2857142985
102628  -29.621  -15.004  -27.888 0.2857142985
101645  -29.015  -16.120  -27.798 0.2857142985
104501  -30.840  -13.338  -28.562 0.2857142985
185968  -30.698  -12.404  -28.532 0.2857142985
173727  -31.402  -12.885  -29.055 0.2857142985
105438  -31.732  -12.565  -29.698 0.2857142985
106390  -31.627  -11.701  -29.690 0.2857142985
107374  -32.971  -10.516  -32.367 0.2857142985
102627  -28.802  -14.657  -27.884 0.2857142985
165091  -28.968  -13.843  -28.343 0.2857142985
104486  -29.868  -13.538  -28.351 0.2857142985
90606  -24.616  -28.115  -26.304 0.4285714328
176680  -25.340  -27.804  -26.587 0.4285714328
81846  -21.200  -35.591  -19.644 0.1428571492
81870  -21.735  -35.122  -20.252 0.1428571492
87284  -24.331  -30.476  -26.367 0.4285714328
79437  -19.955  -37.578  -17.561 0.1428571492
106391  -32.375  -11.833  -31.074 0.2857142985
186625  -22.534  -31.890  -25.088 0.1428571492
83045  -20.616  -34.323  -22.380 0.1428571492
83031  -20.452  -34.700  -21.658 0.1428571492
79436  -18.958  -37.744  -17.606 0.1428571492
165154  -19.691  -36.694  -18.589 0.1428571492
81845  -20.282  -35.922  -19.397 0.1428571492
81868  -19.292  -35.365  -20.801 0.1428571492
182354  -20.288  -35.164  -21.001 0.1428571492
86195  -20.756  -31.131  -24.322 0.2857142985
90605  -23.434  -27.928  -26.333 0.4285714328
89526  -23.191  -28.530  -26.120 0.4285714328
104485  -29.071  -13.051  -28.591 0.2857142985
93576  -23.736  -24.516  -27.230 0.2857142985
92577  -24.759  -26.043  -26.339 0.2857142985
118381  -33.624  2.218  -38.663 0.1428571492
118379  -34.473  1.625  -37.771 0.1428571492
118378  -33.375  1.425  -38.814 0.1428571492
117591  -33.018  0.284  -37.760 0.1428571492
116742  -33.460  -0.489  -37.092 0.1428571492
119199  -34.251  2.764  -37.708 0.1428571492
118368  -30.950  1.590  -37.254 0.1428571492
120024  -32.335  4.105  -37.808 0.1428571492
93577  -24.391  -24.228  -26.703 0.2857142985
94583  -24.423  -23.563  -26.844 0.2857142985
116762  -34.686  -0.499  -38.350 0.1428571492
117592  -34.850  0.670  -37.780 0.1428571492
117605  -33.834  0.512  -38.842 0.1428571492
116753  -33.879  -0.128  -38.573 0.1428571492
195553  -31.573  1.124  -37.668 0.1428571492
118377  -32.396  2.082  -39.024 0.1428571492
163168  -32.416  3.561  -38.605 0.1428571492
118369  -31.431  1.816  -38.318 0.1428571492
119197  -30.795  2.542  -37.597 0.1428571492
119188  -30.520  3.213  -36.385 0.1428571492
116741  -32.546  -0.225  -36.736 0.1428571492
117590  -32.000  0.407  -37.372 0.1428571492
117606  -34.152  0.844  -38.672 0.1428571492
117600  -32.460  1.111  -38.376 0.1428571492
118380  -33.025  2.398  -39.143 0.1428571492
163376  -34.575  3.273  -36.711 0.1428571492
116761  -34.215  0.138  -38.643 0.1428571492
102642  -26.993  -15.564  -28.316 0.1428571492
184861  -28.942  -15.421  -27.867 0.1428571492
104500  -29.916  -12.558  -28.373 0.1428571492
105436  -27.248  -12.014  -29.758 0.1428571492
183712  -29.307  -11.251  -28.515 0.1428571492
100629  -27.913  -16.759  -27.462 0.1428571492
161677  -30.151  -11.500  -28.390 0.1428571492
161248  -30.206  -10.707  -29.360 0.1428571492
160987  -31.525  -9.801  -30.563 0.1428571492
161651  -31.205  -9.262  -30.476 0.2857142985
96618  -26.161  -20.933  -27.251 0.2857142985
97637  -24.804  -20.760  -27.723 0.1428571492
99650  -26.892  -18.136  -27.653 0.1428571492
101644  -27.004  -16.434  -28.015 0.1428571492
103568  -27.174  -14.708  -28.692 0.1428571492
192525  -32.021  -8.569  -31.430 0.1428571492
108295  -31.821  -9.163  -31.193 0.1428571492
110229  -31.504  -8.335  -31.160 0.2857142985
110245  -31.402  -7.445  -31.468 0.2857142985
112139  -28.508  -5.444  -32.072 0.2857142985
112125  -28.770  -5.722  -31.909 0.2857142985
112988  -27.542  -4.823  -32.246 0.2857142985
116696  -27.721  0.279  -33.270 0.1428571492
114849  -28.479  -2.132  -29.449 0.1428571492
188246  -32.082  -7.511  -32.265 0.2857142985
112127  -31.172  -6.168  -32.156 0.2857142985
112141  -31.104  -5.564  -32.535 0.2857142985
112126  -30.430  -5.872  -31.930 0.2857142985
165594  -29.406  -5.848  -31.771 0.2857142985
112990  -29.887  -4.595  -32.781 0.2857142985
111198  -29.811  -6.171  -31.341 0.2857142985
112989  -28.656  -4.591  -32.523 0.2857142985
113906  -25.927  -3.016  -32.670 0.1428571492
112115  -27.879  -5.182  -30.162 0.2857142985
116692  -28.194  -0.258  -32.033 0.1428571492
115824  -29.275  -0.771  -30.935 0.1428571492
160995  -30.432  -6.855  -30.993 0.1428571492
112120  -27.823  -5.402  -30.867 0.2857142985
113903  -27.004  -4.144  -31.398 0.1428571492
188844  -27.331  -4.687  -31.510 0.2857142985
113904  -27.691  -3.452  -30.714 0.1428571492
113899  -27.557  -4.020  -30.852 0.1428571492
160985  -28.872  -10.901  -28.979 0.2857142985
178227  -28.572  -5.272  -29.486 0.1428571492
113901  -28.423  -1.751  -27.965 0.1428571492
195677  -27.663  -4.042  -28.855 0.1428571492
183679  -27.920  -11.271  -28.578 0.1428571492
106354  -36.460  -11.172  -27.399 0.1428571492
102602  -34.969  -15.119  -26.052 0.1428571492
100611  -26.033  -18.320  -28.155 0.1428571492
101643  -26.263  -16.886  -28.369 0.1428571492
105396  -36.207  -12.033  -27.208 0.1428571492
172882  -26.072  -14.547  -29.417 0.1428571492
178452  -26.667  -14.427  -29.224 0.1428571492
104484  -28.242  -13.466  -28.842 0.1428571492
105420  -27.546  -12.669  -29.547 0.1428571492
161527  -30.858  -11.180  -28.766 0.1428571492
107354  -31.643  -10.459  -30.298 0.1428571492
161986  -30.583  -6.954  -31.028 0.1428571492
111199  -30.938  -6.515  -31.569 0.2857142985
192094  -30.176  -6.209  -31.367 0.1428571492
112111  -28.828  -5.150  -28.499 0.1428571492
112975  -27.697  -4.536  -29.512 0.1428571492
113905  -28.105  -3.202  -30.261 0.1428571492
114858  -25.991  -2.912  -32.016 0.1428571492
114854  -28.397  -1.928  -30.124 0.1428571492
165488  -35.562  -13.554  -26.639 0.1428571492
105381  -35.875  -12.819  -26.939 0.1428571492
114859  -26.568  -2.254  -31.346 0.1428571492
115817  -28.510  -1.501  -30.352 0.1428571492
112980  -26.998  -4.742  -31.975 0.2857142985
113914  -26.104  -3.377  -32.918 0.2857142985
186124  -28.354  -2.786  -30.225 0.1428571492
99649  -26.444  -18.940  -27.896 0.1428571492
98715  -25.968  -19.605  -28.047 0.1428571492
101634  -28.798  -17.155  -27.264 0.1428571492
102589  -34.810  -15.996  -25.709 0.1428571492
173746  -31.599  -6.171  -32.704 0.2857142985
109279  -32.550  -8.744  -31.961 0.1428571492
109285  -32.153  -8.078  -31.712 0.1428571492
102626  -27.962  -16.129  -27.894 0.1428571492
103552  -28.062  -14.264  -28.450 0.1428571492
104499  -27.713  -13.196  -29.326 0.1428571492
102641  -26.397  -15.084  -28.962 0.1428571492
101661  -26.108  -15.979  -28.708 0.1428571492
105405  -28.340  -12.683  -29.083 0.1428571492
161283  -28.679  -11.857  -28.840 0.1428571492
161589  -29.088  -10.888  -29.011 0.1428571492
161515  -31.188  -10.818  -29.232 0.1428571492
100628  -27.006  -17.251  -27.808 0.1428571492
166913  -31.083  -10.110  -29.681 0.1428571492
100627  -26.249  -17.611  -28.172 0.1428571492
160991  -31.208  -8.677  -30.812 0.2857142985
111200  -31.641  -6.829  -32.391 0.2857142985
112124  -27.802  -5.247  -31.999 0.2857142985
112116  -28.601  -5.643  -30.551 0.1428571492
112119  -27.423  -4.992  -31.805 0.2857142985
114850  -28.652  -1.331  -28.432 0.1428571492
112140  -29.813  -5.297  -32.337 0.2857142985
113907  -26.566  -3.270  -31.322 0.1428571492
112114  -27.477  -5.021  -30.402 0.2857142985
185900  -29.411  -0.098  -31.603 0.1428571492
161808  -30.939  -8.020  -30.983 0.1428571492
113900  -27.823  -3.508  -28.450 0.1428571492
87263  -19.802  -30.089  -24.293 0.1428571492
87277  -21.445  -30.238  -25.399 0.1428571492
166574  -20.993  -29.690  -25.671 0.1428571492
89499  -19.207  -28.139  -24.386 0.1428571492
179740  -19.336  -27.293  -24.912 0.1428571492
90601  -19.798  -27.119  -25.947 0.1428571492
89513  -20.991  -28.986  -26.043 0.1428571492
91590  -20.441  -26.402  -26.534 0.1428571492
89523  -20.645  -28.122  -26.419 0.1428571492
89514  -22.526  -29.575  -25.767 0.1428571492
91610  -21.027  -26.101  -27.033 0.1428571492
91592  -21.442  -27.007  -26.964 0.1428571492
91612  -22.194  -26.530  -27.349 0.1428571492
91593  -22.764  -27.240  -26.943 0.1428571492
92574  -20.098  -25.779  -26.228 0.1428571492
92596  -21.349  -25.648  -27.481 0.1428571492
91613  -22.742  -25.707  -27.627 0.1428571492
92599  -23.361  -24.981  -27.950 0.1428571492
94604  -23.764  -23.252  -27.207 0.1428571492
95642  -24.102  -22.464  -27.181 0.1428571492
182949  -21.809  -29.050  -26.080 0.1428571492
89515  -23.573  -29.458  -25.875 0.1428571492
87257  -19.415  -30.181  -23.496 0.1428571492
88415  -19.437  -29.268  -24.239 0.1428571492
90587  -19.594  -27.937  -25.464 0.1428571492
95643  -25.261  -22.008  -27.106 0.1428571492
189157  -23.858  -26.412  -26.486 0.1428571492
87276  -20.681  -30.074  -25.280 0.1428571492
87264  -20.379  -30.423  -24.629 0.1428571492
88435  -21.651  -29.655  -25.773 0.1428571492
89525  -22.470  -28.754  -26.104 0.1428571492
92576  -23.538  -25.504  -26.907 0.1428571492
88421  -20.060  -29.735  -24.898 0.1428571492
88434  -20.446  -29.345  -25.473 0.1428571492
89511  -19.575  -28.608  -25.045 0.1428571492
91566  -18.942  -26.701  -24.298 0.1428571492
90588  -20.024  -27.833  -26.174 0.1428571492
90602  -20.596  -27.249  -26.585 0.1428571492
91591  -21.012  -26.593  -26.881 0.1428571492
179067  -21.124  -27.651  -26.736 0.1428571492
89524  -21.560  -28.293  -26.463 0.1428571492
91611  -21.525  -26.244  -27.281 0.1428571492
92575  -20.696  -25.578  -26.893 0.1428571492
90603  -21.683  -27.606  -26.808 0.1428571492
92597  -22.059  -25.621  -27.853 0.1428571492
92559  -19.725  -25.196  -25.877 0.1428571492
87256  -18.825  -30.363  -22.724 0.1428571492
83013  -22.186  -34.559  -20.780 0.2857142985
83030  -19.207  -34.179  -21.910 0.1428571492
84195  -24.527  -33.834  -21.088 0.4285714328
84214  -24.957  -32.978  -22.121 0.1428571492
85263  -21.909  -32.201  -24.558 0.2857142985
88433  -19.881  -29.104  -25.116 0.1428571492
88451  -26.196  -29.150  -27.443 0.7142857313
89486  -35.372  -28.926  -22.504 0.1428571492
89512  -20.119  -28.571  -25.735 0.1428571492
89528  -27.120  -28.827  -27.421 0.7142857313
90604  -22.075  -27.264  -27.036 0.1428571492
91579  -29.472  -26.220  -25.943 0.7142857313
91595  -24.694  -27.109  -26.272 0.4285714328
91614  -28.208  -26.911  -28.995 0.5714285970
91616  -28.940  -26.459  -29.076 0.7142857313
92472  -37.450  -25.842  -18.658 0.1428571492
92584  -32.501  -25.239  -27.796 0.5714285970
92585  -32.853  -25.019  -27.366 0.4285714328
92603  -30.736  -25.145  -28.209 0.7142857313
93563  -34.598  -24.509  -25.628 0.2857142985
93598  -23.817  -23.873  -27.431 0.2857142985
93609  -29.217  -25.518  -28.921 0.8571428657
93610  -29.766  -24.782  -28.681 0.7142857313
93612  -31.275  -24.738  -29.008 0.7142857313
94516  -35.658  -23.220  -21.350 0.1428571492
94570  -35.180  -23.550  -25.616 0.2857142985
94584  -25.188  -23.207  -26.726 0.2857142985
94589  -34.179  -23.731  -26.253 0.4285714328
94617  -30.018  -24.072  -29.887 0.7142857313
95618  -24.923  -22.640  -26.885 0.1428571492
95641  -23.400  -22.913  -27.752 0.1428571492
95673  -30.897  -21.790  -31.111 0.8571428657
96597  -34.556  -21.516  -26.786 0.4285714328
96625  -34.294  -20.926  -27.304 0.4285714328
96647  -31.016  -21.813  -31.171 0.8571428657
96652  -30.777  -21.115  -31.203 0.8571428657
96653  -30.956  -21.156  -31.313 0.8571428657
97639  -26.321  -20.235  -27.654 0.4285714328
97642  -29.679  -21.011  -27.643 0.7142857313
98752  -30.810  -19.801  -31.258 0.8571428657
99669  -31.552  -18.471  -30.212 1.0000000000
99684  -32.320  -18.816  -31.354 0.8571428657
99691  -31.639  -18.641  -31.735 1.0000000000
99692  -32.214  -18.235  -31.618 0.8571428657
100592  -34.695  -17.512  -25.882 0.1428571492
100614  -30.313  -17.276  -27.547 0.4285714328
100655  -31.870  -17.963  -31.514 1.0000000000
100657  -32.727  -17.645  -31.169 0.8571428657
101636  -31.125  -16.196  -28.385 0.4285714328
101646  -31.610  -16.168  -29.151 0.8571428657
101676  -32.777  -16.866  -30.878 1.0000000000
102616  -30.356  -15.321  -27.779 0.2857142985
102619  -34.751  -15.442  -27.763 0.5714285970
102629  -31.797  -15.536  -29.356 0.5714285970
102630  -34.610  -15.479  -28.721 0.4285714328
102643  -27.912  -15.118  -28.293 0.1428571492
102645  -33.010  -15.416  -30.625 1.0000000000
102646  -34.362  -15.410  -29.705 0.7142857313
102660  -34.064  -15.237  -30.434 0.7142857313
103534  -30.210  -14.725  -28.062 0.2857142985
103535  -30.709  -14.942  -28.188 0.2857142985
103551  -27.347  -13.896  -29.210 0.1428571492
103554  -30.525  -14.246  -28.303 0.2857142985
103571  -34.311  -14.380  -30.133 0.7142857313
103588  -32.929  -14.862  -31.084 0.8571428657
104471  -31.043  -14.689  -28.426 0.2857142985
104528  -33.725  -13.396  -31.163 0.8571428657
105419  -26.908  -12.644  -29.887 0.1428571492
105421  -31.095  -12.012  -28.880 0.2857142985
105437  -27.980  -11.594  -29.294 0.1428571492
105447  -32.957  -12.505  -31.864 0.2857142985
105448  -33.344  -12.709  -31.825 0.7142857313
105459  -33.625  -12.081  -32.032 1.0000000000
106376  -35.139  -11.810  -29.835 0.8571428657
106411  -33.739  -11.403  -32.180 0.7142857313
107369  -34.091  -10.950  -32.131 1.0000000000
107375  -33.584  -10.882  -32.333 0.4285714328
114853  -27.807  -2.639  -30.721 0.1428571492
114863  -25.885  -2.380  -33.246 0.2857142985
115827  -25.820  -1.841  -33.564 0.2857142985
115833  -25.793  -2.023  -33.679 0.2857142985
116694  -25.858  -0.267  -34.162 0.4285714328
117601  -33.440  0.636  -38.680 0.1428571492
160984  -30.268  -10.823  -29.104 0.1428571492
163111  -34.704  -22.243  -26.302 0.4285714328
164038  -22.660  -33.732  -22.691 0.2857142985
165326  -28.160  -22.318  -27.048 0.7142857313
166887  -22.421  -27.904  -26.572 0.1428571492
167092  -37.191  -27.028  -18.686 0.1428571492
167959  -34.947  -21.810  -25.814 0.1428571492
168445  -34.690  -16.763  -27.412 0.4285714328
172198  -20.960  -36.553  -18.440 0.2857142985
180004  -33.872  -12.085  -31.767 1.0000000000
180006  -35.749  -24.593  -23.647 0.1428571492
180532  -27.956  -12.181  -29.347 0.1428571492
181653  -33.250  -15.834  -30.262 1.0000000000
181805  -19.950  -34.502  -22.024 0.1428571492
182470  -24.217  -24.976  -26.606 0.2857142985
183275  -26.051  -3.906  -32.093 0.1428571492
185311  -24.837  -31.152  -26.407 0.4285714328
188521  -26.766  -21.512  -27.096 0.4285714328
191219  -28.448  -15.339  -28.112 0.1428571492
192910  -29.544  -11.656  -28.342 0.1428571492
192963  -29.107  -12.367  -28.636 0.1428571492
193148  -25.064  -31.038  -26.774 0.5714285970
193838  -32.748  -4.597  -34.252 0.8571428657
194115  -40.005  -26.472  -18.893 0.1428571492
194303  -31.622  -25.169  -28.645 0.7142857313
