#!ascii label  , from subject sub-v1s2x0051464_ses-1 vox2ras=TkReg
1140
55692  19.540  -48.314  73.000 0.0000000000
78985  34.265  -29.542  54.483 0.0000000000
79006  41.753  -27.976  52.481 0.0000000000
64182  39.682  -41.693  61.818 0.0000000000
53841  24.900  -51.314  66.263 0.0000000000
49627  23.643  -53.990  71.392 0.0000000000
80167  38.045  -27.459  54.401 0.0000000000
77795  39.676  -29.979  61.144 0.0000000000
61834  36.242  -43.806  64.518 0.0000000000
55736  30.369  -48.777  67.899 0.0000000000
86880  49.343  -20.094  49.483 0.0000000000
83688  42.239  -24.555  52.433 0.0000000000
66601  36.268  -39.219  59.295 0.0000000000
73262  37.128  -33.380  62.502 0.0000000000
53801  22.564  -50.873  69.652 0.0000000000
53754  21.234  -50.953  72.600 0.0000000000
80170  35.802  -28.634  54.417 0.0000000000
81391  38.463  -26.962  57.660 0.0000000000
78939  37.002  -29.097  58.472 0.0000000000
54853  38.620  -49.226  60.133 0.0000000000
52731  27.377  -52.318  69.638 0.0000000000
54765  27.127  -49.490  67.301 0.0000000000
51749  30.162  -52.632  68.031 0.0000000000
90095  47.321  -19.226  51.205 0.0000000000
86867  46.993  -21.337  50.176 0.0000000000
85768  46.096  -22.159  53.432 0.0000000000
81456  40.695  -26.808  51.600 0.0000000000
82562  40.716  -25.526  51.012 0.0000000000
81454  42.404  -26.658  52.370 0.0000000000
81470  43.936  -26.644  50.336 0.0000000000
79043  41.830  -28.383  50.371 0.0000000000
61850  38.723  -42.805  63.375 0.0000000000
64172  36.002  -41.345  62.278 0.0000000000
67788  37.504  -38.755  63.346 0.0000000000
183791  36.312  -36.103  60.367 0.0000000000
68954  39.263  -37.383  63.882 0.0000000000
71073  40.623  -35.103  62.613 0.0000000000
66584  39.512  -39.284  61.253 0.0000000000
184544  24.557  -51.982  70.054 0.0000000000
80223  38.873  -28.012  51.035 0.0000000000
81436  40.444  -27.634  53.871 0.0000000000
81399  41.796  -26.917  56.485 0.0000000000
77816  39.932  -29.097  59.318 0.0000000000
189889  33.638  -47.221  66.007 0.0000000000
56899  36.573  -46.734  64.382 0.0000000000
56947  39.136  -46.435  62.022 0.0000000000
192727  39.767  -43.912  60.536 0.0000000000
180014  38.849  -41.426  59.664 0.0000000000
58101  29.840  -46.582  65.279 0.0000000000
53824  33.375  -50.038  66.456 0.0000000000
86914  50.673  -20.530  46.301 0.0000000000
85782  43.361  -22.413  52.976 0.0000000000
83687  45.105  -25.192  52.091 0.0000000000
82609  43.291  -25.600  47.966 0.0000000000
75583  35.426  -31.530  58.945 0.0000000000
76649  38.206  -31.145  62.539 0.0000000000
73260  42.669  -34.046  61.444 0.0000000000
53757  19.242  -50.181  73.223 0.0000000000
54704  20.505  -49.631  72.639 0.0000000000
51694  20.249  -51.485  72.703 0.0000000000
80171  35.225  -29.022  54.336 0.0000000000
80133  36.450  -28.844  56.736 0.0000000000
78962  35.356  -29.323  55.990 0.0000000000
51741  28.652  -52.611  69.101 0.0000000000
90097  45.868  -19.149  51.399 0.0000000000
87871  46.626  -20.485  52.949 0.0000000000
87889  44.874  -20.516  52.910 0.0000000000
80210  41.688  -26.912  52.379 0.0000000000
81455  41.432  -26.193  51.806 0.0000000000
80209  42.444  -27.255  52.366 0.0000000000
79023  42.492  -27.651  51.725 0.0000000000
62995  39.422  -42.485  62.719 0.0000000000
65277  38.025  -40.723  64.060 0.0000000000
65274  38.700  -40.120  63.704 0.0000000000
68958  37.828  -37.733  63.721 0.0000000000
66545  39.210  -39.353  63.405 0.0000000000
67797  39.580  -38.224  62.839 0.0000000000
65319  39.509  -40.474  61.594 0.0000000000
53788  23.157  -51.329  70.128 0.0000000000
166081  24.026  -52.799  71.432 0.0000000000
50686  25.273  -53.406  71.010 0.0000000000
169515  37.326  -28.452  52.944 0.0000000000
79026  38.038  -28.484  51.251 0.0000000000
80197  38.220  -28.156  52.839 0.0000000000
170000  39.220  -27.878  52.925 0.0000000000
197395  39.406  -27.406  53.640 0.0000000000
174847  40.622  -27.303  54.700 0.0000000000
81414  40.016  -26.795  55.280 0.0000000000
80101  39.173  -27.655  59.767 0.0000000000
80111  40.338  -27.055  59.277 0.0000000000
78917  39.743  -28.716  59.814 0.0000000000
75581  41.355  -31.856  60.197 0.0000000000
76693  40.966  -31.431  60.682 0.0000000000
173759  34.791  -48.827  64.877 0.0000000000
56901  35.293  -47.233  65.069 0.0000000000
54795  37.146  -49.253  63.166 0.0000000000
55842  39.285  -48.123  60.745 0.0000000000
59416  39.634  -44.898  61.041 0.0000000000
55753  28.122  -48.523  67.621 0.0000000000
177588  28.253  -47.309  66.805 0.0000000000
56872  30.124  -47.364  67.456 0.0000000000
56870  31.676  -47.684  67.221 0.0000000000
169063  32.075  -49.688  67.236 0.0000000000
90123  49.721  -18.488  49.495 0.0000000000
86894  50.037  -20.213  47.933 0.0000000000
85826  45.679  -21.945  50.265 0.0000000000
83689  41.598  -24.803  51.726 0.0000000000
83705  40.833  -24.309  49.961 0.0000000000
84765  41.669  -23.863  51.461 0.0000000000
195468  42.391  -22.845  51.434 0.0000000000
84749  42.616  -23.869  52.924 0.0000000000
177038  44.127  -24.241  54.076 0.0000000000
82533  44.043  -25.639  53.002 0.0000000000
80243  42.884  -27.498  49.032 0.0000000000
82579  43.772  -26.498  49.131 0.0000000000
61852  34.842  -44.483  63.768 0.0000000000
172028  35.145  -43.430  63.057 0.0000000000
172945  36.498  -40.205  61.061 0.0000000000
195939  36.174  -41.470  59.925 0.0000000000
72185  36.634  -34.567  61.745 0.0000000000
72203  35.965  -34.661  59.987 0.0000000000
73286  35.981  -33.711  60.434 0.0000000000
74444  35.163  -32.100  58.389 0.0000000000
74421  36.199  -32.265  60.976 0.0000000000
182213  36.391  -31.259  60.801 0.0000000000
75527  37.425  -31.972  62.450 0.0000000000
69002  42.018  -36.300  61.019 0.0000000000
71087  41.933  -34.901  61.749 0.0000000000
69001  42.980  -36.461  60.398 0.0000000000
70042  44.029  -36.663  59.844 0.0000000000
54716  21.986  -50.224  71.115 0.0000000000
51702  22.422  -52.595  72.045 0.0000000000
49643  21.624  -54.304  70.458 0.0000000000
50689  20.792  -53.263  71.665 0.0000000000
80168  37.448  -27.710  54.639 0.0000000000
81416  38.052  -26.982  55.823 0.0000000000
81403  37.299  -27.943  56.464 0.0000000000
80125  37.702  -28.152  57.981 0.0000000000
78920  38.428  -28.876  60.326 0.0000000000
53813  26.125  -51.262  68.098 0.0000000000
195031  26.087  -50.275  66.816 0.0000000000
54739  27.679  -50.801  68.440 0.0000000000
54738  28.917  -50.348  68.344 0.0000000000
189267  30.084  -50.315  68.133 0.0000000000
52759  31.665  -51.267  67.382 0.0000000000
50731  31.926  -53.203  66.949 0.0000000000
87899  48.545  -19.896  50.697 0.0000000000
86881  48.137  -20.624  49.563 0.0000000000
86842  47.464  -20.717  51.379 0.0000000000
197793  46.588  -21.591  51.765 0.0000000000
84762  45.762  -22.845  52.149 0.0000000000
81473  39.842  -26.686  50.656 0.0000000000
81472  40.515  -26.182  51.116 0.0000000000
82547  41.453  -25.492  51.681 0.0000000000
82546  42.286  -25.774  52.236 0.0000000000
82544  44.210  -26.107  52.111 0.0000000000
81452  43.697  -26.595  51.680 0.0000000000
80232  42.814  -27.508  50.187 0.0000000000
186845  37.160  -43.518  64.245 0.0000000000
64150  35.670  -42.168  63.685 0.0000000000
64136  36.311  -41.623  64.026 0.0000000000
66571  36.988  -39.765  62.599 0.0000000000
67820  36.775  -38.235  61.041 0.0000000000
174224  36.543  -37.583  60.460 0.0000000000
178877  36.836  -36.875  61.810 0.0000000000
70015  37.207  -36.389  63.067 0.0000000000
72155  37.702  -35.092  63.382 0.0000000000
73233  38.953  -33.995  63.617 0.0000000000
178855  39.633  -35.998  63.378 0.0000000000
190331  40.666  -36.735  62.282 0.0000000000
67831  39.987  -38.156  60.743 0.0000000000
53828  22.317  -51.267  67.746 0.0000000000
52764  23.211  -51.768  68.082 0.0000000000
52762  25.234  -51.885  68.053 0.0000000000
52748  25.593  -52.160  69.714 0.0000000000
49655  26.725  -54.418  69.782 0.0000000000
80222  39.776  -27.402  51.422 0.0000000000
80196  41.133  -27.265  52.746 0.0000000000
80180  41.120  -27.725  52.823 0.0000000000
80165  40.561  -28.175  53.861 0.0000000000
78973  40.760  -28.045  55.793 0.0000000000
77838  41.017  -28.500  56.798 0.0000000000
81390  40.200  -26.616  57.107 0.0000000000
78948  41.542  -27.395  58.145 0.0000000000
58122  31.233  -46.037  64.236 0.0000000000
59324  33.347  -46.184  65.165 0.0000000000
60588  34.949  -45.950  64.960 0.0000000000
59322  36.559  -45.417  64.444 0.0000000000
54822  38.385  -48.849  61.875 0.0000000000
56933  38.140  -46.819  63.149 0.0000000000
58119  38.141  -45.728  63.379 0.0000000000
59379  39.393  -44.659  62.219 0.0000000000
188411  39.628  -43.997  61.645 0.0000000000
61916  39.646  -43.218  61.103 0.0000000000
64193  39.540  -41.927  60.894 0.0000000000
61942  39.605  -42.863  60.237 0.0000000000
59306  31.103  -46.130  65.863 0.0000000000
55750  33.412  -48.349  66.458 0.0000000000
53850  34.850  -50.702  64.765 0.0000000000
51757  33.229  -51.825  66.183 0.0000000000
51781  34.803  -51.907  64.690 0.0000000000
86921  51.399  -20.507  45.595 0.0000000000
87890  44.139  -20.791  52.367 0.0000000000
85760  44.596  -22.574  54.284 0.0000000000
84727  45.440  -23.650  53.627 0.0000000000
84770  44.984  -24.256  50.762 0.0000000000
82561  44.497  -26.138  50.873 0.0000000000
83694  44.758  -25.631  50.094 0.0000000000
84781  43.924  -23.750  48.696 0.0000000000
64185  35.518  -42.359  61.314 0.0000000000
74458  34.334  -31.690  57.172 0.0000000000
77841  34.694  -30.264  56.777 0.0000000000
77819  35.705  -30.544  58.951 0.0000000000
173855  37.197  -29.756  60.570 0.0000000000
77785  38.715  -30.122  61.799 0.0000000000
74373  39.970  -32.958  63.388 0.0000000000
74389  41.050  -32.631  62.720 0.0000000000
76663  41.536  -32.226  61.563 0.0000000000
74419  43.094  -33.614  60.603 0.0000000000
65326  39.200  -40.442  60.514 0.0000000000
66600  39.047  -39.690  59.949 0.0000000000
55678  19.807  -49.206  73.082 0.0000000000
54693  18.693  -49.446  73.597 0.0000000000
55679  19.133  -48.742  73.553 0.0000000000
55691  20.158  -48.860  72.473 0.0000000000
54691  20.216  -49.999  72.947 0.0000000000
80172  34.763  -29.264  54.298 0.0000000000
80155  35.227  -29.117  54.800 0.0000000000
78963  34.672  -29.561  55.712 0.0000000000
88988  45.343  -19.953  52.424 0.0000000000
87901  44.625  -20.177  52.031 0.0000000000
80195  41.884  -27.449  52.551 0.0000000000
79024  42.078  -27.978  52.154 0.0000000000
190827  39.655  -41.924  62.229 0.0000000000
64160  39.294  -41.859  62.952 0.0000000000
65305  39.289  -40.991  63.200 0.0000000000
66528  39.164  -39.606  63.565 0.0000000000
178733  39.458  -40.050  62.972 0.0000000000
65318  39.568  -40.480  62.178 0.0000000000
50673  23.286  -53.007  71.833 0.0000000000
51701  23.509  -52.778  71.704 0.0000000000
50688  23.871  -53.468  71.568 0.0000000000
48466  23.997  -54.449  71.044 0.0000000000
169553  37.657  -28.070  53.438 0.0000000000
80182  38.458  -27.735  53.702 0.0000000000
81426  39.038  -26.929  54.452 0.0000000000
78918  39.103  -28.244  60.025 0.0000000000
195569  39.509  -28.108  59.810 0.0000000000
192685  39.660  -29.739  60.574 0.0000000000
77794  40.326  -30.671  60.899 0.0000000000
54797  35.480  -50.187  64.292 0.0000000000
54783  35.400  -49.098  64.371 0.0000000000
54810  36.578  -50.097  63.352 0.0000000000
56858  29.021  -48.529  67.918 0.0000000000
56873  27.720  -47.838  67.186 0.0000000000
198243  29.374  -47.737  67.578 0.0000000000
56884  29.147  -46.980  67.150 0.0000000000
56857  29.896  -48.209  67.810 0.0000000000
56856  30.673  -47.975  67.665 0.0000000000
54749  31.188  -49.255  67.716 0.0000000000
87915  49.613  -19.683  49.530 0.0000000000
90122  50.411  -18.567  49.311 0.0000000000
87936  50.052  -19.771  48.871 0.0000000000
87954  50.482  -19.846  48.327 0.0000000000
86879  49.556  -20.204  48.704 0.0000000000
84764  42.191  -23.489  51.945 0.0000000000
83678  43.096  -24.866  53.216 0.0000000000
82534  43.144  -25.604  52.803 0.0000000000
80244  42.214  -27.772  48.475 0.0000000000
175686  43.320  -26.998  48.711 0.0000000000
61836  35.487  -43.886  64.240 0.0000000000
61866  35.212  -43.495  63.581 0.0000000000
66595  36.492  -39.684  60.162 0.0000000000
177326  36.788  -33.938  62.155 0.0000000000
72194  36.284  -34.518  60.958 0.0000000000
73276  36.363  -33.639  61.350 0.0000000000
178904  36.089  -32.884  60.734 0.0000000000
189139  36.371  -32.839  61.338 0.0000000000
74407  36.586  -32.415  61.556 0.0000000000
74406  37.072  -32.574  62.167 0.0000000000
69014  41.899  -36.845  60.058 0.0000000000
69013  42.634  -36.581  60.288 0.0000000000
69023  43.370  -37.055  59.618 0.0000000000
54703  21.127  -49.987  72.309 0.0000000000
54729  21.432  -49.666  70.632 0.0000000000
54702  21.694  -50.436  71.907 0.0000000000
52705  22.275  -51.949  72.145 0.0000000000
52706  21.612  -51.970  72.455 0.0000000000
51703  21.776  -52.569  72.294 0.0000000000
193684  21.304  -52.174  72.503 0.0000000000
80199  35.525  -28.800  53.054 0.0000000000
79009  36.004  -28.900  52.224 0.0000000000
80185  36.062  -28.591  53.757 0.0000000000
80184  36.919  -28.259  53.629 0.0000000000
80169  36.675  -28.089  54.387 0.0000000000
80152  37.075  -27.825  55.125 0.0000000000
167211  36.292  -28.282  55.059 0.0000000000
81392  37.126  -28.374  57.071 0.0000000000
80115  37.524  -28.546  58.545 0.0000000000
172411  37.977  -28.414  59.114 0.0000000000
78930  37.372  -28.974  59.252 0.0000000000
53799  27.200  -51.562  68.945 0.0000000000
53812  26.964  -50.971  68.324 0.0000000000
51740  29.467  -52.392  68.613 0.0000000000
53797  28.559  -51.186  68.724 0.0000000000
169085  29.605  -51.618  68.573 0.0000000000
54737  29.671  -50.478  68.278 0.0000000000
52746  30.103  -51.330  68.224 0.0000000000
52760  30.864  -51.497  67.825 0.0000000000
90111  47.119  -18.972  50.663 0.0000000000
90110  47.689  -19.065  50.462 0.0000000000
90109  48.235  -19.013  50.200 0.0000000000
90094  47.856  -19.330  50.911 0.0000000000
87900  48.007  -20.247  51.079 0.0000000000
88985  47.419  -19.877  51.995 0.0000000000
86816  46.286  -21.356  53.382 0.0000000000
86815  46.847  -21.013  52.856 0.0000000000
85781  46.172  -22.247  52.938 0.0000000000
85802  46.252  -22.017  52.315 0.0000000000
84746  45.809  -22.939  52.826 0.0000000000
183163  42.196  -26.105  52.099 0.0000000000
167295  42.967  -26.477  52.405 0.0000000000
80221  42.357  -27.914  50.723 0.0000000000
80220  42.840  -27.469  51.179 0.0000000000
80233  42.168  -28.023  49.585 0.0000000000
194476  38.256  -43.131  63.554 0.0000000000
178632  36.916  -42.227  64.319 0.0000000000
173424  37.397  -42.072  64.169 0.0000000000
195758  37.086  -39.849  63.555 0.0000000000
173880  36.848  -40.459  63.533 0.0000000000
176349  36.931  -39.804  63.078 0.0000000000
66585  36.748  -39.898  61.795 0.0000000000
67807  37.053  -38.781  61.906 0.0000000000
191115  36.856  -37.823  61.682 0.0000000000
175905  37.022  -37.832  62.423 0.0000000000
68956  38.448  -37.653  63.775 0.0000000000
190034  37.941  -36.968  63.653 0.0000000000
70003  37.778  -36.517  63.445 0.0000000000
71077  37.637  -35.869  63.363 0.0000000000
71065  38.930  -35.930  63.778 0.0000000000
72139  38.958  -35.409  63.758 0.0000000000
69988  39.259  -36.661  63.605 0.0000000000
190023  39.676  -38.536  62.037 0.0000000000
67806  40.160  -37.352  62.364 0.0000000000
67819  39.824  -38.295  61.475 0.0000000000
67830  40.709  -37.406  60.938 0.0000000000
54740  21.933  -50.349  69.226 0.0000000000
53816  21.768  -50.584  68.320 0.0000000000
53815  22.473  -51.077  68.691 0.0000000000
52750  23.762  -51.781  69.601 0.0000000000
53814  23.162  -51.468  69.129 0.0000000000
170991  23.770  -51.866  68.747 0.0000000000
52763  24.281  -52.045  68.005 0.0000000000
52749  24.587  -51.912  68.974 0.0000000000
174511  25.538  -51.860  68.875 0.0000000000
194365  39.330  -27.870  51.675 0.0000000000
80181  40.218  -27.637  53.117 0.0000000000
175461  39.880  -27.621  52.305 0.0000000000
80166  40.727  -27.891  53.309 0.0000000000
81413  41.119  -26.891  55.711 0.0000000000
81412  41.026  -27.297  55.588 0.0000000000
80140  41.498  -27.207  56.160 0.0000000000
78960  41.199  -27.819  56.520 0.0000000000
184610  41.676  -27.557  57.350 0.0000000000
81402  37.995  -27.112  56.606 0.0000000000
165399  38.957  -26.836  56.912 0.0000000000
168368  39.385  -26.729  57.719 0.0000000000
78928  40.387  -28.025  59.256 0.0000000000
78937  41.013  -27.300  58.994 0.0000000000
78938  40.811  -28.083  58.690 0.0000000000
77827  40.308  -28.977  58.359 0.0000000000
76714  39.557  -29.885  58.949 0.0000000000
59304  32.617  -46.442  65.751 0.0000000000
59325  32.465  -45.964  65.203 0.0000000000
59303  33.445  -46.573  65.589 0.0000000000
56900  35.936  -47.377  64.566 0.0000000000
58076  35.158  -46.760  65.263 0.0000000000
58075  35.572  -46.146  64.807 0.0000000000
59323  36.003  -45.542  64.656 0.0000000000
58121  37.176  -46.454  63.923 0.0000000000
179779  38.129  -49.466  61.713 0.0000000000
54835  38.412  -49.269  61.336 0.0000000000
56977  39.402  -47.283  61.086 0.0000000000
55806  38.607  -47.770  62.471 0.0000000000
56948  38.860  -47.206  62.290 0.0000000000
58140  38.079  -46.260  63.284 0.0000000000
58139  38.476  -45.894  63.038 0.0000000000
59342  38.636  -45.071  63.239 0.0000000000
58156  39.185  -45.516  62.150 0.0000000000
184562  39.713  -44.308  60.807 0.0000000000
60701  39.646  -44.271  61.319 0.0000000000
60717  39.709  -43.805  60.974 0.0000000000
180747  39.635  -43.702  61.390 0.0000000000
61941  39.707  -43.394  60.497 0.0000000000
190915  39.648  -42.911  60.700 0.0000000000
187332  39.555  -43.196  59.724 0.0000000000
54766  26.478  -49.770  66.896 0.0000000000
55769  26.073  -49.020  66.301 0.0000000000
58102  29.011  -46.816  64.596 0.0000000000
58124  29.867  -46.639  64.116 0.0000000000
58123  30.554  -46.323  64.679 0.0000000000
58100  30.664  -46.228  65.486 0.0000000000
54764  32.472  -49.060  67.043 0.0000000000
56869  32.275  -47.750  66.925 0.0000000000
54762  33.525  -49.191  66.358 0.0000000000
182673  33.929  -49.698  65.994 0.0000000000
53838  34.302  -50.264  65.360 0.0000000000
52772  32.854  -51.491  66.709 0.0000000000
50767  35.360  -52.065  63.963 0.0000000000
175824  51.139  -20.202  47.087 0.0000000000
86922  50.394  -20.802  45.279 0.0000000000
86866  47.570  -20.844  50.322 0.0000000000
82563  40.010  -25.769  50.439 0.0000000000
82581  39.738  -25.444  49.586 0.0000000000
82580  40.319  -24.984  50.077 0.0000000000
85783  42.741  -22.856  52.290 0.0000000000
86845  42.750  -22.175  51.312 0.0000000000
85803  43.141  -21.967  52.063 0.0000000000
86844  43.554  -21.255  51.650 0.0000000000
86829  43.724  -21.567  52.661 0.0000000000
86828  44.409  -21.209  53.285 0.0000000000
86818  43.943  -21.965  53.657 0.0000000000
83660  44.762  -24.570  53.662 0.0000000000
84728  45.205  -23.891  53.911 0.0000000000
83659  45.237  -24.204  53.325 0.0000000000
83676  45.338  -24.332  52.510 0.0000000000
83686  45.248  -24.505  51.643 0.0000000000
82595  43.919  -25.788  48.663 0.0000000000
82578  44.320  -25.995  49.664 0.0000000000
83704  44.336  -25.014  49.326 0.0000000000
83715  43.588  -24.723  48.347 0.0000000000
64162  35.739  -41.908  63.110 0.0000000000
64173  35.495  -42.235  62.292 0.0000000000
64184  35.860  -41.848  61.610 0.0000000000
166177  36.299  -36.832  60.019 0.0000000000
72212  35.716  -34.491  59.030 0.0000000000
181459  34.719  -31.678  57.713 0.0000000000
75600  35.060  -31.406  58.054 0.0000000000
76726  34.529  -30.795  57.162 0.0000000000
76717  34.878  -30.936  57.789 0.0000000000
77829  35.296  -30.402  58.014 0.0000000000
76716  35.331  -30.995  58.516 0.0000000000
76669  37.395  -31.298  62.071 0.0000000000
77799  36.911  -30.326  60.876 0.0000000000
77787  37.879  -30.400  61.821 0.0000000000
77798  38.180  -29.770  61.465 0.0000000000
76667  38.466  -30.592  62.191 0.0000000000
72152  39.759  -34.870  63.454 0.0000000000
73232  39.466  -33.862  63.563 0.0000000000
72151  40.356  -34.451  63.016 0.0000000000
72167  42.095  -34.036  61.755 0.0000000000
73245  41.570  -33.596  62.282 0.0000000000
73261  41.907  -33.359  61.902 0.0000000000
75523  41.374  -32.365  62.234 0.0000000000
74404  42.227  -33.249  61.469 0.0000000000
74420  42.552  -33.192  60.991 0.0000000000
73275  43.472  -34.309  60.712 0.0000000000
70041  44.327  -36.560  59.628 0.0000000000
64194  39.251  -41.522  60.339 0.0000000000
195741  39.410  -41.212  60.869 0.0000000000
55701  20.842  -49.233  72.022 0.0000000000
54690  20.859  -50.338  72.703 0.0000000000
51693  20.971  -51.669  72.645 0.0000000000
53755  20.698  -50.689  72.799 0.0000000000
52698  19.778  -50.865  72.935 0.0000000000
79010  34.863  -28.891  53.082 0.0000000000
80154  35.663  -28.749  54.956 0.0000000000
170305  36.111  -28.567  55.576 0.0000000000
80143  35.608  -29.021  55.392 0.0000000000
78961  35.930  -29.192  56.478 0.0000000000
78950  36.125  -29.277  57.208 0.0000000000
49637  27.580  -53.514  69.541 0.0000000000
189653  27.869  -52.132  69.394 0.0000000000
50711  28.273  -53.209  69.060 0.0000000000
50710  29.061  -53.059  68.691 0.0000000000
90096  46.692  -19.140  51.449 0.0000000000
90083  47.018  -19.484  52.003 0.0000000000
90084  46.348  -19.438  52.061 0.0000000000
87887  46.205  -20.204  53.026 0.0000000000
86807  45.720  -21.535  53.838 0.0000000000
80211  40.675  -27.168  52.150 0.0000000000
81453  42.997  -27.056  51.987 0.0000000000
62983  39.271  -42.829  63.021 0.0000000000
62984  38.430  -41.993  63.590 0.0000000000
64148  38.599  -41.527  63.558 0.0000000000
65276  38.258  -40.463  63.997 0.0000000000
180333  38.015  -39.267  63.934 0.0000000000
187174  37.792  -38.225  63.609 0.0000000000
183843  38.241  -39.058  63.814 0.0000000000
67772  38.830  -38.935  63.773 0.0000000000
183798  39.029  -37.873  63.691 0.0000000000
182561  39.639  -37.718  62.904 0.0000000000
67786  39.437  -38.341  63.116 0.0000000000
66570  39.533  -39.388  62.391 0.0000000000
66583  39.535  -39.403  61.857 0.0000000000
52735  23.659  -51.829  70.433 0.0000000000
52718  24.853  -52.773  70.907 0.0000000000
52734  24.988  -52.448  70.420 0.0000000000
51717  24.670  -53.143  71.252 0.0000000000
171502  37.373  -28.815  51.494 0.0000000000
79027  37.828  -28.577  52.129 0.0000000000
80212  38.803  -28.167  51.993 0.0000000000
81437  39.901  -27.018  53.902 0.0000000000
81425  39.871  -26.910  54.406 0.0000000000
166875  40.534  -26.697  56.183 0.0000000000
81355  39.086  -26.970  59.264 0.0000000000
81354  39.794  -26.738  59.094 0.0000000000
80112  39.665  -27.008  59.561 0.0000000000
179513  40.129  -27.620  59.434 0.0000000000
76704  39.849  -30.564  59.832 0.0000000000
76703  40.814  -31.396  60.218 0.0000000000
75562  41.466  -31.901  60.497 0.0000000000
75579  42.200  -32.710  60.344 0.0000000000
56883  34.018  -47.775  65.952 0.0000000000
166164  34.118  -47.161  65.770 0.0000000000
55781  35.310  -48.107  64.729 0.0000000000
55780  36.034  -48.276  64.193 0.0000000000
55794  36.779  -48.234  63.669 0.0000000000
54852  38.987  -48.686  60.439 0.0000000000
58193  39.517  -46.543  60.639 0.0000000000
58192  39.553  -45.612  61.127 0.0000000000
58208  39.590  -45.618  60.613 0.0000000000
59433  39.652  -44.918  60.464 0.0000000000
55754  27.376  -48.599  67.286 0.0000000000
55755  26.730  -48.770  66.876 0.0000000000
55767  26.987  -47.886  66.900 0.0000000000
56903  27.397  -47.451  65.486 0.0000000000
164234  28.139  -47.178  65.880 0.0000000000
58083  28.874  -46.813  65.564 0.0000000000
58082  29.461  -46.686  66.307 0.0000000000
58060  30.758  -46.966  67.004 0.0000000000
56871  31.042  -47.549  67.380 0.0000000000
55734  31.729  -48.100  67.410 0.0000000000
172660  32.780  -49.825  66.921 0.0000000000
87953  51.213  -19.758  48.009 0.0000000000
86893  50.850  -19.962  47.766 0.0000000000
85853  49.939  -20.606  46.727 0.0000000000
85825  46.375  -21.513  49.999 0.0000000000
83696  40.890  -24.785  50.900 0.0000000000
83695  41.225  -24.086  50.745 0.0000000000
197263  41.587  -23.511  50.652 0.0000000000
84771  41.928  -23.144  51.068 0.0000000000
84748  43.132  -23.300  53.353 0.0000000000
85769  43.732  -22.887  53.893 0.0000000000
83662  43.340  -24.183  53.668 0.0000000000
83661  43.999  -24.955  53.662 0.0000000000
82543  44.747  -25.622  52.511 0.0000000000
81484  43.404  -27.083  49.704 0.0000000000
82596  43.338  -26.464  48.103 0.0000000000
60640  34.184  -45.051  63.650 0.0000000000
65320  36.238  -41.087  61.315 0.0000000000
65327  36.347  -40.773  60.247 0.0000000000
65328  36.031  -41.177  59.145 0.0000000000
71110  36.621  -35.264  61.402 0.0000000000
191471  36.051  -35.521  59.992 0.0000000000
73299  35.721  -33.712  59.497 0.0000000000
73317  34.976  -32.991  58.162 0.0000000000
73300  35.326  -32.909  59.045 0.0000000000
74432  35.524  -32.166  59.409 0.0000000000
75564  35.764  -31.611  59.778 0.0000000000
76696  36.052  -31.224  60.089 0.0000000000
75563  36.121  -31.705  60.490 0.0000000000
75528  36.967  -31.862  61.829 0.0000000000
75526  37.720  -31.528  62.531 0.0000000000
191256  41.319  -35.881  62.081 0.0000000000
71088  41.265  -35.055  62.141 0.0000000000
186862  42.002  -35.803  61.664 0.0000000000
70033  42.608  -35.655  61.259 0.0000000000
71109  43.113  -35.455  61.046 0.0000000000
71108  43.570  -35.488  60.670 0.0000000000
70043  43.556  -36.548  60.078 0.0000000000
54728  22.025  -50.226  70.176 0.0000000000
53777  22.240  -50.983  71.530 0.0000000000
52704  22.941  -52.537  71.834 0.0000000000
198350  22.800  -53.029  71.920 0.0000000000
49642  22.526  -54.573  70.733 0.0000000000
49615  22.240  -53.679  71.718 0.0000000000
49629  21.340  -53.864  71.334 0.0000000000
51704  20.659  -52.135  72.477 0.0000000000
79008  36.954  -28.856  52.235 0.0000000000
80183  37.509  -27.865  54.044 0.0000000000
81427  37.926  -27.190  55.086 0.0000000000
81417  37.487  -27.559  55.799 0.0000000000
80131  37.865  -27.723  57.375 0.0000000000
80141  36.580  -28.466  56.263 0.0000000000
164905  38.401  -27.294  58.458 0.0000000000
181219  38.553  -27.931  59.364 0.0000000000
80102  38.817  -28.134  59.814 0.0000000000
78906  38.827  -29.024  60.764 0.0000000000
53882  37.442  -50.358  62.317 0.0000000000
53827  25.634  -51.453  67.478 0.0000000000
53840  25.579  -50.854  66.802 0.0000000000
54754  26.130  -50.651  67.302 0.0000000000
178189  26.786  -50.389  67.559 0.0000000000
54753  27.428  -50.156  67.862 0.0000000000
53798  27.891  -51.412  68.903 0.0000000000
184744  28.316  -50.657  68.441 0.0000000000
55739  27.759  -49.335  67.651 0.0000000000
55738  28.438  -49.286  67.975 0.0000000000
54751  29.467  -49.952  68.249 0.0000000000
54750  30.090  -49.679  68.076 0.0000000000
53811  30.678  -49.903  67.870 0.0000000000
53810  31.154  -50.577  67.662 0.0000000000
51747  31.581  -52.123  67.425 0.0000000000
50744  32.356  -53.201  66.355 0.0000000000
90108  49.025  -18.839  49.935 0.0000000000
87916  48.968  -20.026  50.116 0.0000000000
191391  48.895  -20.378  49.344 0.0000000000
189537  48.436  -20.229  50.569 0.0000000000
86865  47.927  -20.522  50.663 0.0000000000
86843  47.404  -20.899  51.049 0.0000000000
87886  47.133  -20.456  52.421 0.0000000000
184511  46.930  -21.274  51.779 0.0000000000
85801  46.904  -21.344  51.099 0.0000000000
85815  46.278  -21.714  50.762 0.0000000000
85816  45.627  -22.674  51.238 0.0000000000
85817  45.031  -22.997  50.389 0.0000000000
192994  39.516  -26.084  49.937 0.0000000000
179550  42.412  -25.431  52.424 0.0000000000
82545  43.227  -26.149  52.481 0.0000000000
81471  43.392  -27.143  50.951 0.0000000000
61833  36.642  -43.767  64.444 0.0000000000
62985  35.494  -42.774  63.858 0.0000000000
181491  36.523  -43.029  64.406 0.0000000000
64161  35.987  -41.657  63.545 0.0000000000
177989  35.961  -41.173  62.886 0.0000000000
188185  36.968  -41.000  64.129 0.0000000000
65306  36.334  -41.056  63.582 0.0000000000
194055  36.404  -40.621  61.804 0.0000000000
170919  36.796  -39.255  60.974 0.0000000000
67832  36.549  -38.559  60.080 0.0000000000
69004  36.707  -37.462  61.166 0.0000000000
68985  37.066  -37.038  63.072 0.0000000000
68986  37.060  -37.016  62.804 0.0000000000
178605  36.756  -35.942  61.820 0.0000000000
71102  36.825  -35.381  62.161 0.0000000000
72184  36.951  -34.786  62.540 0.0000000000
180186  37.175  -34.219  62.830 0.0000000000
73248  37.827  -33.505  63.134 0.0000000000
72153  38.879  -34.882  63.744 0.0000000000
72138  39.131  -35.128  63.665 0.0000000000
170578  40.257  -35.801  62.815 0.0000000000
68969  39.965  -36.823  62.770 0.0000000000
70013  40.649  -36.475  62.374 0.0000000000
67805  41.064  -36.734  61.795 0.0000000000
170169  24.304  -51.920  66.313 0.0000000000
52775  23.864  -52.042  67.156 0.0000000000
52774  24.898  -51.814  67.119 0.0000000000
53800  26.383  -51.712  68.936 0.0000000000
52732  26.713  -52.510  69.969 0.0000000000
52733  25.812  -52.632  70.313 0.0000000000
50701  26.485  -53.427  70.331 0.0000000000
50700  27.292  -53.173  69.998 0.0000000000
80179  41.281  -27.967  52.810 0.0000000000
77870  40.808  -28.612  53.510 0.0000000000
192823  40.724  -28.552  54.291 0.0000000000
81424  40.486  -27.759  54.167 0.0000000000
80151  40.586  -27.929  55.067 0.0000000000
81415  38.811  -26.860  55.488 0.0000000000
81401  39.495  -26.770  56.180 0.0000000000
81400  41.364  -26.601  56.777 0.0000000000
81374  40.302  -26.525  58.326 0.0000000000
80123  41.553  -26.892  58.240 0.0000000000
185930  42.035  -26.990  57.632 0.0000000000
78949  41.082  -28.240  57.792 0.0000000000
59362  31.873  -46.072  63.664 0.0000000000
60641  33.466  -45.572  64.106 0.0000000000
58077  34.176  -46.782  65.559 0.0000000000
60589  33.856  -45.883  65.016 0.0000000000
60606  34.083  -45.615  64.626 0.0000000000
60587  35.448  -45.436  64.658 0.0000000000
60586  35.920  -45.209  64.629 0.0000000000
60603  36.397  -44.698  64.522 0.0000000000
54824  37.571  -49.645  62.475 0.0000000000
54809  37.824  -48.746  62.663 0.0000000000
55793  37.543  -48.043  63.260 0.0000000000
55818  38.904  -48.205  61.987 0.0000000000
55807  38.202  -47.747  62.917 0.0000000000
55792  37.795  -47.206  63.332 0.0000000000
56917  37.685  -46.589  63.519 0.0000000000
59321  37.206  -45.344  64.101 0.0000000000
195898  36.896  -44.824  64.342 0.0000000000
60601  37.429  -44.504  63.993 0.0000000000
60622  38.232  -44.368  63.555 0.0000000000
60620  39.303  -43.922  62.918 0.0000000000
59398  39.552  -44.933  61.467 0.0000000000
181826  39.571  -44.447  61.745 0.0000000000
61865  39.492  -43.489  62.527 0.0000000000
195195  39.575  -43.425  62.169 0.0000000000
61897  39.613  -43.199  61.641 0.0000000000
64183  39.635  -42.621  61.451 0.0000000000
196295  39.621  -42.105  61.269 0.0000000000
63029  39.623  -42.570  60.998 0.0000000000
63045  39.533  -42.396  60.500 0.0000000000
63046  39.214  -42.370  59.638 0.0000000000
61959  39.136  -43.111  58.808 0.0000000000
54776  25.308  -50.384  66.101 0.0000000000
55782  25.901  -48.201  65.828 0.0000000000
59326  31.393  -45.929  65.197 0.0000000000
58080  32.052  -46.745  66.272 0.0000000000
58059  31.547  -47.216  66.854 0.0000000000
58058  32.266  -47.320  66.672 0.0000000000
56867  33.492  -47.553  66.263 0.0000000000
55766  33.953  -48.711  65.979 0.0000000000
175827  34.776  -49.745  64.765 0.0000000000
53859  36.010  -50.528  63.815 0.0000000000
53809  31.818  -50.431  67.333 0.0000000000
53825  32.897  -50.639  66.763 0.0000000000
52771  33.316  -51.040  66.267 0.0000000000
51782  34.185  -52.151  65.190 0.0000000000
52783  34.376  -51.135  65.308 0.0000000000
52796  34.853  -51.421  64.747 0.0000000000
195528  19.174  -47.814  73.063 0.0000000000
86932  52.069  -20.467  44.925 0.0000000000
87873  45.251  -21.057  53.731 0.0000000000
86808  45.233  -21.911  54.195 0.0000000000
84709  44.312  -23.517  54.276 0.0000000000
84708  45.012  -23.386  54.273 0.0000000000
84726  45.759  -22.990  53.449 0.0000000000
178701  45.615  -23.588  52.538 0.0000000000
84769  45.248  -23.699  51.288 0.0000000000
82560  44.874  -25.768  51.606 0.0000000000
83693  44.953  -25.620  50.741 0.0000000000
171167  45.143  -25.171  51.152 0.0000000000
83703  44.898  -25.008  50.232 0.0000000000
84774  44.533  -23.804  49.708 0.0000000000
77860  33.887  -29.804  54.729 0.0000000000
62997  35.394  -42.623  63.273 0.0000000000
63018  35.286  -42.805  61.771 0.0000000000
74457  34.615  -32.320  57.528 0.0000000000
189763  33.883  -30.764  56.004 0.0000000000
77848  34.021  -30.198  55.664 0.0000000000
77847  34.189  -29.807  55.356 0.0000000000
78952  34.892  -29.742  56.427 0.0000000000
78941  35.616  -29.731  57.672 0.0000000000
77828  35.890  -29.918  58.533 0.0000000000
76705  36.059  -30.670  59.772 0.0000000000
77818  36.215  -30.044  59.391 0.0000000000
77807  36.860  -29.565  59.785 0.0000000000
78908  37.952  -29.467  60.875 0.0000000000
77797  38.497  -29.630  61.408 0.0000000000
77796  39.044  -29.564  61.355 0.0000000000
74375  38.511  -33.306  63.363 0.0000000000
74392  38.644  -32.487  63.174 0.0000000000
75508  38.758  -31.762  62.907 0.0000000000
172128  41.007  -34.026  62.620 0.0000000000
74390  40.532  -32.546  62.981 0.0000000000
75507  39.523  -31.855  62.842 0.0000000000
75525  39.796  -31.315  62.376 0.0000000000
76665  40.531  -31.255  61.895 0.0000000000
76681  40.266  -30.805  61.390 0.0000000000
75544  41.620  -32.164  61.034 0.0000000000
75560  42.065  -32.620  60.704 0.0000000000
74429  43.211  -33.664  60.036 0.0000000000
71107  43.992  -35.437  60.364 0.0000000000
73296  44.075  -34.621  59.699 0.0000000000
177676  39.523  -41.394  61.264 0.0000000000
181580  39.424  -40.368  61.051 0.0000000000
65333  38.836  -40.569  59.871 0.0000000000
193086  39.393  -39.172  60.493 0.0000000000
48477  23.858  -54.857  70.596 0.0000000000
49614  23.035  -53.471  71.764 0.0000000000
49624  25.810  -53.751  70.726 0.0000000000
49628  22.840  -54.096  71.388 0.0000000000
49638  26.980  -53.869  69.960 0.0000000000
49652  28.554  -53.519  68.405 0.0000000000
49666  28.806  -53.652  67.719 0.0000000000
49673  31.874  -53.496  66.603 0.0000000000
50672  24.022  -53.136  71.612 0.0000000000
50674  22.338  -53.085  71.978 0.0000000000
50675  21.636  -53.213  71.976 0.0000000000
50676  20.291  -52.707  72.006 0.0000000000
50685  25.995  -53.208  70.601 0.0000000000
50699  28.155  -53.144  69.610 0.0000000000
50721  29.290  -53.337  68.064 0.0000000000
51716  25.473  -53.023  70.815 0.0000000000
51728  28.903  -51.961  68.930 0.0000000000
51729  28.193  -52.302  69.321 0.0000000000
51730  27.586  -52.571  69.694 0.0000000000
51731  26.768  -52.829  70.115 0.0000000000
51759  32.161  -52.590  67.030 0.0000000000
51760  31.453  -52.825  67.354 0.0000000000
51767  34.348  -51.768  65.228 0.0000000000
51768  33.695  -52.040  65.628 0.0000000000
51780  35.265  -51.920  64.274 0.0000000000
51792  35.031  -52.083  64.400 0.0000000000
52696  21.115  -51.298  72.650 0.0000000000
52697  20.492  -51.082  72.816 0.0000000000
52719  23.164  -52.243  71.631 0.0000000000
52720  22.481  -51.636  71.844 0.0000000000
52730  28.372  -51.789  69.033 0.0000000000
52745  30.375  -50.718  68.013 0.0000000000
52747  26.568  -52.176  69.602 0.0000000000
52761  30.176  -51.970  68.217 0.0000000000
52773  32.251  -51.833  67.042 0.0000000000
52784  33.818  -51.448  65.718 0.0000000000
52795  35.351  -51.607  64.308 0.0000000000
52806  35.606  -51.690  63.799 0.0000000000
53756  19.957  -50.426  72.996 0.0000000000
53764  21.849  -51.152  72.263 0.0000000000
53765  21.348  -50.615  72.406 0.0000000000
53786  27.926  -51.838  69.234 0.0000000000
53787  27.171  -51.790  69.383 0.0000000000
53826  32.367  -50.312  67.026 0.0000000000
53839  33.876  -50.629  65.876 0.0000000000
53871  37.056  -50.258  62.850 0.0000000000
54692  19.360  -49.561  73.344 0.0000000000
54717  21.330  -49.772  71.547 0.0000000000
54748  31.780  -48.897  67.474 0.0000000000
54752  28.015  -49.977  68.160 0.0000000000
54763  33.123  -49.166  66.706 0.0000000000
54774  34.322  -49.237  65.440 0.0000000000
54775  25.962  -50.004  66.386 0.0000000000
54796  36.241  -49.428  63.837 0.0000000000
54823  37.969  -49.170  62.081 0.0000000000
54834  38.622  -48.813  61.553 0.0000000000
54844  38.854  -48.770  61.065 0.0000000000
55722  29.061  -49.503  68.190 0.0000000000
55735  31.151  -48.529  67.707 0.0000000000
55737  29.674  -49.092  68.077 0.0000000000
55751  32.897  -48.539  66.845 0.0000000000
55752  32.303  -48.339  67.093 0.0000000000
55765  34.604  -48.067  65.435 0.0000000000
55819  38.365  -48.454  62.308 0.0000000000
55831  39.151  -48.183  61.386 0.0000000000
56817  19.258  -47.681  72.483 0.0000000000
56855  31.311  -47.887  67.507 0.0000000000
56868  32.939  -47.923  66.700 0.0000000000
56882  34.737  -47.194  65.492 0.0000000000
56885  28.725  -46.886  66.385 0.0000000000
56918  37.188  -47.145  63.773 0.0000000000
56919  36.542  -47.487  64.150 0.0000000000
56932  38.459  -47.021  62.753 0.0000000000
56963  39.337  -46.634  61.522 0.0000000000
56964  39.200  -47.398  61.741 0.0000000000
56976  39.468  -46.345  61.172 0.0000000000
58057  33.043  -47.389  66.392 0.0000000000
58061  29.983  -46.772  66.978 0.0000000000
58078  33.541  -46.929  65.865 0.0000000000
58079  32.841  -46.919  66.133 0.0000000000
58081  31.287  -46.583  66.354 0.0000000000
58097  36.878  -46.018  64.240 0.0000000000
58098  36.112  -46.165  64.649 0.0000000000
58099  35.389  -46.643  64.986 0.0000000000
58120  37.568  -45.967  63.700 0.0000000000
58138  38.955  -45.308  62.670 0.0000000000
58157  38.732  -46.256  62.586 0.0000000000
58174  39.404  -45.718  61.611 0.0000000000
59300  35.483  -45.843  64.767 0.0000000000
59301  34.846  -46.185  65.001 0.0000000000
59302  34.149  -46.433  65.354 0.0000000000
59305  31.777  -46.161  65.835 0.0000000000
59343  37.872  -45.207  63.663 0.0000000000
59345  32.064  -45.866  64.509 0.0000000000
60602  36.941  -44.204  64.334 0.0000000000
60604  35.985  -44.597  64.586 0.0000000000
60605  35.324  -44.874  64.472 0.0000000000
60621  38.977  -44.154  63.201 0.0000000000
60623  34.004  -45.149  64.031 0.0000000000
60624  33.392  -45.838  64.657 0.0000000000
60638  39.461  -44.076  62.467 0.0000000000
60639  39.212  -44.515  62.777 0.0000000000
60661  39.585  -43.956  62.068 0.0000000000
60680  39.612  -43.574  61.806 0.0000000000
60718  39.745  -44.332  60.177 0.0000000000
60728  39.751  -43.786  59.923 0.0000000000
61832  37.754  -43.556  63.787 0.0000000000
61835  35.931  -43.172  64.294 0.0000000000
61837  34.877  -44.809  64.206 0.0000000000
61849  39.169  -43.419  63.114 0.0000000000
61851  35.338  -43.685  63.981 0.0000000000
61864  39.381  -43.098  62.831 0.0000000000
61878  39.523  -43.025  62.457 0.0000000000
61896  39.622  -43.050  61.896 0.0000000000
62965  38.054  -42.665  63.683 0.0000000000
62966  37.487  -42.752  64.044 0.0000000000
62967  37.012  -42.893  64.368 0.0000000000
62968  36.327  -42.306  64.229 0.0000000000
62969  35.814  -42.346  63.997 0.0000000000
62970  35.574  -43.059  64.067 0.0000000000
62996  39.285  -42.313  62.946 0.0000000000
63007  39.549  -42.575  62.391 0.0000000000
63008  35.223  -43.030  62.467 0.0000000000
63017  39.679  -42.598  61.961 0.0000000000
64133  38.250  -41.135  63.778 0.0000000000
64134  37.374  -41.426  64.095 0.0000000000
64135  36.805  -41.562  64.151 0.0000000000
64147  39.092  -41.495  63.277 0.0000000000
64149  36.087  -41.655  63.828 0.0000000000
64159  39.426  -41.826  62.738 0.0000000000
64171  39.538  -41.299  62.483 0.0000000000
65275  38.360  -40.282  63.793 0.0000000000
65278  37.344  -40.826  63.941 0.0000000000
65279  36.942  -40.291  63.754 0.0000000000
65292  39.290  -40.059  63.311 0.0000000000
65293  39.064  -40.296  63.512 0.0000000000
65294  38.634  -40.928  63.646 0.0000000000
65295  36.629  -40.924  63.788 0.0000000000
65313  39.509  -40.300  62.710 0.0000000000
65314  36.474  -40.587  62.476 0.0000000000
66529  38.496  -39.582  63.778 0.0000000000
66530  38.083  -39.691  63.900 0.0000000000
66544  39.370  -39.221  63.151 0.0000000000
66546  37.742  -39.572  63.795 0.0000000000
66547  37.046  -39.928  63.460 0.0000000000
66558  39.470  -39.255  62.841 0.0000000000
67773  38.422  -38.309  63.798 0.0000000000
67774  38.213  -38.404  63.782 0.0000000000
67775  37.992  -38.804  63.705 0.0000000000
67787  39.140  -38.570  63.514 0.0000000000
67798  37.216  -38.754  62.860 0.0000000000
67818  40.359  -37.520  61.777 0.0000000000
68955  38.977  -37.401  64.234 0.0000000000
68957  38.240  -37.451  63.988 0.0000000000
68970  39.455  -37.134  63.380 0.0000000000
68971  37.712  -37.439  63.540 0.0000000000
68972  37.242  -37.939  63.269 0.0000000000
68983  41.469  -36.192  61.800 0.0000000000
68984  39.903  -37.260  62.671 0.0000000000
68994  42.615  -36.098  60.980 0.0000000000
69003  41.433  -36.718  60.992 0.0000000000
69010  44.373  -37.112  59.384 0.0000000000
69011  44.143  -37.084  59.526 0.0000000000
69012  43.624  -36.849  59.800 0.0000000000
69030  42.839  -37.256  59.160 0.0000000000
69989  39.276  -37.053  63.918 0.0000000000
69990  39.064  -36.743  63.938 0.0000000000
69991  38.189  -37.019  63.717 0.0000000000
70001  40.514  -36.183  62.530 0.0000000000
70002  39.849  -36.437  63.041 0.0000000000
70014  37.597  -36.651  63.368 0.0000000000
70025  41.985  -35.476  61.729 0.0000000000
70026  36.911  -36.192  62.477 0.0000000000
70034  36.638  -36.040  61.128 0.0000000000
70044  36.568  -36.812  60.821 0.0000000000
70052  44.659  -36.908  59.197 0.0000000000
71063  39.053  -36.264  63.732 0.0000000000
71064  39.095  -35.899  63.782 0.0000000000
71072  40.924  -35.625  62.295 0.0000000000
71074  40.000  -35.297  63.215 0.0000000000
71075  39.325  -35.538  63.581 0.0000000000
71076  37.958  -35.787  63.482 0.0000000000
71089  37.044  -35.605  62.881 0.0000000000
71100  43.144  -34.977  61.122 0.0000000000
71101  42.555  -35.171  61.409 0.0000000000
71117  44.304  -35.891  59.849 0.0000000000
71118  43.991  -36.071  60.170 0.0000000000
71119  36.327  -35.337  60.636 0.0000000000
72140  38.704  -35.656  63.738 0.0000000000
72154  38.169  -34.848  63.499 0.0000000000
72168  41.507  -34.369  62.144 0.0000000000
72169  41.022  -34.643  62.390 0.0000000000
72170  37.229  -35.098  63.143 0.0000000000
72182  43.126  -34.380  61.144 0.0000000000
72183  42.605  -34.565  61.441 0.0000000000
72192  43.900  -34.912  60.487 0.0000000000
72193  43.569  -34.902  60.768 0.0000000000
72202  44.275  -35.191  59.968 0.0000000000
72211  44.380  -35.220  59.250 0.0000000000
73231  40.012  -33.830  63.358 0.0000000000
73234  38.397  -34.205  63.503 0.0000000000
73235  37.768  -34.341  63.298 0.0000000000
73246  41.113  -33.200  62.749 0.0000000000
73247  40.564  -33.014  63.116 0.0000000000
73249  37.439  -33.756  62.988 0.0000000000
73263  36.695  -33.114  61.826 0.0000000000
73284  43.914  -34.624  60.248 0.0000000000
73285  43.605  -34.122  60.159 0.0000000000
73287  35.777  -32.882  59.879 0.0000000000
73297  43.642  -34.243  59.559 0.0000000000
74374  39.223  -33.147  63.490 0.0000000000
74388  41.527  -32.919  62.391 0.0000000000
74391  39.398  -32.408  63.189 0.0000000000
74393  37.940  -32.633  62.995 0.0000000000
74394  37.472  -32.793  62.765 0.0000000000
74405  41.710  -32.795  61.845 0.0000000000
74430  42.634  -33.127  60.408 0.0000000000
74431  35.914  -32.175  60.208 0.0000000000
75506  40.955  -32.158  62.562 0.0000000000
75509  38.068  -31.875  62.836 0.0000000000
75510  37.649  -32.111  62.729 0.0000000000
75522  41.914  -32.678  61.220 0.0000000000
75524  40.681  -31.738  62.341 0.0000000000
75545  36.462  -31.797  61.210 0.0000000000
75561  41.714  -32.225  60.606 0.0000000000
75580  41.699  -32.268  60.305 0.0000000000
75601  34.563  -31.285  57.486 0.0000000000
75618  34.154  -31.174  56.699 0.0000000000
76648  38.910  -31.158  62.592 0.0000000000
76664  41.237  -31.846  61.925 0.0000000000
76666  39.044  -30.671  62.217 0.0000000000
76668  37.836  -30.958  62.265 0.0000000000
76670  36.824  -31.272  61.454 0.0000000000
76679  41.470  -31.921  61.278 0.0000000000
76680  41.042  -31.458  61.262 0.0000000000
76682  37.237  -30.689  61.542 0.0000000000
76692  41.505  -31.877  60.872 0.0000000000
76694  39.899  -30.391  60.219 0.0000000000
76695  36.396  -30.734  60.478 0.0000000000
76706  35.662  -31.111  59.405 0.0000000000
76727  34.297  -30.509  56.405 0.0000000000
77784  39.559  -30.480  61.795 0.0000000000
77786  38.306  -30.147  61.778 0.0000000000
77808  36.541  -30.149  60.187 0.0000000000
77817  36.568  -29.479  58.943 0.0000000000
77830  34.865  -30.534  57.425 0.0000000000
77840  35.129  -30.058  57.172 0.0000000000
77861  33.752  -30.004  54.941 0.0000000000
78905  39.324  -28.952  60.557 0.0000000000
78907  38.510  -29.270  60.922 0.0000000000
78919  38.843  -28.523  60.248 0.0000000000
78921  37.663  -29.213  60.105 0.0000000000
78929  38.160  -28.585  59.675 0.0000000000
78940  36.340  -29.398  58.067 0.0000000000
78951  35.474  -29.545  56.803 0.0000000000
78974  35.022  -29.293  55.265 0.0000000000
78975  34.474  -29.561  55.038 0.0000000000
78986  33.604  -29.715  54.190 0.0000000000
80100  39.612  -27.457  59.622 0.0000000000
80113  39.057  -27.330  59.623 0.0000000000
80114  38.213  -27.974  58.747 0.0000000000
80124  41.020  -26.812  58.858 0.0000000000
80130  42.045  -27.043  56.941 0.0000000000
80132  36.957  -28.860  57.673 0.0000000000
80142  36.033  -28.923  56.022 0.0000000000
80153  36.752  -28.099  55.722 0.0000000000
80156  34.823  -29.312  54.706 0.0000000000
80186  35.194  -28.914  53.708 0.0000000000
80187  34.653  -29.197  53.835 0.0000000000
80198  36.440  -28.683  53.038 0.0000000000
81353  40.476  -26.723  59.040 0.0000000000
81356  38.703  -27.391  59.165 0.0000000000
81373  41.208  -26.591  58.346 0.0000000000
81375  39.191  -26.812  58.503 0.0000000000
81388  41.870  -26.722  57.473 0.0000000000
81389  41.185  -26.432  57.670 0.0000000000
81423  40.563  -27.807  54.759 0.0000000000
82524  44.599  -25.245  53.171 0.0000000000
83639  44.745  -23.972  54.129 0.0000000000
83677  45.041  -24.992  52.922 0.0000000000
84707  45.457  -23.271  53.968 0.0000000000
84729  43.653  -23.649  53.977 0.0000000000
84747  45.546  -23.670  53.095 0.0000000000
84763  45.476  -23.708  51.924 0.0000000000
85758  45.726  -22.565  53.901 0.0000000000
85759  45.318  -22.681  54.202 0.0000000000
85780  46.549  -21.615  52.441 0.0000000000
86817  44.662  -21.688  53.968 0.0000000000
86826  47.054  -21.046  52.222 0.0000000000
86827  46.515  -21.581  52.888 0.0000000000
86864  48.552  -20.356  50.039 0.0000000000
86882  47.489  -21.066  49.464 0.0000000000
86904  50.348  -20.334  47.308 0.0000000000
87872  45.992  -20.771  53.466 0.0000000000
87885  47.531  -20.351  51.747 0.0000000000
87888  45.660  -20.360  53.104 0.0000000000
88986  46.553  -19.865  52.550 0.0000000000
88987  46.028  -19.850  52.588 0.0000000000
88997  47.962  -19.782  51.291 0.0000000000
88998  47.522  -19.524  51.522 0.0000000000
88999  45.768  -19.559  52.034 0.0000000000
89010  49.113  -19.504  50.158 0.0000000000
89011  48.437  -19.405  50.543 0.0000000000
89030  50.517  -19.347  49.106 0.0000000000
90107  49.837  -19.097  49.750 0.0000000000
91255  47.656  -18.888  50.090 0.0000000000
164759  24.037  -52.222  70.970 0.0000000000
165626  39.461  -40.912  62.812 0.0000000000
166261  39.451  -44.987  61.824 0.0000000000
167074  31.466  -49.758  67.581 0.0000000000
167275  37.797  -40.061  63.853 0.0000000000
167867  42.377  -33.679  61.549 0.0000000000
168139  29.178  -50.669  68.401 0.0000000000
168791  37.742  -41.237  63.979 0.0000000000
168927  34.096  -29.429  53.957 0.0000000000
169170  38.596  -26.878  56.193 0.0000000000
169207  30.444  -46.499  66.239 0.0000000000
169661  34.648  -45.449  64.646 0.0000000000
170039  39.123  -34.675  63.679 0.0000000000
170116  32.295  -51.004  66.998 0.0000000000
171441  37.871  -41.940  63.905 0.0000000000
171877  38.564  -43.581  63.434 0.0000000000
171957  37.994  -39.861  63.911 0.0000000000
173534  36.623  -40.535  63.143 0.0000000000
173549  33.451  -29.854  54.303 0.0000000000
173611  34.432  -29.926  56.077 0.0000000000
173814  21.107  -52.684  72.255 0.0000000000
173858  35.862  -46.746  64.781 0.0000000000
175390  37.100  -38.025  62.946 0.0000000000
175394  38.957  -42.129  63.256 0.0000000000
175836  37.834  -38.987  64.028 0.0000000000
175856  38.351  -46.451  62.999 0.0000000000
176216  38.509  -36.993  63.759 0.0000000000
176316  28.582  -47.765  67.420 0.0000000000
176469  22.108  -54.165  71.203 0.0000000000
176635  29.170  -51.252  68.595 0.0000000000
177168  39.672  -38.325  62.431 0.0000000000
180112  38.105  -36.062  63.570 0.0000000000
180193  37.568  -29.997  61.270 0.0000000000
180485  38.150  -30.618  62.151 0.0000000000
180788  39.056  -37.995  63.957 0.0000000000
182001  29.807  -50.934  68.344 0.0000000000
183312  37.921  -38.012  63.848 0.0000000000
183626  42.863  -33.744  61.186 0.0000000000
184006  46.182  -21.952  51.607 0.0000000000
185989  40.312  -32.042  62.738 0.0000000000
187752  37.489  -38.914  63.480 0.0000000000
187817  39.338  -43.329  62.940 0.0000000000
188193  37.430  -34.470  63.160 0.0000000000
188474  26.156  -52.891  70.357 0.0000000000
189140  47.006  -19.968  52.477 0.0000000000
189174  36.784  -40.192  63.592 0.0000000000
189774  21.576  -51.458  72.437 0.0000000000
190656  35.807  -44.039  64.483 0.0000000000
190835  36.698  -30.828  61.065 0.0000000000
191101  43.421  -36.022  60.569 0.0000000000
191304  40.017  -32.404  63.067 0.0000000000
191516  40.719  -27.421  54.986 0.0000000000
192261  29.628  -52.934  68.280 0.0000000000
193008  30.676  -49.220  67.869 0.0000000000
193193  37.823  -49.832  62.055 0.0000000000
193236  37.311  -35.874  63.183 0.0000000000
193376  40.598  -33.611  62.997 0.0000000000
193681  28.571  -49.946  68.241 0.0000000000
194446  37.285  -43.950  64.126 0.0000000000
194745  39.076  -40.921  63.427 0.0000000000
195151  45.598  -22.156  54.040 0.0000000000
195778  37.603  -30.854  61.978 0.0000000000
196083  36.363  -44.228  64.533 0.0000000000
196138  48.013  -20.565  50.152 0.0000000000
196445  38.940  -36.968  63.958 0.0000000000
196881  40.716  -34.564  62.640 0.0000000000
197012  45.921  -21.971  53.804 0.0000000000
197336  41.516  -35.438  61.982 0.0000000000
197440  39.401  -34.480  63.557 0.0000000000
197633  44.395  -35.639  59.551 0.0000000000
197661  50.500  -20.428  46.873 0.0000000000
198481  43.095  -21.706  51.483 0.0000000000
198675  51.482  -19.662  48.187 0.0000000000
198833  25.076  -51.964  69.423 0.0000000000
