#!ascii label  , from subject sub-v1s2x0051464_ses-1 vox2ras=TkReg
1177
69932  4.888  -36.994  72.872 0.0000000000
61999  1.868  -43.083  57.097 0.0000000000
195494  -2.363  -44.595  73.110 0.0000000000
173755  -4.133  -39.688  65.878 0.0000000000
75576  -0.991  -33.331  60.350 0.0000000000
65183  0.726  -40.625  74.555 0.0000000000
67717  -1.552  -39.607  70.703 0.0000000000
65180  9.233  -39.999  75.055 0.0000000000
61741  5.700  -43.756  75.552 0.0000000000
58004  2.187  -46.571  74.629 0.0000000000
72114  -1.443  -34.096  66.828 0.0000000000
164909  -2.453  -36.964  62.086 0.0000000000
76623  -0.075  -31.273  66.878 0.0000000000
56854  -3.001  -47.549  69.706 0.0000000000
59320  -2.364  -44.670  67.169 0.0000000000
62939  -4.216  -42.268  69.350 0.0000000000
68923  -2.876  -37.596  68.250 0.0000000000
61938  -0.375  -42.950  61.554 0.0000000000
69048  3.181  -37.268  56.224 0.0000000000
72290  0.440  -34.158  51.669 0.0000000000
166035  4.043  -32.139  59.450 0.0000000000
67694  2.541  -38.766  73.982 0.0000000000
67706  1.826  -39.472  72.067 0.0000000000
68889  6.297  -37.543  75.700 0.0000000000
64052  7.543  -41.530  75.606 0.0000000000
66444  4.904  -39.829  76.525 0.0000000000
171592  3.277  -41.946  76.394 0.0000000000
75468  -1.005  -32.910  67.229 0.0000000000
183621  -2.635  -46.040  71.307 0.0000000000
60563  -3.517  -44.593  69.685 0.0000000000
169338  -3.452  -43.160  71.735 0.0000000000
67732  -0.718  -39.455  68.313 0.0000000000
187935  -2.383  -38.779  69.847 0.0000000000
59223  -0.680  -45.270  74.715 0.0000000000
56801  0.761  -47.593  74.144 0.0000000000
58022  -1.529  -46.592  73.201 0.0000000000
55700  -2.099  -48.177  71.417 0.0000000000
61848  -2.884  -42.362  65.835 0.0000000000
60635  -1.221  -44.261  64.821 0.0000000000
64169  -2.632  -41.034  64.041 0.0000000000
73308  -2.406  -34.331  60.516 0.0000000000
198005  -1.084  -37.785  58.432 0.0000000000
70090  0.133  -35.538  56.230 0.0000000000
71184  2.089  -35.613  54.051 0.0000000000
74508  -1.123  -32.745  54.613 0.0000000000
61749  -1.327  -43.426  74.170 0.0000000000
64086  -2.491  -41.788  72.845 0.0000000000
66489  -0.944  -40.263  72.761 0.0000000000
165952  0.863  -40.177  70.573 0.0000000000
64070  10.679  -40.758  73.248 0.0000000000
62912  9.328  -40.807  71.576 0.0000000000
62893  8.909  -41.682  73.604 0.0000000000
61752  7.081  -43.075  73.184 0.0000000000
59208  4.200  -45.172  74.980 0.0000000000
184243  1.097  -43.777  75.385 0.0000000000
68943  -3.762  -36.470  66.643 0.0000000000
175972  -4.030  -39.080  63.594 0.0000000000
170441  -2.869  -35.191  65.450 0.0000000000
75505  -1.842  -33.617  65.165 0.0000000000
75518  -0.033  -32.646  64.546 0.0000000000
70985  7.221  -35.388  71.665 0.0000000000
65231  13.480  -38.692  71.311 0.0000000000
66477  14.317  -39.326  73.942 0.0000000000
67684  10.826  -38.541  75.211 0.0000000000
72046  8.317  -35.450  74.849 0.0000000000
55733  -2.210  -48.258  69.005 0.0000000000
56898  -0.792  -47.426  67.838 0.0000000000
181487  -3.001  -45.860  68.254 0.0000000000
61818  -3.390  -43.687  67.558 0.0000000000
181079  -4.038  -41.076  67.723 0.0000000000
65234  -3.384  -40.718  71.139 0.0000000000
66503  -4.165  -39.870  69.067 0.0000000000
67747  -4.237  -38.455  67.915 0.0000000000
71039  -1.794  -35.269  66.887 0.0000000000
58117  -0.523  -46.221  66.459 0.0000000000
60654  2.229  -45.170  63.383 0.0000000000
63038  3.820  -42.980  60.216 0.0000000000
64222  -1.900  -40.134  61.518 0.0000000000
65358  2.133  -40.473  58.493 0.0000000000
176473  4.561  -39.980  56.152 0.0000000000
67967  4.483  -38.167  52.894 0.0000000000
70146  2.383  -36.303  50.214 0.0000000000
192952  1.812  -29.958  65.476 0.0000000000
76661  2.510  -31.713  64.209 0.0000000000
76676  4.598  -30.817  62.667 0.0000000000
75573  2.026  -32.737  60.454 0.0000000000
188358  -0.645  -31.094  54.632 0.0000000000
68904  3.710  -37.953  73.367 0.0000000000
68910  3.243  -38.610  72.233 0.0000000000
164881  4.451  -37.553  71.251 0.0000000000
69924  5.247  -36.944  74.248 0.0000000000
67670  5.807  -38.663  76.251 0.0000000000
68891  4.549  -37.901  75.086 0.0000000000
170683  3.501  -38.730  75.359 0.0000000000
62001  0.125  -43.254  56.453 0.0000000000
63116  1.596  -42.141  55.846 0.0000000000
60533  -2.733  -44.878  72.003 0.0000000000
60534  -3.131  -44.609  71.300 0.0000000000
61761  -3.176  -43.626  72.198 0.0000000000
64100  10.666  -40.125  70.251 0.0000000000
59224  -1.265  -45.290  74.231 0.0000000000
58007  -0.898  -45.989  74.371 0.0000000000
59243  -1.920  -45.784  72.941 0.0000000000
58023  -2.021  -46.553  72.441 0.0000000000
64132  -3.875  -41.381  66.014 0.0000000000
61863  -2.758  -42.076  65.238 0.0000000000
64146  -3.988  -41.305  65.060 0.0000000000
75578  -2.143  -33.591  60.853 0.0000000000
71155  -1.445  -35.697  58.465 0.0000000000
72241  -1.264  -33.939  57.662 0.0000000000
72258  -0.348  -34.207  55.437 0.0000000000
171998  -1.041  -32.730  57.432 0.0000000000
180059  -0.507  -41.834  74.230 0.0000000000
65200  -1.051  -41.038  73.550 0.0000000000
66484  0.040  -40.334  73.920 0.0000000000
67715  1.085  -39.900  71.522 0.0000000000
67731  0.535  -40.381  68.829 0.0000000000
65198  9.680  -40.378  74.447 0.0000000000
64072  9.768  -41.209  73.233 0.0000000000
64060  9.402  -41.110  74.068 0.0000000000
62889  6.654  -42.696  75.641 0.0000000000
62895  7.682  -42.645  74.502 0.0000000000
60500  6.744  -43.718  73.597 0.0000000000
60493  5.398  -44.416  75.113 0.0000000000
64049  1.956  -41.133  75.772 0.0000000000
61738  2.156  -42.860  75.948 0.0000000000
62891  0.751  -42.212  75.129 0.0000000000
61744  0.299  -43.682  75.126 0.0000000000
71051  -2.541  -35.221  66.345 0.0000000000
69987  -3.593  -35.890  66.067 0.0000000000
72127  -2.312  -34.484  66.087 0.0000000000
75478  -0.545  -32.156  67.092 0.0000000000
75480  -1.283  -32.874  65.960 0.0000000000
164702  -0.651  -32.386  66.152 0.0000000000
166284  -0.913  -33.065  65.065 0.0000000000
76647  0.161  -32.305  65.658 0.0000000000
66480  11.774  -39.241  74.532 0.0000000000
189404  -2.589  -48.119  69.352 0.0000000000
56881  -2.120  -46.983  68.507 0.0000000000
58046  -3.150  -46.706  69.253 0.0000000000
61796  -3.726  -43.729  69.877 0.0000000000
60575  -3.480  -44.579  68.801 0.0000000000
61797  -4.028  -43.222  69.068 0.0000000000
174442  -3.866  -42.379  67.678 0.0000000000
64111  -4.313  -41.610  68.875 0.0000000000
65233  -2.521  -40.487  71.795 0.0000000000
65225  -3.068  -41.046  71.751 0.0000000000
66497  -2.918  -39.987  71.226 0.0000000000
172879  -2.700  -38.267  69.189 0.0000000000
67725  -3.044  -38.860  69.907 0.0000000000
67735  -3.396  -38.472  69.042 0.0000000000
67736  -4.071  -38.871  68.759 0.0000000000
67746  -3.744  -37.975  68.316 0.0000000000
194971  -3.233  -37.228  67.739 0.0000000000
68931  -2.494  -36.481  67.304 0.0000000000
62923  8.289  -41.208  71.205 0.0000000000
62930  8.144  -41.291  70.342 0.0000000000
56797  3.495  -46.380  73.003 0.0000000000
55685  3.050  -46.836  72.572 0.0000000000
56799  2.775  -47.120  73.653 0.0000000000
55677  0.042  -47.949  74.011 0.0000000000
55688  1.333  -48.319  73.173 0.0000000000
56837  -2.568  -47.480  71.030 0.0000000000
55721  -2.575  -48.311  69.877 0.0000000000
58096  -2.033  -45.473  67.687 0.0000000000
58094  -0.672  -46.682  67.189 0.0000000000
58118  -1.080  -45.498  66.783 0.0000000000
60678  -0.762  -43.568  63.452 0.0000000000
59378  -0.760  -44.809  64.420 0.0000000000
60676  0.913  -44.296  62.884 0.0000000000
60698  3.090  -44.512  61.785 0.0000000000
177425  2.431  -43.264  60.844 0.0000000000
69000  -2.950  -37.729  62.822 0.0000000000
65325  -2.739  -39.482  62.767 0.0000000000
188924  -1.954  -38.851  61.563 0.0000000000
67897  1.262  -38.038  57.043 0.0000000000
66633  0.549  -39.430  57.663 0.0000000000
67880  2.691  -38.679  57.164 0.0000000000
66618  4.163  -39.982  57.967 0.0000000000
67894  4.137  -38.450  56.600 0.0000000000
66675  4.162  -39.386  54.650 0.0000000000
69072  4.042  -37.144  54.799 0.0000000000
71200  0.816  -34.462  52.894 0.0000000000
71228  2.243  -35.381  51.958 0.0000000000
71229  1.451  -35.007  51.479 0.0000000000
77770  3.301  -29.562  65.180 0.0000000000
76645  2.172  -31.352  65.021 0.0000000000
77783  3.864  -30.187  64.478 0.0000000000
76713  5.294  -31.256  60.136 0.0000000000
75552  4.442  -31.922  61.129 0.0000000000
75553  3.562  -32.343  61.189 0.0000000000
75592  2.993  -32.510  59.338 0.0000000000
166403  0.841  -32.466  57.303 0.0000000000
75629  1.467  -32.546  57.356 0.0000000000
66482  1.580  -39.700  74.537 0.0000000000
67701  1.132  -39.526  73.121 0.0000000000
189206  1.825  -39.285  72.832 0.0000000000
185408  7.763  -38.660  75.835 0.0000000000
64051  8.249  -41.159  75.186 0.0000000000
164437  7.142  -40.244  76.315 0.0000000000
65175  6.395  -40.661  76.570 0.0000000000
189438  5.696  -41.851  76.554 0.0000000000
61736  4.707  -43.241  76.235 0.0000000000
64042  3.956  -40.841  76.599 0.0000000000
66452  2.318  -40.111  75.705 0.0000000000
179708  -0.718  -33.654  68.024 0.0000000000
74331  -1.252  -33.596  66.933 0.0000000000
183360  -0.632  -32.760  68.014 0.0000000000
76597  -0.456  -31.506  68.367 0.0000000000
76596  -0.008  -30.888  68.219 0.0000000000
58036  -2.842  -46.686  70.852 0.0000000000
59263  -3.272  -45.835  69.727 0.0000000000
59252  -3.241  -45.121  70.427 0.0000000000
60550  -3.465  -44.234  70.588 0.0000000000
62938  -4.008  -42.867  70.182 0.0000000000
67723  -0.971  -39.759  70.268 0.0000000000
180968  -1.780  -39.474  69.857 0.0000000000
182846  -1.196  -38.924  69.614 0.0000000000
67734  -1.823  -38.462  69.098 0.0000000000
68922  -2.218  -37.786  68.392 0.0000000000
68930  -2.029  -37.045  67.586 0.0000000000
57992  0.907  -45.809  75.126 0.0000000000
56800  1.595  -47.166  74.331 0.0000000000
58005  0.622  -46.735  74.600 0.0000000000
56814  -0.524  -47.337  73.984 0.0000000000
55689  -0.624  -47.999  73.502 0.0000000000
187115  -1.250  -48.676  72.417 0.0000000000
56827  -1.604  -47.318  72.695 0.0000000000
58029  -2.407  -46.613  71.627 0.0000000000
60619  -2.490  -43.910  66.573 0.0000000000
60618  -1.957  -43.890  66.043 0.0000000000
60637  -1.997  -43.221  65.536 0.0000000000
61877  -1.732  -42.240  64.495 0.0000000000
61894  -1.537  -41.891  63.447 0.0000000000
71127  -2.619  -35.287  61.760 0.0000000000
67852  -1.676  -37.947  60.083 0.0000000000
70062  -1.663  -36.296  59.022 0.0000000000
69052  0.010  -36.590  57.170 0.0000000000
168249  1.210  -36.306  55.941 0.0000000000
70087  2.703  -36.406  55.264 0.0000000000
70099  1.177  -35.737  55.139 0.0000000000
72269  0.303  -34.343  53.840 0.0000000000
72280  0.022  -33.791  53.327 0.0000000000
75609  4.470  -32.009  58.660 0.0000000000
74489  2.475  -32.452  56.591 0.0000000000
165560  3.938  -31.848  56.424 0.0000000000
61753  -1.728  -44.093  73.950 0.0000000000
61760  -2.770  -43.340  72.974 0.0000000000
62905  -2.245  -42.478  73.353 0.0000000000
65214  -2.058  -41.076  73.015 0.0000000000
66493  -1.076  -40.065  72.020 0.0000000000
67702  0.250  -39.787  72.646 0.0000000000
67708  -0.351  -40.028  71.833 0.0000000000
165386  -0.184  -40.248  70.277 0.0000000000
168960  -0.029  -40.239  69.409 0.0000000000
187946  11.030  -40.765  72.688 0.0000000000
64094  9.992  -40.213  71.012 0.0000000000
64085  9.640  -41.185  72.355 0.0000000000
62894  8.269  -42.171  74.070 0.0000000000
61751  7.481  -42.501  72.772 0.0000000000
61759  7.335  -42.483  71.989 0.0000000000
58001  4.016  -45.812  73.317 0.0000000000
57989  3.338  -46.027  74.471 0.0000000000
60489  4.092  -43.765  76.041 0.0000000000
60495  2.881  -44.768  75.492 0.0000000000
59211  1.580  -45.220  75.370 0.0000000000
59212  0.101  -45.144  75.154 0.0000000000
60503  -0.795  -44.559  74.651 0.0000000000
175962  -4.244  -38.790  66.259 0.0000000000
171397  -4.179  -39.785  64.885 0.0000000000
174924  -4.257  -37.144  65.404 0.0000000000
191564  -4.149  -36.874  64.611 0.0000000000
179105  -2.933  -35.702  63.957 0.0000000000
73219  -1.793  -33.890  66.480 0.0000000000
74372  -2.262  -34.060  65.519 0.0000000000
175471  -2.720  -35.058  62.941 0.0000000000
74417  -2.311  -33.940  62.452 0.0000000000
75542  -1.758  -33.673  62.412 0.0000000000
75540  -0.103  -33.239  62.677 0.0000000000
69935  5.790  -36.227  71.627 0.0000000000
164311  12.527  -39.008  71.537 0.0000000000
193966  16.189  -39.957  73.090 0.0000000000
66476  15.850  -39.188  74.419 0.0000000000
65208  14.754  -39.786  72.562 0.0000000000
65209  13.877  -39.724  72.501 0.0000000000
190003  13.222  -40.019  72.698 0.0000000000
65210  12.466  -40.126  72.542 0.0000000000
66481  11.111  -39.735  74.364 0.0000000000
67685  10.044  -38.574  75.453 0.0000000000
188613  9.593  -36.200  75.866 0.0000000000
170210  8.892  -37.841  75.801 0.0000000000
69917  7.492  -36.453  75.271 0.0000000000
70977  6.566  -35.826  73.733 0.0000000000
58074  -2.449  -46.039  68.192 0.0000000000
59299  -2.900  -45.241  67.726 0.0000000000
59276  -3.377  -45.236  69.202 0.0000000000
60585  -3.307  -44.513  67.935 0.0000000000
60600  -3.034  -44.339  67.164 0.0000000000
61819  -3.318  -42.870  67.278 0.0000000000
188420  -3.275  -41.605  66.759 0.0000000000
65266  -4.127  -40.353  67.305 0.0000000000
62916  -3.213  -42.850  72.265 0.0000000000
64095  -3.524  -41.610  71.347 0.0000000000
64102  -3.888  -41.354  70.509 0.0000000000
66499  -3.263  -39.714  70.384 0.0000000000
66500  -3.902  -40.048  69.837 0.0000000000
65242  -4.054  -40.778  69.837 0.0000000000
65257  -4.269  -40.311  68.246 0.0000000000
66513  -4.314  -39.434  67.666 0.0000000000
66527  -4.216  -39.571  66.787 0.0000000000
67759  -4.144  -37.466  67.079 0.0000000000
69964  -3.344  -36.598  67.171 0.0000000000
71040  -1.791  -34.766  66.664 0.0000000000
69962  -1.621  -35.840  67.136 0.0000000000
71025  -1.138  -34.761  67.433 0.0000000000
72104  -1.034  -34.130  67.517 0.0000000000
165942  2.704  -47.264  71.408 0.0000000000
55674  2.154  -47.494  73.736 0.0000000000
59359  -0.823  -44.976  65.306 0.0000000000
59337  0.576  -46.062  65.327 0.0000000000
61982  4.082  -43.094  58.290 0.0000000000
188035  -3.474  -40.099  63.391 0.0000000000
63028  -2.111  -40.710  62.585 0.0000000000
63043  -1.215  -41.802  61.058 0.0000000000
66622  -1.254  -39.023  59.462 0.0000000000
64236  -0.451  -41.043  59.155 0.0000000000
63063  0.947  -42.166  59.955 0.0000000000
64215  3.366  -41.672  59.311 0.0000000000
168610  4.360  -41.844  58.282 0.0000000000
63103  3.420  -42.273  56.912 0.0000000000
65395  3.527  -40.537  55.040 0.0000000000
70110  3.956  -36.591  53.293 0.0000000000
69110  4.102  -37.236  51.309 0.0000000000
76608  0.701  -30.691  67.096 0.0000000000
177982  1.871  -29.382  67.379 0.0000000000
76622  0.750  -30.966  66.525 0.0000000000
76646  1.123  -31.982  65.088 0.0000000000
183984  1.759  -32.101  64.422 0.0000000000
75539  0.990  -32.969  62.673 0.0000000000
76677  3.880  -31.728  63.055 0.0000000000
75554  2.014  -32.665  61.406 0.0000000000
189861  0.513  -33.283  60.155 0.0000000000
75614  -0.190  -32.449  57.194 0.0000000000
76767  -1.013  -31.457  55.010 0.0000000000
73379  -0.908  -32.577  52.544 0.0000000000
75709  -1.411  -30.994  51.941 0.0000000000
68903  4.376  -37.606  73.086 0.0000000000
68909  3.804  -37.987  72.611 0.0000000000
68913  4.463  -37.446  72.211 0.0000000000
69927  5.405  -36.707  73.473 0.0000000000
69928  4.776  -37.229  73.668 0.0000000000
69925  4.242  -37.689  73.745 0.0000000000
61984  1.415  -43.573  57.602 0.0000000000
62000  0.961  -43.239  57.019 0.0000000000
63104  1.159  -42.779  56.445 0.0000000000
175778  2.297  -42.545  56.580 0.0000000000
59236  -2.372  -45.051  72.742 0.0000000000
195286  -2.777  -44.283  72.681 0.0000000000
64083  11.820  -39.440  71.247 0.0000000000
64099  11.610  -39.411  70.524 0.0000000000
64093  10.981  -39.955  71.096 0.0000000000
59235  -1.803  -44.918  73.517 0.0000000000
65273  -4.045  -40.466  66.423 0.0000000000
170297  -4.130  -40.556  65.412 0.0000000000
75577  -1.629  -33.392  60.493 0.0000000000
74468  -1.554  -33.296  58.700 0.0000000000
74450  -1.598  -33.227  59.121 0.0000000000
74479  -1.413  -33.050  57.626 0.0000000000
75596  -0.940  -32.941  59.011 0.0000000000
65184  0.108  -41.196  74.355 0.0000000000
65199  -0.567  -41.037  73.937 0.0000000000
64050  8.979  -40.790  74.800 0.0000000000
61740  6.404  -43.431  75.280 0.0000000000
61739  7.139  -43.124  74.980 0.0000000000
61747  6.727  -43.725  74.504 0.0000000000
60501  6.274  -44.285  74.030 0.0000000000
60492  6.124  -44.160  74.885 0.0000000000
60502  5.654  -44.654  74.328 0.0000000000
65182  1.375  -40.753  75.214 0.0000000000
64053  1.380  -41.651  75.406 0.0000000000
64054  0.718  -41.384  74.939 0.0000000000
64055  0.129  -41.959  74.676 0.0000000000
72126  -1.900  -34.124  66.404 0.0000000000
76624  -0.422  -31.778  67.124 0.0000000000
75491  -0.525  -32.327  66.793 0.0000000000
76638  -0.334  -31.832  66.645 0.0000000000
75503  -0.529  -32.430  65.761 0.0000000000
76637  0.165  -31.917  66.591 0.0000000000
56866  -2.657  -47.479  68.948 0.0000000000
62944  -4.199  -42.483  68.491 0.0000000000
187615  -4.300  -42.042  68.709 0.0000000000
66496  -1.911  -39.836  71.503 0.0000000000
58003  2.980  -46.586  74.203 0.0000000000
56798  3.236  -46.690  73.503 0.0000000000
174254  -0.025  -48.525  73.433 0.0000000000
56845  -2.747  -47.843  70.303 0.0000000000
59319  -1.658  -44.990  67.026 0.0000000000
60700  -0.419  -43.242  62.800 0.0000000000
60677  -0.157  -44.154  63.024 0.0000000000
61911  0.310  -43.558  61.676 0.0000000000
172999  1.050  -43.528  61.415 0.0000000000
61937  0.345  -43.181  61.044 0.0000000000
69009  -2.656  -37.831  62.437 0.0000000000
67829  -2.675  -38.288  62.506 0.0000000000
69019  -2.529  -37.866  62.260 0.0000000000
69050  1.636  -37.357  56.698 0.0000000000
67881  1.665  -38.769  57.126 0.0000000000
67895  3.241  -37.938  56.712 0.0000000000
67879  3.754  -38.732  57.194 0.0000000000
67913  3.817  -37.753  56.080 0.0000000000
69060  4.181  -37.808  55.281 0.0000000000
69061  3.480  -37.004  55.552 0.0000000000
193973  0.508  -34.152  52.440 0.0000000000
71230  0.858  -34.707  51.061 0.0000000000
77756  3.058  -28.836  65.704 0.0000000000
75570  4.633  -31.832  60.268 0.0000000000
75551  5.127  -31.306  60.934 0.0000000000
75571  3.772  -32.262  60.307 0.0000000000
75611  2.369  -32.548  58.178 0.0000000000
67695  1.994  -39.191  74.274 0.0000000000
67700  1.897  -39.204  73.555 0.0000000000
67699  2.517  -38.831  73.268 0.0000000000
174472  3.799  -38.251  71.100 0.0000000000
67668  7.169  -38.289  76.044 0.0000000000
66447  7.247  -39.255  76.151 0.0000000000
198577  6.639  -38.213  76.181 0.0000000000
66448  5.341  -39.257  76.354 0.0000000000
171760  5.918  -39.259  76.469 0.0000000000
188379  5.849  -40.342  76.681 0.0000000000
64045  5.612  -41.066  76.703 0.0000000000
65170  5.215  -40.400  76.657 0.0000000000
164674  5.004  -41.787  76.675 0.0000000000
65171  4.477  -40.357  76.584 0.0000000000
198503  3.126  -38.495  74.938 0.0000000000
67673  3.170  -39.295  75.751 0.0000000000
67689  2.141  -39.290  74.967 0.0000000000
66466  1.826  -39.967  75.230 0.0000000000
73198  -0.792  -33.278  67.464 0.0000000000
75458  -0.500  -32.141  68.408 0.0000000000
59262  -3.008  -45.945  70.623 0.0000000000
59251  -2.810  -45.377  71.301 0.0000000000
61774  -3.416  -43.782  71.387 0.0000000000
194302  -3.683  -43.517  70.625 0.0000000000
61785  -3.720  -43.016  71.103 0.0000000000
171078  -0.768  -39.535  69.449 0.0000000000
67733  -1.138  -38.741  68.562 0.0000000000
67745  -0.989  -38.449  67.300 0.0000000000
68921  -1.504  -37.799  67.694 0.0000000000
69961  -1.249  -36.337  67.191 0.0000000000
59222  -0.094  -45.970  74.802 0.0000000000
58015  -1.051  -46.661  73.920 0.0000000000
56815  -1.143  -47.338  73.424 0.0000000000
59244  -2.383  -45.743  72.057 0.0000000000
61847  -2.688  -43.128  66.198 0.0000000000
188746  -2.306  -43.414  66.015 0.0000000000
180455  -2.425  -42.756  65.675 0.0000000000
63005  -2.569  -41.692  64.654 0.0000000000
167095  -2.066  -42.119  64.742 0.0000000000
179411  -2.167  -41.554  64.230 0.0000000000
61876  -1.479  -42.325  64.151 0.0000000000
167358  -1.865  -41.644  63.863 0.0000000000
72210  -2.504  -34.922  60.941 0.0000000000
71136  -2.041  -35.759  60.383 0.0000000000
71145  -1.767  -35.663  59.497 0.0000000000
71166  -0.661  -35.379  57.148 0.0000000000
70078  -1.123  -35.905  57.855 0.0000000000
70077  -0.116  -36.032  56.796 0.0000000000
69051  0.474  -36.880  56.963 0.0000000000
70075  0.726  -36.361  56.381 0.0000000000
70089  0.597  -35.764  55.817 0.0000000000
73353  -0.686  -33.461  55.031 0.0000000000
71186  0.295  -34.637  54.642 0.0000000000
191070  -0.135  -33.982  54.158 0.0000000000
73362  -0.665  -33.266  54.151 0.0000000000
191160  5.451  -31.222  59.479 0.0000000000
194019  5.007  -31.810  58.006 0.0000000000
75628  4.020  -32.141  57.554 0.0000000000
75627  4.814  -31.738  57.025 0.0000000000
61750  -2.035  -43.358  73.659 0.0000000000
62898  -1.545  -42.666  73.906 0.0000000000
65212  -0.661  -40.586  73.366 0.0000000000
65213  -1.341  -40.768  73.089 0.0000000000
65223  -1.789  -40.437  72.394 0.0000000000
66487  0.531  -39.808  73.499 0.0000000000
67707  1.082  -39.675  72.339 0.0000000000
196676  0.409  -40.153  71.034 0.0000000000
67716  -0.271  -40.135  71.028 0.0000000000
165493  10.533  -40.545  71.918 0.0000000000
64084  10.415  -41.062  72.705 0.0000000000
62903  8.911  -41.658  72.780 0.0000000000
65174  7.736  -40.709  75.828 0.0000000000
62887  8.079  -42.003  74.954 0.0000000000
61745  7.731  -42.712  73.597 0.0000000000
60508  6.861  -42.896  72.432 0.0000000000
167590  6.461  -43.369  72.246 0.0000000000
59232  6.094  -43.937  72.535 0.0000000000
59207  4.974  -44.957  74.579 0.0000000000
59220  4.452  -45.595  74.036 0.0000000000
59221  3.843  -45.755  74.479 0.0000000000
62884  3.778  -42.378  76.408 0.0000000000
198686  3.443  -43.465  76.074 0.0000000000
174188  1.941  -43.807  75.607 0.0000000000
60491  2.598  -44.176  75.670 0.0000000000
60496  2.120  -44.634  75.510 0.0000000000
59210  2.400  -45.347  75.279 0.0000000000
60497  1.374  -44.497  75.444 0.0000000000
174509  0.906  -45.051  75.387 0.0000000000
60498  0.610  -44.439  75.287 0.0000000000
61748  -0.560  -43.671  74.645 0.0000000000
196741  -1.167  -44.081  74.345 0.0000000000
187192  -4.266  -37.956  66.530 0.0000000000
175145  -4.274  -37.958  65.788 0.0000000000
178048  -4.214  -36.919  66.222 0.0000000000
71062  -3.149  -35.466  65.653 0.0000000000
70000  -3.924  -36.111  65.379 0.0000000000
71071  -3.228  -35.588  64.940 0.0000000000
70012  -3.678  -36.108  64.332 0.0000000000
175356  -2.764  -35.220  64.767 0.0000000000
74345  -1.142  -33.022  66.703 0.0000000000
74346  -1.289  -33.440  66.730 0.0000000000
75493  -1.736  -33.476  65.885 0.0000000000
74359  -1.782  -33.558  65.975 0.0000000000
74371  -2.014  -33.759  65.277 0.0000000000
73259  -2.467  -34.715  63.727 0.0000000000
74386  -2.126  -33.905  64.266 0.0000000000
73274  -2.746  -34.776  62.385 0.0000000000
75521  -1.920  -33.748  64.005 0.0000000000
75519  -0.766  -33.207  64.279 0.0000000000
165006  -0.484  -33.182  63.527 0.0000000000
75541  -1.064  -33.530  62.603 0.0000000000
70986  6.514  -35.745  72.040 0.0000000000
194087  6.204  -36.152  70.735 0.0000000000
70995  6.657  -35.784  71.140 0.0000000000
65239  13.512  -38.565  70.446 0.0000000000
67680  14.966  -38.422  75.393 0.0000000000
66457  15.421  -38.950  74.933 0.0000000000
173087  15.155  -39.227  74.208 0.0000000000
175789  15.853  -39.505  73.741 0.0000000000
65193  14.975  -39.527  73.453 0.0000000000
170021  14.245  -39.648  73.230 0.0000000000
65195  12.702  -39.849  73.396 0.0000000000
66461  11.613  -38.623  75.006 0.0000000000
181584  11.021  -39.128  74.801 0.0000000000
66462  10.313  -39.112  75.032 0.0000000000
70967  9.623  -35.606  75.510 0.0000000000
69911  9.049  -36.081  75.637 0.0000000000
68880  9.474  -37.044  75.892 0.0000000000
69916  8.353  -36.375  75.538 0.0000000000
170844  7.775  -36.908  75.608 0.0000000000
173261  8.053  -35.921  75.186 0.0000000000
72066  7.025  -35.341  72.593 0.0000000000
72058  6.969  -35.483  73.262 0.0000000000
70981  6.462  -35.758  72.912 0.0000000000
70987  5.927  -35.929  72.551 0.0000000000
55749  -1.761  -48.920  68.721 0.0000000000
56865  -1.881  -47.989  68.613 0.0000000000
58056  -2.877  -46.523  68.606 0.0000000000
197712  -3.389  -45.204  69.746 0.0000000000
61806  -3.665  -43.861  68.368 0.0000000000
61830  -2.999  -43.464  66.829 0.0000000000
179406  -3.591  -41.666  67.360 0.0000000000
172267  -3.041  -42.120  67.123 0.0000000000
64124  -3.584  -41.057  66.958 0.0000000000
62915  -2.807  -42.504  72.736 0.0000000000
64087  -3.096  -41.903  72.143 0.0000000000
165803  -3.887  -42.220  70.849 0.0000000000
67724  -2.378  -39.307  70.619 0.0000000000
66502  -3.649  -39.304  69.530 0.0000000000
198013  -4.102  -40.391  69.449 0.0000000000
65249  -4.251  -40.810  69.088 0.0000000000
66507  -4.255  -39.383  68.353 0.0000000000
170143  -4.278  -38.615  67.080 0.0000000000
68932  -3.840  -37.538  67.665 0.0000000000
69963  -2.535  -35.628  66.755 0.0000000000
62929  9.069  -40.606  70.613 0.0000000000
55696  2.840  -46.982  72.064 0.0000000000
55675  1.459  -47.867  73.739 0.0000000000
56896  -0.075  -47.376  66.740 0.0000000000
58116  0.242  -46.835  65.952 0.0000000000
60636  -1.604  -43.839  65.339 0.0000000000
59360  -1.245  -44.530  65.526 0.0000000000
59377  0.276  -45.040  64.293 0.0000000000
59358  -0.035  -45.402  65.050 0.0000000000
180281  1.043  -45.592  64.846 0.0000000000
58114  1.368  -46.071  64.969 0.0000000000
59397  2.607  -45.615  63.106 0.0000000000
180001  3.322  -43.412  60.722 0.0000000000
60697  3.376  -44.697  61.411 0.0000000000
61958  3.945  -43.692  60.058 0.0000000000
60742  3.560  -44.084  59.190 0.0000000000
61957  4.134  -43.256  59.574 0.0000000000
175960  -4.131  -39.011  64.380 0.0000000000
171405  -4.018  -39.847  63.919 0.0000000000
173617  -2.125  -39.857  61.993 0.0000000000
64192  -2.387  -40.030  62.515 0.0000000000
64205  -2.086  -40.272  62.059 0.0000000000
63044  -1.786  -41.141  62.094 0.0000000000
64221  -1.736  -40.507  61.036 0.0000000000
67869  -1.559  -37.871  59.336 0.0000000000
168900  -1.516  -38.448  59.895 0.0000000000
66636  -1.241  -38.351  58.767 0.0000000000
188416  0.737  -40.006  57.939 0.0000000000
184305  -0.128  -40.560  58.542 0.0000000000
64235  0.536  -41.147  58.912 0.0000000000
64218  0.175  -41.635  59.542 0.0000000000
64234  1.674  -41.105  58.879 0.0000000000
64216  2.367  -41.597  59.374 0.0000000000
64233  2.789  -41.065  58.930 0.0000000000
198376  4.609  -40.338  57.374 0.0000000000
65355  4.457  -40.461  57.903 0.0000000000
64249  4.541  -41.040  57.629 0.0000000000
63094  4.309  -41.893  57.455 0.0000000000
64273  4.295  -40.831  56.335 0.0000000000
176146  3.439  -41.138  55.716 0.0000000000
198071  4.049  -40.497  55.685 0.0000000000
67947  4.305  -38.763  54.156 0.0000000000
176213  4.083  -38.636  52.345 0.0000000000
70096  3.668  -36.572  54.248 0.0000000000
70111  3.019  -35.970  53.651 0.0000000000
70136  3.006  -35.902  51.183 0.0000000000
70135  3.706  -36.461  51.536 0.0000000000
70145  3.400  -36.771  50.650 0.0000000000
69129  2.672  -37.355  49.993 0.0000000000
77747  2.112  -29.095  66.965 0.0000000000
178079  2.019  -29.623  66.210 0.0000000000
77748  1.408  -29.942  66.682 0.0000000000
77758  1.386  -30.335  65.994 0.0000000000
76636  0.974  -31.491  66.051 0.0000000000
76635  1.911  -30.994  65.773 0.0000000000
76678  1.859  -32.463  63.529 0.0000000000
194666  5.122  -30.324  62.080 0.0000000000
77793  4.671  -29.969  63.228 0.0000000000
76659  4.207  -30.655  63.604 0.0000000000
164726  2.735  -32.532  61.093 0.0000000000
76691  3.061  -32.356  62.101 0.0000000000
75574  1.206  -33.079  60.702 0.0000000000
174952  1.147  -33.017  59.662 0.0000000000
75595  -0.241  -32.784  58.622 0.0000000000
75594  0.541  -32.784  58.696 0.0000000000
76764  -0.196  -31.443  55.394 0.0000000000
76751  -0.391  -31.527  55.636 0.0000000000
76784  -1.050  -31.019  54.411 0.0000000000
74524  -1.478  -31.616  53.673 0.0000000000
75680  -1.336  -30.910  53.767 0.0000000000
75662  1.036  -31.577  55.112 0.0000000000
68900  3.082  -38.309  73.686 0.0000000000
68905  3.110  -38.376  72.972 0.0000000000
68914  3.832  -38.061  71.798 0.0000000000
165650  5.904  -36.794  74.672 0.0000000000
177366  6.272  -38.121  76.168 0.0000000000
68890  5.637  -37.671  75.447 0.0000000000
68885  5.086  -38.048  75.473 0.0000000000
67687  4.288  -38.487  75.536 0.0000000000
67672  3.811  -39.072  75.803 0.0000000000
68892  3.741  -38.101  74.909 0.0000000000
68899  3.694  -37.952  74.120 0.0000000000
64274  0.959  -41.783  54.886 0.0000000000
170574  2.251  -41.523  55.323 0.0000000000
60519  -3.067  -44.241  71.934 0.0000000000
172211  -1.433  -45.876  73.722 0.0000000000
62964  -3.205  -41.957  66.254 0.0000000000
62982  -3.416  -41.796  65.396 0.0000000000
195419  -3.548  -41.533  64.884 0.0000000000
63006  -3.014  -41.205  64.393 0.0000000000
74440  -2.337  -33.784  60.660 0.0000000000
72229  -1.644  -34.986  59.129 0.0000000000
193530  -1.690  -34.016  59.068 0.0000000000
72242  -1.328  -34.815  58.055 0.0000000000
72252  -0.863  -34.515  57.062 0.0000000000
71178  -0.066  -34.898  55.859 0.0000000000
73346  -1.122  -33.497  56.682 0.0000000000
72259  -0.702  -33.856  55.993 0.0000000000
73354  -1.193  -32.933  55.602 0.0000000000
62896  -0.760  -42.691  74.335 0.0000000000
62897  -1.152  -42.104  74.064 0.0000000000
64062  -1.094  -41.539  73.846 0.0000000000
66488  -0.275  -39.987  73.167 0.0000000000
166759  0.966  -40.304  69.825 0.0000000000
64059  10.182  -40.704  73.868 0.0000000000
62888  7.330  -42.327  75.296 0.0000000000
61746  7.285  -43.261  74.071 0.0000000000
170943  4.742  -44.603  75.224 0.0000000000
62885  2.646  -42.184  76.164 0.0000000000
62886  2.024  -41.966  75.908 0.0000000000
62890  1.441  -42.485  75.528 0.0000000000
179604  0.845  -43.019  75.274 0.0000000000
62892  0.025  -42.798  74.904 0.0000000000
69976  -3.123  -35.783  66.439 0.0000000000
71052  -2.845  -35.211  65.988 0.0000000000
176716  -2.623  -34.833  65.868 0.0000000000
75469  -1.288  -32.836  66.597 0.0000000000
75479  -0.934  -32.869  66.725 0.0000000000
75492  -1.082  -32.836  66.145 0.0000000000
75504  -1.106  -32.864  65.882 0.0000000000
174194  -1.386  -33.381  64.919 0.0000000000
75502  -0.555  -32.728  65.168 0.0000000000
65220  14.242  -39.206  71.863 0.0000000000
66458  14.471  -38.968  74.772 0.0000000000
66479  12.623  -39.337  74.233 0.0000000000
186061  11.426  -37.968  75.365 0.0000000000
72051  7.804  -35.186  74.226 0.0000000000
194178  -3.693  -43.999  69.155 0.0000000000
61807  -3.973  -43.145  68.010 0.0000000000
64118  -4.228  -41.794  68.160 0.0000000000
65224  -2.527  -41.113  72.314 0.0000000000
197083  -2.998  -40.540  71.522 0.0000000000
56812  2.998  -47.038  73.052 0.0000000000
56813  2.535  -47.464  73.215 0.0000000000
184808  -2.373  -48.306  70.589 0.0000000000
58073  -1.616  -46.499  68.096 0.0000000000
58095  -1.232  -45.945  67.539 0.0000000000
60658  -1.093  -43.965  64.083 0.0000000000
60657  -0.458  -44.458  63.715 0.0000000000
60656  0.621  -44.631  63.582 0.0000000000
60655  1.531  -44.738  63.401 0.0000000000
60674  2.724  -44.909  62.591 0.0000000000
61891  2.437  -44.258  62.058 0.0000000000
61909  2.916  -43.869  61.366 0.0000000000
63039  2.972  -42.601  60.330 0.0000000000
67804  -3.656  -38.599  63.079 0.0000000000
182260  -3.776  -39.405  63.167 0.0000000000
174390  -3.358  -38.984  62.918 0.0000000000
66593  -2.491  -39.030  62.468 0.0000000000
65344  -1.886  -39.573  61.463 0.0000000000
182169  -0.249  -38.048  57.823 0.0000000000
66634  -0.304  -39.057  58.019 0.0000000000
67882  0.838  -38.733  57.293 0.0000000000
196503  1.286  -39.291  57.427 0.0000000000
66620  2.635  -39.917  58.058 0.0000000000
65357  3.202  -40.459  58.521 0.0000000000
66631  3.179  -39.329  57.625 0.0000000000
67878  4.429  -39.133  57.102 0.0000000000
66645  4.623  -39.094  56.402 0.0000000000
65407  4.108  -39.968  55.212 0.0000000000
66656  4.491  -39.250  55.513 0.0000000000
67927  4.357  -38.626  54.973 0.0000000000
180013  4.455  -38.088  53.637 0.0000000000
71199  1.260  -35.052  53.546 0.0000000000
71210  2.201  -35.417  53.048 0.0000000000
71211  1.424  -34.900  52.528 0.0000000000
71247  2.142  -35.516  50.986 0.0000000000
77757  2.594  -29.518  65.716 0.0000000000
77771  2.164  -30.072  65.011 0.0000000000
76644  2.869  -30.637  64.749 0.0000000000
76660  3.372  -31.216  63.943 0.0000000000
76689  4.870  -31.215  61.768 0.0000000000
76690  4.225  -31.951  62.066 0.0000000000
75572  2.892  -32.545  60.334 0.0000000000
173665  2.130  -32.784  59.574 0.0000000000
75593  1.369  -32.777  58.803 0.0000000000
179685  2.096  -32.725  58.823 0.0000000000
74478  0.842  -32.207  56.611 0.0000000000
75650  0.289  -31.668  56.011 0.0000000000
66467  1.232  -40.154  74.796 0.0000000000
66483  0.861  -39.964  74.229 0.0000000000
67696  1.323  -39.554  73.862 0.0000000000
67705  2.532  -38.976  72.540 0.0000000000
67713  2.586  -39.155  71.761 0.0000000000
66464  8.676  -39.405  75.483 0.0000000000
65181  8.449  -40.325  75.373 0.0000000000
65173  7.888  -39.858  75.874 0.0000000000
67669  6.465  -38.780  76.306 0.0000000000
65169  6.353  -39.759  76.525 0.0000000000
168016  7.061  -41.122  76.259 0.0000000000
64043  6.896  -41.938  76.005 0.0000000000
62881  6.170  -42.291  76.218 0.0000000000
61734  5.976  -43.068  75.947 0.0000000000
61735  5.346  -43.367  76.051 0.0000000000
62882  5.354  -42.600  76.370 0.0000000000
62883  4.480  -42.462  76.479 0.0000000000
64047  3.443  -41.283  76.456 0.0000000000
66450  3.682  -39.670  76.177 0.0000000000
65176  3.242  -40.610  76.325 0.0000000000
64048  2.702  -41.382  76.190 0.0000000000
65178  1.968  -40.498  75.605 0.0000000000
73186  -1.140  -33.970  67.160 0.0000000000
74330  -0.823  -33.046  67.102 0.0000000000
75459  -0.706  -32.696  67.429 0.0000000000
75467  -0.545  -32.151  67.588 0.0000000000
76610  -0.486  -31.551  67.613 0.0000000000
76609  -0.174  -30.981  67.389 0.0000000000
188196  -2.931  -47.270  70.392 0.0000000000
58037  -3.123  -46.675  70.085 0.0000000000
57991  1.873  -45.928  75.088 0.0000000000
193118  1.441  -46.468  74.817 0.0000000000
196453  0.109  -47.282  74.265 0.0000000000
58006  -0.354  -46.686  74.387 0.0000000000
55690  -1.245  -48.080  72.943 0.0000000000
55699  -1.690  -48.083  72.217 0.0000000000
56828  -2.119  -47.337  71.945 0.0000000000
59341  -1.941  -44.324  66.656 0.0000000000
61862  -2.218  -42.438  65.149 0.0000000000
60660  -1.768  -42.854  65.003 0.0000000000
60659  -1.399  -43.206  64.577 0.0000000000
60679  -1.104  -42.869  63.927 0.0000000000
61893  -0.900  -42.547  63.203 0.0000000000
61913  -0.714  -42.612  62.394 0.0000000000
166553  -2.431  -36.028  62.082 0.0000000000
69018  -2.260  -37.567  61.697 0.0000000000
70051  -2.166  -36.697  61.342 0.0000000000
169775  -1.675  -36.729  59.664 0.0000000000
69043  -1.294  -37.077  58.481 0.0000000000
69054  -0.933  -36.571  57.918 0.0000000000
67883  -0.667  -37.521  58.078 0.0000000000
67899  -0.131  -37.235  57.578 0.0000000000
181744  0.962  -37.394  56.889 0.0000000000
69063  1.866  -36.720  56.287 0.0000000000
69062  2.637  -36.729  55.977 0.0000000000
70088  1.917  -36.310  55.595 0.0000000000
70098  1.986  -35.948  54.872 0.0000000000
179162  1.403  -35.472  54.404 0.0000000000
71177  0.272  -35.041  55.450 0.0000000000
71185  0.776  -34.991  54.310 0.0000000000
198144  0.654  -34.560  53.545 0.0000000000
72279  0.402  -34.126  53.091 0.0000000000
72291  0.119  -33.726  52.400 0.0000000000
75591  4.889  -31.712  59.493 0.0000000000
74466  2.960  -32.475  57.468 0.0000000000
170384  3.874  -31.671  55.473 0.0000000000
61974  2.044  -43.976  58.255 0.0000000000
60511  -2.342  -44.110  73.385 0.0000000000
64063  -1.618  -41.976  73.664 0.0000000000
64074  -2.037  -41.701  73.301 0.0000000000
67709  -1.001  -39.979  71.177 0.0000000000
66492  -0.490  -39.995  72.518 0.0000000000
165173  0.391  -39.988  71.737 0.0000000000
194100  11.427  -40.055  71.636 0.0000000000
62913  8.598  -41.386  72.021 0.0000000000
61758  7.743  -41.892  71.617 0.0000000000
64061  8.650  -41.500  74.431 0.0000000000
62904  8.153  -42.078  73.164 0.0000000000
62914  7.950  -41.920  72.388 0.0000000000
61773  7.308  -42.589  71.205 0.0000000000
58000  4.501  -45.440  73.284 0.0000000000
58002  3.696  -46.170  73.820 0.0000000000
57990  2.697  -46.004  74.828 0.0000000000
61742  4.911  -44.009  75.805 0.0000000000
60494  4.144  -44.422  75.558 0.0000000000
61737  2.748  -43.551  75.925 0.0000000000
60490  3.344  -44.143  75.765 0.0000000000
166757  3.566  -44.798  75.402 0.0000000000
59209  3.281  -45.461  75.073 0.0000000000
60499  -0.169  -44.406  75.044 0.0000000000
60504  -1.343  -44.655  74.234 0.0000000000
175961  -4.234  -38.894  65.322 0.0000000000
174926  -4.163  -37.966  64.776 0.0000000000
68982  -4.044  -37.488  64.026 0.0000000000
68993  -3.601  -37.617  63.399 0.0000000000
179600  -3.075  -36.905  63.232 0.0000000000
70032  -2.625  -36.211  63.058 0.0000000000
194072  -1.949  -34.148  66.534 0.0000000000
73208  -2.028  -34.103  66.267 0.0000000000
73209  -2.211  -34.267  66.144 0.0000000000
168161  -1.845  -33.445  66.182 0.0000000000
74360  -1.932  -33.732  66.143 0.0000000000
72150  -2.666  -34.850  65.476 0.0000000000
73244  -2.523  -34.633  64.845 0.0000000000
72181  -2.699  -35.317  63.105 0.0000000000
71106  -2.641  -35.475  62.839 0.0000000000
71116  -2.634  -35.384  62.302 0.0000000000
171122  -2.772  -34.903  62.034 0.0000000000
74428  -2.516  -33.982  61.870 0.0000000000
75520  -1.475  -33.530  64.227 0.0000000000
174198  -1.785  -33.677  63.322 0.0000000000
75559  -2.327  -33.820  61.796 0.0000000000
75558  -1.929  -33.576  61.388 0.0000000000
165137  -0.767  -33.568  61.830 0.0000000000
166508  -0.508  -33.494  61.019 0.0000000000
69931  5.526  -36.496  72.654 0.0000000000
174132  5.022  -36.790  72.068 0.0000000000
187281  13.917  -39.492  73.580 0.0000000000
65221  13.105  -39.294  72.083 0.0000000000
65222  12.154  -39.740  71.841 0.0000000000
184769  11.565  -40.345  72.288 0.0000000000
65196  11.860  -39.933  73.990 0.0000000000
64071  11.008  -40.325  73.848 0.0000000000
65197  10.413  -40.073  74.313 0.0000000000
65179  9.936  -39.701  74.763 0.0000000000
66463  9.566  -39.234  75.225 0.0000000000
68878  11.384  -37.323  75.799 0.0000000000
179174  11.038  -36.723  76.036 0.0000000000
178884  10.313  -36.460  76.010 0.0000000000
68879  10.425  -37.255  75.910 0.0000000000
67666  9.693  -37.955  75.782 0.0000000000
67686  9.262  -38.661  75.575 0.0000000000
67667  8.522  -38.577  75.702 0.0000000000
176488  8.039  -37.998  75.741 0.0000000000
68882  7.525  -37.520  75.781 0.0000000000
69912  7.077  -37.147  75.636 0.0000000000
70972  7.502  -35.867  74.752 0.0000000000
70976  7.157  -35.727  74.208 0.0000000000
69923  6.637  -36.189  74.514 0.0000000000
70978  5.858  -36.302  74.025 0.0000000000
178700  -3.196  -45.930  68.848 0.0000000000
59288  -3.235  -45.265  68.415 0.0000000000
61831  -2.853  -42.613  66.615 0.0000000000
62924  -3.530  -42.446  71.588 0.0000000000
62931  -4.108  -42.049  70.147 0.0000000000
196286  -3.335  -40.173  70.851 0.0000000000
65241  -3.656  -40.478  70.434 0.0000000000
64103  -4.182  -41.492  69.653 0.0000000000
179765  -4.270  -41.148  68.423 0.0000000000
71026  -1.287  -34.402  67.082 0.0000000000
187710  4.930  -37.001  70.749 0.0000000000
194766  9.853  -40.310  70.395 0.0000000000
64101  9.726  -40.511  69.758 0.0000000000
178198  2.389  -47.055  74.168 0.0000000000
55686  2.571  -47.493  72.580 0.0000000000
56897  -0.330  -47.814  67.282 0.0000000000
59340  -1.464  -44.555  66.213 0.0000000000
59339  -0.915  -45.174  66.055 0.0000000000
59338  -0.327  -45.776  65.727 0.0000000000
58115  1.012  -46.720  65.204 0.0000000000
59396  3.081  -45.121  62.177 0.0000000000
195118  3.408  -43.214  57.832 0.0000000000
65304  -4.057  -40.580  64.574 0.0000000000
185538  -3.738  -40.550  63.977 0.0000000000
64170  -3.197  -40.723  63.956 0.0000000000
64181  -2.865  -39.943  63.018 0.0000000000
64180  -2.831  -40.495  63.448 0.0000000000
63016  -2.305  -40.963  63.459 0.0000000000
61915  -1.841  -41.310  62.775 0.0000000000
61940  -1.533  -41.620  61.694 0.0000000000
61939  -1.099  -42.265  61.626 0.0000000000
168806  -1.956  -38.085  61.163 0.0000000000
66608  -1.610  -39.071  60.628 0.0000000000
65360  -1.306  -39.754  60.058 0.0000000000
65371  -0.538  -39.844  58.507 0.0000000000
65359  -0.963  -39.726  59.282 0.0000000000
64238  -1.480  -40.330  60.444 0.0000000000
64219  -0.868  -41.466  59.921 0.0000000000
63064  -0.160  -42.096  60.187 0.0000000000
63041  0.571  -42.715  60.482 0.0000000000
63040  1.742  -42.686  60.386 0.0000000000
63061  2.942  -42.025  59.784 0.0000000000
63060  3.617  -42.347  59.724 0.0000000000
64232  3.794  -41.088  58.819 0.0000000000
193435  4.176  -41.928  59.046 0.0000000000
63095  4.287  -42.448  58.135 0.0000000000
63096  3.885  -42.697  57.625 0.0000000000
191251  2.926  -42.910  57.262 0.0000000000
63115  2.824  -41.865  56.154 0.0000000000
64284  2.818  -40.984  54.985 0.0000000000
70086  3.365  -36.600  54.924 0.0000000000
69086  4.341  -37.254  53.959 0.0000000000
69085  4.476  -37.395  53.053 0.0000000000
70123  3.280  -35.960  52.426 0.0000000000
70122  4.188  -36.796  52.281 0.0000000000
69096  4.434  -37.728  52.172 0.0000000000
67991  3.914  -38.248  51.421 0.0000000000
76595  0.859  -30.441  67.947 0.0000000000
77739  1.473  -29.865  67.599 0.0000000000
76662  0.703  -32.621  63.757 0.0000000000
75556  0.184  -33.378  61.800 0.0000000000
180039  2.839  -32.140  63.272 0.0000000000
75538  2.008  -32.659  62.466 0.0000000000
75555  1.150  -33.111  61.673 0.0000000000
75575  -0.227  -33.368  60.203 0.0000000000
174780  0.152  -33.090  59.451 0.0000000000
75615  -0.661  -32.576  57.319 0.0000000000
175419  -1.322  -32.175  55.653 0.0000000000
75631  0.143  -32.275  56.805 0.0000000000
76752  -0.839  -31.637  55.768 0.0000000000
74499  -1.313  -32.293  54.981 0.0000000000
74523  -1.227  -32.449  53.849 0.0000000000
73378  -0.367  -33.260  52.875 0.0000000000
173296  -0.479  -33.175  51.978 0.0000000000
74477  2.138  -32.594  57.251 0.0000000000
75649  0.911  -31.762  55.967 0.0000000000
76800  -0.939  -30.576  53.200 0.0000000000
74555  -1.338  -31.696  52.288 0.0000000000
72304  -0.063  -33.719  51.272 0.0000000000
59376  1.537  -45.230  64.106 0.0000000000
60675  1.991  -44.516  62.813 0.0000000000
60699  0.109  -43.968  62.279 0.0000000000
60716  3.618  -44.284  60.654 0.0000000000
61743  1.491  -43.194  75.547 0.0000000000
61892  1.255  -44.007  62.065 0.0000000000
61895  -1.999  -41.260  63.223 0.0000000000
61908  3.483  -44.056  61.122 0.0000000000
61910  1.992  -43.670  61.483 0.0000000000
61912  -0.255  -43.307  62.116 0.0000000000
61914  -1.480  -41.907  62.467 0.0000000000
61934  4.061  -43.252  60.031 0.0000000000
61935  3.789  -43.625  60.475 0.0000000000
61936  1.347  -43.208  60.882 0.0000000000
61971  4.231  -42.683  58.878 0.0000000000
61972  4.060  -43.445  58.996 0.0000000000
61983  2.494  -43.425  57.729 0.0000000000
62994  -3.178  -41.595  64.808 0.0000000000
63042  -0.502  -42.496  60.846 0.0000000000
63059  4.104  -42.798  59.608 0.0000000000
63062  2.070  -42.128  59.865 0.0000000000
63065  -1.273  -41.463  60.580 0.0000000000
63066  -1.645  -41.135  61.218 0.0000000000
64041  4.730  -41.007  76.678 0.0000000000
64044  6.312  -41.484  76.443 0.0000000000
64046  4.087  -41.671  76.601 0.0000000000
64073  -1.507  -41.353  73.403 0.0000000000
64158  -3.589  -41.178  64.449 0.0000000000
64204  -1.881  -40.616  61.756 0.0000000000
64217  1.297  -41.618  59.435 0.0000000000
64220  -1.455  -40.984  60.419 0.0000000000
64231  4.368  -41.128  58.390 0.0000000000
64237  -1.130  -40.561  59.715 0.0000000000
64263  4.482  -41.178  57.002 0.0000000000
64264  3.960  -41.584  56.553 0.0000000000
65172  3.832  -40.232  76.462 0.0000000000
65177  2.485  -40.602  75.992 0.0000000000
65343  -1.651  -39.817  60.790 0.0000000000
65356  4.021  -40.468  58.362 0.0000000000
65361  -1.430  -39.286  60.210 0.0000000000
65370  0.103  -39.980  58.049 0.0000000000
65384  4.628  -40.513  56.935 0.0000000000
65409  2.833  -40.645  54.301 0.0000000000
66443  5.618  -39.812  76.583 0.0000000000
66445  4.262  -39.872  76.444 0.0000000000
66446  7.993  -39.158  75.770 0.0000000000
66449  4.473  -39.245  76.149 0.0000000000
66451  2.925  -39.953  76.059 0.0000000000
66465  2.546  -39.603  75.478 0.0000000000
66582  -3.249  -39.473  62.998 0.0000000000
66594  -2.988  -39.086  62.875 0.0000000000
66619  3.590  -39.919  58.076 0.0000000000
66621  1.484  -39.903  57.900 0.0000000000
66623  -1.407  -38.836  59.870 0.0000000000
66629  4.458  -39.839  57.517 0.0000000000
66630  4.015  -39.445  57.618 0.0000000000
66632  2.140  -39.362  57.519 0.0000000000
66635  -0.881  -39.078  58.684 0.0000000000
67665  10.626  -37.929  75.606 0.0000000000
67671  5.103  -38.600  75.994 0.0000000000
67688  2.813  -38.981  75.240 0.0000000000
67817  -2.986  -38.455  62.751 0.0000000000
67828  -2.846  -38.695  62.715 0.0000000000
67839  -2.412  -38.348  62.191 0.0000000000
67868  -1.436  -38.374  59.265 0.0000000000
67884  -1.374  -37.733  58.731 0.0000000000
67885  -1.494  -37.420  58.895 0.0000000000
67896  2.138  -38.019  56.861 0.0000000000
67898  0.444  -37.828  57.331 0.0000000000
67912  4.340  -38.466  55.818 0.0000000000
68881  8.440  -37.151  75.749 0.0000000000
68883  6.809  -37.778  76.004 0.0000000000
68884  5.685  -38.051  75.946 0.0000000000
68893  3.127  -38.357  74.423 0.0000000000
68898  4.522  -37.628  74.398 0.0000000000
69027  -1.817  -37.261  60.596 0.0000000000
69035  -1.599  -37.380  59.482 0.0000000000
69042  -1.030  -37.243  58.252 0.0000000000
69049  2.461  -37.284  56.501 0.0000000000
69053  -0.571  -36.879  57.765 0.0000000000
69064  1.146  -36.810  56.540 0.0000000000
69071  4.356  -37.980  54.479 0.0000000000
69918  6.623  -36.795  75.156 0.0000000000
69919  5.216  -37.375  74.968 0.0000000000
69936  5.050  -36.790  71.321 0.0000000000
70024  -3.158  -36.225  63.606 0.0000000000
70040  -2.503  -36.271  62.490 0.0000000000
70057  -1.900  -36.405  60.497 0.0000000000
70058  -2.205  -36.034  61.086 0.0000000000
70068  -1.343  -36.456  58.391 0.0000000000
70076  0.270  -36.164  56.583 0.0000000000
70097  2.787  -36.152  54.555 0.0000000000
70966  10.314  -35.747  75.900 0.0000000000
70971  8.752  -35.774  75.289 0.0000000000
70982  5.854  -36.038  73.272 0.0000000000
71099  -2.682  -35.673  63.324 0.0000000000
71137  -2.413  -35.464  61.092 0.0000000000
71165  -0.285  -35.563  56.719 0.0000000000
71167  -1.094  -35.320  57.655 0.0000000000
71176  0.605  -35.216  55.074 0.0000000000
71212  0.887  -34.475  52.036 0.0000000000
72052  7.240  -35.430  73.761 0.0000000000
72201  -2.751  -34.931  61.932 0.0000000000
72219  -2.138  -35.035  60.242 0.0000000000
72251  -0.404  -34.740  56.344 0.0000000000
72257  -0.056  -34.431  55.017 0.0000000000
72270  -0.365  -33.870  54.717 0.0000000000
73230  -2.432  -34.444  65.819 0.0000000000
73283  -2.703  -34.415  62.053 0.0000000000
73294  -2.621  -34.103  61.305 0.0000000000
73295  -2.635  -34.327  61.196 0.0000000000
73307  -2.449  -33.965  60.634 0.0000000000
73325  -1.926  -34.377  59.651 0.0000000000
73338  -1.361  -33.247  57.343 0.0000000000
73339  -1.484  -33.507  58.206 0.0000000000
73361  -0.378  -33.443  53.563 0.0000000000
73369  -0.809  -32.848  53.345 0.0000000000
74387  -2.312  -34.195  64.528 0.0000000000
74402  -2.258  -34.025  63.218 0.0000000000
74403  -2.383  -34.371  63.512 0.0000000000
74418  -2.511  -34.314  62.681 0.0000000000
74451  -2.003  -33.650  59.830 0.0000000000
74467  -1.382  -32.976  58.013 0.0000000000
74490  1.566  -32.337  56.594 0.0000000000
74491  -1.270  -32.779  56.584 0.0000000000
74509  -1.422  -32.038  54.332 0.0000000000
74539  -1.371  -32.038  53.102 0.0000000000
75543  -2.137  -33.845  62.839 0.0000000000
75557  -1.326  -33.523  61.124 0.0000000000
75590  5.247  -31.521  58.842 0.0000000000
75597  -1.456  -33.248  59.777 0.0000000000
75610  3.496  -32.365  58.475 0.0000000000
75612  1.465  -32.621  58.103 0.0000000000
75613  0.178  -32.543  57.766 0.0000000000
75616  -1.150  -32.898  58.363 0.0000000000
75630  0.392  -32.164  56.624 0.0000000000
75632  -0.864  -32.352  56.645 0.0000000000
75633  -1.146  -32.756  57.026 0.0000000000
75648  1.844  -31.929  55.866 0.0000000000
75663  0.207  -31.455  55.279 0.0000000000
75664  -1.273  -31.635  54.881 0.0000000000
75694  -1.566  -31.066  52.899 0.0000000000
76737  0.027  -31.717  56.119 0.0000000000
76738  -0.128  -31.971  56.395 0.0000000000
76739  -0.470  -32.073  56.444 0.0000000000
76765  -0.510  -31.316  54.935 0.0000000000
76766  -0.641  -31.332  54.958 0.0000000000
76782  -0.540  -30.755  54.322 0.0000000000
76783  -0.854  -30.619  54.059 0.0000000000
165761  -1.541  -36.920  58.894 0.0000000000
166334  3.948  -43.744  59.562 0.0000000000
166359  -1.482  -33.630  61.850 0.0000000000
166360  -1.319  -33.529  63.397 0.0000000000
166506  0.375  -33.370  60.916 0.0000000000
166862  -2.373  -36.039  61.741 0.0000000000
167260  5.915  -37.228  75.187 0.0000000000
168908  -2.493  -40.407  62.967 0.0000000000
169017  0.921  -40.503  58.348 0.0000000000
169596  -0.552  -32.704  58.063 0.0000000000
172816  -0.438  -36.273  57.319 0.0000000000
173615  -0.633  -33.106  59.545 0.0000000000
174288  3.127  -42.776  76.207 0.0000000000
174727  -2.704  -34.528  61.710 0.0000000000
174925  -4.014  -38.306  63.828 0.0000000000
175195  4.678  -39.783  56.937 0.0000000000
176424  -1.128  -32.172  56.185 0.0000000000
176475  -1.111  -31.705  55.538 0.0000000000
176876  -2.706  -36.845  62.719 0.0000000000
177179  -1.031  -33.193  59.895 0.0000000000
179522  -1.546  -34.244  58.650 0.0000000000
181150  3.941  -43.023  76.262 0.0000000000
181474  -2.541  -33.884  61.212 0.0000000000
181632  -0.708  -31.001  54.521 0.0000000000
181742  -0.675  -35.988  57.371 0.0000000000
183309  0.446  -32.434  57.246 0.0000000000
183926  -2.616  -35.218  63.823 0.0000000000
183957  -2.770  -34.996  62.514 0.0000000000
185166  -2.136  -39.390  62.035 0.0000000000
186121  0.199  -38.638  57.593 0.0000000000
186863  -2.686  -34.850  61.624 0.0000000000
186952  -1.988  -33.482  60.031 0.0000000000
187313  -0.729  -38.264  58.271 0.0000000000
187587  -1.395  -31.371  54.201 0.0000000000
187853  -1.702  -38.501  60.632 0.0000000000
188519  -1.425  -33.207  65.709 0.0000000000
189601  -0.679  -40.346  59.024 0.0000000000
190081  -2.539  -34.626  63.147 0.0000000000
191022  -3.744  -36.795  63.776 0.0000000000
191168  2.620  -38.826  74.658 0.0000000000
191466  8.973  -36.525  75.777 0.0000000000
191737  -0.266  -42.325  74.495 0.0000000000
192004  0.782  -32.596  57.982 0.0000000000
193854  -2.611  -37.156  62.422 0.0000000000
193910  -0.864  -41.859  60.502 0.0000000000
194176  -0.421  -44.859  74.948 0.0000000000
195001  -2.134  -34.020  59.881 0.0000000000
195168  4.679  -37.064  71.724 0.0000000000
195803  7.055  -36.277  74.948 0.0000000000
195891  9.097  -38.269  75.743 0.0000000000
196062  3.411  -40.106  76.287 0.0000000000
196414  -1.083  -44.958  74.502 0.0000000000
197413  10.538  -39.522  74.623 0.0000000000
197532  -0.194  -32.601  57.918 0.0000000000
197781  -2.373  -39.566  62.370 0.0000000000
198464  -1.782  -36.151  59.783 0.0000000000
