#!ascii label  , from subject sub-v1s2x0051482_ses-1 vox2ras=TkReg
1263
53433  -34.595  -31.498  59.474 0.0000000000
133941  -45.799  -27.019  47.335 0.0000000000
55558  -39.264  -29.579  52.533 0.0000000000
41557  -19.324  -43.719  76.266 0.0000000000
50044  -33.015  -35.094  66.163 0.0000000000
35411  -28.862  -50.198  71.078 0.0000000000
44183  -33.256  -41.343  71.101 0.0000000000
47020  -26.955  -37.652  63.522 0.0000000000
120341  -28.830  -33.574  62.027 0.0000000000
41639  -21.541  -43.176  69.252 0.0000000000
36482  -26.904  -48.813  74.258 0.0000000000
38725  -25.718  -46.629  68.514 0.0000000000
44143  -30.526  -39.739  74.387 0.0000000000
46035  -29.087  -38.730  68.824 0.0000000000
51224  -36.910  -33.310  64.568 0.0000000000
53410  -39.257  -31.988  60.553 0.0000000000
54575  -42.755  -29.971  48.991 0.0000000000
55491  -36.743  -29.760  56.119 0.0000000000
63620  -43.217  -21.546  47.091 0.0000000000
37510  -15.636  -47.080  78.516 0.0000000000
48955  -33.740  -35.523  64.554 0.0000000000
52333  -33.583  -32.445  62.375 0.0000000000
43383  -28.488  -41.388  69.732 0.0000000000
40763  -32.143  -44.355  71.153 0.0000000000
55476  -41.383  -29.803  56.959 0.0000000000
135742  -43.318  -17.316  44.270 0.0000000000
47907  -26.593  -35.547  65.827 0.0000000000
50083  -26.342  -34.120  64.534 0.0000000000
38709  -23.345  -46.597  69.703 0.0000000000
46966  -28.843  -37.524  71.345 0.0000000000
129752  -27.687  -37.265  68.024 0.0000000000
46049  -28.208  -38.731  66.206 0.0000000000
52355  -36.393  -32.485  61.498 0.0000000000
52321  -38.335  -32.990  63.464 0.0000000000
53408  -37.215  -31.866  60.135 0.0000000000
142097  -44.122  -28.372  47.505 0.0000000000
54549  -44.809  -30.372  50.143 0.0000000000
138991  -47.004  -24.946  47.574 0.0000000000
43318  -17.474  -41.623  75.662 0.0000000000
39651  -17.114  -45.359  77.065 0.0000000000
50086  -31.420  -34.893  64.382 0.0000000000
50115  -30.798  -34.348  62.705 0.0000000000
50064  -33.198  -35.393  65.590 0.0000000000
52292  -34.676  -33.062  65.581 0.0000000000
127037  -33.008  -32.606  64.907 0.0000000000
33301  -27.430  -51.720  73.247 0.0000000000
34302  -28.582  -51.372  75.193 0.0000000000
32340  -29.271  -52.784  72.827 0.0000000000
34327  -30.593  -50.758  72.034 0.0000000000
44207  -26.968  -40.260  69.197 0.0000000000
135606  -27.707  -39.455  71.824 0.0000000000
45047  -32.145  -39.937  73.097 0.0000000000
43345  -31.608  -41.385  72.860 0.0000000000
42453  -33.650  -42.340  72.556 0.0000000000
126785  -34.169  -45.161  72.397 0.0000000000
44162  -20.776  -40.294  73.388 0.0000000000
142910  -23.839  -42.145  74.874 0.0000000000
141791  -25.151  -43.660  78.209 0.0000000000
55538  -38.264  -29.355  54.014 0.0000000000
55493  -39.017  -29.738  56.222 0.0000000000
55524  -40.457  -28.918  54.474 0.0000000000
67660  -42.415  -17.282  42.988 0.0000000000
39628  -19.668  -45.294  79.279 0.0000000000
46105  -27.472  -38.354  61.610 0.0000000000
49033  -26.650  -35.044  59.598 0.0000000000
50113  -26.390  -34.534  62.042 0.0000000000
51200  -28.152  -33.075  64.206 0.0000000000
123826  -23.436  -44.029  71.727 0.0000000000
38645  -26.775  -46.604  74.827 0.0000000000
37572  -24.785  -46.963  72.391 0.0000000000
35409  -25.277  -49.575  71.264 0.0000000000
35423  -27.069  -49.635  70.220 0.0000000000
45037  -28.802  -39.294  74.754 0.0000000000
46950  -29.577  -38.006  73.935 0.0000000000
46008  -30.595  -38.689  72.023 0.0000000000
45081  -31.129  -40.074  70.236 0.0000000000
44240  -29.710  -40.369  67.066 0.0000000000
45147  -28.787  -40.074  64.312 0.0000000000
44192  -20.219  -40.643  69.320 0.0000000000
48938  -36.710  -35.231  66.002 0.0000000000
48984  -38.551  -35.186  64.692 0.0000000000
51163  -38.848  -34.199  67.128 0.0000000000
52322  -40.270  -33.031  64.062 0.0000000000
54538  -41.124  -29.984  50.889 0.0000000000
55541  -41.612  -28.859  53.454 0.0000000000
54541  -43.592  -29.910  51.502 0.0000000000
35288  -12.531  -49.921  82.190 0.0000000000
54480  -35.810  -30.456  57.433 0.0000000000
55536  -35.117  -29.358  53.105 0.0000000000
56720  -38.135  -28.846  50.270 0.0000000000
57795  -39.936  -27.905  48.666 0.0000000000
58809  -41.778  -26.831  48.045 0.0000000000
59764  -43.538  -25.228  48.477 0.0000000000
60715  -44.415  -24.150  48.889 0.0000000000
62711  -41.795  -22.418  47.830 0.0000000000
37492  -17.721  -47.449  80.627 0.0000000000
37466  -15.681  -48.396  81.365 0.0000000000
36388  -13.626  -48.943  82.011 0.0000000000
50149  -33.242  -34.087  60.895 0.0000000000
135842  -28.942  -33.456  59.933 0.0000000000
50130  -31.920  -34.344  61.535 0.0000000000
141730  -34.723  -35.222  63.714 0.0000000000
50045  -36.170  -34.009  66.142 0.0000000000
121002  -35.236  -32.610  63.792 0.0000000000
52377  -33.966  -32.124  60.750 0.0000000000
36463  -28.109  -48.826  75.576 0.0000000000
41660  -27.140  -43.819  68.139 0.0000000000
37611  -28.964  -46.971  69.876 0.0000000000
44172  -29.417  -40.444  72.029 0.0000000000
42476  -30.547  -42.589  70.470 0.0000000000
37585  -30.736  -47.160  71.185 0.0000000000
36490  -32.613  -48.668  72.255 0.0000000000
44139  -20.035  -40.507  76.129 0.0000000000
45027  -20.833  -39.431  75.598 0.0000000000
42430  -21.438  -42.140  75.969 0.0000000000
54458  -38.119  -31.062  58.309 0.0000000000
53464  -40.214  -31.402  59.416 0.0000000000
53441  -42.429  -31.173  60.192 0.0000000000
55510  -42.374  -28.548  55.488 0.0000000000
62706  -45.308  -23.180  48.282 0.0000000000
63623  -46.327  -21.643  47.106 0.0000000000
64592  -46.036  -20.168  46.130 0.0000000000
66609  -43.887  -18.344  45.157 0.0000000000
65614  -46.077  -19.773  44.948 0.0000000000
131433  -26.551  -34.817  66.974 0.0000000000
50040  -26.377  -34.093  66.390 0.0000000000
51145  -26.564  -33.324  67.712 0.0000000000
48882  -27.136  -35.840  69.803 0.0000000000
48906  -26.830  -35.637  68.025 0.0000000000
47889  -26.941  -36.161  67.364 0.0000000000
53406  -35.280  -31.692  59.907 0.0000000000
52380  -36.778  -32.221  60.699 0.0000000000
53434  -35.930  -31.446  59.298 0.0000000000
57805  -44.580  -27.728  47.466 0.0000000000
55627  -45.069  -29.380  47.703 0.0000000000
56753  -46.181  -28.688  47.205 0.0000000000
58821  -46.523  -26.887  47.062 0.0000000000
58814  -46.054  -26.167  47.489 0.0000000000
124599  -18.365  -43.022  75.423 0.0000000000
40714  -17.122  -43.779  75.897 0.0000000000
40701  -18.304  -44.023  76.504 0.0000000000
48918  -32.129  -35.341  65.880 0.0000000000
48953  -32.099  -35.353  65.022 0.0000000000
51175  -33.287  -33.942  65.921 0.0000000000
52280  -32.992  -32.827  65.775 0.0000000000
41572  -26.097  -43.966  75.791 0.0000000000
33323  -27.890  -51.575  71.566 0.0000000000
32338  -28.010  -52.351  72.890 0.0000000000
33310  -29.343  -51.764  72.093 0.0000000000
32350  -29.850  -52.374  72.452 0.0000000000
124348  -29.681  -50.411  71.590 0.0000000000
125489  -32.556  -40.655  72.395 0.0000000000
44160  -32.571  -40.936  72.951 0.0000000000
43346  -33.487  -41.758  72.472 0.0000000000
41604  -34.343  -43.191  72.539 0.0000000000
42441  -23.708  -42.772  73.264 0.0000000000
42437  -24.886  -43.138  75.137 0.0000000000
42433  -24.974  -43.078  75.991 0.0000000000
50150  -34.162  -34.067  60.934 0.0000000000
55539  -39.012  -29.427  53.340 0.0000000000
120438  -39.162  -29.275  54.309 0.0000000000
137894  -39.875  -29.173  53.915 0.0000000000
130625  -26.943  -37.789  62.680 0.0000000000
47941  -26.554  -36.141  61.507 0.0000000000
123101  -26.479  -36.078  62.352 0.0000000000
51199  -27.170  -33.196  64.085 0.0000000000
51172  -28.512  -33.010  64.977 0.0000000000
139362  -30.024  -33.854  64.758 0.0000000000
41627  -22.518  -43.599  70.763 0.0000000000
39714  -24.567  -45.333  72.554 0.0000000000
39730  -23.429  -45.547  71.134 0.0000000000
37620  -24.306  -47.329  69.062 0.0000000000
36500  -24.476  -48.265  71.134 0.0000000000
35434  -25.111  -48.945  69.918 0.0000000000
34325  -25.668  -50.121  71.076 0.0000000000
36526  -26.033  -48.638  69.558 0.0000000000
46945  -29.262  -37.976  74.848 0.0000000000
46015  -29.054  -38.068  70.491 0.0000000000
46967  -29.431  -38.001  71.242 0.0000000000
46016  -29.726  -38.481  70.767 0.0000000000
45061  -31.065  -39.300  71.674 0.0000000000
45079  -29.775  -39.299  69.374 0.0000000000
45097  -30.268  -39.907  68.965 0.0000000000
45096  -29.578  -39.533  68.432 0.0000000000
46055  -27.469  -38.201  64.890 0.0000000000
45133  -28.491  -39.385  65.721 0.0000000000
46067  -27.849  -38.919  64.451 0.0000000000
45170  -28.313  -39.568  63.075 0.0000000000
43381  -20.867  -41.818  69.275 0.0000000000
51161  -37.031  -34.167  66.521 0.0000000000
50047  -37.654  -34.759  67.071 0.0000000000
51179  -37.580  -33.610  66.013 0.0000000000
52357  -39.248  -32.413  61.770 0.0000000000
118909  -39.433  -32.809  63.343 0.0000000000
120121  -40.273  -32.366  62.114 0.0000000000
52340  -41.027  -32.380  62.787 0.0000000000
53389  -40.406  -32.162  61.511 0.0000000000
55598  -41.491  -29.802  49.499 0.0000000000
54539  -41.976  -30.086  51.143 0.0000000000
143281  -43.446  -30.344  50.194 0.0000000000
54551  -46.659  -30.121  50.351 0.0000000000
133356  -39.154  -28.033  49.262 0.0000000000
57787  -39.390  -27.141  48.950 0.0000000000
58804  -41.326  -26.040  48.506 0.0000000000
130297  -41.880  -25.277  48.648 0.0000000000
58806  -43.086  -25.923  48.181 0.0000000000
59763  -42.728  -25.006  48.658 0.0000000000
60713  -42.776  -24.134  49.019 0.0000000000
39649  -15.684  -45.522  77.349 0.0000000000
37501  -14.251  -47.295  79.594 0.0000000000
38530  -19.521  -46.518  81.238 0.0000000000
119038  -18.348  -46.603  79.715 0.0000000000
38515  -18.828  -47.041  81.287 0.0000000000
37458  -17.073  -48.293  81.590 0.0000000000
139799  -15.956  -48.682  82.047 0.0000000000
36389  -14.840  -48.587  81.784 0.0000000000
35291  -15.049  -48.926  82.252 0.0000000000
35290  -14.140  -49.249  82.361 0.0000000000
51284  -27.285  -33.659  60.662 0.0000000000
51305  -27.369  -33.890  59.235 0.0000000000
136386  -28.784  -33.525  61.086 0.0000000000
48978  -32.851  -35.406  63.974 0.0000000000
50129  -31.300  -34.373  61.964 0.0000000000
50102  -33.038  -35.061  63.249 0.0000000000
50117  -33.312  -34.711  62.493 0.0000000000
48980  -34.235  -35.385  63.938 0.0000000000
48957  -35.181  -35.331  64.940 0.0000000000
48956  -34.396  -35.428  64.659 0.0000000000
52318  -34.506  -32.617  64.152 0.0000000000
52305  -35.300  -32.710  64.789 0.0000000000
52334  -34.385  -32.566  63.064 0.0000000000
52335  -35.118  -32.524  62.567 0.0000000000
52352  -33.683  -32.329  61.487 0.0000000000
37563  -26.828  -47.973  74.442 0.0000000000
37540  -27.427  -47.421  75.341 0.0000000000
36474  -27.750  -48.792  75.023 0.0000000000
43382  -27.964  -41.333  69.178 0.0000000000
142457  -27.420  -42.345  68.289 0.0000000000
42501  -28.347  -42.853  68.834 0.0000000000
39768  -28.196  -45.095  68.898 0.0000000000
41662  -28.733  -43.657  69.031 0.0000000000
45038  -29.507  -39.467  74.745 0.0000000000
44156  -29.147  -39.820  73.408 0.0000000000
44157  -29.720  -40.165  73.641 0.0000000000
42462  -31.771  -42.462  71.688 0.0000000000
42461  -30.964  -42.047  71.335 0.0000000000
127808  -31.586  -43.980  70.675 0.0000000000
120116  -30.569  -45.733  70.416 0.0000000000
38700  -31.104  -45.900  70.896 0.0000000000
37586  -31.589  -47.458  71.824 0.0000000000
38687  -32.299  -45.955  71.684 0.0000000000
43407  -31.472  -41.653  67.425 0.0000000000
45035  -20.778  -39.574  74.826 0.0000000000
44141  -21.672  -40.178  75.982 0.0000000000
43314  -21.612  -40.667  76.244 0.0000000000
41531  -24.655  -44.109  79.842 0.0000000000
54498  -36.289  -30.108  56.789 0.0000000000
54457  -37.070  -30.909  58.148 0.0000000000
54499  -37.233  -30.181  56.757 0.0000000000
54485  -40.646  -30.180  57.267 0.0000000000
54484  -39.795  -30.513  57.648 0.0000000000
123433  -40.708  -30.592  58.089 0.0000000000
53440  -41.676  -31.196  59.618 0.0000000000
54462  -42.274  -30.424  58.398 0.0000000000
55542  -42.584  -28.694  53.643 0.0000000000
56671  -42.055  -28.548  54.265 0.0000000000
56673  -43.570  -28.263  54.635 0.0000000000
62704  -43.488  -23.168  48.340 0.0000000000
61703  -44.919  -23.734  48.753 0.0000000000
62713  -43.834  -22.463  47.667 0.0000000000
64581  -44.822  -20.701  46.631 0.0000000000
65600  -44.928  -19.867  46.294 0.0000000000
128992  -45.779  -20.883  46.648 0.0000000000
65610  -45.397  -19.631  45.858 0.0000000000
68659  -43.491  -15.967  44.496 0.0000000000
67652  -43.411  -16.782  44.797 0.0000000000
66608  -43.604  -17.866  44.712 0.0000000000
66610  -44.848  -19.009  45.132 0.0000000000
66612  -44.376  -18.791  44.795 0.0000000000
120771  -43.842  -18.660  44.457 0.0000000000
65625  -43.554  -19.097  44.196 0.0000000000
47917  -26.800  -36.600  64.714 0.0000000000
47916  -26.428  -35.598  64.198 0.0000000000
48933  -26.345  -34.822  64.971 0.0000000000
121499  -26.722  -33.222  65.439 0.0000000000
39753  -22.643  -45.403  69.567 0.0000000000
47872  -27.707  -36.523  71.408 0.0000000000
46971  -27.846  -37.119  69.525 0.0000000000
134579  -28.537  -38.129  68.778 0.0000000000
46034  -28.495  -38.389  68.062 0.0000000000
46987  -27.928  -37.853  67.458 0.0000000000
127427  -27.227  -37.228  65.957 0.0000000000
52336  -36.694  -32.762  63.119 0.0000000000
52320  -37.254  -33.100  63.663 0.0000000000
123841  -36.852  -32.623  62.247 0.0000000000
134564  -37.594  -32.237  60.706 0.0000000000
53409  -38.275  -31.978  60.317 0.0000000000
55612  -43.716  -29.655  48.228 0.0000000000
54562  -43.963  -30.344  49.578 0.0000000000
55613  -44.433  -29.675  48.084 0.0000000000
54578  -46.085  -30.159  48.631 0.0000000000
142312  -47.425  -24.313  47.704 0.0000000000
39665  -16.123  -44.854  76.890 0.0000000000
38581  -16.137  -46.582  77.918 0.0000000000
50099  -29.963  -33.932  63.173 0.0000000000
51245  -29.866  -33.923  62.307 0.0000000000
130992  -31.521  -34.783  63.470 0.0000000000
48977  -32.154  -35.249  64.146 0.0000000000
48935  -33.797  -35.454  65.124 0.0000000000
50066  -34.619  -34.405  65.492 0.0000000000
51176  -34.148  -33.756  65.652 0.0000000000
52291  -33.729  -32.899  65.502 0.0000000000
52317  -33.519  -32.540  63.461 0.0000000000
34310  -27.099  -50.862  73.641 0.0000000000
35379  -27.995  -49.640  74.844 0.0000000000
34311  -27.756  -51.265  74.128 0.0000000000
32332  -28.553  -52.403  74.238 0.0000000000
32351  -30.830  -52.391  72.352 0.0000000000
44193  -27.183  -40.006  70.050 0.0000000000
44179  -27.819  -40.282  70.454 0.0000000000
45039  -31.348  -39.663  73.468 0.0000000000
43328  -30.948  -40.631  73.886 0.0000000000
43329  -31.790  -40.538  73.679 0.0000000000
42443  -32.336  -41.515  72.858 0.0000000000
41602  -33.209  -43.315  72.432 0.0000000000
127518  -33.159  -44.781  72.283 0.0000000000
41603  -33.810  -43.720  72.626 0.0000000000
44169  -20.519  -40.664  71.488 0.0000000000
44163  -21.299  -40.856  72.877 0.0000000000
43327  -22.974  -41.425  75.470 0.0000000000
41561  -23.647  -43.041  76.476 0.0000000000
42423  -24.475  -43.033  76.403 0.0000000000
55521  -37.651  -29.425  54.675 0.0000000000
142496  -38.374  -29.706  56.021 0.0000000000
55506  -38.833  -29.509  55.554 0.0000000000
140438  -40.173  -29.354  55.921 0.0000000000
120502  -40.797  -29.091  55.751 0.0000000000
65597  -42.115  -19.325  47.008 0.0000000000
64580  -43.717  -20.680  46.640 0.0000000000
66593  -42.614  -18.549  46.725 0.0000000000
69659  -43.322  -15.866  43.639 0.0000000000
67661  -42.942  -17.385  43.705 0.0000000000
132343  -42.929  -16.077  42.948 0.0000000000
68686  -42.617  -16.641  42.606 0.0000000000
40703  -20.072  -43.996  76.899 0.0000000000
40689  -19.227  -44.581  77.855 0.0000000000
47961  -27.232  -36.430  59.624 0.0000000000
139668  -26.980  -36.599  60.321 0.0000000000
49018  -26.445  -35.213  60.388 0.0000000000
139243  -26.899  -33.753  61.327 0.0000000000
50114  -26.388  -34.349  62.844 0.0000000000
51221  -27.203  -33.414  63.042 0.0000000000
51222  -28.260  -33.360  62.829 0.0000000000
50084  -29.980  -33.872  64.040 0.0000000000
50063  -31.358  -34.851  65.383 0.0000000000
41601  -24.367  -43.980  72.790 0.0000000000
40737  -25.702  -45.282  73.943 0.0000000000
39700  -25.221  -45.492  73.288 0.0000000000
38658  -25.490  -46.289  73.450 0.0000000000
37574  -25.772  -47.878  73.328 0.0000000000
38697  -23.835  -46.901  71.047 0.0000000000
37584  -24.776  -47.892  72.031 0.0000000000
35388  -26.411  -49.313  73.497 0.0000000000
34315  -26.266  -50.667  72.237 0.0000000000
33307  -26.678  -51.266  71.994 0.0000000000
35424  -27.995  -49.931  70.595 0.0000000000
45972  -29.245  -38.623  75.208 0.0000000000
45983  -30.241  -38.785  74.135 0.0000000000
46960  -28.966  -37.437  72.498 0.0000000000
128125  -29.945  -38.351  73.330 0.0000000000
45991  -30.601  -38.934  73.592 0.0000000000
45053  -31.022  -39.191  72.426 0.0000000000
45062  -31.660  -39.865  71.996 0.0000000000
119155  -31.839  -40.455  70.589 0.0000000000
44196  -32.353  -41.009  70.001 0.0000000000
44195  -31.518  -40.617  69.536 0.0000000000
44224  -30.938  -40.999  67.944 0.0000000000
44241  -30.124  -40.904  66.556 0.0000000000
45122  -28.659  -39.328  66.517 0.0000000000
44255  -29.444  -40.426  66.112 0.0000000000
119997  -29.495  -40.694  65.271 0.0000000000
45161  -28.802  -40.085  63.451 0.0000000000
43353  -20.751  -41.068  70.736 0.0000000000
48982  -36.448  -35.268  64.214 0.0000000000
48959  -37.382  -35.403  65.832 0.0000000000
48921  -38.889  -35.243  67.286 0.0000000000
50030  -39.759  -34.486  67.238 0.0000000000
51226  -39.054  -33.323  64.360 0.0000000000
51206  -40.076  -33.393  65.020 0.0000000000
55574  -40.442  -29.781  51.429 0.0000000000
141283  -40.901  -29.171  53.001 0.0000000000
55575  -41.317  -29.745  51.714 0.0000000000
55562  -43.196  -29.528  52.222 0.0000000000
122403  -43.983  -29.254  52.711 0.0000000000
54542  -44.327  -30.140  51.110 0.0000000000
55563  -44.710  -29.307  52.478 0.0000000000
54454  -34.410  -30.869  58.074 0.0000000000
134542  -34.987  -31.110  58.504 0.0000000000
54479  -34.864  -30.467  57.375 0.0000000000
54497  -35.350  -30.094  56.761 0.0000000000
55490  -35.775  -29.764  56.112 0.0000000000
55520  -36.491  -29.494  54.471 0.0000000000
138861  -37.231  -29.465  53.762 0.0000000000
55556  -37.443  -29.620  52.133 0.0000000000
126779  -38.126  -29.678  51.817 0.0000000000
55572  -38.537  -29.551  51.090 0.0000000000
119576  -39.863  -29.319  49.824 0.0000000000
56731  -40.328  -29.132  49.288 0.0000000000
55610  -41.714  -29.398  48.649 0.0000000000
58802  -39.830  -26.373  48.837 0.0000000000
57797  -41.309  -27.708  48.013 0.0000000000
55624  -42.137  -28.983  47.986 0.0000000000
57803  -42.989  -27.651  47.607 0.0000000000
57804  -43.803  -27.647  47.563 0.0000000000
59768  -44.794  -25.919  47.901 0.0000000000
132272  -45.068  -25.132  48.278 0.0000000000
59765  -44.331  -25.002  48.469 0.0000000000
127615  -43.171  -23.744  48.857 0.0000000000
62712  -42.815  -22.396  47.659 0.0000000000
128211  -41.856  -20.286  47.034 0.0000000000
39639  -18.326  -45.511  78.196 0.0000000000
38565  -17.611  -46.659  78.925 0.0000000000
37502  -16.280  -47.563  79.431 0.0000000000
37468  -18.035  -47.659  81.426 0.0000000000
37480  -16.491  -48.161  81.007 0.0000000000
136421  -15.794  -47.873  79.993 0.0000000000
139201  -14.918  -48.124  80.798 0.0000000000
36400  -14.018  -48.535  81.634 0.0000000000
36399  -13.223  -48.702  81.615 0.0000000000
35302  -13.045  -49.432  82.077 0.0000000000
50133  -34.547  -34.413  61.783 0.0000000000
121655  -29.776  -33.539  59.753 0.0000000000
51264  -30.518  -34.128  61.757 0.0000000000
51265  -31.060  -34.158  61.094 0.0000000000
50131  -32.816  -34.389  61.646 0.0000000000
121568  -34.113  -34.730  62.549 0.0000000000
50103  -35.212  -34.996  63.443 0.0000000000
124731  -35.799  -35.333  64.605 0.0000000000
50068  -36.276  -34.761  65.903 0.0000000000
51178  -36.437  -33.542  66.078 0.0000000000
51177  -35.238  -33.566  65.727 0.0000000000
138570  -35.765  -32.908  65.166 0.0000000000
52306  -36.190  -33.105  64.938 0.0000000000
121250  -35.907  -32.699  63.457 0.0000000000
52378  -34.861  -32.120  60.695 0.0000000000
53405  -34.342  -31.754  60.085 0.0000000000
52290  -32.311  -32.368  65.294 0.0000000000
52303  -32.394  -32.391  64.375 0.0000000000
52316  -32.558  -32.391  63.519 0.0000000000
52332  -32.766  -32.335  62.643 0.0000000000
52351  -32.909  -32.243  61.718 0.0000000000
53388  -33.113  -32.089  60.879 0.0000000000
53431  -33.059  -31.479  59.543 0.0000000000
53457  -33.513  -31.283  58.905 0.0000000000
35370  -28.283  -49.851  75.350 0.0000000000
41681  -25.765  -43.726  67.384 0.0000000000
42517  -26.422  -42.623  67.659 0.0000000000
39766  -26.435  -45.836  68.345 0.0000000000
38726  -27.161  -46.289  68.802 0.0000000000
36528  -28.051  -48.060  69.836 0.0000000000
36515  -28.773  -48.285  70.237 0.0000000000
45043  -28.099  -39.079  73.691 0.0000000000
45060  -28.356  -39.711  72.234 0.0000000000
43356  -29.164  -40.754  71.174 0.0000000000
44165  -30.278  -40.546  73.114 0.0000000000
43371  -30.173  -41.678  70.964 0.0000000000
42475  -29.725  -42.094  70.145 0.0000000000
40796  -29.954  -44.456  69.730 0.0000000000
38698  -29.677  -46.713  70.218 0.0000000000
36502  -29.875  -48.677  71.100 0.0000000000
127372  -30.368  -49.066  71.536 0.0000000000
35414  -31.306  -49.969  72.201 0.0000000000
44138  -18.913  -40.407  75.850 0.0000000000
133666  -19.717  -41.941  75.416 0.0000000000
134623  -19.843  -38.787  74.741 0.0000000000
45970  -20.421  -39.022  75.770 0.0000000000
44133  -20.525  -40.029  76.417 0.0000000000
130213  -20.329  -41.300  75.793 0.0000000000
41569  -20.058  -43.145  75.633 0.0000000000
41547  -21.583  -43.916  76.916 0.0000000000
41549  -24.091  -43.487  77.326 0.0000000000
53460  -36.462  -31.223  58.699 0.0000000000
53461  -37.358  -31.336  58.873 0.0000000000
53437  -38.801  -31.626  59.659 0.0000000000
54483  -38.719  -30.555  57.557 0.0000000000
54459  -39.147  -30.959  58.330 0.0000000000
53438  -39.644  -31.657  59.951 0.0000000000
136998  -40.635  -31.770  60.809 0.0000000000
55525  -41.242  -28.694  54.318 0.0000000000
55509  -41.537  -28.781  55.575 0.0000000000
120394  -42.126  -29.398  56.654 0.0000000000
59766  -45.688  -24.710  48.282 0.0000000000
60717  -46.272  -24.065  48.430 0.0000000000
61705  -46.592  -23.517  48.262 0.0000000000
63621  -44.290  -21.646  47.109 0.0000000000
137258  -46.053  -22.310  47.557 0.0000000000
62708  -47.051  -22.995  47.976 0.0000000000
62717  -47.678  -22.468  47.535 0.0000000000
64584  -47.481  -21.063  46.330 0.0000000000
66606  -44.739  -19.080  45.415 0.0000000000
65611  -46.094  -19.813  45.448 0.0000000000
143639  -44.307  -19.249  44.444 0.0000000000
48905  -26.629  -34.810  67.736 0.0000000000
50026  -26.460  -34.031  67.316 0.0000000000
48893  -26.965  -35.776  68.881 0.0000000000
48892  -26.700  -34.915  68.554 0.0000000000
139135  -26.731  -35.428  67.365 0.0000000000
143189  -35.122  -31.348  59.080 0.0000000000
58813  -45.052  -26.946  47.518 0.0000000000
57806  -45.441  -27.965  47.288 0.0000000000
57807  -46.290  -27.768  47.067 0.0000000000
127774  -19.118  -43.230  75.677 0.0000000000
41568  -18.371  -43.563  75.932 0.0000000000
50043  -32.613  -35.264  66.084 0.0000000000
48934  -32.739  -35.510  65.445 0.0000000000
40704  -26.667  -44.454  76.174 0.0000000000
39678  -26.422  -44.729  75.368 0.0000000000
34337  -27.942  -50.911  71.041 0.0000000000
33309  -28.348  -52.048  72.061 0.0000000000
123630  -28.842  -51.161  71.566 0.0000000000
44174  -33.059  -41.049  71.896 0.0000000000
44167  -32.969  -41.109  72.499 0.0000000000
43360  -33.709  -41.591  71.458 0.0000000000
121197  -25.490  -43.579  75.444 0.0000000000
128548  -40.034  -29.358  52.983 0.0000000000
47019  -26.652  -36.883  62.947 0.0000000000
52288  -27.928  -32.668  65.426 0.0000000000
52302  -27.545  -32.874  64.837 0.0000000000
40777  -22.540  -44.370  70.435 0.0000000000
39744  -22.616  -45.069  70.128 0.0000000000
38724  -24.749  -46.686  68.514 0.0000000000
127505  -24.695  -47.853  69.248 0.0000000000
37621  -25.164  -47.362  68.847 0.0000000000
37607  -25.439  -48.107  69.267 0.0000000000
37622  -26.062  -47.313  68.873 0.0000000000
46023  -28.755  -38.138  69.551 0.0000000000
46024  -29.409  -38.635  69.864 0.0000000000
46025  -30.068  -39.095  70.301 0.0000000000
47010  -27.051  -37.513  64.377 0.0000000000
46066  -27.377  -38.315  64.009 0.0000000000
46080  -27.341  -38.401  63.159 0.0000000000
123755  -21.122  -42.496  69.048 0.0000000000
42485  -21.386  -42.385  69.750 0.0000000000
51203  -36.718  -33.408  65.531 0.0000000000
51204  -37.406  -33.453  65.109 0.0000000000
52382  -39.045  -32.260  61.003 0.0000000000
52383  -39.770  -32.241  61.311 0.0000000000
55599  -42.140  -29.802  49.038 0.0000000000
54560  -42.309  -30.129  49.654 0.0000000000
54561  -43.098  -30.253  49.622 0.0000000000
55588  -46.162  -30.003  51.033 0.0000000000
57786  -38.619  -27.244  49.417 0.0000000000
60712  -41.899  -24.499  48.923 0.0000000000
60709  -41.789  -23.952  49.114 0.0000000000
61701  -41.528  -23.471  48.841 0.0000000000
38580  -15.266  -46.297  77.830 0.0000000000
38563  -14.703  -46.835  78.651 0.0000000000
38562  -13.979  -46.467  79.013 0.0000000000
130926  -18.943  -46.771  81.014 0.0000000000
35279  -15.036  -49.234  82.351 0.0000000000
51262  -28.128  -33.467  61.553 0.0000000000
123659  -27.937  -33.474  61.015 0.0000000000
48979  -33.501  -35.425  63.923 0.0000000000
136738  -34.243  -32.467  62.162 0.0000000000
36473  -27.352  -48.400  74.781 0.0000000000
42500  -27.944  -42.151  68.660 0.0000000000
42486  -28.534  -41.960  69.200 0.0000000000
41641  -29.141  -42.643  69.417 0.0000000000
45031  -30.144  -39.337  74.731 0.0000000000
44148  -29.896  -39.985  74.224 0.0000000000
138240  -30.107  -39.743  74.504 0.0000000000
41615  -31.992  -43.338  71.190 0.0000000000
40780  -31.477  -44.592  70.650 0.0000000000
39747  -31.668  -45.161  70.919 0.0000000000
132945  -31.779  -45.761  71.245 0.0000000000
39732  -32.242  -45.202  71.477 0.0000000000
43417  -30.622  -41.510  66.098 0.0000000000
42421  -23.038  -42.087  76.218 0.0000000000
122655  -41.369  -30.277  57.673 0.0000000000
54461  -41.464  -30.572  58.357 0.0000000000
140288  -41.834  -30.331  57.979 0.0000000000
56684  -43.426  -28.540  53.890 0.0000000000
56672  -42.827  -28.431  54.396 0.0000000000
62705  -44.421  -23.209  48.347 0.0000000000
64582  -45.423  -20.187  46.367 0.0000000000
65609  -44.485  -19.344  45.919 0.0000000000
125594  -43.275  -16.631  44.007 0.0000000000
66613  -45.121  -19.289  44.821 0.0000000000
66622  -43.366  -17.908  44.184 0.0000000000
47908  -26.914  -36.530  65.539 0.0000000000
123732  -26.615  -35.815  65.047 0.0000000000
51171  -26.561  -33.328  66.143 0.0000000000
52286  -26.786  -32.894  66.066 0.0000000000
48872  -27.225  -35.844  70.770 0.0000000000
47880  -27.441  -36.513  69.234 0.0000000000
46979  -27.743  -37.153  68.752 0.0000000000
128556  -28.235  -37.621  69.177 0.0000000000
46980  -28.108  -37.738  68.363 0.0000000000
47898  -27.029  -36.537  66.479 0.0000000000
123206  -36.070  -32.589  62.412 0.0000000000
55626  -44.057  -29.133  47.678 0.0000000000
55615  -46.699  -29.786  48.125 0.0000000000
59771  -47.789  -24.764  47.190 0.0000000000
40700  -17.033  -44.323  76.202 0.0000000000
134010  -16.569  -44.145  76.361 0.0000000000
39666  -16.727  -44.826  76.631 0.0000000000
39650  -16.342  -45.465  77.097 0.0000000000
38598  -16.774  -46.030  77.563 0.0000000000
50100  -30.729  -34.405  63.714 0.0000000000
48954  -32.775  -35.535  64.725 0.0000000000
137276  -33.257  -35.556  64.483 0.0000000000
133244  -33.276  -35.580  65.035 0.0000000000
50065  -33.783  -34.892  65.589 0.0000000000
139366  -33.724  -32.670  64.535 0.0000000000
143365  -33.040  -32.546  64.119 0.0000000000
32339  -28.608  -52.625  73.431 0.0000000000
32333  -28.968  -52.968  73.977 0.0000000000
127933  -30.264  -51.639  72.153 0.0000000000
45068  -27.467  -39.685  70.904 0.0000000000
136580  -28.114  -39.941  71.316 0.0000000000
44151  -31.861  -40.120  73.796 0.0000000000
44159  -32.199  -40.515  73.351 0.0000000000
42444  -32.904  -41.547  72.718 0.0000000000
43336  -32.307  -41.004  73.234 0.0000000000
42452  -33.016  -42.360  72.587 0.0000000000
138965  -33.662  -42.981  72.551 0.0000000000
44170  -21.126  -41.180  71.775 0.0000000000
133008  -20.605  -40.531  72.350 0.0000000000
43341  -21.767  -41.497  72.399 0.0000000000
43333  -23.290  -41.989  73.948 0.0000000000
42431  -23.644  -42.065  75.477 0.0000000000
42422  -23.712  -42.539  76.153 0.0000000000
42432  -24.305  -42.692  75.719 0.0000000000
41552  -26.160  -43.685  77.531 0.0000000000
41563  -25.547  -43.413  77.048 0.0000000000
121964  -38.054  -29.539  55.446 0.0000000000
55522  -38.565  -29.366  54.847 0.0000000000
140651  -39.818  -29.150  54.595 0.0000000000
55523  -39.358  -29.280  55.045 0.0000000000
55508  -40.162  -29.105  55.224 0.0000000000
131950  -42.653  -20.500  46.755 0.0000000000
69677  -43.378  -15.548  42.822 0.0000000000
118940  -19.862  -44.352  77.816 0.0000000000
38516  -20.125  -46.128  81.244 0.0000000000
138999  -27.932  -38.751  61.209 0.0000000000
47047  -27.317  -37.369  60.616 0.0000000000
47041  -27.132  -37.662  61.370 0.0000000000
49005  -26.364  -35.313  61.779 0.0000000000
124116  -26.423  -35.448  61.084 0.0000000000
50146  -26.391  -34.657  61.094 0.0000000000
51261  -26.589  -34.032  61.608 0.0000000000
48952  -26.310  -34.651  64.169 0.0000000000
48976  -26.267  -34.887  63.453 0.0000000000
50098  -26.415  -34.074  63.722 0.0000000000
120938  -26.752  -33.606  63.657 0.0000000000
132957  -27.852  -33.191  63.523 0.0000000000
51223  -28.952  -33.496  63.567 0.0000000000
51202  -30.500  -34.159  65.349 0.0000000000
40747  -24.860  -44.899  73.005 0.0000000000
40746  -24.447  -44.594  72.647 0.0000000000
39731  -23.965  -45.429  71.850 0.0000000000
38670  -24.946  -46.138  72.798 0.0000000000
132815  -25.272  -46.723  73.000 0.0000000000
37561  -25.679  -47.039  73.504 0.0000000000
37573  -25.286  -47.436  72.808 0.0000000000
38696  -23.433  -46.394  70.598 0.0000000000
36501  -24.926  -48.807  71.622 0.0000000000
36488  -25.830  -48.841  73.009 0.0000000000
35396  -25.412  -49.326  72.113 0.0000000000
35397  -25.948  -49.830  72.622 0.0000000000
35410  -25.723  -50.128  71.727 0.0000000000
35422  -26.178  -50.090  70.617 0.0000000000
34326  -26.287  -50.712  71.346 0.0000000000
34336  -27.066  -50.546  70.764 0.0000000000
45982  -29.738  -38.427  74.513 0.0000000000
47867  -28.331  -37.031  72.001 0.0000000000
46007  -29.974  -38.314  71.618 0.0000000000
45999  -30.012  -38.291  72.528 0.0000000000
45990  -30.117  -38.554  73.806 0.0000000000
46000  -30.520  -38.720  72.998 0.0000000000
46001  -30.939  -39.084  72.781 0.0000000000
45069  -30.797  -39.441  70.734 0.0000000000
45070  -31.459  -39.854  71.150 0.0000000000
44181  -31.965  -40.328  71.424 0.0000000000
44223  -30.113  -40.294  68.015 0.0000000000
44209  -30.848  -40.487  68.763 0.0000000000
126042  -30.328  -40.759  67.316 0.0000000000
46039  -28.453  -38.694  67.127 0.0000000000
45110  -28.890  -39.363  67.169 0.0000000000
45146  -28.389  -39.468  64.849 0.0000000000
45134  -28.930  -40.093  65.279 0.0000000000
44275  -29.343  -40.615  64.515 0.0000000000
46094  -27.800  -39.039  62.709 0.0000000000
46106  -27.871  -38.969  61.873 0.0000000000
131272  -20.269  -40.577  70.131 0.0000000000
125529  -23.520  -43.662  72.041 0.0000000000
48958  -36.595  -35.373  65.136 0.0000000000
50048  -38.562  -34.752  67.421 0.0000000000
51149  -39.199  -34.512  67.429 0.0000000000
48907  -39.351  -34.866  67.428 0.0000000000
51164  -39.601  -34.166  67.108 0.0000000000
52337  -37.666  -32.692  62.667 0.0000000000
51225  -37.820  -33.350  64.331 0.0000000000
51207  -40.780  -33.507  65.615 0.0000000000
52307  -41.086  -33.165  64.796 0.0000000000
54540  -42.852  -30.006  51.385 0.0000000000
55576  -42.200  -29.672  51.986 0.0000000000
132622  -44.722  -30.310  49.215 0.0000000000
127699  -44.007  -30.358  50.395 0.0000000000
55578  -44.963  -29.691  51.731 0.0000000000
35301  -12.170  -49.667  81.922 0.0000000000
36387  -11.746  -49.182  81.641 0.0000000000
55489  -34.662  -29.773  55.987 0.0000000000
55503  -34.953  -29.624  55.330 0.0000000000
128778  -35.188  -29.548  54.511 0.0000000000
55519  -35.463  -29.501  53.818 0.0000000000
55537  -36.145  -29.505  53.413 0.0000000000
125027  -36.792  -29.545  52.757 0.0000000000
55555  -36.516  -29.281  51.813 0.0000000000
55571  -37.508  -29.388  51.314 0.0000000000
122350  -37.984  -29.289  50.726 0.0000000000
55585  -38.576  -29.271  50.482 0.0000000000
55586  -39.284  -29.459  50.489 0.0000000000
55596  -39.008  -28.905  49.872 0.0000000000
56730  -39.770  -28.698  49.244 0.0000000000
56741  -40.461  -28.653  48.759 0.0000000000
55609  -40.934  -29.288  48.960 0.0000000000
133949  -40.668  -28.096  48.351 0.0000000000
132634  -41.101  -26.900  48.260 0.0000000000
56748  -41.857  -28.351  47.796 0.0000000000
57802  -42.154  -27.665  47.693 0.0000000000
56749  -42.570  -28.459  47.660 0.0000000000
58811  -43.446  -26.772  47.774 0.0000000000
58807  -43.916  -25.919  48.087 0.0000000000
58812  -44.265  -26.804  47.671 0.0000000000
133598  -43.583  -24.463  48.817 0.0000000000
62703  -42.589  -23.118  48.359 0.0000000000
38561  -13.486  -46.824  79.668 0.0000000000
39640  -19.140  -45.093  78.420 0.0000000000
39653  -18.654  -44.945  77.819 0.0000000000
39627  -18.930  -45.585  78.892 0.0000000000
38546  -18.353  -47.010  80.535 0.0000000000
37503  -17.461  -47.277  79.779 0.0000000000
38564  -16.704  -47.064  78.729 0.0000000000
130941  -18.578  -47.840  82.113 0.0000000000
37467  -16.551  -48.304  81.340 0.0000000000
118825  -17.376  -47.930  81.230 0.0000000000
138278  -16.746  -47.806  80.402 0.0000000000
37479  -15.744  -48.099  80.594 0.0000000000
37491  -14.994  -47.817  80.166 0.0000000000
141268  -15.469  -48.246  80.948 0.0000000000
140558  -14.151  -48.765  82.002 0.0000000000
122292  -12.786  -49.172  81.818 0.0000000000
36375  -13.684  -49.191  82.209 0.0000000000
131983  -14.278  -49.681  82.360 0.0000000000
49034  -27.072  -35.646  59.229 0.0000000000
51306  -28.118  -33.564  59.304 0.0000000000
51307  -29.010  -33.438  59.055 0.0000000000
51263  -29.692  -33.795  61.483 0.0000000000
142270  -31.826  -34.512  62.134 0.0000000000
51287  -30.463  -33.810  60.419 0.0000000000
50147  -31.708  -34.107  60.757 0.0000000000
48994  -34.484  -35.019  63.290 0.0000000000
136921  -35.700  -35.254  63.956 0.0000000000
48981  -35.015  -35.325  64.178 0.0000000000
50067  -35.441  -34.628  65.506 0.0000000000
48937  -35.976  -35.209  65.360 0.0000000000
52293  -35.411  -32.922  65.573 0.0000000000
134035  -35.817  -32.834  64.420 0.0000000000
52353  -34.500  -32.370  61.472 0.0000000000
52289  -31.659  -32.093  64.729 0.0000000000
53366  -31.913  -32.137  62.960 0.0000000000
53376  -32.100  -31.991  62.069 0.0000000000
53387  -32.288  -31.897  61.210 0.0000000000
53403  -32.488  -31.632  60.330 0.0000000000
39687  -26.305  -45.850  74.503 0.0000000000
39679  -26.874  -45.967  75.315 0.0000000000
36462  -27.828  -48.427  75.363 0.0000000000
34301  -28.164  -50.665  74.768 0.0000000000
35380  -28.219  -50.077  74.815 0.0000000000
34294  -28.485  -51.083  75.357 0.0000000000
128267  -26.953  -42.103  67.986 0.0000000000
40811  -26.831  -44.833  68.190 0.0000000000
39767  -27.384  -45.431  68.615 0.0000000000
38711  -28.493  -46.466  69.435 0.0000000000
37610  -28.249  -47.261  69.593 0.0000000000
138281  -28.704  -47.633  69.953 0.0000000000
45044  -28.668  -39.433  73.988 0.0000000000
119260  -28.995  -39.955  72.591 0.0000000000
44171  -28.769  -40.211  71.691 0.0000000000
43334  -30.986  -40.860  73.255 0.0000000000
43344  -30.817  -41.094  72.642 0.0000000000
43358  -30.527  -41.347  71.824 0.0000000000
41629  -29.901  -42.881  69.805 0.0000000000
41642  -29.537  -43.623  69.476 0.0000000000
41643  -30.356  -43.540  69.967 0.0000000000
38699  -30.424  -46.447  70.644 0.0000000000
38713  -29.986  -45.939  70.083 0.0000000000
137657  -30.026  -47.139  70.696 0.0000000000
36516  -29.409  -48.297  70.655 0.0000000000
36517  -29.996  -47.824  70.980 0.0000000000
36503  -30.743  -48.224  71.587 0.0000000000
36489  -31.736  -48.393  72.114 0.0000000000
36504  -31.058  -49.099  72.021 0.0000000000
35398  -31.940  -49.276  72.324 0.0000000000
39715  -33.427  -45.296  72.274 0.0000000000
38671  -32.989  -46.025  72.090 0.0000000000
38672  -33.734  -45.980  72.201 0.0000000000
43384  -32.065  -41.249  69.079 0.0000000000
43320  -19.386  -41.254  75.541 0.0000000000
45049  -20.102  -39.937  72.854 0.0000000000
45042  -20.395  -39.724  73.850 0.0000000000
45028  -21.327  -39.823  75.482 0.0000000000
45978  -20.354  -39.079  75.186 0.0000000000
45023  -20.756  -39.442  76.066 0.0000000000
43322  -21.939  -41.422  76.284 0.0000000000
43321  -21.187  -41.332  76.155 0.0000000000
42429  -20.495  -42.290  75.619 0.0000000000
41570  -21.087  -42.974  75.739 0.0000000000
41546  -20.912  -43.859  76.604 0.0000000000
41559  -21.489  -43.405  76.194 0.0000000000
42416  -24.290  -43.198  76.742 0.0000000000
41540  -24.523  -43.737  78.206 0.0000000000
50106  -38.152  -34.835  63.782 0.0000000000
54455  -35.334  -30.826  58.012 0.0000000000
53459  -35.655  -31.155  58.582 0.0000000000
54456  -36.160  -30.843  58.057 0.0000000000
134478  -38.137  -31.460  59.158 0.0000000000
53462  -38.734  -31.333  58.879 0.0000000000
54500  -38.279  -30.141  56.695 0.0000000000
54501  -39.271  -30.119  56.885 0.0000000000
54460  -40.053  -31.001  58.567 0.0000000000
53463  -39.438  -31.365  59.101 0.0000000000
140918  -40.257  -31.643  60.188 0.0000000000
53439  -40.881  -31.476  59.929 0.0000000000
53412  -41.508  -31.555  60.709 0.0000000000
142626  -42.380  -28.390  54.846 0.0000000000
56658  -41.732  -28.500  54.939 0.0000000000
127068  -42.037  -28.952  56.028 0.0000000000
60716  -44.973  -24.549  48.603 0.0000000000
134459  -45.360  -24.093  48.731 0.0000000000
61704  -45.797  -23.638  48.512 0.0000000000
60718  -46.893  -23.825  48.213 0.0000000000
63622  -45.374  -21.779  47.205 0.0000000000
62716  -46.783  -22.387  47.585 0.0000000000
64583  -46.702  -20.822  46.422 0.0000000000
137953  -46.592  -20.201  45.725 0.0000000000
67650  -43.423  -17.296  45.328 0.0000000000
65618  -45.602  -19.490  45.023 0.0000000000
65613  -45.536  -19.449  45.242 0.0000000000
64593  -46.681  -20.071  45.104 0.0000000000
132400  -43.010  -18.337  43.881 0.0000000000
47897  -26.710  -35.585  66.719 0.0000000000
48917  -26.463  -34.922  66.326 0.0000000000
51155  -26.496  -33.333  66.916 0.0000000000
124694  -27.271  -36.520  68.231 0.0000000000
46986  -27.405  -36.985  67.353 0.0000000000
52379  -35.826  -32.160  60.680 0.0000000000
53407  -36.294  -31.761  60.036 0.0000000000
56751  -44.781  -28.620  47.443 0.0000000000
56752  -45.453  -28.836  47.370 0.0000000000
134074  -45.809  -29.259  47.506 0.0000000000
56767  -46.803  -28.318  46.960 0.0000000000
57819  -47.046  -27.642  46.781 0.0000000000
58822  -47.294  -26.715  46.683 0.0000000000
58815  -46.751  -25.937  47.231 0.0000000000
128287  -46.230  -25.289  47.741 0.0000000000
42427  -17.861  -42.335  75.413 0.0000000000
42426  -17.093  -42.503  75.740 0.0000000000
41567  -17.432  -43.119  75.619 0.0000000000
40715  -17.612  -43.988  76.103 0.0000000000
39667  -17.556  -44.620  76.665 0.0000000000
129431  -26.744  -44.238  77.045 0.0000000000
33308  -27.364  -51.805  72.249 0.0000000000
32349  -28.903  -52.472  72.585 0.0000000000
33324  -29.733  -51.104  71.884 0.0000000000
45055  -31.998  -40.132  72.605 0.0000000000
44166  -32.373  -40.559  72.821 0.0000000000
43347  -34.183  -42.370  72.307 0.0000000000
42435  -23.825  -42.363  74.257 0.0000000000
42436  -24.289  -42.585  74.808 0.0000000000
41571  -25.556  -43.440  76.284 0.0000000000
46093  -27.389  -38.437  62.352 0.0000000000
47031  -26.709  -37.116  62.000 0.0000000000
48992  -26.292  -35.134  62.619 0.0000000000
52301  -26.967  -33.083  64.894 0.0000000000
51198  -26.634  -33.582  64.526 0.0000000000
51201  -29.215  -33.463  64.473 0.0000000000
51173  -29.596  -33.485  65.338 0.0000000000
40762  -24.098  -44.819  72.222 0.0000000000
40761  -23.564  -44.704  71.642 0.0000000000
38685  -24.316  -46.296  71.944 0.0000000000
38723  -23.748  -46.638  68.844 0.0000000000
136679  -23.773  -47.159  69.507 0.0000000000
37606  -24.114  -47.806  69.771 0.0000000000
36512  -24.488  -48.403  70.280 0.0000000000
36513  -24.823  -49.042  70.760 0.0000000000
35421  -25.437  -49.594  70.584 0.0000000000
35435  -26.079  -49.354  70.012 0.0000000000
46972  -28.351  -37.478  70.201 0.0000000000
46017  -30.427  -38.832  71.179 0.0000000000
45080  -30.476  -39.667  69.832 0.0000000000
138694  -30.825  -40.189  69.473 0.0000000000
45111  -29.386  -39.766  67.549 0.0000000000
46048  -27.595  -38.048  65.860 0.0000000000
46056  -27.996  -38.800  65.337 0.0000000000
45160  -28.311  -39.526  63.959 0.0000000000
46081  -27.779  -39.005  63.576 0.0000000000
43367  -21.139  -41.706  70.149 0.0000000000
42473  -21.998  -42.902  70.306 0.0000000000
50046  -36.876  -34.748  66.517 0.0000000000
48919  -37.479  -35.189  66.652 0.0000000000
51162  -37.883  -34.145  66.837 0.0000000000
51180  -38.490  -33.738  66.409 0.0000000000
122344  -38.291  -32.533  61.931 0.0000000000
52338  -38.770  -32.616  62.604 0.0000000000
52339  -39.667  -32.539  62.552 0.0000000000
119879  -40.342  -32.578  63.095 0.0000000000
52358  -40.791  -32.277  62.134 0.0000000000
54559  -41.761  -30.129  50.323 0.0000000000
54547  -42.695  -30.263  50.465 0.0000000000
54548  -43.483  -30.256  50.863 0.0000000000
54550  -45.810  -30.316  50.255 0.0000000000
54543  -45.303  -30.135  51.003 0.0000000000
133590  -48.414  -22.820  47.584 0.0000000000
122442  -35.578  -29.248  52.443 0.0000000000
56729  -38.380  -28.161  49.745 0.0000000000
59762  -41.179  -25.071  48.907 0.0000000000
58805  -42.242  -25.963  48.320 0.0000000000
58810  -42.610  -26.789  47.868 0.0000000000
133709  -42.320  -23.673  48.850 0.0000000000
37500  -13.672  -47.437  80.163 0.0000000000
38548  -19.460  -46.293  80.743 0.0000000000
38547  -19.031  -46.411  80.419 0.0000000000
38529  -18.313  -47.220  80.880 0.0000000000
36378  -17.472  -48.367  81.916 0.0000000000
36377  -16.724  -48.643  82.100 0.0000000000
36390  -15.880  -48.518  81.693 0.0000000000
120600  -15.180  -48.717  82.046 0.0000000000
36376  -14.352  -48.884  82.167 0.0000000000
122861  -26.580  -34.496  60.163 0.0000000000
50162  -26.914  -34.385  59.375 0.0000000000
51304  -26.952  -33.935  59.971 0.0000000000
51285  -28.185  -33.492  60.328 0.0000000000
143070  -28.912  -33.498  60.508 0.0000000000
50101  -32.280  -35.004  63.314 0.0000000000
135170  -31.685  -34.636  62.656 0.0000000000
50116  -32.408  -34.660  62.435 0.0000000000
48993  -33.791  -35.090  63.253 0.0000000000
52304  -34.592  -32.761  65.138 0.0000000000
37551  -26.732  -47.254  74.577 0.0000000000
137423  -26.986  -47.133  74.881 0.0000000000
37552  -27.204  -47.714  74.898 0.0000000000
37553  -27.561  -48.094  75.179 0.0000000000
34303  -29.480  -51.835  75.641 0.0000000000
122383  -26.665  -40.562  68.440 0.0000000000
44208  -27.316  -40.907  68.788 0.0000000000
120267  -27.644  -42.977  68.406 0.0000000000
40812  -27.650  -44.549  68.534 0.0000000000
40813  -28.314  -44.341  68.857 0.0000000000
40795  -29.018  -44.603  69.247 0.0000000000
45045  -29.273  -39.712  74.167 0.0000000000
44164  -29.597  -40.253  72.868 0.0000000000
43359  -31.343  -41.719  72.153 0.0000000000
42477  -31.341  -42.747  70.982 0.0000000000
41630  -31.151  -43.406  70.527 0.0000000000
40779  -30.845  -44.339  70.254 0.0000000000
39746  -31.009  -45.162  70.490 0.0000000000
141558  -30.923  -46.505  71.049 0.0000000000
38686  -31.542  -46.515  71.400 0.0000000000
37587  -32.357  -46.759  71.972 0.0000000000
44154  -21.522  -40.483  74.066 0.0000000000
44153  -20.962  -40.018  74.230 0.0000000000
44146  -21.334  -40.003  74.831 0.0000000000
45024  -21.198  -39.717  75.937 0.0000000000
136169  -22.086  -42.566  76.103 0.0000000000
41541  -25.571  -43.779  78.688 0.0000000000
123301  -24.953  -43.885  78.931 0.0000000000
54481  -36.712  -30.506  57.452 0.0000000000
54482  -37.690  -30.566  57.480 0.0000000000
119035  -39.767  -29.679  56.371 0.0000000000
54502  -40.012  -30.020  56.921 0.0000000000
54435  -40.981  -31.084  58.937 0.0000000000
121110  -41.741  -30.774  58.935 0.0000000000
54436  -42.406  -30.757  59.295 0.0000000000
56659  -43.000  -28.282  55.083 0.0000000000
61702  -44.027  -23.770  48.842 0.0000000000
141495  -43.731  -15.453  44.215 0.0000000000
66621  -42.258  -17.955  43.323 0.0000000000
47009  -26.698  -36.693  63.842 0.0000000000
136519  -26.372  -34.611  65.765 0.0000000000
50061  -26.374  -33.888  65.370 0.0000000000
40794  -22.298  -44.709  69.502 0.0000000000
38722  -23.456  -45.907  68.325 0.0000000000
39765  -25.318  -45.836  68.060 0.0000000000
47866  -27.834  -36.466  72.414 0.0000000000
47873  -28.116  -37.105  71.069 0.0000000000
127532  -27.654  -36.669  70.291 0.0000000000
46993  -27.922  -38.189  66.664 0.0000000000
46992  -27.518  -37.483  66.634 0.0000000000
47000  -27.157  -37.366  65.232 0.0000000000
52319  -36.392  -33.049  64.035 0.0000000000
52356  -37.415  -32.493  61.538 0.0000000000
52381  -38.308  -32.375  61.183 0.0000000000
139884  -43.094  -29.697  48.448 0.0000000000
132452  -43.466  -30.075  48.893 0.0000000000
54576  -44.232  -30.064  48.700 0.0000000000
54577  -45.127  -30.030  48.448 0.0000000000
54563  -45.491  -30.345  49.344 0.0000000000
54564  -46.355  -30.283  49.524 0.0000000000
60721  -47.387  -23.841  47.925 0.0000000000
41566  -16.790  -43.306  75.962 0.0000000000
41555  -16.000  -44.193  76.890 0.0000000000
51244  -29.198  -33.645  62.772 0.0000000000
48936  -34.530  -35.146  65.219 0.0000000000
35389  -27.005  -49.793  73.972 0.0000000000
35378  -27.511  -49.218  74.601 0.0000000000
34300  -27.664  -50.193  74.382 0.0000000000
33293  -28.357  -51.699  74.590 0.0000000000
33302  -28.070  -52.094  73.776 0.0000000000
33294  -28.785  -52.250  75.002 0.0000000000
32341  -30.285  -53.072  72.693 0.0000000000
45078  -26.588  -39.648  69.612 0.0000000000
44194  -27.583  -40.608  69.607 0.0000000000
43368  -28.172  -40.886  70.041 0.0000000000
45032  -30.657  -39.496  74.222 0.0000000000
44149  -30.539  -40.098  74.186 0.0000000000
44150  -31.142  -40.037  74.063 0.0000000000
43335  -31.745  -41.005  73.380 0.0000000000
42451  -32.151  -42.075  72.449 0.0000000000
42463  -32.560  -42.876  72.050 0.0000000000
41616  -32.650  -43.780  71.917 0.0000000000
40764  -32.701  -44.597  71.917 0.0000000000
40748  -33.215  -44.135  72.382 0.0000000000
40749  -33.710  -44.541  72.494 0.0000000000
139712  -34.575  -44.212  72.597 0.0000000000
45058  -19.938  -40.105  71.736 0.0000000000
43331  -21.962  -41.205  73.395 0.0000000000
43324  -22.959  -41.684  75.974 0.0000000000
41550  -24.801  -43.486  77.524 0.0000000000
138950  -25.060  -43.178  76.633 0.0000000000
41562  -24.941  -43.262  77.050 0.0000000000
41551  -25.510  -43.544  77.801 0.0000000000
55505  -37.156  -29.554  55.394 0.0000000000
55492  -37.653  -29.761  56.093 0.0000000000
55507  -39.559  -29.437  55.726 0.0000000000
55494  -40.594  -29.612  56.485 0.0000000000
65598  -43.112  -19.626  46.477 0.0000000000
69678  -43.886  -15.077  43.536 0.0000000000
68672  -42.882  -16.603  43.310 0.0000000000
68687  -42.924  -16.022  42.252 0.0000000000
40702  -19.281  -44.173  77.194 0.0000000000
40679  -19.788  -44.743  78.525 0.0000000000
121254  -27.428  -37.085  59.982 0.0000000000
47960  -26.717  -35.802  59.944 0.0000000000
47040  -26.828  -36.837  61.088 0.0000000000
138044  -26.602  -36.003  60.714 0.0000000000
51283  -26.690  -34.014  60.783 0.0000000000
138398  -27.417  -33.535  61.468 0.0000000000
120703  -26.414  -35.869  63.235 0.0000000000
51220  -26.625  -33.814  62.935 0.0000000000
51241  -26.528  -34.008  62.311 0.0000000000
51242  -26.890  -33.656  62.116 0.0000000000
51243  -27.720  -33.442  62.164 0.0000000000
50085  -30.671  -34.367  64.604 0.0000000000
40724  -25.602  -44.555  74.162 0.0000000000
142692  -25.748  -45.902  73.861 0.0000000000
38644  -26.117  -46.625  74.145 0.0000000000
37562  -26.250  -47.487  74.013 0.0000000000
36481  -26.354  -48.350  73.783 0.0000000000
38684  -23.785  -46.095  71.350 0.0000000000
37597  -24.080  -47.709  70.651 0.0000000000
37583  -24.327  -47.362  71.543 0.0000000000
34309  -26.505  -50.356  73.134 0.0000000000
34316  -26.782  -51.244  72.748 0.0000000000
33322  -27.139  -51.275  71.422 0.0000000000
46935  -28.809  -38.180  75.340 0.0000000000
45029  -28.957  -39.027  75.230 0.0000000000
45030  -29.561  -39.053  75.077 0.0000000000
45973  -29.922  -38.845  74.767 0.0000000000
45974  -30.380  -39.035  74.383 0.0000000000
46955  -29.050  -37.522  73.430 0.0000000000
46956  -29.538  -37.851  72.983 0.0000000000
46961  -29.524  -37.792  72.015 0.0000000000
45984  -30.701  -39.239  73.819 0.0000000000
45992  -30.955  -39.329  73.356 0.0000000000
45046  -31.488  -39.654  73.040 0.0000000000
142947  -31.336  -39.458  72.157 0.0000000000
44173  -32.330  -40.486  71.983 0.0000000000
44182  -32.620  -40.831  71.096 0.0000000000
43372  -33.071  -41.422  70.289 0.0000000000
44210  -31.435  -40.942  68.715 0.0000000000
43397  -31.771  -41.480  68.260 0.0000000000
43406  -30.746  -41.322  67.007 0.0000000000
46040  -28.949  -39.100  67.864 0.0000000000
45123  -29.150  -39.856  66.760 0.0000000000
130868  -28.912  -39.831  66.092 0.0000000000
44256  -29.971  -41.113  65.665 0.0000000000
44276  -29.922  -41.199  64.730 0.0000000000
45171  -28.943  -40.055  62.565 0.0000000000
121636  -20.170  -40.429  70.894 0.0000000000
137913  -21.717  -41.749  71.628 0.0000000000
43354  -21.412  -41.696  70.960 0.0000000000
41589  -24.178  -43.428  73.145 0.0000000000
50104  -36.129  -34.917  63.425 0.0000000000
48920  -38.178  -35.111  67.147 0.0000000000
48939  -38.272  -35.392  66.507 0.0000000000
48960  -38.870  -35.370  65.617 0.0000000000
123592  -39.236  -35.350  66.531 0.0000000000
139313  -38.224  -33.497  65.271 0.0000000000
51205  -39.190  -33.530  65.593 0.0000000000
134106  -39.982  -33.582  65.935 0.0000000000
129144  -40.327  -33.820  66.564 0.0000000000
52323  -41.188  -32.642  63.902 0.0000000000
134448  -39.803  -29.665  52.029 0.0000000000
55559  -40.666  -29.513  52.285 0.0000000000
55560  -41.510  -29.350  52.551 0.0000000000
55561  -42.385  -29.143  52.825 0.0000000000
55543  -43.278  -28.968  53.115 0.0000000000
55544  -44.163  -28.779  53.412 0.0000000000
55577  -44.124  -29.620  51.942 0.0000000000
36397  -11.868  -48.555  81.391 0.0000000000
53458  -34.355  -31.249  58.849 0.0000000000
55504  -36.137  -29.608  55.376 0.0000000000
126289  -37.893  -29.588  52.996 0.0000000000
55557  -38.532  -29.634  52.473 0.0000000000
128835  -38.942  -29.706  51.819 0.0000000000
55573  -39.525  -29.702  51.199 0.0000000000
55587  -40.264  -29.717  50.520 0.0000000000
54546  -41.060  -29.865  50.198 0.0000000000
133123  -40.010  -27.097  48.583 0.0000000000
58803  -40.548  -26.581  48.530 0.0000000000
56742  -41.259  -28.684  48.277 0.0000000000
55611  -42.478  -29.500  48.438 0.0000000000
55625  -43.040  -29.183  47.877 0.0000000000
56750  -43.405  -28.508  47.579 0.0000000000
141377  -45.444  -26.309  47.611 0.0000000000
60714  -43.623  -24.027  49.049 0.0000000000
63619  -42.088  -21.370  47.213 0.0000000000
40688  -18.546  -44.505  77.171 0.0000000000
39652  -17.951  -45.126  77.395 0.0000000000
39638  -17.547  -45.651  77.660 0.0000000000
38566  -18.352  -46.096  78.925 0.0000000000
38582  -17.621  -46.119  78.219 0.0000000000
133852  -16.971  -46.555  78.204 0.0000000000
37469  -18.778  -47.351  81.618 0.0000000000
141771  -18.491  -47.328  81.325 0.0000000000
38514  -18.121  -47.426  81.023 0.0000000000
37481  -17.465  -47.699  80.881 0.0000000000
123082  -15.227  -47.489  79.341 0.0000000000
37490  -14.217  -47.799  80.479 0.0000000000
36401  -14.834  -48.361  81.333 0.0000000000
37478  -14.134  -48.203  81.090 0.0000000000
36398  -12.528  -48.779  81.538 0.0000000000
35289  -13.309  -49.563  82.257 0.0000000000
47972  -27.648  -36.272  58.957 0.0000000000
51286  -29.594  -33.645  60.625 0.0000000000
123913  -30.297  -33.947  61.079 0.0000000000
50148  -32.393  -34.119  60.834 0.0000000000
50132  -33.689  -34.412  61.714 0.0000000000
50118  -34.895  -34.683  62.624 0.0000000000
138395  -35.907  -33.314  65.821 0.0000000000
52294  -36.021  -33.095  65.630 0.0000000000
52354  -35.449  -32.433  61.529 0.0000000000
51160  -32.787  -33.904  66.348 0.0000000000
53404  -33.488  -31.775  60.177 0.0000000000
53432  -33.907  -31.494  59.513 0.0000000000
136460  -26.557  -45.393  75.094 0.0000000000
35369  -28.038  -49.224  75.160 0.0000000000
127221  -25.290  -45.093  67.640 0.0000000000
40823  -25.558  -44.465  67.493 0.0000000000
137321  -26.481  -46.638  68.677 0.0000000000
37608  -26.516  -47.912  69.261 0.0000000000
36527  -27.056  -48.644  69.676 0.0000000000
38710  -27.723  -46.787  69.183 0.0000000000
37609  -27.446  -47.632  69.397 0.0000000000
36514  -28.015  -48.987  70.116 0.0000000000
35425  -28.943  -49.122  70.726 0.0000000000
45051  -27.907  -39.275  72.760 0.0000000000
45052  -28.542  -39.537  73.111 0.0000000000
44180  -28.506  -40.487  70.827 0.0000000000
43369  -28.800  -41.100  70.379 0.0000000000
44158  -30.411  -40.402  73.759 0.0000000000
43343  -30.085  -40.720  72.327 0.0000000000
43357  -29.794  -41.022  71.504 0.0000000000
43370  -29.439  -41.367  70.666 0.0000000000
42474  -29.039  -41.700  69.876 0.0000000000
39756  -29.559  -45.337  69.666 0.0000000000
39757  -30.338  -45.176  70.055 0.0000000000
38712  -29.234  -46.175  69.767 0.0000000000
37598  -29.388  -47.565  70.334 0.0000000000
35412  -29.700  -49.542  71.280 0.0000000000
35413  -30.430  -49.798  71.806 0.0000000000
39733  -32.806  -45.319  71.990 0.0000000000
133106  -32.604  -47.679  72.147 0.0000000000
44137  -17.925  -40.838  75.688 0.0000000000
43319  -18.358  -41.408  75.452 0.0000000000
42428  -18.834  -42.131  75.294 0.0000000000
133672  -19.433  -42.678  75.414 0.0000000000
45022  -20.462  -39.562  76.311 0.0000000000
44134  -21.081  -39.964  76.266 0.0000000000
44140  -20.862  -40.570  76.317 0.0000000000
41558  -20.559  -43.535  76.049 0.0000000000
119936  -24.214  -43.971  79.152 0.0000000000
53435  -36.800  -31.526  59.444 0.0000000000
53436  -37.649  -31.625  59.614 0.0000000000
143755  -38.202  -31.657  59.692 0.0000000000
53411  -39.972  -31.962  60.790 0.0000000000
120195  -41.009  -32.000  61.617 0.0000000000
55540  -40.693  -28.990  53.696 0.0000000000
118808  -40.961  -28.724  55.064 0.0000000000
55495  -41.408  -29.254  56.236 0.0000000000
54486  -42.161  -29.964  57.524 0.0000000000
59769  -45.538  -25.564  47.884 0.0000000000
59770  -46.418  -24.590  48.052 0.0000000000
60720  -46.913  -24.216  48.081 0.0000000000
61706  -47.229  -23.445  48.001 0.0000000000
62714  -44.800  -22.536  47.705 0.0000000000
62715  -45.556  -22.607  47.766 0.0000000000
62707  -46.196  -22.985  48.081 0.0000000000
134014  -47.658  -23.042  47.810 0.0000000000
142296  -47.885  -21.970  47.181 0.0000000000
63624  -47.276  -21.698  47.032 0.0000000000
63631  -48.004  -21.540  46.687 0.0000000000
66605  -43.719  -18.533  45.684 0.0000000000
127463  -47.271  -20.501  45.598 0.0000000000
36487  -25.309  -48.353  72.512 0.0000000000
36525  -24.687  -48.298  69.661 0.0000000000
37596  -23.662  -47.176  70.185 0.0000000000
37623  -26.927  -47.107  68.985 0.0000000000
38597  -15.960  -46.052  77.425 0.0000000000
38727  -27.966  -45.954  69.015 0.0000000000
39745  -22.943  -45.776  70.191 0.0000000000
39755  -28.754  -45.615  69.313 0.0000000000
40725  -26.135  -45.019  74.605 0.0000000000
40735  -24.789  -44.373  73.146 0.0000000000
40745  -23.928  -44.195  72.220 0.0000000000
40778  -22.983  -44.935  70.845 0.0000000000
41564  -26.168  -43.765  76.663 0.0000000000
41614  -22.997  -43.456  71.532 0.0000000000
41628  -22.999  -44.166  71.208 0.0000000000
41659  -21.822  -44.098  68.944 0.0000000000
41661  -27.973  -43.726  68.613 0.0000000000
41682  -26.437  -43.406  67.711 0.0000000000
42499  -27.030  -42.884  67.995 0.0000000000
43366  -20.645  -41.158  69.779 0.0000000000
43396  -27.446  -41.663  68.479 0.0000000000
44147  -21.833  -40.362  75.229 0.0000000000
45054  -31.452  -39.576  72.558 0.0000000000
45065  -19.702  -39.969  70.930 0.0000000000
46118  -27.645  -38.162  60.881 0.0000000000
51181  -39.395  -33.797  66.627 0.0000000000
55597  -40.650  -29.545  49.706 0.0000000000
57796  -40.580  -27.387  48.366 0.0000000000
120990  -29.223  -40.502  63.792 0.0000000000
121342  -27.507  -33.692  59.867 0.0000000000
131451  -37.063  -33.725  66.315 0.0000000000
132577  -17.740  -43.512  75.748 0.0000000000
139431  -40.162  -34.099  67.029 0.0000000000
139545  -31.168  -39.873  74.127 0.0000000000
141013  -18.834  -44.047  76.825 0.0000000000
143124  -37.984  -29.673  52.345 0.0000000000
143406  -27.044  -37.929  62.004 0.0000000000
