#!ascii label  , from subject sub-v1s2x0051482_ses-1 vox2ras=TkReg
1085
126557  20.450  -18.290  74.231 0.0000000000
56146  31.056  -14.215  80.803 0.0000000000
71068  39.304  -0.169  57.061 0.0000000000
64009  28.478  -7.289  66.169 0.0000000000
62918  33.682  -9.557  74.121 0.0000000000
79600  44.465  8.147  50.963 0.0000000000
70002  38.052  -1.453  61.012 0.0000000000
126591  33.195  -1.195  59.586 0.0000000000
55250  15.567  -16.519  74.686 0.0000000000
136769  25.399  -18.021  76.895 0.0000000000
55262  29.290  -14.986  75.354 0.0000000000
128125  23.051  -16.715  70.869 0.0000000000
74842  44.943  2.527  52.784 0.0000000000
51825  22.446  -19.490  78.822 0.0000000000
54086  19.267  -16.536  78.786 0.0000000000
75696  42.838  4.770  57.148 0.0000000000
54075  13.546  -15.851  79.655 0.0000000000
50674  10.545  -19.772  79.805 0.0000000000
68982  31.614  -2.715  65.750 0.0000000000
132700  31.963  -7.676  70.608 0.0000000000
58957  34.545  -12.487  69.389 0.0000000000
57131  33.374  -15.259  72.931 0.0000000000
72011  37.550  0.124  62.884 0.0000000000
70016  35.541  -0.966  60.506 0.0000000000
71009  34.712  -0.017  62.826 0.0000000000
138105  41.020  0.340  63.076 0.0000000000
55298  19.028  -16.706  72.018 0.0000000000
54195  17.383  -17.613  72.542 0.0000000000
139274  18.513  -16.815  74.711 0.0000000000
53008  22.629  -19.000  75.207 0.0000000000
54151  23.850  -16.805  74.782 0.0000000000
53058  21.664  -17.368  72.684 0.0000000000
54236  20.603  -17.655  70.464 0.0000000000
73019  38.326  1.150  55.033 0.0000000000
130978  39.984  0.878  58.170 0.0000000000
116859  39.809  1.828  57.221 0.0000000000
74821  40.366  3.777  54.894 0.0000000000
121027  18.551  -15.589  81.038 0.0000000000
55202  16.566  -15.090  79.295 0.0000000000
55170  15.575  -14.789  82.301 0.0000000000
52860  10.364  -16.900  84.869 0.0000000000
52903  10.912  -17.674  82.447 0.0000000000
50641  9.430  -19.956  81.924 0.0000000000
48362  8.466  -21.973  81.622 0.0000000000
49427  7.400  -20.797  83.841 0.0000000000
64927  30.849  -6.837  73.586 0.0000000000
116772  33.398  -7.912  72.811 0.0000000000
134793  34.462  -8.775  69.897 0.0000000000
60935  35.310  -10.791  71.452 0.0000000000
56227  27.497  -14.288  72.579 0.0000000000
126236  30.740  -15.187  74.221 0.0000000000
57151  29.199  -14.648  71.604 0.0000000000
56269  30.665  -15.280  69.238 0.0000000000
67005  29.635  -4.455  65.599 0.0000000000
68051  29.496  -3.610  62.690 0.0000000000
127963  28.099  -7.128  63.833 0.0000000000
83166  44.514  12.490  48.296 0.0000000000
80577  41.526  8.801  49.562 0.0000000000
70040  39.302  -1.194  58.476 0.0000000000
121926  36.590  -2.175  58.474 0.0000000000
72025  41.025  -0.415  61.466 0.0000000000
54071  28.643  -16.727  79.196 0.0000000000
55212  30.910  -15.149  77.742 0.0000000000
54130  27.124  -16.293  76.408 0.0000000000
54187  25.063  -15.571  73.434 0.0000000000
56259  24.553  -15.826  70.189 0.0000000000
137185  46.281  4.211  54.111 0.0000000000
75749  48.152  3.227  52.174 0.0000000000
75760  49.433  3.686  50.370 0.0000000000
77670  49.031  5.561  47.916 0.0000000000
51856  21.331  -19.307  76.264 0.0000000000
52988  19.282  -18.180  76.756 0.0000000000
51827  20.705  -19.156  78.699 0.0000000000
116919  24.171  -19.458  77.231 0.0000000000
75720  43.910  4.655  54.505 0.0000000000
118803  17.559  -15.644  76.656 0.0000000000
55226  15.127  -15.270  77.317 0.0000000000
52958  12.578  -17.691  78.100 0.0000000000
54034  12.851  -16.171  82.152 0.0000000000
52946  11.850  -17.770  79.680 0.0000000000
47350  5.641  -22.113  84.114 0.0000000000
70977  34.210  -0.067  65.365 0.0000000000
65977  29.987  -5.405  68.106 0.0000000000
64958  30.153  -6.868  70.844 0.0000000000
115788  30.154  -7.688  68.727 0.0000000000
62996  32.946  -8.045  68.225 0.0000000000
60956  34.072  -11.292  67.521 0.0000000000
137161  33.207  -14.106  68.036 0.0000000000
56174  32.475  -14.707  76.636 0.0000000000
57113  34.095  -14.369  75.040 0.0000000000
58926  35.157  -12.552  73.605 0.0000000000
58021  34.180  -14.266  71.168 0.0000000000
57180  32.488  -14.900  68.978 0.0000000000
69995  31.746  -1.335  62.585 0.0000000000
68066  30.179  -3.400  60.209 0.0000000000
119037  36.726  0.867  64.226 0.0000000000
71008  35.837  0.214  63.032 0.0000000000
70992  35.311  0.417  63.840 0.0000000000
71970  38.569  0.884  64.271 0.0000000000
54174  19.559  -17.174  73.130 0.0000000000
55280  18.417  -16.612  73.451 0.0000000000
54153  19.405  -17.435  73.960 0.0000000000
53028  21.238  -18.389  74.154 0.0000000000
53027  22.017  -18.244  74.288 0.0000000000
53044  20.784  -18.023  73.442 0.0000000000
54173  20.339  -17.364  72.656 0.0000000000
71069  38.689  -0.148  56.460 0.0000000000
72048  39.558  -0.110  57.531 0.0000000000
73904  40.136  1.516  57.849 0.0000000000
130851  39.429  0.530  57.007 0.0000000000
121187  39.114  1.013  56.502 0.0000000000
51746  9.292  -18.511  84.084 0.0000000000
51755  9.987  -17.926  83.759 0.0000000000
50602  8.920  -19.290  83.606 0.0000000000
49438  8.824  -20.442  82.344 0.0000000000
49439  8.211  -20.880  82.719 0.0000000000
48347  7.645  -21.264  83.107 0.0000000000
116776  32.945  -7.819  74.353 0.0000000000
62930  33.616  -9.245  73.319 0.0000000000
62952  34.134  -9.604  71.514 0.0000000000
61916  34.402  -10.420  72.715 0.0000000000
57081  31.687  -13.448  80.536 0.0000000000
56256  26.864  -14.332  71.362 0.0000000000
56226  28.387  -14.335  72.354 0.0000000000
133928  27.524  -14.207  69.730 0.0000000000
57183  28.158  -14.205  68.895 0.0000000000
64999  28.558  -6.388  66.196 0.0000000000
66041  28.542  -5.554  64.796 0.0000000000
79598  46.482  8.601  50.413 0.0000000000
80531  44.648  9.966  52.232 0.0000000000
81412  43.476  10.741  52.085 0.0000000000
82303  42.591  10.992  50.705 0.0000000000
79602  42.506  8.773  51.047 0.0000000000
70013  39.181  -1.548  59.791 0.0000000000
70042  37.997  -1.978  58.634 0.0000000000
70015  37.380  -1.557  60.230 0.0000000000
70018  33.916  -0.840  60.060 0.0000000000
70045  34.632  -1.507  58.873 0.0000000000
70046  33.756  -1.449  58.808 0.0000000000
71005  39.139  -0.610  62.097 0.0000000000
71019  39.996  -0.890  61.466 0.0000000000
71044  40.133  -0.494  59.716 0.0000000000
115909  15.906  -17.199  73.523 0.0000000000
54134  14.813  -16.745  75.263 0.0000000000
137136  27.277  -17.545  78.189 0.0000000000
52965  28.265  -16.692  78.166 0.0000000000
53003  26.567  -16.979  77.034 0.0000000000
54170  23.417  -16.474  73.759 0.0000000000
54169  24.577  -16.240  74.132 0.0000000000
54188  24.017  -15.856  73.071 0.0000000000
55311  24.491  -15.271  71.683 0.0000000000
54210  23.270  -16.184  71.400 0.0000000000
55325  22.807  -17.352  69.755 0.0000000000
61981  32.239  -9.887  66.223 0.0000000000
75731  45.581  3.229  53.657 0.0000000000
75740  46.833  3.413  53.307 0.0000000000
74840  46.725  2.672  52.620 0.0000000000
74863  48.393  2.577  50.635 0.0000000000
74871  48.551  2.368  49.565 0.0000000000
75767  50.057  4.363  48.735 0.0000000000
51842  21.661  -19.448  77.240 0.0000000000
51843  20.781  -19.263  77.782 0.0000000000
51826  21.563  -19.429  78.426 0.0000000000
51840  23.334  -19.511  77.547 0.0000000000
51855  22.630  -19.475  76.982 0.0000000000
127619  44.338  5.187  55.005 0.0000000000
75710  42.624  4.660  55.496 0.0000000000
74834  40.642  3.754  53.829 0.0000000000
122783  19.129  -17.752  77.545 0.0000000000
54115  18.861  -17.218  76.892 0.0000000000
54100  19.113  -16.616  77.762 0.0000000000
119203  15.504  -14.701  79.829 0.0000000000
55213  15.932  -15.036  78.299 0.0000000000
55204  14.007  -15.484  78.873 0.0000000000
54103  13.321  -16.915  77.683 0.0000000000
130088  13.330  -16.269  79.011 0.0000000000
54017  12.901  -16.092  83.077 0.0000000000
51781  10.662  -18.831  81.061 0.0000000000
52920  11.679  -17.373  81.174 0.0000000000
51795  11.430  -18.405  79.935 0.0000000000
51812  11.606  -18.513  79.021 0.0000000000
66983  31.027  -4.372  67.325 0.0000000000
127947  31.222  -7.524  71.904 0.0000000000
65937  30.725  -6.572  72.103 0.0000000000
119177  30.409  -7.188  70.975 0.0000000000
63987  29.635  -7.010  69.431 0.0000000000
63985  30.594  -7.659  69.493 0.0000000000
63996  31.545  -7.974  67.730 0.0000000000
63983  32.848  -7.783  69.079 0.0000000000
60944  35.223  -11.168  69.841 0.0000000000
60955  34.721  -10.373  68.617 0.0000000000
59972  34.312  -12.371  68.731 0.0000000000
58982  33.475  -12.921  67.640 0.0000000000
58047  33.660  -13.568  68.953 0.0000000000
55235  30.371  -15.292  76.944 0.0000000000
55223  31.700  -14.761  77.163 0.0000000000
55245  31.035  -15.140  76.130 0.0000000000
56201  32.653  -15.430  73.518 0.0000000000
56191  33.445  -15.229  74.637 0.0000000000
57122  34.095  -15.035  74.163 0.0000000000
58009  35.092  -13.326  74.198 0.0000000000
57136  34.619  -14.231  73.036 0.0000000000
119989  34.927  -13.709  72.548 0.0000000000
57148  33.705  -14.766  71.512 0.0000000000
56285  29.660  -15.015  67.734 0.0000000000
57181  31.630  -15.264  68.788 0.0000000000
69957  33.107  -1.120  65.486 0.0000000000
69984  32.738  -0.900  63.876 0.0000000000
124950  31.384  -2.227  64.139 0.0000000000
67059  28.651  -5.337  61.983 0.0000000000
68058  29.590  -3.649  61.672 0.0000000000
82337  44.291  11.786  47.100 0.0000000000
71006  37.977  -0.407  62.230 0.0000000000
70003  36.991  -1.150  60.903 0.0000000000
71022  36.600  -0.629  61.501 0.0000000000
71023  35.656  -0.520  61.411 0.0000000000
71038  33.852  -0.614  60.683 0.0000000000
71969  40.245  0.923  64.470 0.0000000000
71994  39.105  0.384  63.582 0.0000000000
54194  18.073  -17.096  72.282 0.0000000000
55281  17.640  -16.558  73.460 0.0000000000
55249  16.740  -16.108  74.866 0.0000000000
53006  24.098  -18.007  75.981 0.0000000000
53024  24.360  -17.193  75.628 0.0000000000
53025  23.471  -17.537  75.303 0.0000000000
53042  22.227  -17.618  73.899 0.0000000000
54190  22.011  -16.943  71.880 0.0000000000
117626  21.715  -17.079  70.998 0.0000000000
54191  21.090  -17.207  71.860 0.0000000000
54213  20.058  -17.234  70.895 0.0000000000
73951  44.228  2.507  51.967 0.0000000000
138153  22.319  -19.354  79.841 0.0000000000
117622  41.095  2.112  59.440 0.0000000000
73903  40.489  2.631  57.514 0.0000000000
121436  40.957  3.485  57.064 0.0000000000
75711  41.771  4.443  55.639 0.0000000000
73911  39.605  2.398  56.513 0.0000000000
73931  39.113  2.465  55.062 0.0000000000
54060  19.314  -16.179  80.408 0.0000000000
54073  18.658  -15.795  79.368 0.0000000000
55191  17.436  -15.107  80.863 0.0000000000
120924  16.188  -14.667  81.022 0.0000000000
55183  14.158  -15.232  81.246 0.0000000000
54018  12.096  -16.418  83.468 0.0000000000
52886  10.728  -17.408  83.365 0.0000000000
51768  10.419  -18.504  81.922 0.0000000000
50656  10.060  -19.441  81.478 0.0000000000
49470  9.381  -21.102  80.816 0.0000000000
126585  31.553  -7.758  73.233 0.0000000000
63958  32.958  -7.734  71.543 0.0000000000
63973  33.100  -7.767  70.120 0.0000000000
62967  33.927  -8.333  70.597 0.0000000000
61924  35.033  -9.893  71.069 0.0000000000
138393  35.232  -12.041  70.608 0.0000000000
55276  28.276  -14.580  74.258 0.0000000000
56194  30.773  -15.089  75.059 0.0000000000
56213  29.298  -14.629  73.984 0.0000000000
56224  30.457  -15.200  72.800 0.0000000000
56238  31.020  -15.348  71.858 0.0000000000
56222  32.211  -15.382  71.653 0.0000000000
128531  29.927  -15.094  70.933 0.0000000000
56271  28.881  -14.623  68.237 0.0000000000
68030  30.609  -3.674  65.738 0.0000000000
68044  30.239  -3.252  64.181 0.0000000000
67031  29.131  -4.281  64.187 0.0000000000
137072  28.423  -5.534  63.300 0.0000000000
120008  44.325  13.460  50.474 0.0000000000
82331  42.625  11.061  48.860 0.0000000000
71053  39.452  -0.636  57.960 0.0000000000
70062  38.236  -1.386  56.797 0.0000000000
70054  38.527  -1.507  57.488 0.0000000000
70043  36.255  -1.769  59.243 0.0000000000
124502  35.884  -1.975  58.487 0.0000000000
72935  41.229  1.364  63.091 0.0000000000
72946  41.199  0.838  62.563 0.0000000000
72966  41.054  1.223  60.972 0.0000000000
72032  40.684  0.625  60.321 0.0000000000
71052  39.914  -0.144  58.630 0.0000000000
55190  30.199  -15.162  79.699 0.0000000000
120521  31.056  -14.608  79.463 0.0000000000
54084  29.329  -16.124  78.526 0.0000000000
54112  28.893  -16.001  77.675 0.0000000000
55248  28.601  -15.376  75.982 0.0000000000
54131  26.225  -16.611  76.122 0.0000000000
54148  26.787  -15.815  75.545 0.0000000000
55264  27.445  -15.047  74.973 0.0000000000
55294  26.701  -14.524  73.020 0.0000000000
56240  26.072  -14.688  71.960 0.0000000000
56273  24.967  -15.392  69.337 0.0000000000
76672  49.492  4.601  51.492 0.0000000000
74851  47.020  2.290  51.811 0.0000000000
75761  48.758  3.225  51.284 0.0000000000
75747  49.908  4.512  50.657 0.0000000000
119845  50.159  6.011  49.407 0.0000000000
77658  48.592  6.939  48.905 0.0000000000
77660  46.456  6.468  49.225 0.0000000000
78622  44.653  6.644  49.974 0.0000000000
137949  20.912  -18.625  74.773 0.0000000000
53010  20.109  -18.490  75.212 0.0000000000
52986  20.532  -19.024  76.144 0.0000000000
52969  19.498  -18.276  77.646 0.0000000000
130314  19.682  -18.109  79.148 0.0000000000
51810  20.944  -18.541  80.081 0.0000000000
52944  19.910  -16.824  79.948 0.0000000000
139012  19.271  -16.051  80.899 0.0000000000
56147  30.563  -14.497  80.970 0.0000000000
54057  28.913  -16.306  79.894 0.0000000000
52939  28.022  -17.974  79.391 0.0000000000
51837  26.375  -18.778  77.662 0.0000000000
51838  25.683  -19.263  77.563 0.0000000000
51852  25.003  -19.301  76.955 0.0000000000
51868  23.506  -19.130  75.913 0.0000000000
51870  21.918  -19.219  75.666 0.0000000000
76642  45.520  5.629  55.148 0.0000000000
75719  44.780  4.523  54.287 0.0000000000
74831  44.290  3.626  53.438 0.0000000000
74808  41.987  4.506  54.892 0.0000000000
74832  42.675  4.010  53.159 0.0000000000
74844  42.989  3.346  52.567 0.0000000000
53012  18.952  -17.566  75.941 0.0000000000
54133  17.812  -16.085  75.326 0.0000000000
54117  17.079  -15.765  75.748 0.0000000000
54088  17.316  -15.397  78.405 0.0000000000
54102  16.682  -15.348  77.449 0.0000000000
55238  14.914  -16.169  76.060 0.0000000000
54118  14.147  -17.021  75.935 0.0000000000
52989  13.487  -17.428  76.594 0.0000000000
55171  14.438  -15.160  82.095 0.0000000000
54048  13.325  -15.968  80.934 0.0000000000
52919  12.226  -16.866  80.837 0.0000000000
54063  13.102  -16.296  80.226 0.0000000000
52945  12.277  -17.508  79.041 0.0000000000
48337  6.369  -21.304  84.458 0.0000000000
71955  34.901  0.356  65.302 0.0000000000
68968  31.716  -2.916  66.425 0.0000000000
66991  31.182  -4.016  66.978 0.0000000000
65991  30.147  -4.800  67.176 0.0000000000
64998  28.799  -6.096  66.874 0.0000000000
65966  29.986  -6.273  69.547 0.0000000000
64973  29.361  -6.904  68.453 0.0000000000
63998  29.047  -7.528  67.383 0.0000000000
63997  30.164  -8.204  67.336 0.0000000000
63009  31.737  -8.427  67.192 0.0000000000
61980  32.643  -9.833  66.940 0.0000000000
62995  33.621  -8.340  68.595 0.0000000000
61965  33.952  -9.620  67.817 0.0000000000
129852  33.506  -11.117  66.857 0.0000000000
120121  33.511  -12.052  67.124 0.0000000000
58067  33.343  -13.754  67.421 0.0000000000
61877  33.756  -10.329  75.210 0.0000000000
56159  32.142  -14.171  78.307 0.0000000000
56167  32.852  -13.991  77.534 0.0000000000
119567  33.085  -13.518  77.622 0.0000000000
116939  32.041  -15.432  75.091 0.0000000000
57108  33.828  -14.886  75.692 0.0000000000
119598  33.366  -13.146  76.617 0.0000000000
135900  33.509  -12.081  75.964 0.0000000000
59924  33.868  -11.822  74.748 0.0000000000
125056  33.970  -11.255  74.200 0.0000000000
127347  35.053  -11.320  72.952 0.0000000000
58931  35.254  -12.525  71.785 0.0000000000
131178  34.503  -13.498  70.762 0.0000000000
57150  32.442  -15.247  70.674 0.0000000000
58037  33.339  -14.384  69.795 0.0000000000
121825  33.598  -13.945  69.480 0.0000000000
58048  33.148  -14.337  68.754 0.0000000000
117704  34.140  -0.143  64.437 0.0000000000
71011  33.194  -0.500  62.148 0.0000000000
70004  32.344  -0.902  61.014 0.0000000000
129909  30.684  -2.545  62.775 0.0000000000
69016  30.610  -2.445  61.597 0.0000000000
69022  31.322  -1.748  60.137 0.0000000000
77663  42.751  6.355  49.538 0.0000000000
72913  36.862  1.400  64.801 0.0000000000
71996  36.125  0.596  63.830 0.0000000000
71972  36.087  0.867  64.670 0.0000000000
72912  38.025  1.496  64.818 0.0000000000
54152  20.061  -17.738  73.634 0.0000000000
53029  19.757  -18.045  74.371 0.0000000000
125095  38.134  -0.797  56.191 0.0000000000
72056  39.535  0.180  57.235 0.0000000000
72064  39.125  0.342  56.700 0.0000000000
133205  8.747  -19.031  84.245 0.0000000000
50625  8.535  -20.071  83.152 0.0000000000
50603  8.316  -19.653  83.897 0.0000000000
49426  7.928  -20.441  83.494 0.0000000000
62919  33.309  -8.792  74.306 0.0000000000
61900  34.080  -10.157  73.579 0.0000000000
57953  31.437  -12.883  81.989 0.0000000000
56145  31.420  -13.851  80.455 0.0000000000
57170  26.318  -14.462  69.849 0.0000000000
57169  26.874  -14.334  70.378 0.0000000000
135570  26.819  -14.241  69.491 0.0000000000
57184  27.170  -14.108  68.621 0.0000000000
65014  28.338  -6.722  65.606 0.0000000000
79599  45.561  8.341  50.662 0.0000000000
80560  45.909  8.868  50.805 0.0000000000
80546  44.266  9.429  51.780 0.0000000000
80547  43.494  9.440  51.658 0.0000000000
80548  42.814  9.482  51.337 0.0000000000
79601  43.215  8.101  51.112 0.0000000000
71035  39.079  -1.456  60.527 0.0000000000
70014  38.359  -1.674  60.057 0.0000000000
70033  34.215  -1.213  59.480 0.0000000000
70047  32.775  -1.548  58.716 0.0000000000
71020  39.049  -1.096  61.286 0.0000000000
136267  39.758  -1.108  60.804 0.0000000000
55266  16.200  -16.534  74.060 0.0000000000
132106  15.465  -16.996  74.049 0.0000000000
120097  14.883  -17.281  74.501 0.0000000000
52982  26.168  -17.854  77.399 0.0000000000
52981  26.954  -17.341  77.724 0.0000000000
53004  25.752  -17.349  76.649 0.0000000000
118684  22.478  -16.556  71.956 0.0000000000
54189  23.140  -16.182  72.606 0.0000000000
54209  23.763  -15.596  72.057 0.0000000000
54233  22.977  -17.054  70.155 0.0000000000
60976  32.741  -10.328  66.320 0.0000000000
74830  44.914  2.998  53.390 0.0000000000
75741  46.116  2.905  53.317 0.0000000000
74841  45.776  2.409  52.698 0.0000000000
74870  49.293  2.960  48.672 0.0000000000
51841  22.491  -19.513  77.894 0.0000000000
51824  23.231  -19.519  78.415 0.0000000000
118962  43.736  5.288  56.837 0.0000000000
75703  43.193  4.925  56.173 0.0000000000
52956  19.463  -17.668  78.331 0.0000000000
123670  14.400  -15.047  79.773 0.0000000000
55203  15.103  -14.823  79.050 0.0000000000
54089  13.478  -16.296  78.424 0.0000000000
54001  12.768  -15.858  83.951 0.0000000000
51796  10.873  -19.056  80.260 0.0000000000
50673  11.071  -19.256  79.472 0.0000000000
63960  30.952  -7.602  71.086 0.0000000000
63942  30.797  -7.278  71.798 0.0000000000
63974  30.429  -7.440  70.297 0.0000000000
134608  31.134  -7.714  70.158 0.0000000000
63984  31.612  -7.703  69.262 0.0000000000
137964  32.119  -7.695  69.842 0.0000000000
59971  34.753  -11.757  69.238 0.0000000000
58969  33.776  -12.979  68.433 0.0000000000
58958  34.192  -13.035  69.151 0.0000000000
55247  29.449  -15.246  76.136 0.0000000000
55234  31.121  -15.126  76.771 0.0000000000
55246  30.255  -15.192  76.214 0.0000000000
56210  32.460  -15.420  72.706 0.0000000000
57123  33.441  -15.289  73.785 0.0000000000
57130  34.039  -14.936  73.336 0.0000000000
57137  33.985  -14.772  72.365 0.0000000000
57138  33.216  -15.263  72.016 0.0000000000
68981  32.129  -2.111  65.401 0.0000000000
68992  31.991  -1.863  64.633 0.0000000000
125294  31.510  -2.493  64.978 0.0000000000
71007  37.071  -0.297  62.219 0.0000000000
118952  35.437  -0.118  62.382 0.0000000000
71024  34.762  -0.247  61.841 0.0000000000
71037  34.692  -0.601  60.862 0.0000000000
71025  33.939  -0.391  61.479 0.0000000000
72887  40.855  1.637  65.179 0.0000000000
124690  38.044  0.527  63.559 0.0000000000
72010  38.560  0.000  62.869 0.0000000000
132736  18.084  -16.408  74.113 0.0000000000
55265  17.183  -16.356  74.116 0.0000000000
54155  17.842  -16.292  74.778 0.0000000000
53007  23.392  -18.498  75.577 0.0000000000
53026  22.705  -18.038  74.831 0.0000000000
137985  21.963  -17.772  73.451 0.0000000000
53057  22.008  -17.165  72.923 0.0000000000
136486  21.652  -17.085  71.855 0.0000000000
54193  19.539  -16.950  72.241 0.0000000000
54192  20.177  -17.130  71.610 0.0000000000
55297  19.440  -17.028  71.531 0.0000000000
72974  40.390  1.011  59.170 0.0000000000
72981  40.359  1.428  58.435 0.0000000000
74790  41.341  3.536  57.758 0.0000000000
73910  40.260  2.991  56.780 0.0000000000
72072  38.699  0.905  56.059 0.0000000000
73006  38.726  1.616  55.648 0.0000000000
54061  18.596  -15.641  80.220 0.0000000000
55181  16.511  -14.746  81.654 0.0000000000
55193  15.058  -14.771  80.631 0.0000000000
55182  15.295  -14.802  81.526 0.0000000000
52872  10.510  -17.143  84.198 0.0000000000
52871  11.295  -16.732  83.834 0.0000000000
50623  9.785  -19.087  82.356 0.0000000000
132824  10.222  -18.213  82.857 0.0000000000
50657  9.679  -20.296  81.124 0.0000000000
49454  8.566  -21.242  81.962 0.0000000000
48361  8.878  -21.566  81.211 0.0000000000
47371  7.391  -22.037  82.785 0.0000000000
48348  7.125  -21.550  83.468 0.0000000000
63922  33.300  -7.841  73.619 0.0000000000
63923  32.076  -8.053  73.892 0.0000000000
117994  32.831  -7.732  73.011 0.0000000000
63940  31.952  -7.700  72.330 0.0000000000
63939  33.172  -7.777  72.180 0.0000000000
63957  33.573  -8.033  71.383 0.0000000000
123550  34.720  -10.246  71.951 0.0000000000
60943  35.306  -10.438  70.519 0.0000000000
55293  27.790  -14.356  73.309 0.0000000000
56214  28.767  -14.489  73.263 0.0000000000
57152  28.451  -14.347  71.232 0.0000000000
124178  29.179  -14.633  72.471 0.0000000000
116324  29.964  -15.120  72.009 0.0000000000
133193  30.614  -15.306  71.187 0.0000000000
57182  29.085  -14.701  69.405 0.0000000000
67004  30.299  -4.148  65.999 0.0000000000
67019  30.001  -3.993  65.386 0.0000000000
129593  29.383  -4.370  64.957 0.0000000000
65037  28.269  -6.304  64.353 0.0000000000
125807  28.509  -5.567  64.031 0.0000000000
124713  28.239  -6.230  63.475 0.0000000000
81440  42.267  10.324  50.284 0.0000000000
82314  42.537  11.058  49.803 0.0000000000
81455  42.130  10.379  49.368 0.0000000000
81470  42.157  10.346  48.404 0.0000000000
80588  41.479  8.789  48.609 0.0000000000
70053  39.059  -1.008  57.788 0.0000000000
70041  38.686  -1.597  58.198 0.0000000000
69029  37.140  -2.078  58.997 0.0000000000
69039  37.368  -2.237  58.155 0.0000000000
137245  36.222  -2.238  58.098 0.0000000000
71036  36.232  -0.888  60.859 0.0000000000
124743  36.388  -1.372  60.175 0.0000000000
70031  35.532  -1.381  59.766 0.0000000000
69041  34.247  -1.760  58.149 0.0000000000
69040  35.124  -1.832  58.286 0.0000000000
69053  34.736  -2.239  57.541 0.0000000000
69052  35.721  -2.301  57.674 0.0000000000
71968  40.850  0.833  63.785 0.0000000000
71967  41.053  1.144  63.553 0.0000000000
71992  41.082  0.665  63.033 0.0000000000
72008  41.291  0.015  62.045 0.0000000000
72955  41.169  0.896  61.883 0.0000000000
72024  41.105  0.197  61.282 0.0000000000
72033  40.650  -0.189  60.590 0.0000000000
70027  39.455  -1.329  59.221 0.0000000000
71045  39.712  -0.771  58.809 0.0000000000
54070  29.236  -16.176  79.138 0.0000000000
54069  30.135  -15.567  78.982 0.0000000000
54085  28.776  -16.554  78.720 0.0000000000
54114  27.374  -16.661  77.266 0.0000000000
54099  28.914  -16.339  78.296 0.0000000000
54113  28.145  -16.359  77.462 0.0000000000
54128  28.757  -15.642  76.863 0.0000000000
54129  27.951  -15.975  76.650 0.0000000000
53023  25.250  -16.871  75.908 0.0000000000
54150  24.817  -16.593  75.070 0.0000000000
54168  25.505  -15.758  74.315 0.0000000000
54167  26.425  -15.325  74.680 0.0000000000
55277  27.075  -14.626  74.090 0.0000000000
55278  26.031  -15.032  73.776 0.0000000000
137442  25.131  -14.963  72.083 0.0000000000
56258  24.663  -15.362  70.933 0.0000000000
131003  25.145  -15.080  70.376 0.0000000000
54235  21.451  -17.559  70.121 0.0000000000
76649  46.433  4.960  54.208 0.0000000000
75750  47.508  3.300  52.777 0.0000000000
75729  47.450  3.967  53.313 0.0000000000
75739  48.146  3.917  52.708 0.0000000000
76665  48.656  4.839  52.313 0.0000000000
75738  48.795  3.917  51.927 0.0000000000
73963  45.436  1.898  51.329 0.0000000000
74852  46.109  2.056  51.983 0.0000000000
138530  49.035  3.012  50.595 0.0000000000
75748  49.313  3.975  51.211 0.0000000000
76681  50.250  5.284  49.954 0.0000000000
75759  50.053  4.430  49.621 0.0000000000
76694  49.875  4.783  47.999 0.0000000000
77669  49.756  5.788  48.543 0.0000000000
138587  49.109  6.332  48.460 0.0000000000
77659  47.544  6.757  48.994 0.0000000000
77671  48.202  6.171  48.341 0.0000000000
52985  21.069  -19.025  75.438 0.0000000000
52955  19.990  -18.635  78.325 0.0000000000
51809  21.483  -19.188  80.056 0.0000000000
51794  20.979  -17.882  80.147 0.0000000000
52943  20.078  -17.653  79.739 0.0000000000
52931  19.882  -16.535  80.563 0.0000000000
54041  29.375  -15.640  79.871 0.0000000000
52954  27.577  -18.466  78.881 0.0000000000
51839  24.852  -19.480  77.783 0.0000000000
51853  24.260  -19.237  76.432 0.0000000000
137426  22.034  -19.393  76.414 0.0000000000
51869  22.762  -19.273  76.098 0.0000000000
69049  37.981  -2.042  57.014 0.0000000000
75708  45.180  5.118  54.643 0.0000000000
75733  44.336  4.236  53.910 0.0000000000
74809  41.054  4.215  55.324 0.0000000000
74820  41.295  4.245  54.355 0.0000000000
73942  41.009  3.326  52.903 0.0000000000
74833  41.620  4.026  53.404 0.0000000000
73941  41.975  3.458  52.620 0.0000000000
115419  19.388  -18.207  75.795 0.0000000000
136956  18.640  -16.199  76.958 0.0000000000
54116  18.448  -16.300  76.064 0.0000000000
54074  17.824  -15.400  79.120 0.0000000000
55237  16.028  -15.559  76.427 0.0000000000
135872  14.985  -15.707  76.598 0.0000000000
55227  14.176  -16.237  76.839 0.0000000000
52970  12.794  -18.023  77.150 0.0000000000
54016  13.627  -15.535  82.616 0.0000000000
54033  13.462  -15.676  81.712 0.0000000000
52885  11.455  -16.955  82.963 0.0000000000
52902  11.551  -17.146  82.035 0.0000000000
52933  11.794  -17.587  80.385 0.0000000000
127557  12.748  -16.507  80.662 0.0000000000
52932  12.369  -16.998  80.033 0.0000000000
54076  12.873  -16.628  79.440 0.0000000000
48349  6.623  -21.769  83.727 0.0000000000
48339  5.752  -21.592  84.644 0.0000000000
48338  6.076  -21.603  84.385 0.0000000000
121428  33.174  -1.276  66.247 0.0000000000
68019  31.996  -3.062  67.068 0.0000000000
68020  31.395  -3.512  66.700 0.0000000000
66984  30.759  -4.780  67.779 0.0000000000
122517  29.392  -5.216  66.775 0.0000000000
65992  29.340  -5.671  67.453 0.0000000000
65947  30.548  -6.415  71.369 0.0000000000
65957  30.420  -6.104  70.411 0.0000000000
63992  29.696  -7.322  68.687 0.0000000000
134435  29.332  -7.277  67.992 0.0000000000
115083  29.730  -7.746  67.869 0.0000000000
64007  29.504  -8.108  67.071 0.0000000000
63991  32.137  -7.841  68.362 0.0000000000
63008  32.379  -8.404  67.654 0.0000000000
63020  32.035  -9.152  66.945 0.0000000000
63019  32.670  -9.263  67.458 0.0000000000
62981  33.905  -7.949  69.483 0.0000000000
62994  34.331  -8.819  68.959 0.0000000000
60963  34.341  -10.434  67.980 0.0000000000
60964  33.870  -10.396  67.320 0.0000000000
58059  33.425  -13.622  68.222 0.0000000000
119185  33.204  -14.248  67.461 0.0000000000
57210  32.894  -15.146  67.432 0.0000000000
55200  30.836  -15.122  78.315 0.0000000000
55199  31.480  -14.601  78.507 0.0000000000
55211  31.564  -14.736  77.730 0.0000000000
56168  32.501  -14.179  77.627 0.0000000000
127313  32.889  -14.361  76.947 0.0000000000
57096  32.903  -13.704  77.824 0.0000000000
57100  33.062  -14.027  77.211 0.0000000000
56193  31.363  -15.331  75.417 0.0000000000
56202  31.580  -15.413  74.539 0.0000000000
57114  34.021  -14.977  74.917 0.0000000000
116539  33.442  -15.085  75.495 0.0000000000
57107  33.577  -14.188  75.802 0.0000000000
58000  33.510  -13.590  75.978 0.0000000000
58904  33.451  -12.482  76.388 0.0000000000
116003  33.661  -13.144  75.686 0.0000000000
58921  34.486  -12.570  74.467 0.0000000000
116278  34.394  -11.855  73.996 0.0000000000
133117  34.426  -11.290  73.557 0.0000000000
125657  35.005  -11.776  73.401 0.0000000000
138578  34.503  -13.857  71.420 0.0000000000
116847  34.875  -13.443  71.759 0.0000000000
136402  34.933  -13.066  71.243 0.0000000000
56253  31.562  -15.375  70.725 0.0000000000
56268  31.397  -15.344  69.737 0.0000000000
57166  32.241  -15.181  69.758 0.0000000000
137878  32.832  -14.694  69.486 0.0000000000
57196  32.386  -15.074  68.278 0.0000000000
71974  34.764  0.248  64.600 0.0000000000
70995  33.303  -0.482  63.180 0.0000000000
122790  32.507  -0.850  62.904 0.0000000000
69994  32.389  -0.839  61.894 0.0000000000
70005  31.644  -1.253  61.608 0.0000000000
68045  29.557  -3.666  63.732 0.0000000000
69001  30.767  -2.665  63.692 0.0000000000
123152  30.178  -3.119  63.212 0.0000000000
135138  29.753  -3.723  60.885 0.0000000000
68057  30.171  -3.115  61.200 0.0000000000
69023  30.634  -2.471  60.670 0.0000000000
69015  31.081  -1.770  61.175 0.0000000000
69031  30.739  -2.655  59.697 0.0000000000
119409  45.534  12.651  47.266 0.0000000000
83184  45.234  12.181  45.844 0.0000000000
83177  46.026  12.727  45.804 0.0000000000
78623  43.447  6.698  50.082 0.0000000000
134735  45.061  5.703  48.819 0.0000000000
71995  37.096  0.555  63.602 0.0000000000
72012  36.658  0.159  62.950 0.0000000000
132369  35.206  0.199  63.148 0.0000000000
71971  37.541  0.948  64.230 0.0000000000
55279  18.876  -16.742  72.756 0.0000000000
54175  19.038  -16.969  73.506 0.0000000000
54154  18.748  -16.990  74.132 0.0000000000
53043  21.528  -18.019  73.442 0.0000000000
54172  21.117  -17.624  72.830 0.0000000000
72073  38.361  0.462  55.789 0.0000000000
72047  39.801  0.280  57.889 0.0000000000
72982  40.255  0.784  57.821 0.0000000000
72055  39.779  0.370  57.652 0.0000000000
72991  39.693  0.695  57.520 0.0000000000
72997  39.390  1.230  56.886 0.0000000000
54047  18.318  -15.470  81.655 0.0000000000
55180  17.570  -15.132  81.687 0.0000000000
55168  17.530  -15.071  82.424 0.0000000000
51756  9.544  -18.770  83.258 0.0000000000
50624  9.190  -19.643  82.791 0.0000000000
115504  33.229  -7.903  74.314 0.0000000000
63921  33.475  -8.178  73.584 0.0000000000
63920  33.529  -8.714  72.751 0.0000000000
62940  33.697  -9.242  72.040 0.0000000000
133612  33.679  -9.289  72.612 0.0000000000
62939  34.051  -9.780  72.518 0.0000000000
60923  34.992  -10.804  72.430 0.0000000000
125658  26.947  -14.326  72.192 0.0000000000
56239  27.642  -14.261  71.806 0.0000000000
57153  27.647  -14.259  70.814 0.0000000000
57167  29.178  -14.679  70.537 0.0000000000
57168  28.377  -14.347  70.114 0.0000000000
119790  29.196  -4.923  65.774 0.0000000000
66023  28.956  -4.881  65.225 0.0000000000
66024  28.630  -5.694  65.563 0.0000000000
65027  28.316  -6.269  65.052 0.0000000000
78606  47.197  8.094  50.093 0.0000000000
79597  47.274  8.819  50.381 0.0000000000
80559  46.596  9.179  50.672 0.0000000000
83143  43.518  12.330  51.098 0.0000000000
82295  42.904  10.895  51.475 0.0000000000
81426  42.579  10.238  51.098 0.0000000000
80562  41.824  8.780  50.426 0.0000000000
70028  38.744  -1.692  59.124 0.0000000000
70029  37.754  -1.822  59.469 0.0000000000
70017  34.735  -1.053  60.084 0.0000000000
70032  34.913  -1.359  59.461 0.0000000000
71993  40.821  -0.120  62.714 0.0000000000
71003  40.788  -0.727  61.596 0.0000000000
71034  40.439  -0.734  60.815 0.0000000000
126305  39.824  -1.149  59.947 0.0000000000
55282  16.748  -16.789  73.466 0.0000000000
54157  14.632  -18.077  74.355 0.0000000000
54135  14.221  -17.758  75.072 0.0000000000
52966  27.764  -17.360  78.453 0.0000000000
52952  28.279  -16.999  78.716 0.0000000000
52980  27.598  -17.012  77.953 0.0000000000
55296  24.627  -15.355  72.520 0.0000000000
55312  23.992  -15.731  71.068 0.0000000000
54232  23.665  -16.497  70.098 0.0000000000
61982  31.647  -9.266  66.028 0.0000000000
75730  46.794  4.064  53.818 0.0000000000
75717  46.230  3.617  53.774 0.0000000000
74864  47.403  2.118  51.037 0.0000000000
73979  47.709  1.961  50.187 0.0000000000
74862  49.201  2.981  49.875 0.0000000000
75768  49.765  3.701  49.203 0.0000000000
74869  49.827  3.849  48.209 0.0000000000
51857  20.848  -19.277  76.844 0.0000000000
115713  24.021  -19.536  78.098 0.0000000000
51854  23.480  -19.379  76.653 0.0000000000
75702  43.971  5.357  55.930 0.0000000000
75709  43.505  4.928  55.308 0.0000000000
54101  18.119  -15.692  77.599 0.0000000000
55214  14.732  -15.077  78.267 0.0000000000
55215  14.042  -15.780  77.884 0.0000000000
54090  12.920  -16.881  78.613 0.0000000000
54000  13.683  -15.454  83.546 0.0000000000
51767  11.114  -17.974  81.552 0.0000000000
51780  11.299  -18.234  80.726 0.0000000000
68008  31.523  -4.093  67.641 0.0000000000
66972  31.877  -4.216  68.302 0.0000000000
119311  31.384  -4.537  67.992 0.0000000000
65976  30.858  -5.042  68.435 0.0000000000
63941  31.125  -7.460  72.561 0.0000000000
64941  30.764  -7.025  72.576 0.0000000000
63961  30.481  -6.959  71.610 0.0000000000
64965  29.880  -6.802  70.170 0.0000000000
63975  29.976  -7.139  70.264 0.0000000000
63986  29.990  -7.389  69.557 0.0000000000
115039  30.523  -7.973  67.903 0.0000000000
117371  31.022  -7.820  68.596 0.0000000000
60950  35.242  -10.289  69.796 0.0000000000
61940  35.061  -9.662  69.298 0.0000000000
60951  35.055  -10.772  69.136 0.0000000000
59980  34.501  -11.356  68.419 0.0000000000
59981  33.963  -12.228  67.936 0.0000000000
55225  30.358  -15.429  77.556 0.0000000000
55224  31.039  -15.121  77.320 0.0000000000
55233  31.851  -14.909  76.594 0.0000000000
56185  31.898  -15.218  75.863 0.0000000000
56211  31.682  -15.404  73.569 0.0000000000
125556  32.587  -15.424  74.382 0.0000000000
57121  34.345  -14.530  74.504 0.0000000000
58010  34.879  -13.982  74.609 0.0000000000
57129  34.529  -14.448  73.893 0.0000000000
129918  35.071  -13.935  73.874 0.0000000000
58015  35.167  -13.467  73.342 0.0000000000
58932  35.280  -12.992  72.647 0.0000000000
58020  34.497  -14.168  71.998 0.0000000000
136041  34.128  -14.523  71.759 0.0000000000
56284  30.579  -15.158  68.191 0.0000000000
57197  31.379  -15.343  67.866 0.0000000000
70978  33.580  -0.558  65.042 0.0000000000
69973  32.967  -0.983  64.710 0.0000000000
119490  32.438  -1.355  64.420 0.0000000000
69985  31.974  -1.480  63.702 0.0000000000
67058  28.989  -4.423  62.089 0.0000000000
119071  29.378  -4.375  61.082 0.0000000000
82329  44.055  11.951  47.912 0.0000000000
83174  44.776  12.321  47.540 0.0000000000
127659  38.294  -0.914  61.657 0.0000000000
71021  37.462  -0.824  61.597 0.0000000000
115513  36.233  -0.241  62.238 0.0000000000
136252  34.297  -0.754  60.390 0.0000000000
70019  33.124  -0.801  60.428 0.0000000000
71952  40.718  1.239  64.622 0.0000000000
123020  40.296  0.380  63.563 0.0000000000
135497  39.518  0.723  64.237 0.0000000000
70991  39.750  -0.143  62.858 0.0000000000
55299  18.116  -16.666  72.814 0.0000000000
54176  17.376  -16.987  72.909 0.0000000000
53005  24.915  -17.649  76.316 0.0000000000
53041  22.812  -17.059  74.477 0.0000000000
54171  22.451  -16.782  73.329 0.0000000000
54211  22.511  -16.925  70.935 0.0000000000
54212  20.814  -17.234  70.882 0.0000000000
74853  45.158  2.165  52.031 0.0000000000
136475  22.977  -19.326  80.148 0.0000000000
73886  41.684  3.161  59.326 0.0000000000
73895  40.933  2.579  58.416 0.0000000000
74789  41.742  4.177  57.058 0.0000000000
74799  42.218  4.519  56.290 0.0000000000
74800  41.084  4.009  56.294 0.0000000000
74810  40.227  3.471  55.933 0.0000000000
73919  39.602  2.954  55.564 0.0000000000
73920  39.103  1.961  56.164 0.0000000000
73944  39.286  2.562  53.849 0.0000000000
54072  19.310  -16.366  79.669 0.0000000000
55201  17.669  -15.249  79.886 0.0000000000
55192  16.465  -14.781  80.283 0.0000000000
54062  13.827  -15.439  80.441 0.0000000000
49469  10.253  -19.821  80.552 0.0000000000
134011  9.756  -20.631  80.407 0.0000000000
49453  9.120  -20.766  81.555 0.0000000000
63924  31.212  -7.666  74.083 0.0000000000
134673  31.034  -7.409  73.230 0.0000000000
63959  31.909  -7.651  71.443 0.0000000000
136163  32.749  -7.729  70.912 0.0000000000
63972  33.526  -7.866  70.797 0.0000000000
62968  33.970  -7.925  70.161 0.0000000000
62953  33.672  -9.008  71.270 0.0000000000
62966  34.292  -9.285  70.686 0.0000000000
61929  35.127  -9.627  70.186 0.0000000000
59959  35.030  -12.136  69.991 0.0000000000
55261  30.118  -14.990  75.526 0.0000000000
55275  29.062  -14.793  74.700 0.0000000000
56203  29.924  -14.844  74.684 0.0000000000
56212  30.078  -14.952  73.754 0.0000000000
56225  29.575  -14.808  73.085 0.0000000000
118015  30.852  -15.265  73.410 0.0000000000
56223  31.437  -15.370  72.666 0.0000000000
56254  30.663  -15.328  70.292 0.0000000000
56255  29.884  -15.141  69.864 0.0000000000
56270  29.777  -15.018  68.770 0.0000000000
68036  31.043  -3.145  65.368 0.0000000000
68993  30.890  -2.877  64.577 0.0000000000
68037  30.407  -3.475  65.029 0.0000000000
68038  29.753  -3.819  64.637 0.0000000000
66040  28.788  -4.864  64.519 0.0000000000
67032  28.677  -4.896  63.707 0.0000000000
67044  28.948  -4.238  63.231 0.0000000000
67045  28.622  -5.056  62.795 0.0000000000
83978  44.435  13.171  49.587 0.0000000000
121682  43.351  12.117  50.266 0.0000000000
136851  43.777  12.478  49.544 0.0000000000
83167  43.826  12.175  48.730 0.0000000000
81476  42.346  10.260  47.450 0.0000000000
71060  39.274  -0.560  57.412 0.0000000000
71061  38.837  -0.630  56.956 0.0000000000
135330  38.828  -0.944  57.332 0.0000000000
69038  38.103  -2.030  57.774 0.0000000000
70030  36.950  -1.752  59.651 0.0000000000
70044  35.397  -1.611  59.022 0.0000000000
132862  41.219  0.105  62.569 0.0000000000
131739  40.895  1.443  60.114 0.0000000000
72040  40.264  0.137  59.457 0.0000000000
118986  39.946  0.465  58.362 0.0000000000
55177  30.722  -14.605  80.298 0.0000000000
56154  31.292  -14.170  79.995 0.0000000000
54083  30.076  -15.675  78.318 0.0000000000
54097  30.205  -15.599  77.921 0.0000000000
54098  29.550  -15.971  78.188 0.0000000000
54111  29.676  -15.737  77.719 0.0000000000
55236  29.587  -15.426  76.978 0.0000000000
136466  25.172  -16.217  74.663 0.0000000000
54149  25.759  -16.207  75.166 0.0000000000
54147  27.726  -15.552  75.799 0.0000000000
55263  28.421  -15.031  75.174 0.0000000000
55295  25.573  -14.971  72.827 0.0000000000
56257  26.014  -14.609  70.732 0.0000000000
56272  25.653  -14.737  69.661 0.0000000000
54234  22.314  -17.294  70.073 0.0000000000
54258  22.111  -17.701  69.685 0.0000000000
63023  29.330  -8.411  66.382 0.0000000000
77644  50.621  6.104  51.094 0.0000000000
137445  47.490  2.747  52.250 0.0000000000
74850  47.899  2.619  51.598 0.0000000000
122279  50.746  6.058  50.261 0.0000000000
77657  49.493  6.746  49.150 0.0000000000
76688  50.097  5.104  48.955 0.0000000000
78619  47.917  7.508  49.524 0.0000000000
78620  46.896  7.303  49.649 0.0000000000
78608  45.143  7.524  50.428 0.0000000000
78609  43.948  7.355  50.568 0.0000000000
52987  19.886  -18.547  76.202 0.0000000000
52968  20.087  -18.828  77.101 0.0000000000
52957  19.676  -17.166  79.267 0.0000000000
118220  21.766  -19.384  79.306 0.0000000000
128510  21.075  -19.199  79.386 0.0000000000
52930  20.617  -18.017  79.865 0.0000000000
52942  20.401  -18.481  79.415 0.0000000000
54046  18.913  -15.743  81.258 0.0000000000
54031  18.859  -15.678  81.509 0.0000000000
57068  31.227  -13.609  81.816 0.0000000000
56134  30.962  -14.176  81.497 0.0000000000
55178  29.987  -14.939  80.362 0.0000000000
128461  28.570  -16.753  79.705 0.0000000000
120939  28.368  -17.357  79.776 0.0000000000
52938  28.303  -17.252  79.159 0.0000000000
52967  27.330  -17.980  78.551 0.0000000000
132023  26.796  -17.993  78.068 0.0000000000
51821  26.361  -19.237  78.279 0.0000000000
52983  25.699  -18.863  76.984 0.0000000000
52984  24.859  -18.743  76.399 0.0000000000
51867  24.109  -18.880  75.938 0.0000000000
53009  21.663  -18.833  74.891 0.0000000000
76641  46.275  6.075  54.956 0.0000000000
76650  45.909  4.855  54.440 0.0000000000
75718  45.651  4.092  54.094 0.0000000000
75732  45.003  3.707  53.778 0.0000000000
75721  42.971  4.601  54.663 0.0000000000
74819  42.333  4.353  54.017 0.0000000000
74818  43.457  4.302  53.769 0.0000000000
129865  43.534  3.698  53.131 0.0000000000
74843  44.071  2.995  52.815 0.0000000000
73952  43.253  2.785  51.865 0.0000000000
53011  19.052  -17.768  74.911 0.0000000000
54132  18.533  -16.820  75.323 0.0000000000
117839  15.797  -16.025  75.473 0.0000000000
54087  18.539  -15.841  78.510 0.0000000000
134736  13.718  -17.891  75.815 0.0000000000
52884  12.171  -16.577  82.563 0.0000000000
52901  12.184  -16.703  81.654 0.0000000000
54049  12.804  -16.342  81.312 0.0000000000
51811  12.078  -18.270  78.384 0.0000000000
51828  12.279  -18.632  77.640 0.0000000000
48336  6.879  -21.101  84.157 0.0000000000
47361  6.411  -22.480  83.291 0.0000000000
47348  6.261  -21.968  83.866 0.0000000000
71954  35.515  0.676  65.313 0.0000000000
69958  32.677  -1.673  65.822 0.0000000000
121646  32.256  -2.301  66.206 0.0000000000
68029  31.177  -3.358  66.067 0.0000000000
68021  30.849  -3.851  66.379 0.0000000000
66992  30.610  -4.258  66.653 0.0000000000
66007  29.784  -4.642  66.292 0.0000000000
66008  28.992  -5.401  66.234 0.0000000000
63999  28.595  -7.038  66.851 0.0000000000
65965  30.861  -5.364  69.347 0.0000000000
127177  30.260  -5.682  68.840 0.0000000000
65967  29.688  -6.328  68.765 0.0000000000
65978  29.377  -6.237  68.091 0.0000000000
64984  28.961  -6.735  67.619 0.0000000000
64008  28.835  -7.816  66.680 0.0000000000
63022  30.335  -8.517  66.621 0.0000000000
63010  31.027  -8.280  67.181 0.0000000000
63021  31.347  -8.691  66.607 0.0000000000
60975  33.161  -10.400  66.854 0.0000000000
61951  34.408  -9.617  68.476 0.0000000000
63006  34.023  -8.978  68.249 0.0000000000
63007  33.222  -8.965  67.957 0.0000000000
61966  33.205  -9.784  67.465 0.0000000000
131159  33.334  -11.797  66.424 0.0000000000
58996  33.383  -12.699  66.707 0.0000000000
58997  33.398  -13.251  66.764 0.0000000000
58075  33.421  -13.859  66.902 0.0000000000
61887  33.914  -10.005  74.463 0.0000000000
56153  31.855  -13.758  79.649 0.0000000000
57090  32.372  -13.573  78.866 0.0000000000
55210  32.019  -14.417  77.810 0.0000000000
57097  32.602  -13.851  78.146 0.0000000000
57089  32.524  -13.215  78.902 0.0000000000
58882  33.247  -12.775  77.938 0.0000000000
136723  30.772  -15.091  75.674 0.0000000000
56184  32.676  -15.057  76.005 0.0000000000
56192  32.707  -15.295  75.259 0.0000000000
56183  33.290  -14.807  76.209 0.0000000000
56182  33.335  -14.541  76.372 0.0000000000
57994  33.224  -13.168  77.452 0.0000000000
58894  33.325  -12.669  77.299 0.0000000000
59900  33.385  -12.047  77.215 0.0000000000
117335  34.414  -13.269  74.852 0.0000000000
58914  33.747  -12.450  75.371 0.0000000000
60881  33.709  -11.091  75.971 0.0000000000
60890  33.828  -11.042  75.116 0.0000000000
60899  33.970  -10.594  74.374 0.0000000000
138971  34.124  -10.817  73.752 0.0000000000
60909  34.467  -10.799  73.157 0.0000000000
59937  35.280  -11.513  72.132 0.0000000000
119828  35.010  -12.624  70.761 0.0000000000
58035  34.564  -12.934  69.929 0.0000000000
57149  33.095  -15.126  71.100 0.0000000000
57164  33.550  -14.567  70.657 0.0000000000
57165  32.942  -14.854  70.225 0.0000000000
58036  33.920  -14.067  70.226 0.0000000000
118729  34.089  -13.536  69.714 0.0000000000
117466  32.974  -14.625  67.776 0.0000000000
57211  32.184  -15.414  67.673 0.0000000000
71973  35.425  0.542  64.623 0.0000000000
70993  34.699  0.129  63.750 0.0000000000
70994  33.459  -0.517  64.152 0.0000000000
117786  34.067  -0.192  63.480 0.0000000000
71010  34.001  -0.240  62.460 0.0000000000
71026  33.120  -0.583  61.219 0.0000000000
70020  32.279  -1.182  60.226 0.0000000000
69000  31.236  -2.009  63.190 0.0000000000
68050  30.222  -3.012  62.180 0.0000000000
138652  30.632  -2.477  62.181 0.0000000000
69009  31.007  -1.896  62.170 0.0000000000
124154  31.694  -1.303  60.835 0.0000000000
70034  32.105  -1.484  59.371 0.0000000000
78610  42.743  7.226  50.496 0.0000000000
79603  41.577  7.963  50.038 0.0000000000
77664  41.989  6.480  49.370 0.0000000000
52953  27.871  -17.701  78.897 0.0000000000
54056  29.472  -15.767  79.551 0.0000000000
55222  32.210  -14.468  77.233 0.0000000000
56133  31.318  -13.769  81.142 0.0000000000
56160  31.732  -14.202  79.131 0.0000000000
56241  25.215  -14.941  71.318 0.0000000000
57067  31.552  -13.214  81.354 0.0000000000
57995  33.248  -13.787  76.767 0.0000000000
59947  35.321  -11.815  71.217 0.0000000000
59958  35.330  -11.407  70.582 0.0000000000
62904  33.061  -8.861  75.050 0.0000000000
63907  32.824  -7.962  75.002 0.0000000000
63938  33.544  -8.443  72.020 0.0000000000
69974  32.561  -1.527  65.090 0.0000000000
74829  45.482  2.740  53.239 0.0000000000
76671  50.152  5.356  50.850 0.0000000000
77653  42.207  6.813  49.953 0.0000000000
77661  45.454  6.227  49.382 0.0000000000
77662  43.811  6.182  49.457 0.0000000000
77676  42.160  6.021  48.802 0.0000000000
78607  46.220  7.842  50.197 0.0000000000
78611  41.922  7.361  50.252 0.0000000000
78618  48.841  7.548  49.495 0.0000000000
78621  45.834  6.967  49.874 0.0000000000
78624  41.678  7.132  49.511 0.0000000000
79579  44.983  8.907  51.226 0.0000000000
79580  43.903  8.820  51.369 0.0000000000
79581  43.150  8.907  51.363 0.0000000000
80545  45.809  9.348  51.238 0.0000000000
80561  42.261  9.531  50.734 0.0000000000
80576  41.817  9.612  49.936 0.0000000000
80587  41.689  9.625  48.981 0.0000000000
80599  42.012  9.568  46.947 0.0000000000
81410  45.123  10.614  52.566 0.0000000000
82294  43.355  11.472  51.791 0.0000000000
82302  43.094  11.631  51.025 0.0000000000
82338  43.533  11.412  47.484 0.0000000000
83142  43.837  12.826  50.385 0.0000000000
83179  45.030  12.184  46.766 0.0000000000
83994  44.870  13.037  48.710 0.0000000000
117726  35.266  -12.081  72.791 0.0000000000
117861  45.982  5.508  54.776 0.0000000000
120391  34.089  -13.753  75.183 0.0000000000
120946  42.147  7.978  50.726 0.0000000000
125695  42.885  11.543  50.243 0.0000000000
126758  43.126  10.109  51.709 0.0000000000
129766  32.713  -13.514  78.306 0.0000000000
129891  45.062  9.518  51.695 0.0000000000
130453  32.081  -14.030  78.910 0.0000000000
130818  33.659  -11.700  75.600 0.0000000000
132640  30.770  -15.021  78.992 0.0000000000
135362  39.635  -0.271  58.068 0.0000000000
135412  31.600  -3.664  67.263 0.0000000000
135562  43.133  11.762  49.387 0.0000000000
136617  42.756  6.740  50.063 0.0000000000
136941  44.300  12.653  48.972 0.0000000000
137483  32.125  -15.447  73.984 0.0000000000
137542  44.653  6.048  49.337 0.0000000000
138246  43.398  11.912  51.492 0.0000000000
139044  33.529  -7.988  73.217 0.0000000000
