#!ascii label  , from subject sub-v1s2x0051482_ses-1 vox2ras=TkReg
1023
60780  12.956  -12.379  87.155 0.0000000000
47457  7.843  -23.390  72.223 0.0000000000
53978  4.416  -17.926  86.559 0.0000000000
57091  3.195  -14.856  80.266 0.0000000000
61897  5.041  -10.589  74.740 0.0000000000
57910  7.357  -14.154  87.899 0.0000000000
59794  7.141  -13.182  84.419 0.0000000000
57019  15.080  -13.011  87.481 0.0000000000
55094  10.457  -15.460  88.359 0.0000000000
51675  6.165  -19.138  87.793 0.0000000000
61845  5.496  -9.976  79.243 0.0000000000
127381  3.771  -11.871  77.130 0.0000000000
64860  5.258  -6.634  80.111 0.0000000000
123387  4.509  -21.297  83.245 0.0000000000
51815  6.180  -20.187  80.481 0.0000000000
56129  4.760  -16.311  83.053 0.0000000000
135073  6.597  -12.280  80.498 0.0000000000
123189  7.904  -18.149  76.804 0.0000000000
55301  7.313  -16.274  72.735 0.0000000000
57188  4.547  -13.792  69.498 0.0000000000
61909  8.839  -10.072  74.356 0.0000000000
59756  10.637  -13.196  87.698 0.0000000000
59778  9.694  -13.049  86.289 0.0000000000
59752  14.511  -12.387  87.741 0.0000000000
57022  13.193  -14.184  88.578 0.0000000000
58755  12.050  -13.440  88.377 0.0000000000
134284  8.898  -14.784  89.280 0.0000000000
62861  5.032  -8.576  79.606 0.0000000000
51747  4.421  -19.712  84.795 0.0000000000
52887  4.551  -18.886  84.018 0.0000000000
55133  4.513  -17.583  85.402 0.0000000000
115695  9.201  -11.874  81.726 0.0000000000
59822  6.647  -11.785  83.111 0.0000000000
52839  4.765  -18.346  87.675 0.0000000000
125529  5.246  -20.504  86.558 0.0000000000
50554  4.470  -20.099  86.107 0.0000000000
49440  4.516  -21.281  84.085 0.0000000000
121951  4.690  -16.151  80.465 0.0000000000
52959  7.198  -18.749  78.689 0.0000000000
54092  5.049  -16.122  79.412 0.0000000000
123494  4.274  -11.755  75.556 0.0000000000
56205  4.810  -14.604  74.178 0.0000000000
116943  4.332  -13.586  72.706 0.0000000000
56260  5.795  -15.796  70.788 0.0000000000
59955  4.388  -12.281  71.826 0.0000000000
57027  5.371  -15.893  87.862 0.0000000000
57923  5.385  -15.018  86.393 0.0000000000
58785  6.814  -13.656  86.736 0.0000000000
59805  9.656  -12.504  84.237 0.0000000000
56104  16.081  -14.179  85.361 0.0000000000
55144  14.592  -15.011  84.014 0.0000000000
55110  13.495  -14.682  86.303 0.0000000000
53974  11.285  -15.720  86.243 0.0000000000
132453  8.079  -17.198  88.364 0.0000000000
55093  6.392  -15.917  89.051 0.0000000000
138277  5.069  -12.338  79.174 0.0000000000
57997  3.917  -13.775  78.828 0.0000000000
60863  4.305  -10.700  78.353 0.0000000000
61865  4.183  -9.482  77.727 0.0000000000
63888  4.678  -8.403  77.146 0.0000000000
61756  15.650  -11.157  86.264 0.0000000000
53998  19.444  -15.489  82.917 0.0000000000
56109  19.537  -14.758  83.871 0.0000000000
57921  17.604  -12.902  85.613 0.0000000000
59759  16.526  -12.152  86.787 0.0000000000
47409  4.392  -23.954  80.004 0.0000000000
49523  5.038  -22.530  79.366 0.0000000000
50676  5.111  -21.238  81.203 0.0000000000
54051  5.304  -16.922  81.895 0.0000000000
56142  3.980  -15.179  81.243 0.0000000000
58792  5.262  -14.045  84.490 0.0000000000
59825  5.596  -13.007  82.236 0.0000000000
59854  4.911  -13.185  81.266 0.0000000000
60859  5.978  -10.978  79.287 0.0000000000
49541  6.266  -21.838  77.839 0.0000000000
49561  7.243  -21.259  76.424 0.0000000000
50780  9.649  -20.837  74.294 0.0000000000
55254  5.358  -15.725  76.615 0.0000000000
54159  8.172  -17.201  74.600 0.0000000000
51912  8.791  -19.101  71.980 0.0000000000
53099  6.711  -18.160  70.881 0.0000000000
54274  5.309  -17.622  68.559 0.0000000000
65855  6.588  -6.239  79.533 0.0000000000
63886  6.525  -7.860  76.674 0.0000000000
63900  8.753  -7.426  75.974 0.0000000000
61911  6.853  -10.459  73.994 0.0000000000
59952  6.508  -11.703  71.321 0.0000000000
59762  12.030  -12.540  87.451 0.0000000000
59768  11.872  -12.382  86.728 0.0000000000
131480  13.133  -12.038  86.403 0.0000000000
59760  13.359  -12.489  87.513 0.0000000000
58762  13.328  -12.796  88.261 0.0000000000
59754  12.132  -12.876  87.815 0.0000000000
58765  10.836  -13.352  88.038 0.0000000000
47458  6.707  -23.708  71.887 0.0000000000
48451  6.952  -22.813  71.626 0.0000000000
52862  4.388  -18.794  85.692 0.0000000000
124894  4.410  -18.524  85.553 0.0000000000
55124  4.400  -17.812  85.990 0.0000000000
55155  16.567  -14.645  83.119 0.0000000000
52841  4.437  -18.206  86.851 0.0000000000
50527  4.681  -19.248  87.080 0.0000000000
51698  4.357  -18.873  86.195 0.0000000000
116902  4.402  -19.811  85.492 0.0000000000
55195  4.157  -15.535  80.340 0.0000000000
54078  4.857  -16.131  79.931 0.0000000000
56161  3.603  -15.101  79.797 0.0000000000
60895  4.628  -10.905  75.106 0.0000000000
136439  4.275  -12.759  74.123 0.0000000000
128050  4.494  -12.255  73.502 0.0000000000
58022  4.249  -13.261  72.375 0.0000000000
59932  4.719  -11.862  72.697 0.0000000000
57025  6.069  -14.713  88.387 0.0000000000
57917  5.796  -14.470  87.296 0.0000000000
58775  7.427  -13.721  87.583 0.0000000000
59779  9.068  -13.095  85.599 0.0000000000
115599  10.463  -11.976  82.811 0.0000000000
56083  15.870  -13.401  86.210 0.0000000000
56105  15.209  -14.319  85.630 0.0000000000
56085  14.559  -13.980  87.185 0.0000000000
119223  11.646  -14.639  88.480 0.0000000000
55103  12.361  -14.858  87.276 0.0000000000
55105  10.584  -15.661  87.670 0.0000000000
53962  9.232  -16.295  88.152 0.0000000000
57901  8.188  -14.278  88.892 0.0000000000
56073  7.743  -15.305  89.214 0.0000000000
57018  6.625  -14.939  88.743 0.0000000000
124535  5.614  -16.250  88.567 0.0000000000
60860  5.134  -10.721  79.203 0.0000000000
125236  4.570  -11.603  78.686 0.0000000000
61846  5.064  -9.936  79.025 0.0000000000
64851  5.150  -7.083  80.762 0.0000000000
62872  4.322  -8.998  78.612 0.0000000000
120222  4.328  -7.801  78.890 0.0000000000
120321  4.233  -9.312  77.332 0.0000000000
63858  4.424  -7.741  78.344 0.0000000000
56091  18.051  -13.776  85.004 0.0000000000
123253  4.501  -22.659  81.745 0.0000000000
49503  4.536  -22.859  80.347 0.0000000000
117115  4.566  -21.170  82.689 0.0000000000
55158  4.861  -17.180  83.777 0.0000000000
52905  5.080  -18.631  83.312 0.0000000000
137821  4.846  -16.437  82.272 0.0000000000
55173  4.552  -16.060  81.633 0.0000000000
126018  4.413  -15.529  82.082 0.0000000000
58787  6.203  -14.053  85.785 0.0000000000
57926  5.240  -14.979  85.687 0.0000000000
59795  6.627  -13.324  84.139 0.0000000000
59851  6.493  -12.097  81.341 0.0000000000
59824  5.556  -11.951  83.001 0.0000000000
59839  5.407  -11.918  82.255 0.0000000000
59840  5.228  -13.079  81.723 0.0000000000
59853  5.286  -12.719  81.534 0.0000000000
58862  5.670  -12.373  79.823 0.0000000000
58861  6.339  -12.325  79.832 0.0000000000
55145  13.567  -15.357  84.429 0.0000000000
54000  13.683  -15.454  83.546 0.0000000000
116444  6.811  -19.288  86.884 0.0000000000
50553  6.743  -19.910  85.862 0.0000000000
50537  6.443  -19.888  86.532 0.0000000000
48327  5.029  -21.344  85.578 0.0000000000
48326  5.485  -21.253  85.469 0.0000000000
120942  4.532  -21.613  83.550 0.0000000000
48371  4.483  -23.093  81.897 0.0000000000
50690  5.646  -21.132  80.019 0.0000000000
49542  5.848  -22.136  78.457 0.0000000000
50705  6.257  -21.015  78.942 0.0000000000
52972  7.524  -18.785  78.031 0.0000000000
50722  7.596  -20.004  77.621 0.0000000000
51860  8.070  -19.683  76.910 0.0000000000
120624  8.437  -21.122  75.678 0.0000000000
52991  8.487  -18.857  76.111 0.0000000000
57996  3.921  -13.646  77.896 0.0000000000
56176  4.135  -15.017  78.211 0.0000000000
57116  4.350  -14.135  76.423 0.0000000000
55286  6.007  -15.463  73.740 0.0000000000
55268  5.985  -15.689  74.577 0.0000000000
55284  7.233  -16.303  73.656 0.0000000000
54179  9.032  -17.721  73.502 0.0000000000
54197  8.408  -17.517  72.394 0.0000000000
51929  7.968  -19.332  71.543 0.0000000000
55315  7.200  -16.867  71.258 0.0000000000
57187  4.851  -14.586  69.778 0.0000000000
55327  5.648  -16.467  70.017 0.0000000000
56290  5.009  -15.475  68.436 0.0000000000
116000  8.124  -5.632  79.274 0.0000000000
64895  6.502  -7.011  77.818 0.0000000000
135453  7.858  -6.537  77.752 0.0000000000
62925  10.000  -8.534  74.923 0.0000000000
62926  9.055  -8.726  75.095 0.0000000000
62927  8.039  -8.933  75.200 0.0000000000
61910  7.845  -10.228  74.207 0.0000000000
60929  5.958  -11.275  72.450 0.0000000000
60927  7.810  -11.243  73.021 0.0000000000
58773  9.021  -13.682  87.957 0.0000000000
59765  8.474  -13.591  87.383 0.0000000000
59770  9.875  -13.252  87.018 0.0000000000
58751  14.933  -12.936  88.188 0.0000000000
57020  14.569  -13.460  88.017 0.0000000000
129700  13.909  -13.372  88.698 0.0000000000
57896  12.470  -13.740  88.757 0.0000000000
57013  11.313  -14.357  88.881 0.0000000000
56071  9.896  -14.921  89.083 0.0000000000
57898  10.631  -14.185  88.821 0.0000000000
57907  9.401  -13.787  88.659 0.0000000000
61811  6.401  -8.762  80.510 0.0000000000
61826  5.485  -9.126  79.529 0.0000000000
62829  6.384  -7.715  81.571 0.0000000000
63823  5.939  -7.100  81.874 0.0000000000
119923  5.988  -6.613  81.850 0.0000000000
50626  4.474  -20.671  83.888 0.0000000000
51771  4.467  -20.194  83.774 0.0000000000
52888  4.469  -19.120  84.753 0.0000000000
54003  4.578  -17.905  84.868 0.0000000000
128493  4.713  -16.449  84.124 0.0000000000
135535  8.154  -11.955  83.544 0.0000000000
131867  6.834  -11.907  83.862 0.0000000000
59836  7.800  -11.815  82.486 0.0000000000
115490  7.376  -11.965  81.544 0.0000000000
58860  7.223  -12.319  80.073 0.0000000000
58877  6.979  -12.105  79.446 0.0000000000
121057  5.661  -19.166  87.772 0.0000000000
50524  5.789  -19.628  87.395 0.0000000000
50526  4.937  -19.465  87.215 0.0000000000
49388  4.703  -20.335  86.476 0.0000000000
49402  4.508  -20.777  85.516 0.0000000000
137156  4.514  -21.207  84.411 0.0000000000
49417  4.452  -20.826  85.017 0.0000000000
124387  4.434  -20.786  84.660 0.0000000000
52948  6.068  -17.612  80.449 0.0000000000
51814  6.615  -19.506  79.959 0.0000000000
52961  6.087  -17.287  79.596 0.0000000000
52974  6.081  -17.058  78.772 0.0000000000
52995  6.172  -16.933  77.962 0.0000000000
59911  3.938  -11.317  76.552 0.0000000000
57115  4.389  -14.036  75.335 0.0000000000
58004  4.283  -13.280  74.636 0.0000000000
57132  4.439  -13.870  73.375 0.0000000000
56229  5.131  -14.700  72.348 0.0000000000
56242  6.006  -15.618  71.557 0.0000000000
57139  4.742  -14.289  71.828 0.0000000000
57154  4.476  -13.673  71.664 0.0000000000
58950  4.467  -12.739  70.542 0.0000000000
61892  10.201  -9.242  74.472 0.0000000000
60926  8.859  -11.219  73.280 0.0000000000
134751  10.211  -11.223  72.471 0.0000000000
55107  4.656  -17.132  87.421 0.0000000000
56098  4.615  -16.877  86.372 0.0000000000
57034  5.305  -15.785  87.212 0.0000000000
58782  6.187  -14.159  86.437 0.0000000000
59781  7.454  -13.379  85.339 0.0000000000
132639  8.788  -13.273  86.015 0.0000000000
122540  8.184  -13.243  85.513 0.0000000000
59807  8.015  -12.450  84.410 0.0000000000
59821  9.123  -12.234  83.496 0.0000000000
55118  16.574  -14.323  84.631 0.0000000000
55142  16.365  -14.569  83.803 0.0000000000
55131  15.288  -14.521  84.685 0.0000000000
118778  13.894  -14.323  87.599 0.0000000000
55111  12.663  -15.016  86.571 0.0000000000
53980  11.536  -15.879  85.650 0.0000000000
52850  7.915  -17.876  86.976 0.0000000000
52837  7.045  -18.081  87.914 0.0000000000
55097  8.332  -16.344  88.983 0.0000000000
55098  7.530  -16.490  89.039 0.0000000000
52822  6.504  -17.896  88.447 0.0000000000
53966  5.527  -17.319  88.460 0.0000000000
55102  4.845  -16.940  88.054 0.0000000000
57985  4.119  -13.915  80.225 0.0000000000
57098  3.498  -15.049  79.965 0.0000000000
58891  4.005  -13.486  79.033 0.0000000000
58890  3.776  -12.310  78.175 0.0000000000
59904  3.935  -11.320  77.912 0.0000000000
61847  4.632  -9.536  78.800 0.0000000000
61857  4.244  -9.616  78.193 0.0000000000
60877  3.923  -10.606  77.595 0.0000000000
138942  3.977  -10.813  76.512 0.0000000000
61874  4.209  -9.760  76.758 0.0000000000
61873  4.567  -9.558  76.279 0.0000000000
60784  14.491  -11.835  86.733 0.0000000000
54015  17.954  -15.191  83.162 0.0000000000
55139  21.470  -15.634  82.494 0.0000000000
55125  20.661  -15.242  83.064 0.0000000000
53996  20.682  -15.577  82.896 0.0000000000
53984  19.562  -15.074  83.694 0.0000000000
55128  18.386  -15.001  83.925 0.0000000000
134299  17.816  -14.677  84.256 0.0000000000
56092  16.589  -13.365  85.732 0.0000000000
139228  16.085  -12.559  86.574 0.0000000000
58771  16.986  -12.248  86.433 0.0000000000
58760  15.697  -12.214  87.226 0.0000000000
60770  15.352  -11.855  87.256 0.0000000000
60777  15.206  -11.472  87.100 0.0000000000
50691  5.187  -21.584  80.311 0.0000000000
50675  5.609  -20.756  80.835 0.0000000000
51770  4.764  -19.651  83.184 0.0000000000
51769  5.407  -18.931  82.686 0.0000000000
52934  5.950  -18.208  81.371 0.0000000000
54065  4.890  -16.501  81.199 0.0000000000
55185  4.300  -15.690  80.884 0.0000000000
56149  3.473  -14.917  80.360 0.0000000000
56106  4.572  -16.668  85.767 0.0000000000
57045  4.648  -15.899  84.951 0.0000000000
134141  4.678  -15.748  84.155 0.0000000000
59810  5.928  -12.705  83.617 0.0000000000
58801  5.121  -13.834  83.585 0.0000000000
57947  4.454  -14.859  82.696 0.0000000000
57960  4.048  -14.433  81.737 0.0000000000
57971  3.803  -14.161  81.315 0.0000000000
57980  3.915  -13.902  80.943 0.0000000000
58863  4.996  -13.016  79.643 0.0000000000
123615  5.366  -11.571  79.342 0.0000000000
135263  5.384  -10.716  79.263 0.0000000000
132720  7.248  -10.597  78.933 0.0000000000
61843  6.757  -9.873  79.298 0.0000000000
61824  6.440  -9.185  79.940 0.0000000000
48336  6.879  -21.101  84.157 0.0000000000
49399  5.737  -20.905  85.975 0.0000000000
50704  6.683  -20.468  78.565 0.0000000000
49562  6.702  -21.712  77.073 0.0000000000
48441  9.823  -21.971  72.873 0.0000000000
56169  3.858  -15.087  79.099 0.0000000000
54105  4.975  -15.856  78.116 0.0000000000
54120  6.462  -16.714  77.131 0.0000000000
120443  5.034  -15.304  75.959 0.0000000000
54139  6.563  -16.529  76.160 0.0000000000
53016  7.572  -17.477  76.363 0.0000000000
53033  9.157  -18.382  74.874 0.0000000000
118212  9.893  -20.194  73.017 0.0000000000
49623  8.916  -21.354  71.928 0.0000000000
50828  7.795  -20.175  71.506 0.0000000000
55326  6.416  -16.630  70.742 0.0000000000
134684  5.533  -18.142  69.853 0.0000000000
65832  7.086  -5.737  81.527 0.0000000000
65840  7.440  -5.546  81.050 0.0000000000
65856  5.905  -6.387  79.830 0.0000000000
64870  5.858  -6.556  79.088 0.0000000000
63887  5.448  -8.144  76.843 0.0000000000
62913  5.716  -9.088  75.740 0.0000000000
63901  7.741  -7.844  76.218 0.0000000000
62912  6.627  -8.780  75.727 0.0000000000
60904  5.462  -10.967  74.041 0.0000000000
60930  5.231  -11.532  72.352 0.0000000000
135414  5.175  -11.715  71.467 0.0000000000
134540  4.777  -12.457  70.175 0.0000000000
58962  5.967  -12.370  69.536 0.0000000000
60787  12.207  -12.180  86.856 0.0000000000
60786  13.048  -12.207  86.731 0.0000000000
60779  13.927  -12.300  87.021 0.0000000000
59761  12.501  -12.616  87.640 0.0000000000
131263  11.831  -12.714  87.656 0.0000000000
46590  7.415  -24.298  72.469 0.0000000000
48450  7.805  -22.594  71.860 0.0000000000
53983  4.380  -18.101  86.175 0.0000000000
124783  4.364  -18.309  85.940 0.0000000000
126408  4.431  -17.752  86.347 0.0000000000
55154  17.224  -14.783  83.221 0.0000000000
55168  17.530  -15.071  82.424 0.0000000000
51679  4.420  -18.648  86.606 0.0000000000
52851  4.369  -18.346  86.333 0.0000000000
52855  4.340  -18.538  86.185 0.0000000000
56155  3.556  -15.015  80.163 0.0000000000
55206  3.982  -15.392  79.927 0.0000000000
56162  3.066  -14.950  80.285 0.0000000000
59928  4.706  -11.779  74.303 0.0000000000
60905  4.968  -11.430  74.188 0.0000000000
124957  4.342  -12.362  72.821 0.0000000000
57915  6.999  -13.867  87.585 0.0000000000
122082  7.440  -13.777  87.647 0.0000000000
57030  15.382  -13.139  86.817 0.0000000000
56084  15.224  -13.637  86.562 0.0000000000
57031  14.818  -13.465  87.360 0.0000000000
128522  10.910  -14.996  88.513 0.0000000000
56088  11.140  -15.083  88.083 0.0000000000
55106  9.985  -15.907  88.112 0.0000000000
55095  9.814  -15.756  88.605 0.0000000000
57909  8.102  -14.056  88.302 0.0000000000
57017  7.533  -14.832  88.998 0.0000000000
57902  7.442  -14.442  88.514 0.0000000000
57024  6.783  -14.487  88.284 0.0000000000
60861  4.848  -10.769  79.011 0.0000000000
64861  4.911  -7.075  80.223 0.0000000000
63844  4.653  -7.580  79.460 0.0000000000
131908  4.807  -7.008  79.682 0.0000000000
64872  4.668  -7.291  79.061 0.0000000000
49471  4.505  -21.942  82.220 0.0000000000
54036  5.097  -17.054  83.105 0.0000000000
128650  4.758  -16.289  82.637 0.0000000000
58790  6.891  -13.667  85.233 0.0000000000
58791  6.067  -13.785  84.874 0.0000000000
59852  5.667  -12.209  81.522 0.0000000000
58843  5.956  -12.408  80.565 0.0000000000
58844  5.459  -12.681  80.539 0.0000000000
51674  6.808  -18.816  87.454 0.0000000000
51696  6.296  -19.521  87.209 0.0000000000
47342  5.070  -21.649  84.900 0.0000000000
138081  4.497  -21.057  83.732 0.0000000000
120450  4.517  -22.193  82.590 0.0000000000
50706  5.765  -21.474  79.322 0.0000000000
50689  6.178  -20.654  79.691 0.0000000000
52993  7.459  -17.848  77.345 0.0000000000
52971  7.928  -18.807  77.344 0.0000000000
51859  8.382  -19.578  76.292 0.0000000000
52992  8.212  -18.804  76.646 0.0000000000
58911  3.847  -12.695  77.409 0.0000000000
57101  4.186  -14.300  77.548 0.0000000000
58001  4.123  -13.386  76.863 0.0000000000
122527  6.758  -15.912  73.038 0.0000000000
55285  6.590  -15.892  73.649 0.0000000000
124732  7.798  -16.629  73.178 0.0000000000
55300  7.914  -16.854  72.500 0.0000000000
55314  7.852  -17.176  71.825 0.0000000000
130043  7.362  -16.442  71.905 0.0000000000
132157  5.071  -15.170  69.224 0.0000000000
56276  4.877  -14.510  68.935 0.0000000000
123408  8.563  -5.053  80.474 0.0000000000
64882  7.965  -6.142  78.436 0.0000000000
61893  9.365  -9.304  74.685 0.0000000000
62909  9.655  -8.044  75.289 0.0000000000
61894  8.390  -9.467  74.690 0.0000000000
60916  7.333  -10.788  73.474 0.0000000000
60915  8.338  -10.717  73.762 0.0000000000
58772  9.778  -13.594  88.120 0.0000000000
59764  9.918  -13.433  87.649 0.0000000000
59763  10.708  -13.054  87.447 0.0000000000
60789  12.166  -12.304  86.303 0.0000000000
59748  14.707  -12.550  87.920 0.0000000000
57894  14.349  -13.073  88.473 0.0000000000
58752  14.394  -12.807  88.310 0.0000000000
58763  12.506  -12.992  88.103 0.0000000000
58754  12.925  -13.209  88.507 0.0000000000
57012  12.044  -14.134  88.942 0.0000000000
57897  11.502  -13.939  88.800 0.0000000000
124992  10.854  -14.280  88.882 0.0000000000
58756  11.152  -13.601  88.387 0.0000000000
58766  9.995  -13.613  88.275 0.0000000000
58767  9.195  -13.749  88.518 0.0000000000
62845  6.190  -8.300  80.810 0.0000000000
64845  6.309  -6.722  82.392 0.0000000000
64850  5.543  -6.856  81.354 0.0000000000
50604  4.423  -20.385  84.438 0.0000000000
124243  4.422  -19.861  84.152 0.0000000000
128966  4.409  -18.086  85.720 0.0000000000
127803  4.510  -18.680  84.905 0.0000000000
55146  4.700  -17.191  84.398 0.0000000000
121037  4.600  -16.969  84.964 0.0000000000
59835  8.682  -11.888  82.620 0.0000000000
115617  7.316  -11.807  83.232 0.0000000000
130176  8.776  -12.179  80.523 0.0000000000
59866  7.797  -12.242  80.738 0.0000000000
132497  8.041  -12.335  79.979 0.0000000000
58859  7.748  -12.151  79.365 0.0000000000
138090  5.051  -18.583  87.744 0.0000000000
51676  5.193  -19.083  87.608 0.0000000000
51677  4.836  -18.922  87.445 0.0000000000
51697  4.487  -19.269  86.580 0.0000000000
50541  4.662  -19.782  86.773 0.0000000000
49401  4.656  -20.783  86.074 0.0000000000
118551  4.411  -20.285  85.474 0.0000000000
51733  4.423  -19.407  85.346 0.0000000000
123754  4.399  -20.085  84.981 0.0000000000
54064  5.443  -16.959  80.911 0.0000000000
54077  5.405  -16.709  80.118 0.0000000000
54091  5.484  -16.587  79.413 0.0000000000
126572  6.550  -17.401  78.284 0.0000000000
54104  5.484  -16.386  78.505 0.0000000000
58918  4.295  -12.555  75.063 0.0000000000
58922  4.268  -12.701  73.258 0.0000000000
58011  4.236  -13.273  73.677 0.0000000000
56217  4.700  -14.212  72.845 0.0000000000
57140  4.507  -13.878  72.306 0.0000000000
58933  4.248  -12.718  72.107 0.0000000000
125361  4.320  -13.096  71.787 0.0000000000
121795  4.424  -13.199  71.041 0.0000000000
58938  4.405  -12.584  71.372 0.0000000000
62924  10.589  -8.574  74.500 0.0000000000
60913  10.381  -10.021  73.841 0.0000000000
117873  9.871  -10.890  73.228 0.0000000000
60925  10.815  -10.514  72.925 0.0000000000
56089  5.007  -16.496  87.337 0.0000000000
58776  6.816  -13.724  87.267 0.0000000000
58781  6.345  -13.996  86.921 0.0000000000
58786  6.571  -13.872  86.321 0.0000000000
59773  7.500  -13.489  86.244 0.0000000000
59771  8.890  -13.410  86.656 0.0000000000
59791  8.407  -13.005  84.966 0.0000000000
59806  8.740  -12.597  84.253 0.0000000000
55119  15.677  -14.400  84.916 0.0000000000
55109  14.349  -14.406  85.963 0.0000000000
55120  14.764  -14.498  85.204 0.0000000000
55121  13.850  -14.741  85.558 0.0000000000
57021  14.002  -13.932  88.385 0.0000000000
57033  13.743  -14.208  88.148 0.0000000000
56086  13.020  -14.509  87.912 0.0000000000
55112  11.825  -15.340  86.759 0.0000000000
55123  12.120  -15.469  86.108 0.0000000000
53982  9.994  -16.574  85.976 0.0000000000
53971  8.588  -17.012  87.966 0.0000000000
52836  7.886  -17.632  87.769 0.0000000000
51673  7.349  -18.163  87.341 0.0000000000
129513  9.198  -15.082  89.252 0.0000000000
55090  8.787  -15.654  89.116 0.0000000000
56072  8.500  -15.201  89.294 0.0000000000
55092  7.190  -15.908  89.184 0.0000000000
55099  6.662  -16.537  88.955 0.0000000000
133697  7.012  -17.108  88.723 0.0000000000
53965  6.188  -17.266  88.713 0.0000000000
52823  5.792  -17.973  88.422 0.0000000000
55100  5.866  -16.530  88.780 0.0000000000
56081  5.618  -15.764  88.450 0.0000000000
56082  5.325  -16.405  88.211 0.0000000000
133988  5.010  -16.590  87.810 0.0000000000
58878  4.298  -13.545  79.568 0.0000000000
59885  4.529  -12.781  78.966 0.0000000000
59896  4.243  -11.612  78.392 0.0000000000
60871  4.031  -10.677  77.972 0.0000000000
62846  5.624  -8.337  80.167 0.0000000000
61827  4.938  -9.205  79.209 0.0000000000
62879  4.225  -8.915  78.082 0.0000000000
61866  4.065  -10.087  77.839 0.0000000000
60886  3.889  -10.679  76.991 0.0000000000
60876  4.012  -10.031  77.276 0.0000000000
62889  4.333  -8.664  77.481 0.0000000000
131280  4.416  -9.066  76.941 0.0000000000
61750  15.160  -11.484  86.710 0.0000000000
61757  14.949  -11.379  86.344 0.0000000000
54013  19.824  -16.082  82.030 0.0000000000
54030  19.248  -15.832  81.687 0.0000000000
54014  18.909  -15.493  82.519 0.0000000000
53999  18.616  -15.219  83.425 0.0000000000
56099  19.651  -14.439  83.903 0.0000000000
56107  20.394  -14.796  83.284 0.0000000000
56108  20.045  -14.894  83.560 0.0000000000
131606  20.161  -15.140  83.387 0.0000000000
120205  20.200  -15.548  83.058 0.0000000000
55126  20.016  -15.216  83.403 0.0000000000
55116  18.219  -14.538  84.451 0.0000000000
57037  17.422  -13.323  85.414 0.0000000000
57028  16.965  -12.842  85.867 0.0000000000
57029  15.893  -13.209  86.317 0.0000000000
59758  17.083  -12.215  86.292 0.0000000000
58758  16.427  -12.082  86.708 0.0000000000
58759  16.147  -12.212  86.766 0.0000000000
59750  15.994  -12.020  86.958 0.0000000000
130097  15.513  -12.026  87.440 0.0000000000
60768  16.187  -12.097  87.055 0.0000000000
129475  15.598  -11.356  86.572 0.0000000000
60778  14.708  -11.899  87.058 0.0000000000
48386  4.448  -23.471  80.133 0.0000000000
49487  4.699  -22.039  80.707 0.0000000000
51799  5.418  -20.313  81.669 0.0000000000
51757  4.555  -19.476  83.761 0.0000000000
50642  4.613  -20.463  82.985 0.0000000000
54035  5.314  -17.367  82.849 0.0000000000
52904  5.535  -17.797  82.528 0.0000000000
51782  5.685  -19.210  81.984 0.0000000000
52921  5.712  -18.246  82.125 0.0000000000
54050  5.522  -17.342  81.746 0.0000000000
129109  4.091  -15.418  81.019 0.0000000000
122242  3.743  -15.150  80.457 0.0000000000
56148  3.600  -14.899  80.639 0.0000000000
57038  4.826  -16.241  86.192 0.0000000000
57042  5.042  -15.622  85.981 0.0000000000
57929  4.910  -14.830  84.790 0.0000000000
57927  4.812  -15.538  85.288 0.0000000000
133689  4.698  -15.527  84.607 0.0000000000
57935  4.611  -15.131  83.819 0.0000000000
59823  6.033  -11.865  83.616 0.0000000000
59809  6.363  -12.387  83.880 0.0000000000
126344  5.622  -11.983  83.632 0.0000000000
59811  5.744  -13.153  83.025 0.0000000000
58814  5.106  -13.654  82.556 0.0000000000
58802  4.707  -14.374  83.134 0.0000000000
58815  4.435  -14.122  82.194 0.0000000000
57061  4.386  -15.198  82.339 0.0000000000
58829  4.495  -13.491  81.449 0.0000000000
58830  4.064  -13.852  81.601 0.0000000000
58846  4.052  -13.769  81.217 0.0000000000
58864  4.363  -13.602  80.287 0.0000000000
58845  4.571  -13.399  80.780 0.0000000000
59882  6.095  -11.978  79.540 0.0000000000
59867  5.509  -12.318  79.551 0.0000000000
59880  7.311  -11.494  79.000 0.0000000000
55143  15.424  -14.617  84.259 0.0000000000
55156  15.605  -14.680  83.603 0.0000000000
49397  6.528  -20.461  85.484 0.0000000000
49416  6.690  -20.704  84.832 0.0000000000
50539  5.490  -20.068  86.918 0.0000000000
49386  5.612  -20.548  86.499 0.0000000000
47399  4.425  -23.762  80.572 0.0000000000
127136  4.366  -24.265  80.342 0.0000000000
48407  5.432  -22.851  78.314 0.0000000000
48406  5.881  -22.466  77.975 0.0000000000
48415  6.261  -22.455  77.478 0.0000000000
51813  6.949  -18.961  79.339 0.0000000000
51831  6.692  -20.098  79.275 0.0000000000
51830  7.025  -19.642  78.882 0.0000000000
50741  7.701  -20.567  76.818 0.0000000000
50742  7.004  -20.955  77.166 0.0000000000
48427  7.192  -22.033  76.346 0.0000000000
49582  7.946  -21.686  75.924 0.0000000000
50781  9.067  -20.967  75.126 0.0000000000
49581  8.740  -21.712  75.210 0.0000000000
49598  9.444  -21.633  74.406 0.0000000000
48434  9.685  -22.282  73.563 0.0000000000
49597  9.954  -21.453  73.458 0.0000000000
57103  3.793  -14.540  79.211 0.0000000000
132620  3.666  -15.035  79.384 0.0000000000
57102  3.898  -14.552  78.607 0.0000000000
55239  4.917  -15.433  77.080 0.0000000000
56175  4.546  -15.430  77.994 0.0000000000
131328  5.428  -16.029  77.443 0.0000000000
134816  5.897  -16.476  77.552 0.0000000000
54140  5.881  -16.194  76.624 0.0000000000
56196  4.726  -14.696  75.120 0.0000000000
123137  6.906  -16.285  74.380 0.0000000000
55252  6.604  -16.305  75.079 0.0000000000
55251  7.172  -16.616  75.059 0.0000000000
54138  7.170  -16.793  75.803 0.0000000000
54137  7.703  -17.210  75.408 0.0000000000
54136  8.495  -17.818  75.213 0.0000000000
53047  9.395  -18.292  72.990 0.0000000000
51896  9.844  -19.213  73.226 0.0000000000
117741  9.333  -19.843  72.379 0.0000000000
49610  9.665  -21.039  72.577 0.0000000000
50813  8.806  -20.558  71.862 0.0000000000
49633  7.752  -21.100  71.556 0.0000000000
129617  8.571  -19.818  71.793 0.0000000000
53078  7.333  -18.717  71.278 0.0000000000
53100  5.993  -18.736  70.436 0.0000000000
56243  5.287  -14.989  71.486 0.0000000000
55316  6.619  -16.197  71.358 0.0000000000
55335  5.249  -16.948  69.214 0.0000000000
54240  5.637  -17.332  69.803 0.0000000000
54259  5.315  -17.696  69.355 0.0000000000
53119  5.391  -18.347  69.200 0.0000000000
65839  8.209  -5.214  80.935 0.0000000000
134552  7.361  -5.605  80.544 0.0000000000
65841  6.634  -6.008  80.237 0.0000000000
63869  6.521  -7.398  77.298 0.0000000000
115150  5.792  -7.686  77.173 0.0000000000
62899  6.002  -8.450  76.253 0.0000000000
138714  9.386  -7.044  75.835 0.0000000000
65892  9.298  -6.379  76.722 0.0000000000
64893  8.233  -6.764  76.969 0.0000000000
132867  8.235  -7.252  76.434 0.0000000000
61895  7.276  -9.686  74.711 0.0000000000
138225  7.201  -9.071  75.320 0.0000000000
61881  6.408  -9.457  75.198 0.0000000000
61896  6.134  -10.239  74.494 0.0000000000
60918  5.517  -11.273  73.091 0.0000000000
61912  6.060  -10.747  73.738 0.0000000000
59941  6.405  -11.483  71.890 0.0000000000
59942  5.524  -11.517  71.856 0.0000000000
59953  5.851  -11.634  71.353 0.0000000000
58949  4.748  -12.213  70.763 0.0000000000
58948  5.447  -12.148  70.285 0.0000000000
59951  7.831  -11.971  71.770 0.0000000000
127976  11.336  -12.736  87.646 0.0000000000
116843  11.449  -12.589  87.233 0.0000000000
121385  12.596  -12.232  86.612 0.0000000000
132663  12.790  -12.095  86.101 0.0000000000
60772  14.040  -12.164  87.203 0.0000000000
59749  14.111  -12.643  88.185 0.0000000000
124492  13.742  -12.538  87.862 0.0000000000
59753  13.035  -12.789  88.154 0.0000000000
58764  11.689  -13.178  87.954 0.0000000000
59755  11.406  -12.946  87.737 0.0000000000
47462  6.025  -23.051  71.381 0.0000000000
48459  6.445  -22.119  71.261 0.0000000000
52873  4.476  -18.900  85.200 0.0000000000
119714  4.520  -17.180  85.608 0.0000000000
52840  4.578  -18.040  87.436 0.0000000000
51678  4.562  -18.674  87.134 0.0000000000
50542  4.378  -19.508  85.992 0.0000000000
50555  4.406  -20.054  85.819 0.0000000000
51713  4.381  -19.118  85.788 0.0000000000
55205  4.385  -15.732  80.096 0.0000000000
55216  4.480  -15.732  79.684 0.0000000000
59921  4.462  -11.400  75.201 0.0000000000
58917  4.465  -12.170  74.396 0.0000000000
58016  4.175  -13.246  72.863 0.0000000000
58927  4.169  -12.792  72.586 0.0000000000
59944  4.321  -12.331  72.315 0.0000000000
125243  5.612  -15.130  88.222 0.0000000000
57026  5.445  -15.066  87.647 0.0000000000
57912  5.826  -14.552  87.896 0.0000000000
57916  6.375  -14.140  87.446 0.0000000000
58780  7.308  -13.575  87.088 0.0000000000
128172  9.948  -12.674  85.671 0.0000000000
128498  10.246  -12.431  84.968 0.0000000000
59820  10.005  -12.176  83.508 0.0000000000
59819  10.741  -12.156  83.532 0.0000000000
56093  15.779  -13.892  85.925 0.0000000000
126563  15.502  -14.065  86.039 0.0000000000
56094  14.843  -14.128  86.398 0.0000000000
56095  14.090  -14.377  86.790 0.0000000000
56076  12.451  -14.470  88.381 0.0000000000
56087  11.978  -14.686  87.911 0.0000000000
55104  11.461  -15.187  87.437 0.0000000000
55113  10.961  -15.577  86.907 0.0000000000
53970  9.029  -16.696  87.543 0.0000000000
57900  8.958  -14.261  89.014 0.0000000000
57016  8.310  -14.747  89.208 0.0000000000
56074  6.924  -15.394  89.048 0.0000000000
56080  5.871  -15.820  88.833 0.0000000000
56075  6.263  -15.450  88.933 0.0000000000
126844  5.914  -15.258  88.675 0.0000000000
59884  4.734  -11.998  78.976 0.0000000000
60862  4.581  -10.786  78.702 0.0000000000
129429  4.724  -10.151  78.823 0.0000000000
63836  5.061  -7.697  80.071 0.0000000000
62862  4.581  -8.793  79.145 0.0000000000
63837  4.639  -8.172  79.483 0.0000000000
63845  4.293  -8.229  79.045 0.0000000000
62890  4.247  -8.918  77.696 0.0000000000
63872  4.200  -8.359  77.936 0.0000000000
63871  4.415  -8.026  77.663 0.0000000000
57036  18.066  -13.338  85.304 0.0000000000
60775  16.017  -11.640  86.683 0.0000000000
121341  4.466  -23.297  80.599 0.0000000000
49488  4.521  -22.628  81.166 0.0000000000
50659  4.649  -21.651  81.670 0.0000000000
50658  4.798  -20.797  82.095 0.0000000000
54020  4.717  -18.179  84.278 0.0000000000
54019  5.053  -18.032  83.591 0.0000000000
55172  4.945  -16.542  82.168 0.0000000000
120677  4.455  -15.788  81.817 0.0000000000
57925  5.739  -14.467  86.114 0.0000000000
58788  5.539  -14.311  85.352 0.0000000000
59838  6.053  -11.821  82.478 0.0000000000
121980  5.407  -11.837  83.047 0.0000000000
132349  5.374  -12.083  82.383 0.0000000000
126640  4.872  -13.541  81.819 0.0000000000
59868  5.195  -12.995  80.279 0.0000000000
50536  7.039  -19.338  86.296 0.0000000000
49384  6.350  -20.327  86.026 0.0000000000
48317  5.236  -20.961  86.143 0.0000000000
48354  4.600  -21.900  83.555 0.0000000000
48363  4.545  -22.646  82.732 0.0000000000
48378  4.463  -23.251  81.115 0.0000000000
49501  5.306  -21.882  79.603 0.0000000000
48395  5.271  -22.688  78.851 0.0000000000
49522  5.569  -22.112  79.054 0.0000000000
50725  5.939  -21.662  78.757 0.0000000000
50724  6.238  -21.254  78.171 0.0000000000
51846  7.229  -19.794  78.367 0.0000000000
50762  7.982  -20.889  76.186 0.0000000000
50740  8.153  -20.238  76.423 0.0000000000
50761  8.621  -20.350  75.839 0.0000000000
50760  9.406  -20.036  75.078 0.0000000000
138768  3.865  -13.927  78.576 0.0000000000
56186  4.452  -14.898  77.215 0.0000000000
56204  5.371  -15.098  74.008 0.0000000000
135798  6.472  -15.938  74.255 0.0000000000
55267  7.519  -16.656  74.540 0.0000000000
123289  8.536  -17.278  73.915 0.0000000000
55283  8.025  -16.726  73.873 0.0000000000
54196  8.912  -17.763  72.846 0.0000000000
53061  8.838  -18.238  72.301 0.0000000000
54216  8.215  -17.822  71.895 0.0000000000
54217  7.513  -17.753  71.381 0.0000000000
57171  5.005  -14.885  70.599 0.0000000000
123649  5.269  -15.485  69.906 0.0000000000
56275  5.148  -16.040  69.175 0.0000000000
55347  5.154  -16.593  68.441 0.0000000000
115408  8.017  -5.373  80.167 0.0000000000
65854  7.304  -5.781  79.833 0.0000000000
65869  6.558  -6.453  78.882 0.0000000000
65868  7.265  -6.137  79.063 0.0000000000
64883  7.074  -6.601  78.266 0.0000000000
64894  7.266  -6.969  77.479 0.0000000000
119353  9.484  -7.489  75.586 0.0000000000
62910  8.641  -8.133  75.595 0.0000000000
60917  6.407  -10.919  73.194 0.0000000000
60928  6.828  -11.234  72.697 0.0000000000
128665  7.014  -11.696  71.622 0.0000000000
58768  8.515  -13.811  88.263 0.0000000000
58774  8.112  -13.736  87.831 0.0000000000
116798  9.235  -13.486  87.339 0.0000000000
59769  10.584  -12.843  86.871 0.0000000000
59777  10.583  -12.583  86.260 0.0000000000
57904  14.713  -13.051  88.071 0.0000000000
57905  14.240  -13.443  88.533 0.0000000000
57906  13.640  -13.768  88.808 0.0000000000
58753  13.791  -12.944  88.617 0.0000000000
57895  13.312  -13.540  88.732 0.0000000000
57011  12.868  -13.983  88.955 0.0000000000
137791  11.695  -14.435  88.798 0.0000000000
56077  11.095  -14.712  88.759 0.0000000000
56078  10.358  -15.177  88.825 0.0000000000
56070  10.621  -14.653  88.875 0.0000000000
57014  10.209  -14.471  88.909 0.0000000000
57899  9.793  -14.169  88.796 0.0000000000
58757  10.253  -13.752  88.459 0.0000000000
57908  8.745  -13.875  88.679 0.0000000000
61825  5.981  -9.239  79.705 0.0000000000
61812  6.030  -8.743  80.117 0.0000000000
63824  5.691  -7.528  80.944 0.0000000000
126390  5.375  -6.674  80.786 0.0000000000
137893  4.512  -20.781  83.434 0.0000000000
51758  4.429  -19.677  84.309 0.0000000000
121247  7.181  -12.433  84.517 0.0000000000
59808  6.755  -12.262  84.158 0.0000000000
135482  7.466  -11.957  84.042 0.0000000000
115626  8.270  -11.932  81.642 0.0000000000
59837  6.960  -11.834  82.356 0.0000000000
58842  7.094  -12.208  80.823 0.0000000000
50525  5.344  -19.599  87.337 0.0000000000
50540  5.031  -20.082  86.820 0.0000000000
49387  4.917  -20.684  86.374 0.0000000000
49400  4.857  -21.078  86.018 0.0000000000
48328  4.731  -21.193  85.453 0.0000000000
48340  4.807  -21.482  84.986 0.0000000000
48329  4.532  -21.147  84.828 0.0000000000
126209  4.431  -21.274  84.630 0.0000000000
128619  4.412  -20.375  85.125 0.0000000000
127999  4.470  -20.957  84.104 0.0000000000
51797  6.381  -18.883  80.650 0.0000000000
52947  6.580  -18.287  79.868 0.0000000000
52960  6.725  -17.895  78.981 0.0000000000
52973  7.088  -17.928  78.194 0.0000000000
52994  6.804  -17.294  77.618 0.0000000000
58910  4.078  -12.363  76.300 0.0000000000
58005  4.258  -13.277  75.709 0.0000000000
57124  4.439  -13.951  74.321 0.0000000000
134536  4.899  -14.523  73.469 0.0000000000
56216  5.331  -14.899  73.183 0.0000000000
56215  6.012  -15.444  72.875 0.0000000000
55302  6.606  -15.826  72.172 0.0000000000
56228  5.766  -15.316  72.082 0.0000000000
125675  4.733  -14.328  71.240 0.0000000000
57172  4.538  -13.911  70.565 0.0000000000
58038  4.354  -13.243  70.072 0.0000000000
61908  9.664  -9.874  74.347 0.0000000000
60914  9.362  -10.543  73.912 0.0000000000
47456  8.851  -23.403  72.683 0.0000000000
55108  4.500  -17.563  86.764 0.0000000000
127687  4.505  -17.390  86.491 0.0000000000
56090  4.669  -17.025  86.862 0.0000000000
56097  4.969  -16.392  86.764 0.0000000000
125601  5.203  -15.701  86.608 0.0000000000
57918  5.394  -15.022  87.022 0.0000000000
57922  5.797  -14.462  86.738 0.0000000000
58779  7.788  -13.640  87.440 0.0000000000
59772  7.988  -13.560  86.829 0.0000000000
59780  8.149  -13.376  86.089 0.0000000000
122203  7.645  -13.141  85.445 0.0000000000
59792  7.540  -12.968  85.013 0.0000000000
59793  7.392  -12.778  84.783 0.0000000000
115697  9.581  -11.925  82.710 0.0000000000
55129  17.160  -14.500  84.205 0.0000000000
55130  16.211  -14.457  84.316 0.0000000000
133034  14.394  -14.790  84.790 0.0000000000
53986  12.580  -15.687  84.758 0.0000000000
57032  14.317  -13.937  87.874 0.0000000000
56096  13.263  -14.617  87.101 0.0000000000
55122  12.970  -15.158  85.892 0.0000000000
53979  12.359  -15.578  85.459 0.0000000000
53987  11.743  -16.046  85.022 0.0000000000
53981  10.771  -16.237  85.816 0.0000000000
51694  7.930  -18.190  86.385 0.0000000000
51695  7.336  -18.635  86.759 0.0000000000
56079  9.551  -15.447  89.006 0.0000000000
55096  9.059  -16.045  88.748 0.0000000000
53963  8.539  -16.687  88.555 0.0000000000
55091  8.014  -15.815  89.195 0.0000000000
53964  7.873  -17.000  88.842 0.0000000000
52821  7.391  -17.494  88.393 0.0000000000
52838  6.485  -18.540  88.018 0.0000000000
51663  5.997  -18.580  88.148 0.0000000000
52824  5.156  -17.989  88.069 0.0000000000
55101  5.314  -16.800  88.413 0.0000000000
53967  4.970  -17.367  88.152 0.0000000000
52825  4.752  -17.831  87.869 0.0000000000
53972  4.646  -17.494  87.741 0.0000000000
53973  4.505  -17.731  87.127 0.0000000000
57986  3.678  -14.869  79.986 0.0000000000
58879  4.023  -14.124  79.799 0.0000000000
57990  3.832  -14.428  79.513 0.0000000000
121749  4.318  -12.770  78.793 0.0000000000
131929  3.975  -12.948  78.442 0.0000000000
58901  3.860  -13.150  78.190 0.0000000000
120554  3.793  -12.141  77.847 0.0000000000
61848  4.430  -10.063  78.458 0.0000000000
138728  4.418  -9.569  78.497 0.0000000000
124302  4.201  -10.190  78.145 0.0000000000
59912  3.817  -11.237  77.383 0.0000000000
60896  4.122  -11.038  76.001 0.0000000000
131946  4.082  -10.456  76.494 0.0000000000
138262  4.308  -10.803  75.777 0.0000000000
61883  4.380  -10.252  76.013 0.0000000000
117531  4.742  -10.046  75.478 0.0000000000
122018  13.748  -12.163  86.722 0.0000000000
115437  13.723  -11.955  86.424 0.0000000000
60785  14.042  -11.770  86.439 0.0000000000
61764  14.932  -11.117  85.734 0.0000000000
56115  21.314  -15.224  82.637 0.0000000000
53997  19.774  -15.400  83.222 0.0000000000
138999  19.211  -14.742  84.070 0.0000000000
53985  19.147  -15.138  83.647 0.0000000000
55140  17.828  -14.892  83.907 0.0000000000
55141  17.106  -14.639  83.813 0.0000000000
118813  17.234  -13.727  85.159 0.0000000000
134958  16.513  -13.795  85.472 0.0000000000
138328  16.228  -13.609  85.832 0.0000000000
57914  15.425  -13.204  86.791 0.0000000000
57920  17.828  -12.538  85.684 0.0000000000
133578  17.204  -12.443  85.958 0.0000000000
58770  17.465  -12.108  85.961 0.0000000000
57913  16.608  -12.385  86.325 0.0000000000
57903  15.630  -12.540  87.056 0.0000000000
122190  15.457  -12.353  87.513 0.0000000000
58761  15.152  -12.421  87.698 0.0000000000
59751  14.971  -12.136  87.714 0.0000000000
60776  15.632  -11.488  86.710 0.0000000000
60771  14.868  -11.951  87.420 0.0000000000
49502  4.823  -22.320  79.945 0.0000000000
51798  6.001  -19.636  81.259 0.0000000000
51783  5.086  -19.928  82.462 0.0000000000
55184  4.637  -16.229  81.393 0.0000000000
55194  4.483  -15.969  80.809 0.0000000000
56156  2.898  -15.031  80.295 0.0000000000
55114  4.467  -17.342  86.125 0.0000000000
57043  4.697  -16.073  85.598 0.0000000000
139147  4.616  -16.313  85.342 0.0000000000
56110  4.609  -16.497  85.006 0.0000000000
116578  4.703  -16.047  84.113 0.0000000000
56116  4.640  -15.857  83.115 0.0000000000
58800  5.852  -13.429  83.950 0.0000000000
58793  4.826  -14.407  84.017 0.0000000000
57049  4.608  -15.562  83.325 0.0000000000
57076  4.045  -14.983  81.578 0.0000000000
125339  3.779  -14.568  81.237 0.0000000000
57972  3.657  -14.618  80.989 0.0000000000
57981  3.595  -14.857  80.535 0.0000000000
59883  5.090  -11.443  79.198 0.0000000000
59881  6.417  -11.727  79.297 0.0000000000
60858  6.494  -10.844  79.085 0.0000000000
61844  5.919  -10.089  79.330 0.0000000000
124574  15.835  -14.682  82.933 0.0000000000
55170  15.575  -14.789  82.301 0.0000000000
55157  14.753  -15.064  83.053 0.0000000000
50538  5.913  -20.056  86.848 0.0000000000
49385  6.023  -20.472  86.324 0.0000000000
49398  6.147  -20.740  85.729 0.0000000000
48325  5.949  -21.147  85.127 0.0000000000
50723  6.806  -20.676  77.886 0.0000000000
50743  6.462  -21.226  77.545 0.0000000000
48414  6.705  -22.596  76.853 0.0000000000
47436  7.242  -23.070  76.111 0.0000000000
48449  8.659  -22.725  72.279 0.0000000000
55217  4.024  -15.371  79.489 0.0000000000
119241  4.814  -15.830  79.004 0.0000000000
133494  4.681  -15.676  78.527 0.0000000000
54119  7.086  -17.041  76.736 0.0000000000
55255  4.592  -14.800  76.144 0.0000000000
56195  5.351  -15.301  75.018 0.0000000000
55253  5.936  -16.032  75.522 0.0000000000
53015  8.200  -18.071  76.083 0.0000000000
53014  8.763  -18.555  75.597 0.0000000000
51885  9.212  -19.110  75.224 0.0000000000
53032  9.477  -18.333  73.905 0.0000000000
51884  9.650  -19.177  74.464 0.0000000000
123546  9.891  -20.062  73.985 0.0000000000
50797  9.990  -20.741  73.426 0.0000000000
49622  9.294  -22.011  72.373 0.0000000000
49624  8.352  -21.986  71.830 0.0000000000
48458  7.286  -21.979  71.523 0.0000000000
49634  6.758  -21.278  71.248 0.0000000000
54238  6.729  -17.321  70.816 0.0000000000
54239  6.126  -17.065  70.350 0.0000000000
122214  6.105  -17.737  70.351 0.0000000000
65826  6.564  -6.195  82.014 0.0000000000
65833  6.087  -6.247  81.311 0.0000000000
65842  5.968  -6.258  80.547 0.0000000000
125152  6.704  -5.825  80.886 0.0000000000
64871  5.162  -6.733  79.389 0.0000000000
63857  5.159  -7.086  78.548 0.0000000000
131108  4.842  -7.575  77.921 0.0000000000
64884  6.100  -6.796  78.375 0.0000000000
63870  5.663  -7.325  77.771 0.0000000000
123690  5.051  -7.836  77.405 0.0000000000
62900  5.035  -8.835  76.434 0.0000000000
62914  5.045  -9.456  75.821 0.0000000000
63885  7.426  -7.366  76.847 0.0000000000
63902  6.899  -8.293  76.155 0.0000000000
61882  5.430  -9.848  75.115 0.0000000000
136055  5.478  -10.425  74.606 0.0000000000
60919  5.070  -11.612  73.436 0.0000000000
59943  4.728  -11.830  71.935 0.0000000000
59954  4.675  -11.999  71.360 0.0000000000
58049  4.422  -13.235  69.158 0.0000000000
59939  8.348  -11.631  72.492 0.0000000000
59940  7.332  -11.555  72.241 0.0000000000
59964  6.193  -11.878  70.792 0.0000000000
58963  5.090  -12.525  69.540 0.0000000000
57200  4.660  -13.821  68.524 0.0000000000
51664  5.459  -18.574  87.981 0.0000000000
51873  8.834  -19.429  75.747 0.0000000000
51911  9.331  -18.916  72.534 0.0000000000
53077  8.164  -18.480  71.723 0.0000000000
54158  8.879  -17.719  74.378 0.0000000000
54180  8.435  -17.193  73.152 0.0000000000
55228  4.322  -15.432  78.845 0.0000000000
57015  9.486  -14.633  89.123 0.0000000000
57023  12.326  -14.303  88.738 0.0000000000
57082  3.701  -14.849  81.012 0.0000000000
57911  6.547  -14.292  87.894 0.0000000000
58769  7.859  -13.825  87.838 0.0000000000
58964  4.502  -12.814  69.708 0.0000000000
59933  4.700  -12.001  73.396 0.0000000000
59965  5.319  -11.854  70.977 0.0000000000
60769  15.697  -11.847  87.058 0.0000000000
62911  7.545  -8.503  75.712 0.0000000000
63859  4.181  -8.281  78.492 0.0000000000
63884  8.940  -6.901  76.279 0.0000000000
122640  15.167  -12.652  87.687 0.0000000000
122988  5.495  -15.720  75.926 0.0000000000
124659  6.271  -12.170  70.189 0.0000000000
132881  15.871  -11.201  86.351 0.0000000000
135654  7.079  -13.666  86.012 0.0000000000
138415  4.409  -15.609  79.333 0.0000000000
