#!ascii label  , from subject sub-v1s2x0051482_ses-1 vox2ras=TkReg
866
61699  19.637  -10.018  2.843 0.2500000000
132194  19.935  -10.021  2.446 0.2500000000
118002  20.443  -10.868  2.693 0.7500000000
65702  18.602  -6.627  2.155 0.2500000000
64735  18.945  -7.118  2.121 0.1250000000
63695  19.203  -8.003  2.297 0.2500000000
62722  19.547  -9.393  2.591 0.2500000000
62743  20.430  -9.525  1.771 0.7500000000
133552  21.232  -11.065  2.316 0.8750000000
61714  20.746  -10.364  2.111 0.8750000000
60760  22.082  -11.102  1.793 0.8750000000
64734  19.268  -7.667  1.824 0.3750000000
63714  19.429  -8.421  1.980 0.3750000000
63713  20.028  -8.740  1.627 0.8750000000
62744  19.700  -9.139  2.169 0.7500000000
61741  22.838  -9.867  0.783 1.0000000000
61742  21.899  -9.577  0.923 1.0000000000
130933  21.134  -9.356  1.246 0.8750000000
61731  23.267  -10.815  1.336 1.0000000000
62742  21.301  -9.963  1.548 0.8750000000
65707  18.633  -6.387  1.691 0.2500000000
138496  19.609  -7.408  1.209 0.7500000000
64756  20.273  -7.586  0.730 0.8750000000
63731  20.526  -8.326  1.019 0.8750000000
64733  19.780  -8.040  1.420 0.7500000000
62756  23.440  -9.289  0.462 1.0000000000
63729  22.624  -8.909  0.359 1.0000000000
131358  21.424  -8.749  0.704 1.0000000000
61739  24.620  -9.828  0.914 1.0000000000
132203  23.808  -9.933  0.807 1.0000000000
61740  24.384  -10.510  1.263 1.0000000000
64757  19.189  -6.910  1.460 0.6250000000
64771  20.905  -7.056  -0.102 1.0000000000
65721  19.774  -6.803  0.524 0.8750000000
63730  21.174  -7.869  0.372 1.0000000000
63727  24.871  -8.406  0.185 1.0000000000
63728  23.641  -8.606  0.099 1.0000000000
63742  22.099  -8.125  0.027 1.0000000000
62754  24.997  -9.180  0.572 1.0000000000
62755  24.270  -9.072  0.448 1.0000000000
62739  26.915  -9.292  1.287 1.0000000000
62741  25.111  -9.858  1.103 1.0000000000
70606  17.844  -1.546  -0.110 0.2500000000
66732  18.181  -5.749  1.805 0.2500000000
66746  18.409  -5.566  1.175 0.3750000000
65722  18.988  -6.195  0.854 0.5000000000
134364  19.496  -6.002  0.116 1.0000000000
64770  21.996  -6.875  -0.529 1.0000000000
64755  25.811  -7.923  0.091 1.0000000000
130445  24.314  -8.376  -0.006 1.0000000000
64769  23.448  -7.473  -0.681 1.0000000000
64754  26.533  -7.525  0.305 1.0000000000
63725  26.534  -8.443  0.689 1.0000000000
64753  27.242  -7.873  0.728 1.0000000000
68686  18.815  -2.576  -1.214 0.5000000000
68673  17.873  -2.475  0.027 0.3750000000
68655  18.002  -3.589  0.296 0.3750000000
67709  18.192  -4.647  0.672 0.5000000000
67726  18.526  -4.196  -0.271 0.5000000000
66758  19.742  -5.429  -0.518 0.8750000000
66757  20.677  -5.548  -0.984 1.0000000000
66772  20.965  -4.882  -1.626 1.0000000000
65736  23.697  -6.955  -1.193 1.0000000000
65738  21.303  -6.277  -0.753 1.0000000000
123503  25.472  -6.960  -0.537 1.0000000000
65735  24.426  -6.836  -1.195 1.0000000000
124924  27.378  -6.061  0.114 1.0000000000
65720  26.583  -6.668  0.051 1.0000000000
64752  28.679  -6.922  0.764 0.8750000000
70626  18.852  -1.822  -1.217 0.5000000000
68672  18.362  -3.090  -0.520 0.5000000000
68685  19.417  -3.012  -1.657 0.6250000000
68684  20.136  -3.349  -2.024 0.6250000000
67741  20.472  -4.168  -1.790 1.0000000000
67725  19.247  -4.564  -0.739 0.7500000000
120824  22.390  -5.348  -1.984 1.0000000000
66755  26.638  -5.144  -0.689 1.0000000000
66767  25.431  -5.119  -1.637 1.0000000000
65749  24.559  -6.078  -1.603 1.0000000000
65750  23.870  -6.261  -1.642 1.0000000000
66754  27.343  -5.289  -0.297 1.0000000000
65732  26.634  -5.851  -0.323 1.0000000000
65734  25.065  -6.594  -1.040 1.0000000000
128935  28.745  -6.103  0.457 0.8750000000
69629  19.388  -2.204  -1.784 0.5000000000
129216  19.868  -2.616  -2.144 0.8750000000
67749  23.808  -4.157  -2.965 1.0000000000
67751  22.102  -4.047  -2.852 1.0000000000
67723  26.493  -4.490  -0.923 1.0000000000
67736  24.995  -4.435  -2.102 1.0000000000
66770  23.235  -5.583  -2.046 1.0000000000
138828  26.830  -3.479  -0.956 1.0000000000
67703  28.756  -4.866  -0.055 1.0000000000
67704  27.951  -4.779  -0.315 1.0000000000
68669  27.095  -3.921  -0.722 1.0000000000
67721  28.384  -4.203  -0.352 1.0000000000
69628  20.004  -2.017  -2.399 0.5000000000
69640  21.475  -2.520  -3.296 1.0000000000
69637  23.719  -2.376  -3.477 1.0000000000
68695  23.588  -3.282  -3.345 1.0000000000
68696  22.264  -3.187  -3.295 1.0000000000
70618  27.629  -1.446  -1.370 1.0000000000
69626  26.407  -2.469  -1.642 1.0000000000
69623  28.959  -1.776  -0.728 1.0000000000
69625  27.267  -2.393  -1.258 1.0000000000
69614  26.646  -3.051  -1.257 1.0000000000
124041  29.423  -2.885  -0.449 1.0000000000
69612  28.016  -2.849  -0.695 1.0000000000
68666  29.669  -3.545  -0.229 0.8750000000
114510  22.871  1.580  -4.116 1.0000000000
114758  21.525  1.298  -2.949 0.3750000000
114509  22.955  0.862  -4.490 0.8750000000
71706  23.665  -0.818  -4.013 1.0000000000
70619  26.560  -1.612  -1.773 1.0000000000
70637  25.660  -1.337  -2.352 1.0000000000
114903  22.660  3.188  -3.764 0.8750000000
115942  23.461  1.881  -3.844 1.0000000000
114505  23.821  1.113  -4.127 1.0000000000
114992  24.240  1.776  -3.469 1.0000000000
71705  24.242  -0.435  -3.663 1.0000000000
70636  27.101  -0.813  -1.655 1.0000000000
71702  27.145  0.050  -1.711 1.0000000000
71685  28.004  -0.406  -1.304 1.0000000000
114504  24.783  1.025  -3.258 1.0000000000
72625  27.283  1.053  -1.588 1.0000000000
72626  26.369  0.621  -2.099 1.0000000000
114500  24.769  2.535  -3.072 1.0000000000
123390  25.067  1.710  -2.980 1.0000000000
114944  25.668  1.224  -2.596 1.0000000000
121530  22.380  8.001  -3.477 0.1250000000
80079  22.688  8.341  -2.337 0.1250000000
79096  22.163  7.200  -4.140 0.2500000000
79108  21.793  7.772  -5.687 0.3750000000
80095  22.160  8.718  -4.960 0.2500000000
116629  21.284  7.964  -7.282 0.5000000000
80103  21.729  8.989  -6.615 0.2500000000
117241  21.609  8.799  -7.546 0.3750000000
137933  22.576  8.820  -3.701 0.2500000000
81050  22.492  9.785  -4.845 0.2500000000
121896  22.688  10.488  -5.248 0.2500000000
80102  22.244  9.207  -6.680 0.2500000000
81051  22.191  9.554  -5.983 0.2500000000
79118  22.402  8.736  -7.247 0.3750000000
80101  22.710  9.493  -6.446 0.2500000000
62709  19.529  -9.761  2.872 0.1250000000
130857  19.382  -8.757  2.370 0.2500000000
63684  18.804  -7.738  3.578 0.1250000000
62740  25.651  -10.018  1.323 1.0000000000
68697  21.429  -3.389  -2.893 0.8750000000
121394  25.830  -3.067  -1.859 1.0000000000
61685  19.851  -10.772  3.511 0.1250000000
60746  21.796  -11.754  2.420 0.7500000000
64721  18.911  -7.220  2.352 0.1250000000
59743  23.562  -12.230  2.099 1.0000000000
125255  19.197  -8.285  3.742 0.1250000000
60758  24.348  -11.170  1.566 1.0000000000
61729  25.159  -10.567  1.430 1.0000000000
61728  26.307  -10.504  1.777 1.0000000000
66733  17.904  -4.949  1.501 0.3750000000
128758  17.508  -2.491  1.016 0.2500000000
67710  17.707  -4.049  1.092 0.2500000000
64732  28.118  -7.831  0.961 0.8750000000
66744  29.147  -5.593  0.278 0.8750000000
67718  30.729  -4.424  0.142 0.8750000000
131436  21.113  1.234  -2.516 0.1250000000
72611  20.921  0.814  -2.457 0.1250000000
121875  20.317  -1.357  -2.413 0.3750000000
70641  21.530  -1.683  -3.765 0.6250000000
69611  28.837  -2.523  -0.623 1.0000000000
67720  29.198  -4.233  -0.183 0.8750000000
130571  22.247  1.906  -3.324 0.5000000000
114791  22.757  2.396  -3.725 0.8750000000
127890  21.400  0.617  -3.145 0.3750000000
71690  21.767  0.060  -4.009 0.8750000000
71684  29.049  -0.312  -1.088 1.0000000000
72609  28.713  0.467  -1.301 1.0000000000
114506  23.548  2.600  -3.623 1.0000000000
71701  27.897  0.508  -1.394 1.0000000000
114893  23.736  3.837  -3.273 0.8750000000
75367  24.943  3.873  -3.003 1.0000000000
114502  25.766  2.194  -2.544 1.0000000000
73585  26.582  1.755  -1.948 1.0000000000
125957  22.152  8.134  -0.942 0.1250000000
78145  21.663  6.357  -1.943 0.1250000000
77232  21.888  5.781  -4.200 0.6250000000
119002  21.690  6.898  -6.112 0.6250000000
77274  21.822  6.651  -8.863 0.5000000000
79126  22.275  7.812  -8.141 0.5000000000
80089  23.086  9.361  -3.213 0.2500000000
80109  21.751  8.699  -7.930 0.5000000000
81054  22.772  9.966  -5.787 0.2500000000
81053  22.867  10.064  -5.802 0.2500000000
79117  23.574  8.179  -6.027 0.3750000000
81049  23.937  9.896  -4.813 0.2500000000
134675  19.694  -10.370  3.208 0.1250000000
61698  19.885  -10.635  2.999 0.3750000000
115629  19.379  -8.927  2.531 0.1250000000
136517  21.486  -10.593  1.807 0.8750000000
60759  22.793  -11.693  1.950 1.0000000000
62757  20.668  -8.951  1.262 1.0000000000
61732  22.135  -10.364  1.307 1.0000000000
61730  24.917  -10.357  1.289 1.0000000000
132199  21.753  -7.480  -0.178 1.0000000000
123164  25.826  -8.663  0.502 1.0000000000
63741  23.083  -8.089  -0.199 1.0000000000
121955  22.578  -7.478  -0.432 1.0000000000
62752  26.079  -9.267  0.938 1.0000000000
129115  26.370  -9.834  1.408 1.0000000000
66759  18.815  -5.318  0.097 0.5000000000
63738  25.297  -7.836  -0.110 1.0000000000
63740  23.950  -8.011  -0.418 1.0000000000
64767  25.017  -7.290  -0.622 1.0000000000
64765  25.878  -7.200  -0.132 1.0000000000
123287  27.502  -6.981  0.563 1.0000000000
67742  19.709  -3.902  -1.400 0.6250000000
66771  21.711  -5.571  -1.434 1.0000000000
67740  21.753  -4.746  -2.189 1.0000000000
65751  23.127  -6.325  -1.381 1.0000000000
121632  22.572  -5.835  -1.543 1.0000000000
66745  28.217  -5.532  0.058 0.8750000000
64751  29.694  -7.312  0.672 0.8750000000
67752  21.404  -4.086  -2.561 1.0000000000
67739  22.715  -4.757  -2.526 1.0000000000
127053  27.716  -4.241  -0.471 1.0000000000
133683  26.071  -5.712  -0.794 1.0000000000
66768  24.767  -5.296  -2.015 1.0000000000
67735  25.776  -4.458  -1.443 1.0000000000
67702  29.677  -5.017  0.226 0.8750000000
68682  24.327  -3.013  -2.954 1.0000000000
67750  23.069  -3.912  -3.151 1.0000000000
67737  24.314  -3.881  -2.736 1.0000000000
67738  23.624  -4.803  -2.700 1.0000000000
120310  24.316  -4.758  -2.637 1.0000000000
68680  25.535  -3.828  -1.713 1.0000000000
68668  27.880  -3.646  -0.544 1.0000000000
68667  28.776  -3.431  -0.452 1.0000000000
70642  20.745  -1.862  -3.047 0.6250000000
69639  22.316  -2.360  -3.795 1.0000000000
69638  23.027  -2.356  -3.817 1.0000000000
69636  23.991  -1.619  -3.434 1.0000000000
70638  24.860  -1.673  -2.807 1.0000000000
70620  25.713  -2.151  -2.134 1.0000000000
70617  28.549  -1.168  -0.971 1.0000000000
69627  25.019  -2.625  -2.521 1.0000000000
72610  22.112  0.963  -3.997 0.7500000000
70639  23.259  -1.587  -4.013 1.0000000000
71704  25.022  -0.643  -2.971 1.0000000000
70621  22.852  -0.789  -4.414 1.0000000000
71703  26.174  -0.512  -2.171 1.0000000000
114511  23.080  3.329  -3.839 0.8750000000
71688  23.589  0.113  -4.195 1.0000000000
71686  25.437  0.295  -2.815 1.0000000000
71687  24.492  0.239  -3.552 1.0000000000
114503  24.723  3.324  -3.045 1.0000000000
115415  24.010  3.127  -3.290 1.0000000000
79086  21.977  7.424  -1.580 0.1250000000
79095  22.080  7.183  -2.762 0.1250000000
78152  21.670  6.041  -3.565 0.3750000000
78168  22.087  6.489  -4.881 0.5000000000
79127  21.527  8.122  -8.286 0.5000000000
78181  21.563  6.532  -7.221 0.7500000000
61669  20.144  -10.559  4.919 0.1250000000
60732  20.008  -11.046  3.537 0.1250000000
60747  20.986  -11.618  2.919 0.6250000000
135023  23.721  -11.555  1.739 1.0000000000
137401  21.042  0.444  -2.648 0.5000000000
115962  20.914  -1.055  -3.182 0.6250000000
70623  21.593  -0.808  -3.972 0.7500000000
70640  22.387  -1.467  -4.234 0.8750000000
70622  22.191  -0.572  -4.406 1.0000000000
137278  23.183  -0.346  -4.390 1.0000000000
76267  25.890  4.035  -2.878 1.0000000000
74475  26.577  2.827  -2.119 1.0000000000
78167  22.127  6.102  -5.836 0.7500000000
77246  22.180  5.936  -7.233 0.7500000000
80094  23.599  9.314  -5.361 0.2500000000
79107  24.473  8.240  -4.834 0.3750000000
57000  24.403  -15.164  3.671 0.7500000000
56998  26.214  -15.149  3.488 0.7500000000
57001  23.436  -15.126  3.809 0.7500000000
57002  22.494  -14.861  4.130 0.7500000000
57872  25.843  -14.439  3.113 0.7500000000
57874  24.144  -14.556  3.301 0.7500000000
58719  23.260  -14.445  3.412 0.7500000000
57871  26.716  -14.445  3.182 0.7500000000
57889  25.439  -13.852  2.729 0.7500000000
57890  24.725  -14.091  2.817 0.7500000000
58740  21.939  -12.857  3.352 0.7500000000
59729  21.524  -12.316  3.095 0.6250000000
58737  24.853  -13.395  2.504 0.7500000000
124674  23.988  -13.404  2.549 0.8750000000
59727  23.333  -13.022  2.516 0.8750000000
57887  27.242  -13.695  3.084 0.7500000000
57888  26.325  -13.653  2.825 0.7500000000
58736  25.704  -13.167  2.473 0.7500000000
59726  24.452  -12.628  2.272 0.8750000000
58747  26.769  -12.769  2.766 0.7500000000
58748  26.240  -12.665  2.517 0.7500000000
128853  25.948  -12.322  2.408 0.8750000000
129634  24.523  -11.795  1.897 0.8750000000
130349  27.005  -11.753  2.488 0.7500000000
129360  26.048  -11.768  2.319 0.8750000000
59747  25.613  -11.461  2.101 0.8750000000
61713  27.997  -11.151  2.478 0.8750000000
61727  27.065  -10.853  2.268 0.8750000000
124181  27.771  -10.397  2.156 0.8750000000
62738  27.965  -9.572  1.695 0.8750000000
63708  31.136  -9.083  0.801 0.3750000000
63709  30.322  -9.001  1.095 0.6250000000
63710  29.484  -8.853  1.322 0.7500000000
63711  28.568  -8.734  1.354 0.7500000000
64750  30.817  -8.347  0.656 0.7500000000
64731  29.091  -7.996  0.955 0.7500000000
64748  32.770  -7.911  0.062 0.1250000000
64749  32.157  -7.757  0.234 0.3750000000
119442  31.263  -7.500  0.429 0.6250000000
122419  30.456  -7.647  0.576 0.6250000000
65717  30.402  -6.756  0.472 0.6250000000
64746  34.291  -7.888  -0.393 0.1250000000
64747  33.422  -7.868  -0.333 0.1250000000
65714  32.802  -7.366  -0.251 0.1250000000
66752  33.259  -6.775  -0.643 0.1250000000
133491  31.756  -6.334  0.009 0.6250000000
66742  31.110  -5.736  0.160 0.6250000000
67701  30.502  -4.995  0.216 0.7500000000
65731  33.972  -7.166  -1.030 0.1250000000
134771  34.769  -6.156  -1.899 0.1250000000
67699  32.818  -5.298  -0.362 0.1250000000
128525  31.981  -4.921  -0.129 0.5000000000
67700  31.267  -5.010  0.042 0.6250000000
68649  31.470  -4.150  0.050 0.7500000000
65730  34.632  -7.377  -1.320 0.1250000000
67698  33.355  -4.436  -0.474 0.5000000000
68663  32.988  -3.544  -0.357 0.5000000000
68664  32.040  -3.299  -0.155 0.6250000000
68665  30.608  -3.625  -0.021 0.7500000000
75368  22.230  3.807  -3.785 0.6250000000
76270  21.986  4.398  -3.877 0.5000000000
137167  22.791  4.212  -3.771 0.7500000000
70595  32.335  -1.959  -0.777 0.6250000000
70615  31.116  -1.257  -0.886 0.6250000000
70598  29.708  -2.061  -0.584 0.8750000000
70613  32.611  -1.585  -1.500 0.5000000000
70614  31.947  -1.302  -1.084 0.6250000000
71681  32.251  -0.901  -1.803 0.6250000000
138993  30.332  -1.364  -0.750 0.7500000000
70616  29.578  -1.047  -0.814 0.8750000000
72624  28.344  1.401  -1.449 0.8750000000
129783  30.595  -0.561  -1.101 0.7500000000
72608  29.592  0.432  -1.328 0.8750000000
73568  29.308  1.211  -1.502 0.8750000000
73582  29.746  1.772  -2.011 0.8750000000
133236  29.218  2.549  -2.371 0.8750000000
117966  33.416  -1.781  -2.911 0.3750000000
70635  32.826  -1.329  -2.355 0.5000000000
71699  32.456  -0.663  -2.661 0.5000000000
72606  31.191  0.087  -1.675 0.6250000000
70651  33.712  -1.549  -3.821 0.2500000000
70652  33.021  -1.131  -3.240 0.3750000000
71700  31.877  -0.236  -2.119 0.5000000000
77218  21.706  5.138  -3.866 0.6250000000
77217  23.302  5.185  -3.529 0.7500000000
76269  23.862  4.524  -3.262 0.8750000000
136552  27.038  2.384  -1.801 0.8750000000
74474  27.546  2.942  -1.980 0.7500000000
115844  28.397  2.387  -1.806 0.8750000000
72623  30.836  0.778  -2.027 0.6250000000
73567  30.111  1.043  -1.730 0.7500000000
71714  32.661  -0.459  -3.557 0.3750000000
72635  32.306  0.221  -3.916 0.5000000000
73597  30.659  1.705  -3.298 0.7500000000
71713  33.348  -0.887  -4.149 0.2500000000
76281  24.400  4.809  -3.626 0.8750000000
76268  25.097  4.288  -3.284 0.8750000000
75379  26.739  4.147  -2.988 0.8750000000
76280  25.205  4.588  -4.249 0.7500000000
75365  27.584  3.737  -2.772 0.8750000000
137835  28.958  3.212  -3.057 0.7500000000
72653  32.568  0.306  -6.144 0.2500000000
72646  31.824  0.810  -4.346 0.5000000000
72636  31.678  0.635  -3.369 0.5000000000
71723  33.786  -0.682  -5.213 0.2500000000
77231  22.931  5.585  -4.460 0.5000000000
77230  23.953  5.293  -4.111 0.7500000000
77229  24.639  4.892  -4.954 0.7500000000
75389  26.440  4.155  -4.953 0.7500000000
76279  25.908  4.295  -3.614 0.7500000000
76291  25.130  4.586  -5.700 0.7500000000
75378  27.221  4.087  -3.869 0.7500000000
75388  27.889  3.591  -4.710 0.7500000000
129556  26.833  3.772  -5.532 0.7500000000
74495  30.134  2.312  -5.022 0.5000000000
74504  29.307  2.647  -5.806 0.3750000000
125680  28.890  3.319  -4.012 0.6250000000
72654  31.906  0.850  -5.453 0.2500000000
73615  30.681  1.727  -5.479 0.3750000000
74503  29.963  2.002  -6.230 0.3750000000
77245  22.986  5.605  -6.560 0.6250000000
77244  23.965  5.285  -5.685 0.7500000000
76292  24.734  4.734  -6.550 0.7500000000
76303  25.285  4.477  -6.577 0.7500000000
75400  26.066  3.914  -6.265 0.7500000000
74512  29.071  2.347  -7.077 0.3750000000
75398  27.354  3.268  -6.378 0.3750000000
126194  31.891  0.756  -6.709 0.1250000000
73625  30.478  1.518  -8.197 0.1250000000
73621  29.890  1.697  -7.472 0.2500000000
77258  23.871  5.453  -7.142 0.7500000000
76302  25.817  4.241  -6.749 0.7500000000
118096  27.902  2.347  -7.936 0.2500000000
74505  28.138  2.721  -6.790 0.3750000000
116361  31.125  1.614  -8.517 0.1250000000
73629  30.068  1.902  -8.479 0.1250000000
73624  31.506  0.981  -8.531 0.1250000000
77259  22.683  5.844  -7.836 0.6250000000
77272  22.822  6.037  -8.097 0.6250000000
77257  24.965  4.718  -6.840 0.3750000000
75409  26.776  3.430  -7.343 0.2500000000
75399  26.542  3.598  -6.780 0.3750000000
74526  28.537  2.644  -8.479 0.1250000000
74521  27.272  2.559  -8.150 0.3750000000
74513  27.155  2.686  -7.655 0.3750000000
74520  32.102  2.289  -8.523 0.1250000000
73622  28.588  2.346  -8.207 0.1250000000
78180  24.140  6.573  -6.506 0.3750000000
78191  23.528  5.976  -7.436 0.3750000000
78189  25.560  5.042  -6.675 0.3750000000
78190  24.494  5.431  -6.886 0.3750000000
77256  26.021  4.445  -6.775 0.3750000000
129428  25.532  4.506  -6.654 0.3750000000
120522  26.907  3.881  -7.305 0.3750000000
76316  26.178  3.969  -7.238 0.3750000000
76324  29.505  4.057  -8.738 0.1250000000
75419  27.831  2.670  -8.394 0.1250000000
76315  27.606  3.590  -7.719 0.2500000000
75425  30.216  3.108  -8.519 0.1250000000
78179  25.182  6.030  -6.088 0.2500000000
78178  26.181  5.808  -5.450 0.2500000000
138975  27.654  5.144  -5.942 0.1250000000
77243  26.742  5.161  -6.083 0.3750000000
76301  28.055  4.336  -7.197 0.1250000000
77255  27.078  4.458  -6.772 0.2500000000
77270  29.600  5.842  -8.114 0.1250000000
79116  24.769  7.207  -5.196 0.3750000000
77242  27.789  5.548  -5.066 0.1250000000
78177  27.227  5.804  -4.688 0.1250000000
116348  28.332  5.489  -5.491 0.1250000000
77228  27.983  5.869  -4.235 0.1250000000
77253  29.024  5.776  -5.890 0.1250000000
79104  27.294  7.128  -3.436 0.1250000000
78176  29.384  6.480  -4.934 0.1250000000
78163  28.512  6.333  -3.762 0.1250000000
130337  29.538  7.255  -7.734 0.1250000000
77281  29.736  6.978  -8.748 0.1250000000
59742  25.094  -11.562  1.899 0.8750000000
61726  28.556  -10.304  2.159 0.6250000000
119095  32.653  -2.711  -0.547 0.6250000000
72607  30.403  0.297  -1.478 0.8750000000
73580  31.098  1.076  -2.845 0.5000000000
71724  32.920  -0.304  -4.527 0.3750000000
76278  26.456  4.260  -3.987 0.7500000000
126528  28.250  3.621  -3.389 0.7500000000
73606  30.726  1.808  -4.357 0.5000000000
74484  30.181  2.336  -3.862 0.7500000000
73605  31.312  1.351  -4.870 0.5000000000
76314  28.937  4.498  -8.040 0.1250000000
77241  28.677  5.947  -4.643 0.1250000000
118564  29.485  6.214  -7.289 0.1250000000
65715  31.963  -7.026  0.103 0.5000000000
65716  31.216  -6.559  0.308 0.6250000000
65718  29.462  -6.382  0.553 0.7500000000
69608  33.345  -3.052  -0.885 0.3750000000
69622  33.008  -2.266  -1.163 0.3750000000
69645  34.080  -2.228  -3.468 0.2500000000
74472  30.059  2.180  -2.789 0.7500000000
56051  25.330  -16.512  4.390 0.7500000000
56052  24.315  -16.433  4.553 0.7500000000
56985  22.860  -15.591  4.362 0.7500000000
56050  26.274  -16.430  4.346 0.7500000000
56999  25.329  -15.163  3.547 0.7500000000
56981  27.455  -15.606  3.852 0.7500000000
58721  21.795  -13.441  3.930 0.6250000000
58738  23.204  -13.795  2.903 0.7500000000
136847  27.323  -13.178  3.094 0.7500000000
58734  27.448  -12.860  2.958 0.6250000000
60745  27.833  -11.972  2.591 0.6250000000
61712  28.972  -10.971  2.364 0.5000000000
124643  30.488  -10.358  1.902 0.3750000000
61725  29.395  -10.203  2.062 0.5000000000
62734  31.532  -9.581  1.212 0.1250000000
63722  33.084  -8.268  0.360 0.1250000000
132104  33.793  -8.119  -0.003 0.1250000000
64745  35.142  -7.702  -0.057 0.1250000000
64779  35.365  -7.403  -1.708 0.1250000000
65746  35.040  -7.047  -1.886 0.1250000000
65758  35.372  -6.646  -2.431 0.1250000000
66779  35.009  -5.392  -2.446 0.1250000000
67733  34.579  -5.069  -1.863 0.1250000000
68694  34.125  -3.261  -2.267 0.1250000000
69621  33.566  -2.744  -1.709 0.2500000000
70634  33.210  -2.000  -2.029 0.2500000000
72652  33.526  -0.077  -7.171 0.1250000000
72658  31.976  0.574  -8.029 0.1250000000
72663  32.932  0.892  -9.384 0.1250000000
74522  32.849  1.519  -8.946 0.1250000000
75415  31.430  3.332  -8.123 0.1250000000
137795  32.532  2.746  -8.007 0.1250000000
76323  30.042  4.553  -9.001 0.1250000000
77268  30.249  6.516  -8.622 0.1250000000
80088  23.649  9.231  -1.983 0.1250000000
79106  25.524  7.861  -4.158 0.2500000000
79105  26.417  7.349  -3.770 0.1250000000
79094  26.937  8.116  -3.237 0.1250000000
123219  29.266  6.522  -3.938 0.1250000000
78151  28.178  6.903  -3.191 0.1250000000
78188  29.488  6.648  -6.258 0.1250000000
78208  29.742  7.042  -8.825 0.1250000000
63712  27.571  -8.624  1.114 0.7500000000
70597  30.677  -1.979  -0.492 0.7500000000
69610  30.186  -2.805  -0.324 0.7500000000
130725  22.095  3.109  -3.291 0.3750000000
73584  27.528  1.999  -1.632 0.8750000000
60756  25.628  -10.867  1.753 0.8750000000
59728  22.454  -12.495  2.620 0.7500000000
126138  24.921  -10.993  1.504 0.8750000000
71683  29.857  -0.215  -1.113 0.8750000000
75355  25.665  3.228  -2.674 0.8750000000
75366  26.443  3.620  -2.520 0.8750000000
79125  23.121  7.353  -7.253 0.3750000000
80093  24.786  8.923  -4.302 0.1250000000
56984  23.795  -15.771  4.156 0.7500000000
56983  24.800  -15.838  4.013 0.7500000000
56982  25.763  -15.844  3.914 0.7500000000
119553  26.647  -15.769  3.892 0.7500000000
58720  22.488  -14.049  3.667 0.7500000000
57873  24.997  -14.529  3.164 0.7500000000
57891  24.022  -14.011  2.813 0.7500000000
58739  22.485  -13.320  3.145 0.7500000000
59713  21.467  -12.742  3.731 0.6250000000
131413  25.255  -12.700  2.356 0.8750000000
58735  26.313  -13.114  2.659 0.7500000000
58750  25.161  -12.099  2.232 0.8750000000
59740  26.535  -12.375  2.546 0.7500000000
59725  27.304  -12.418  2.695 0.7500000000
60755  26.218  -11.230  2.218 0.8750000000
62735  30.659  -9.744  1.441 0.2500000000
62737  29.008  -9.528  1.790 0.6250000000
63724  31.618  -8.368  0.516 0.5000000000
63723  32.332  -8.331  0.436 0.2500000000
63706  32.548  -8.758  0.830 0.1250000000
64763  34.063  -7.717  -0.810 0.1250000000
64762  34.936  -7.647  -1.009 0.1250000000
64764  33.496  -7.412  -0.665 0.1250000000
127063  32.447  -6.586  -0.238 0.5000000000
66753  33.334  -6.033  -0.607 0.1250000000
66751  33.980  -6.340  -1.087 0.1250000000
66741  32.010  -5.733  -0.172 0.5000000000
65747  34.467  -6.912  -1.466 0.1250000000
135432  34.252  -5.515  -1.305 0.1250000000
67734  34.105  -4.528  -1.081 0.1250000000
68648  32.477  -4.258  -0.151 0.6250000000
130325  33.617  -3.785  -0.717 0.1250000000
128402  31.990  -2.459  -0.374 0.6250000000
70596  31.574  -1.886  -0.566 0.6250000000
71682  31.531  -0.650  -1.412 0.6250000000
73581  30.442  1.444  -2.391 0.7500000000
74485  29.557  2.806  -3.375 0.7500000000
72622  31.483  0.416  -2.463 0.5000000000
74473  28.379  3.154  -2.484 0.7500000000
72645  32.470  0.317  -4.949 0.3750000000
74496  29.510  2.840  -4.540 0.6250000000
73596  31.266  1.289  -3.803 0.5000000000
132442  32.580  0.352  -7.237 0.1250000000
71729  33.179  -0.235  -5.700 0.2500000000
76290  25.740  4.366  -5.326 0.7500000000
75387  28.580  3.154  -5.349 0.6250000000
73614  31.252  1.245  -6.079 0.1250000000
121982  30.557  1.520  -6.568 0.3750000000
134329  28.988  2.238  -7.892 0.3750000000
73620  31.015  1.099  -7.502 0.1250000000
73626  29.523  2.008  -8.157 0.1250000000
75408  26.911  3.181  -7.371 0.3750000000
75410  26.129  3.818  -7.050 0.3750000000
135257  27.844  2.468  -8.286 0.2500000000
74524  30.162  2.365  -8.508 0.1250000000
133167  31.005  2.991  -8.435 0.1250000000
132667  32.308  1.048  -9.016 0.1250000000
74525  29.350  2.386  -8.382 0.1250000000
75420  27.131  2.830  -8.136 0.2500000000
75426  29.416  2.977  -8.615 0.1250000000
75418  28.882  3.229  -8.629 0.1250000000
75417  29.689  3.759  -8.817 0.1250000000
76313  30.199  5.401  -8.815 0.1250000000
76325  28.319  3.380  -8.322 0.1250000000
75416  30.300  3.813  -8.661 0.1250000000
78166  25.807  6.751  -4.683 0.2500000000
77254  28.266  5.021  -6.327 0.1250000000
77271  28.955  5.195  -7.060 0.1250000000
78165  26.775  6.496  -4.213 0.1250000000
78164  27.674  6.356  -3.824 0.1250000000
77269  29.908  6.636  -8.870 0.1250000000
56039  24.965  -17.150  4.934 0.7500000000
56053  23.308  -16.208  4.737 0.7500000000
59724  28.110  -12.451  2.725 0.6250000000
60743  29.384  -11.639  2.489 0.5000000000
67748  34.914  -4.618  -2.582 0.1250000000
67747  35.515  -5.073  -3.086 0.1250000000
68678  34.426  -4.124  -1.965 0.1250000000
72657  32.987  0.305  -8.288 0.1250000000
76312  30.110  5.674  -8.917 0.1250000000
57862  21.831  -14.820  4.722 0.5000000000
55072  26.631  -17.600  5.471 0.6250000000
56037  26.803  -16.854  4.899 0.6250000000
56035  28.430  -16.257  5.247 0.3750000000
56049  27.136  -16.246  4.367 0.6250000000
56979  28.900  -15.112  4.284 0.2500000000
56980  28.207  -15.390  3.913 0.3750000000
61711  29.852  -10.770  2.207 0.3750000000
76271  21.724  4.747  -3.409 0.3750000000
77219  21.649  5.325  -3.143 0.2500000000
56038  25.944  -17.113  4.835 0.6250000000
117806  28.046  -13.890  3.227 0.5000000000
58718  27.741  -13.265  3.085 0.5000000000
59712  28.788  -12.798  2.840 0.3750000000
56023  28.671  -16.718  6.082 0.5000000000
56036  27.581  -16.569  5.006 0.6250000000
60744  28.530  -11.758  2.547 0.5000000000
53945  26.211  -18.203  5.824 0.6250000000
56987  21.479  -15.027  5.253 0.3750000000
56041  22.118  -15.876  5.872 0.3750000000
55073  25.690  -17.677  5.441 0.6250000000
56040  23.888  -16.946  5.328 0.6250000000
55056  28.213  -17.387  6.364 0.3750000000
55057  27.473  -17.643  5.911 0.5000000000
57863  21.404  -14.422  5.062 0.2500000000
56969  29.188  -15.569  5.191 0.2500000000
57860  28.508  -14.611  3.600 0.2500000000
58717  28.420  -13.354  3.084 0.3750000000
121933  29.707  -12.812  2.975 0.2500000000
60742  30.159  -11.372  2.423 0.2500000000
68642  17.517  -3.506  1.249 0.1250000000
70625  19.641  -1.740  -1.894 0.2500000000
132424  31.329  -10.298  1.823 0.2500000000
71691  21.186  -0.163  -2.999 0.3750000000
121199  20.010  -1.169  -1.796 0.2500000000
69601  17.628  -1.886  0.497 0.1250000000
67690  17.602  -4.427  1.590 0.2500000000
59714  20.907  -12.181  3.710 0.2500000000
70624  20.529  -0.644  -2.316 0.3750000000
56054  22.454  -15.825  5.057 0.5000000000
56986  22.103  -15.287  4.811 0.5000000000
56970  27.932  -16.027  4.412 0.5000000000
57861  27.609  -14.691  3.405 0.5000000000
61710  30.678  -10.888  2.212 0.2500000000
57875  21.904  -14.228  4.427 0.3750000000
58704  21.339  -13.733  4.705 0.3750000000
59723  28.798  -12.202  2.631 0.2500000000
133751  27.289  -17.131  5.384 0.5000000000
123013  28.530  -15.691  4.581 0.2500000000
57870  28.841  -13.997  3.320 0.3750000000
55071  27.934  -16.930  5.689 0.5000000000
56971  21.756  -15.456  5.481 0.3750000000
55074  24.804  -17.608  5.741 0.6250000000
53929  27.749  -18.191  6.617 0.3750000000
137956  29.366  -14.022  3.453 0.2500000000
122661  29.339  -12.318  2.677 0.2500000000
68612  16.895  -4.062  3.968 0.1250000000
53932  24.757  -18.162  6.459 0.5000000000
137402  27.015  -19.329  7.084 0.3750000000
53922  26.793  -19.117  6.628 0.5000000000
52771  24.621  -18.688  6.981 0.3750000000
55059  23.405  -17.344  6.767 0.5000000000
55075  23.209  -16.913  6.152 0.3750000000
52751  23.116  -18.422  8.628 0.1250000000
52762  24.123  -18.821  7.591 0.3750000000
119804  22.461  -16.355  6.355 0.2500000000
51584  23.805  -21.022  9.231 0.1250000000
52749  24.261  -19.782  7.981 0.2500000000
51601  25.155  -20.135  7.648 0.3750000000
53911  27.815  -18.881  8.009 0.2500000000
52759  26.510  -19.626  7.186 0.3750000000
52769  26.105  -19.390  6.608 0.5000000000
52738  22.842  -19.375  9.654 0.1250000000
52760  25.666  -19.681  7.110 0.3750000000
53924  22.895  -17.515  8.325 0.1250000000
55048  22.460  -16.706  7.679 0.1250000000
134384  22.879  -16.372  5.521 0.3750000000
53930  26.914  -18.405  6.121 0.3750000000
53946  25.525  -18.259  6.040 0.5000000000
53931  26.165  -18.866  6.189 0.5000000000
56042  21.549  -15.502  6.188 0.2500000000
53920  28.270  -18.302  7.499 0.2500000000
52770  25.388  -19.035  6.564 0.5000000000
53933  23.983  -17.947  7.127 0.5000000000
136383  27.233  -18.682  6.583 0.3750000000
52761  24.858  -19.395  7.288 0.3750000000
53923  23.497  -18.120  7.945 0.2500000000
55047  23.139  -17.386  7.507 0.1250000000
55060  22.739  -16.853  6.916 0.1250000000
55058  23.964  -17.558  6.197 0.5000000000
52750  23.421  -19.451  8.756 0.1250000000
138735  22.862  -18.690  9.230 0.1250000000
117646  23.590  -18.976  8.128 0.2500000000
53912  22.667  -17.802  9.184 0.1250000000
135763  22.176  -16.369  6.997 0.1250000000
52737  23.458  -20.165  9.203 0.1250000000
51595  24.075  -20.578  8.576 0.1250000000
52747  26.671  -19.867  8.027 0.2500000000
51594  24.776  -20.805  8.105 0.2500000000
51592  26.088  -20.446  8.385 0.2500000000
58722  21.171  -12.975  4.316 0.2500000000
52758  27.167  -19.378  7.633 0.2500000000
52748  25.944  -20.139  7.679 0.2500000000
51593  25.431  -20.599  8.040 0.2500000000
59688  20.262  -13.024  4.951 0.1250000000
74486  21.777  3.753  -3.306 0.1250000000
75369  21.778  4.148  -3.450 0.1250000000
75356  21.634  3.855  -2.955 0.1250000000
76259  21.731  4.469  -2.688 0.1250000000
77207  21.523  5.089  -2.359 0.1250000000
76252  21.945  4.832  -1.777 0.1250000000
128776  21.513  5.634  -1.749 0.1250000000
114919  21.809  3.251  -3.059 0.1250000000
77199  21.395  5.649  -0.939 0.1250000000
114515  21.736  2.195  -2.820 0.1250000000
70604  19.183  -1.406  -1.103 0.1250000000
56972  21.293  -15.160  5.807 0.1250000000
58691  20.328  -13.693  5.435 0.1250000000
71692  20.698  0.172  -2.213 0.1250000000
114512  21.845  2.934  -2.787 0.1250000000
76251  23.033  3.838  -0.228 0.1250000000
76242  21.505  5.478  -0.739 0.1250000000
78141  20.991  6.406  -0.067 0.1250000000
118506  21.276  6.199  -0.902 0.1250000000
60731  20.358  -11.367  3.306 0.1250000000
129780  20.385  -11.795  3.977 0.1250000000
57850  20.934  -13.980  5.267 0.1250000000
128436  20.422  -14.292  5.739 0.1250000000
59700  20.632  -12.578  4.436 0.1250000000
58705  20.778  -13.353  4.831 0.1250000000
120316  20.100  -13.325  5.361 0.1250000000
123923  22.295  4.242  -2.323 0.1250000000
78136  20.963  6.635  0.607 0.1250000000
55055  28.963  -17.148  6.780 0.1250000000
56022  29.440  -16.528  6.459 0.1250000000
56034  29.127  -16.213  5.780 0.1250000000
56959  29.770  -15.861  6.032 0.1250000000
57848  29.580  -14.807  4.753 0.1250000000
57859  29.341  -14.474  3.833 0.1250000000
58703  29.840  -13.993  3.679 0.1250000000
58716  29.302  -13.483  3.217 0.1250000000
59699  31.209  -12.502  3.967 0.1250000000
59711  30.522  -12.686  3.338 0.1250000000
60717  31.653  -11.838  3.791 0.1250000000
60730  30.173  -12.126  2.707 0.1250000000
60728  32.024  -11.214  3.473 0.1250000000
60729  31.439  -11.562  3.075 0.1250000000
61697  31.552  -10.957  2.573 0.1250000000
52746  27.399  -19.470  8.460 0.1250000000
52745  28.182  -19.118  8.801 0.1250000000
55035  28.990  -18.002  7.901 0.1250000000
55045  29.825  -16.992  7.265 0.1250000000
56021  30.239  -16.224  6.784 0.1250000000
56958  30.537  -15.479  6.367 0.1250000000
57846  30.984  -13.864  5.502 0.1250000000
118262  30.459  -13.707  4.442 0.1250000000
58702  31.263  -12.991  4.926 0.1250000000
60716  32.311  -11.474  4.378 0.1250000000
61709  32.123  -10.323  2.158 0.1250000000
62708  32.803  -9.896  2.732 0.1250000000
61696  32.378  -10.561  3.093 0.1250000000
131653  31.984  -9.956  1.543 0.1250000000
118751  28.498  -17.733  7.040 0.1250000000
60741  30.875  -11.561  2.604 0.1250000000
56968  30.054  -15.166  5.547 0.1250000000
59710  31.048  -12.124  3.140 0.1250000000
53910  28.632  -18.542  8.332 0.1250000000
52736  26.859  -19.988  8.909 0.1250000000
55046  29.117  -17.557  7.414 0.1250000000
57858  29.953  -14.339  4.268 0.1250000000
57847  30.277  -14.396  5.118 0.1250000000
58715  30.153  -13.352  3.523 0.1250000000
138269  30.728  -13.044  4.043 0.1250000000
59698  31.851  -12.175  4.689 0.1250000000
61680  32.705  -10.798  4.013 0.1250000000
52735  27.684  -19.639  9.296 0.1250000000
62707  33.607  -9.551  3.195 0.1250000000
53921  27.440  -18.847  7.135 0.3750000000
58733  28.075  -12.930  2.938 0.3750000000
58749  25.745  -12.515  2.386 0.7500000000
59741  25.485  -11.861  2.250 0.8750000000
60757  25.288  -11.245  1.793 0.8750000000
61724  30.035  -10.119  1.882 0.5000000000
62736  29.828  -9.585  1.625 0.6250000000
62753  25.488  -9.266  0.746 1.0000000000
63707  31.875  -8.986  0.685 0.5000000000
63726  25.393  -8.484  0.332 1.0000000000
63739  24.684  -7.868  -0.313 1.0000000000
64730  29.987  -8.234  0.801 0.7500000000
64766  25.504  -7.441  -0.270 1.0000000000
64768  24.250  -7.429  -0.796 1.0000000000
65719  28.112  -6.276  0.452 0.8750000000
65733  25.965  -6.444  -0.401 1.0000000000
65737  22.900  -6.893  -0.863 1.0000000000
65739  20.282  -6.228  -0.348 1.0000000000
65748  25.178  -5.832  -1.426 1.0000000000
65752  22.307  -6.278  -1.026 1.0000000000
66740  32.781  -6.127  -0.402 0.5000000000
66743  29.953  -5.863  0.392 0.8750000000
66756  25.561  -6.244  -0.917 1.0000000000
66766  26.041  -5.079  -1.171 1.0000000000
66769  24.092  -5.496  -2.214 1.0000000000
67717  33.696  -5.381  -0.756 0.1250000000
67719  30.014  -4.287  0.095 0.8750000000
67722  27.213  -4.630  -0.553 1.0000000000
67724  20.159  -4.737  -1.132 0.7500000000
68600  17.157  -3.757  4.714 0.1250000000
68628  16.688  -3.576  3.340 0.1250000000
68656  17.625  -2.976  0.766 0.2500000000
68670  26.283  -3.744  -1.197 1.0000000000
68671  18.934  -3.580  -1.042 0.6250000000
68679  33.909  -3.558  -1.386 0.1250000000
68681  24.993  -3.481  -2.304 1.0000000000
68683  20.819  -3.717  -2.410 0.6250000000
68698  20.590  -2.758  -2.668 0.8750000000
69609  31.192  -2.755  -0.228 0.6250000000
69613  27.286  -3.204  -0.847 1.0000000000
69615  18.281  -2.099  -0.622 0.5000000000
69624  28.196  -2.039  -0.956 1.0000000000
69635  33.774  -2.488  -2.590 0.2500000000
70572  17.640  -1.328  0.518 0.1250000000
70653  24.364  -1.032  -3.404 1.0000000000
71689  22.587  0.086  -4.488 0.8750000000
72621  32.089  0.002  -2.991 0.5000000000
73583  29.084  1.961  -1.651 0.8750000000
73628  32.900  1.054  -9.403 0.1250000000
74514  26.923  2.819  -7.877 0.3750000000
74523  31.121  2.276  -8.569 0.1250000000
77260  21.887  6.201  -8.188 0.5000000000
77273  22.162  6.392  -8.629 0.5000000000
77282  21.992  6.841  -9.110 0.5000000000
77286  29.739  6.949  -8.912 0.1250000000
78192  22.765  6.706  -8.005 0.3750000000
78193  21.411  7.072  -8.311 0.5000000000
78200  22.134  6.826  -8.891 0.5000000000
78201  21.817  7.241  -8.965 0.5000000000
78209  21.940  7.101  -9.089 0.5000000000
79131  21.778  7.627  -8.678 0.5000000000
119001  27.029  3.555  -2.356 0.8750000000
119930  27.078  -10.076  1.787 1.0000000000
122237  26.885  -13.146  2.975 0.7500000000
122336  16.874  -2.871  2.609 0.1250000000
122598  32.148  1.486  -8.833 0.1250000000
123326  16.718  -3.309  3.156 0.1250000000
123708  22.912  -3.040  -3.640 1.0000000000
126635  30.616  -6.076  0.337 0.6250000000
128820  30.368  -5.526  0.294 0.7500000000
131674  26.947  -15.162  3.505 0.7500000000
133382  32.499  0.735  -8.898 0.1250000000
136123  28.714  -17.887  7.478 0.1250000000
136634  24.800  -11.384  1.685 0.8750000000
138422  33.856  -7.947  -0.481 0.1250000000
138781  21.058  -4.357  -2.166 1.0000000000
138987  24.323  -2.258  -2.973 1.0000000000
138988  31.302  -3.450  -0.043 0.7500000000
139304  25.661  -5.590  -1.204 1.0000000000
