#!ascii label  , from subject sub-v1s2x0051478_ses-1 vox2ras=TkReg
1076
57799  23.488  -42.525  98.678 0.0000000000
159200  38.357  -25.431  82.300 0.0000000000
147567  46.414  -20.689  76.840 0.0000000000
71257  36.698  -30.368  91.221 0.0000000000
55811  30.977  -44.529  93.548 0.0000000000
53453  29.001  -45.817  96.595 0.0000000000
165355  43.799  -21.602  80.261 0.0000000000
80266  44.182  -23.105  84.203 0.0000000000
138159  34.380  -35.244  94.971 0.0000000000
56822  35.962  -44.547  91.781 0.0000000000
83790  49.848  -19.247  73.185 0.0000000000
148995  40.851  -18.941  74.197 0.0000000000
72407  32.379  -29.666  89.580 0.0000000000
79078  38.112  -25.576  88.460 0.0000000000
58847  27.985  -42.498  96.041 0.0000000000
55754  26.795  -44.779  98.101 0.0000000000
79209  41.794  -23.968  81.442 0.0000000000
82501  44.595  -21.915  82.526 0.0000000000
80296  41.909  -22.961  84.052 0.0000000000
62240  38.698  -39.077  90.617 0.0000000000
161244  33.088  -46.345  94.961 0.0000000000
55808  34.035  -45.607  92.913 0.0000000000
52345  35.464  -47.012  92.374 0.0000000000
88220  47.286  -16.011  72.908 0.0000000000
83806  47.251  -19.892  72.055 0.0000000000
85961  44.397  -17.019  73.231 0.0000000000
82594  42.038  -20.005  76.946 0.0000000000
82632  39.899  -20.549  74.776 0.0000000000
152184  43.677  -20.198  75.003 0.0000000000
81549  42.894  -21.504  72.970 0.0000000000
79288  45.609  -23.405  75.781 0.0000000000
140332  34.940  -32.576  93.863 0.0000000000
69163  32.833  -32.167  92.977 0.0000000000
73423  34.587  -29.106  92.401 0.0000000000
76790  34.648  -26.745  90.158 0.0000000000
74541  37.152  -27.391  90.776 0.0000000000
144438  40.559  -26.508  88.041 0.0000000000
73463  39.258  -28.891  89.441 0.0000000000
56792  30.945  -44.588  95.740 0.0000000000
80360  41.701  -22.430  78.156 0.0000000000
83714  45.379  -18.793  78.178 0.0000000000
82535  47.743  -20.723  79.790 0.0000000000
79207  47.264  -23.786  80.989 0.0000000000
59941  34.859  -39.954  93.147 0.0000000000
62213  36.413  -38.573  93.269 0.0000000000
65815  36.615  -35.620  92.877 0.0000000000
68057  37.033  -34.329  91.529 0.0000000000
69186  38.078  -31.876  89.510 0.0000000000
58892  33.949  -41.878  92.127 0.0000000000
57863  36.178  -42.747  90.918 0.0000000000
80461  50.288  -22.566  70.418 0.0000000000
85976  42.230  -17.071  73.018 0.0000000000
83797  42.424  -19.508  72.931 0.0000000000
80451  42.359  -22.513  71.152 0.0000000000
160580  38.519  -25.507  85.332 0.0000000000
79115  41.256  -24.472  86.133 0.0000000000
142789  43.431  -26.047  85.395 0.0000000000
56756  24.255  -44.035  99.203 0.0000000000
56770  25.568  -43.806  98.186 0.0000000000
54618  25.479  -45.021  98.625 0.0000000000
78072  39.654  -24.905  81.513 0.0000000000
151229  41.483  -23.624  82.849 0.0000000000
79194  40.142  -24.412  83.067 0.0000000000
52314  33.929  -46.990  93.720 0.0000000000
87069  45.240  -16.089  71.783 0.0000000000
87040  46.292  -16.345  73.006 0.0000000000
87051  44.236  -16.438  72.723 0.0000000000
83742  44.640  -19.189  76.260 0.0000000000
83752  42.407  -19.653  75.740 0.0000000000
82614  44.861  -20.476  75.654 0.0000000000
81538  44.380  -21.655  74.569 0.0000000000
70201  35.552  -31.270  92.417 0.0000000000
71231  34.852  -31.149  93.621 0.0000000000
72387  35.839  -29.524  91.807 0.0000000000
74525  35.635  -27.967  91.751 0.0000000000
73436  36.923  -28.367  91.031 0.0000000000
74556  38.242  -27.774  90.167 0.0000000000
71255  37.914  -29.652  90.430 0.0000000000
56794  29.461  -43.678  96.077 0.0000000000
54642  30.117  -45.495  96.372 0.0000000000
165655  31.586  -46.545  96.064 0.0000000000
79243  42.364  -23.329  79.240 0.0000000000
79262  41.514  -23.384  78.157 0.0000000000
81484  42.836  -21.732  79.079 0.0000000000
82575  43.359  -20.227  78.683 0.0000000000
82555  44.363  -20.093  79.678 0.0000000000
84778  46.795  -19.338  79.208 0.0000000000
83673  45.868  -19.737  80.452 0.0000000000
81399  44.643  -22.549  83.625 0.0000000000
158208  46.295  -22.254  82.182 0.0000000000
159043  45.893  -23.168  82.613 0.0000000000
78054  46.647  -24.707  81.863 0.0000000000
149607  45.573  -24.367  83.065 0.0000000000
59973  36.430  -40.228  91.112 0.0000000000
140697  35.616  -39.375  93.277 0.0000000000
59956  37.163  -39.576  91.677 0.0000000000
63450  37.452  -37.381  92.074 0.0000000000
66920  36.781  -34.832  92.218 0.0000000000
139199  34.647  -45.706  92.590 0.0000000000
56825  34.243  -43.961  91.652 0.0000000000
57850  35.250  -42.943  91.903 0.0000000000
146843  34.988  -42.064  92.044 0.0000000000
167109  36.157  -44.075  91.587 0.0000000000
85973  50.226  -16.968  72.950 0.0000000000
81555  50.205  -20.975  72.356 0.0000000000
82666  45.685  -20.176  71.104 0.0000000000
82631  40.531  -19.999  74.920 0.0000000000
139889  39.593  -20.198  74.073 0.0000000000
84863  40.069  -18.737  73.417 0.0000000000
84877  40.585  -18.194  71.984 0.0000000000
85964  41.239  -17.987  73.520 0.0000000000
84840  42.429  -18.008  73.529 0.0000000000
83773  42.010  -18.927  73.717 0.0000000000
79315  43.564  -23.281  73.275 0.0000000000
155338  42.819  -22.625  72.065 0.0000000000
64673  33.832  -36.589  94.885 0.0000000000
65805  32.928  -35.020  94.105 0.0000000000
71269  32.407  -30.563  91.591 0.0000000000
142279  32.633  -31.935  91.226 0.0000000000
77946  36.132  -26.187  89.277 0.0000000000
75720  35.418  -27.259  87.956 0.0000000000
76824  36.690  -26.177  87.681 0.0000000000
76856  37.534  -26.299  85.815 0.0000000000
77989  38.544  -25.409  87.182 0.0000000000
79134  40.208  -24.720  85.879 0.0000000000
79096  39.084  -25.335  87.342 0.0000000000
74597  41.465  -27.197  87.388 0.0000000000
158298  41.897  -26.419  86.842 0.0000000000
74612  43.409  -27.995  85.843 0.0000000000
74640  44.914  -27.839  84.478 0.0000000000
163212  27.516  -43.366  97.579 0.0000000000
54633  27.462  -45.268  97.479 0.0000000000
52282  28.082  -46.130  96.507 0.0000000000
53456  26.766  -45.578  97.448 0.0000000000
80333  43.095  -22.938  80.548 0.0000000000
81436  44.482  -21.271  81.297 0.0000000000
147827  43.386  -22.093  82.172 0.0000000000
81415  43.080  -22.123  83.820 0.0000000000
81390  43.377  -22.678  84.356 0.0000000000
55798  32.751  -44.951  94.625 0.0000000000
161332  32.697  -44.815  94.046 0.0000000000
54677  33.388  -45.805  94.304 0.0000000000
54689  34.451  -45.922  92.776 0.0000000000
54688  35.305  -46.076  92.165 0.0000000000
55817  36.144  -45.161  91.639 0.0000000000
52358  36.308  -46.828  91.232 0.0000000000
85957  48.619  -16.983  73.157 0.0000000000
83791  48.471  -19.424  72.755 0.0000000000
84856  47.572  -18.101  72.910 0.0000000000
84858  46.178  -18.280  72.558 0.0000000000
162548  44.700  -18.425  72.663 0.0000000000
81513  40.624  -21.982  76.379 0.0000000000
145148  41.064  -20.394  75.842 0.0000000000
147736  41.198  -19.952  75.220 0.0000000000
82629  42.293  -20.151  74.474 0.0000000000
82643  42.283  -20.720  73.627 0.0000000000
81540  43.073  -21.060  73.670 0.0000000000
80423  44.191  -22.300  73.899 0.0000000000
147197  34.643  -33.999  94.566 0.0000000000
157890  33.463  -33.878  94.169 0.0000000000
70172  34.356  -32.446  94.184 0.0000000000
145292  33.561  -30.524  93.178 0.0000000000
73439  32.949  -29.170  91.671 0.0000000000
74570  33.227  -28.202  89.956 0.0000000000
75651  33.914  -27.747  91.385 0.0000000000
76745  35.905  -26.848  91.160 0.0000000000
77914  37.138  -26.531  90.217 0.0000000000
77941  39.372  -25.664  88.266 0.0000000000
75677  38.795  -26.597  89.444 0.0000000000
165912  39.623  -27.861  89.011 0.0000000000
72415  40.809  -29.123  88.084 0.0000000000
58867  27.986  -42.513  94.956 0.0000000000
57826  29.770  -43.371  95.258 0.0000000000
56807  31.213  -43.985  94.818 0.0000000000
55776  31.877  -45.305  95.686 0.0000000000
51145  32.460  -47.688  95.036 0.0000000000
81504  42.251  -20.619  77.800 0.0000000000
83731  43.669  -18.947  77.026 0.0000000000
83740  46.195  -19.599  77.091 0.0000000000
83729  47.654  -19.847  77.707 0.0000000000
83690  48.339  -20.380  78.499 0.0000000000
80343  49.026  -22.315  78.845 0.0000000000
83624  46.401  -20.942  81.105 0.0000000000
80317  47.795  -22.361  80.299 0.0000000000
150263  33.224  -40.161  92.841 0.0000000000
61032  33.622  -39.248  93.692 0.0000000000
140402  35.133  -38.382  94.160 0.0000000000
64670  35.453  -36.679  94.493 0.0000000000
61028  37.248  -38.681  92.161 0.0000000000
63437  36.733  -37.096  92.909 0.0000000000
65804  35.833  -35.517  93.993 0.0000000000
66908  35.785  -34.080  93.519 0.0000000000
68047  36.148  -33.621  92.557 0.0000000000
139308  36.725  -32.161  91.228 0.0000000000
70214  37.813  -31.124  90.344 0.0000000000
69178  37.460  -32.749  90.257 0.0000000000
58891  34.455  -41.414  92.317 0.0000000000
58905  35.661  -41.015  91.042 0.0000000000
58922  36.677  -41.354  89.881 0.0000000000
55846  37.030  -44.130  90.794 0.0000000000
57879  37.215  -43.270  89.891 0.0000000000
80475  51.907  -22.680  70.052 0.0000000000
85992  42.857  -16.835  71.583 0.0000000000
87043  43.126  -16.935  73.139 0.0000000000
84860  43.340  -18.019  73.316 0.0000000000
83810  43.664  -19.492  71.861 0.0000000000
81558  41.961  -20.883  72.580 0.0000000000
81572  42.118  -21.236  71.616 0.0000000000
82679  42.583  -21.007  70.092 0.0000000000
160488  32.700  -33.581  92.460 0.0000000000
76886  37.287  -26.432  83.834 0.0000000000
78045  38.337  -25.532  83.760 0.0000000000
79165  40.301  -24.469  84.525 0.0000000000
80269  41.751  -23.628  84.975 0.0000000000
79132  43.404  -23.606  84.990 0.0000000000
77964  40.728  -25.228  87.288 0.0000000000
160273  43.018  -24.647  85.652 0.0000000000
78007  43.901  -24.377  84.703 0.0000000000
76866  44.981  -25.806  83.816 0.0000000000
70221  38.609  -30.847  89.699 0.0000000000
154231  40.080  -30.072  88.376 0.0000000000
57789  23.991  -43.218  98.992 0.0000000000
57781  23.561  -43.566  99.768 0.0000000000
57790  23.397  -42.913  99.488 0.0000000000
56771  24.686  -43.583  98.467 0.0000000000
56755  25.071  -44.400  98.789 0.0000000000
78073  38.879  -25.155  81.899 0.0000000000
78057  39.548  -24.818  82.457 0.0000000000
78058  38.843  -25.139  82.739 0.0000000000
87070  44.404  -16.266  72.076 0.0000000000
87088  43.764  -16.600  71.310 0.0000000000
83749  45.074  -19.872  76.181 0.0000000000
82613  45.553  -20.579  76.271 0.0000000000
152969  45.287  -21.154  75.792 0.0000000000
154371  46.142  -21.234  76.474 0.0000000000
159154  36.284  -31.364  91.594 0.0000000000
163888  35.871  -30.557  91.849 0.0000000000
73437  36.191  -28.462  91.594 0.0000000000
72386  36.774  -29.208  91.160 0.0000000000
72385  37.400  -29.005  90.714 0.0000000000
152204  37.401  -29.901  90.721 0.0000000000
54631  28.816  -45.544  96.718 0.0000000000
55765  29.414  -44.602  96.518 0.0000000000
53452  29.539  -45.775  96.478 0.0000000000
151083  29.344  -46.301  96.282 0.0000000000
80345  42.952  -22.633  79.649 0.0000000000
80344  43.380  -21.721  79.725 0.0000000000
81483  43.294  -20.982  79.235 0.0000000000
81466  43.848  -20.915  79.876 0.0000000000
83674  45.096  -19.861  80.319 0.0000000000
156379  44.453  -20.513  80.267 0.0000000000
80281  44.762  -23.147  83.963 0.0000000000
80294  45.703  -22.661  82.753 0.0000000000
80280  45.362  -23.176  83.341 0.0000000000
79177  45.783  -23.769  82.703 0.0000000000
79162  45.323  -23.756  83.414 0.0000000000
163835  36.990  -40.484  90.312 0.0000000000
59957  36.405  -39.917  92.003 0.0000000000
154095  37.225  -40.077  90.859 0.0000000000
55819  35.418  -45.105  92.102 0.0000000000
55820  35.026  -44.910  92.199 0.0000000000
56823  35.505  -44.101  91.852 0.0000000000
56824  34.854  -43.668  91.885 0.0000000000
56836  35.875  -43.466  91.610 0.0000000000
84836  49.931  -18.180  73.245 0.0000000000
83771  50.586  -18.087  73.081 0.0000000000
165272  50.421  -19.630  73.059 0.0000000000
82654  50.713  -20.291  72.752 0.0000000000
82655  49.776  -20.198  72.792 0.0000000000
83760  40.682  -19.528  74.463 0.0000000000
83774  40.177  -19.003  74.153 0.0000000000
84842  40.726  -18.516  73.730 0.0000000000
84841  41.497  -18.503  73.784 0.0000000000
83759  41.487  -19.441  74.137 0.0000000000
78190  43.562  -23.770  74.021 0.0000000000
79316  43.097  -23.452  72.924 0.0000000000
158323  33.985  -36.160  95.044 0.0000000000
144264  33.144  -35.754  94.479 0.0000000000
65795  33.330  -34.789  94.586 0.0000000000
71270  32.468  -30.019  90.866 0.0000000000
71283  32.355  -29.973  90.073 0.0000000000
77945  36.702  -26.086  89.200 0.0000000000
76802  36.460  -25.964  88.524 0.0000000000
77991  37.121  -25.591  87.975 0.0000000000
76823  37.481  -25.688  87.260 0.0000000000
159521  38.189  -25.423  87.660 0.0000000000
145460  38.879  -25.362  87.187 0.0000000000
79097  38.537  -25.426  87.658 0.0000000000
73484  42.442  -28.367  86.630 0.0000000000
74596  42.163  -27.487  86.809 0.0000000000
73493  43.095  -28.551  86.156 0.0000000000
73504  43.632  -28.705  85.690 0.0000000000
56769  26.510  -43.963  98.035 0.0000000000
57810  26.631  -42.592  97.265 0.0000000000
56768  27.414  -44.028  97.809 0.0000000000
56767  28.124  -44.321  97.437 0.0000000000
55753  27.488  -44.738  97.736 0.0000000000
53438  26.835  -45.375  97.645 0.0000000000
55742  26.866  -44.978  97.939 0.0000000000
78071  40.486  -24.744  81.163 0.0000000000
78087  40.665  -24.950  80.302 0.0000000000
78070  41.293  -24.546  80.819 0.0000000000
79222  42.027  -24.123  80.464 0.0000000000
79221  42.607  -23.551  80.975 0.0000000000
80320  43.062  -22.761  81.472 0.0000000000
79208  42.356  -23.284  81.860 0.0000000000
79178  41.704  -23.204  83.435 0.0000000000
80295  42.425  -22.573  83.391 0.0000000000
154264  42.507  -22.541  83.883 0.0000000000
81401  43.649  -22.195  84.017 0.0000000000
81402  42.792  -22.496  84.207 0.0000000000
54664  33.030  -45.905  94.985 0.0000000000
55785  32.968  -45.463  94.888 0.0000000000
54663  33.406  -46.198  94.365 0.0000000000
52346  34.936  -47.236  92.701 0.0000000000
53505  34.432  -46.660  93.158 0.0000000000
53515  34.877  -46.466  92.663 0.0000000000
160856  34.795  -46.197  92.621 0.0000000000
53514  35.404  -46.557  92.313 0.0000000000
53529  35.790  -46.201  91.864 0.0000000000
87067  47.069  -15.900  71.733 0.0000000000
87049  48.028  -15.927  72.715 0.0000000000
142027  48.848  -16.107  72.835 0.0000000000
87038  48.097  -16.270  73.034 0.0000000000
84838  48.226  -17.689  73.109 0.0000000000
87039  47.083  -16.374  73.045 0.0000000000
85960  45.551  -16.741  73.076 0.0000000000
85975  46.055  -17.386  72.993 0.0000000000
145217  45.193  -17.662  72.967 0.0000000000
84875  45.363  -18.715  72.325 0.0000000000
82605  41.386  -20.574  76.581 0.0000000000
81525  40.733  -21.124  76.264 0.0000000000
82616  42.741  -19.967  75.035 0.0000000000
82617  41.797  -19.820  75.418 0.0000000000
82628  43.297  -20.624  74.367 0.0000000000
81537  44.926  -21.758  75.318 0.0000000000
80422  44.610  -22.372  74.764 0.0000000000
153634  44.404  -22.886  74.373 0.0000000000
79289  44.864  -24.019  75.463 0.0000000000
68037  35.145  -33.373  93.863 0.0000000000
69140  34.510  -33.014  94.366 0.0000000000
69151  34.621  -32.401  94.099 0.0000000000
72363  34.605  -30.313  93.023 0.0000000000
71232  34.458  -30.886  93.492 0.0000000000
156016  34.112  -30.000  92.986 0.0000000000
72377  32.926  -29.776  92.512 0.0000000000
164192  33.898  -29.047  92.601 0.0000000000
74545  33.631  -28.295  91.652 0.0000000000
74528  34.212  -28.274  91.988 0.0000000000
74542  36.588  -27.495  91.182 0.0000000000
75647  35.875  -27.081  91.332 0.0000000000
158645  36.329  -26.904  91.062 0.0000000000
77915  36.601  -26.450  90.221 0.0000000000
164560  37.082  -26.806  90.580 0.0000000000
76773  38.314  -26.384  89.603 0.0000000000
74557  37.834  -27.309  90.383 0.0000000000
73448  38.622  -28.453  89.901 0.0000000000
74555  38.750  -27.777  89.708 0.0000000000
146318  39.771  -28.495  88.974 0.0000000000
74584  40.275  -27.991  88.518 0.0000000000
149311  40.385  -28.882  88.481 0.0000000000
58858  27.301  -42.352  95.692 0.0000000000
167058  27.376  -42.279  94.643 0.0000000000
149035  28.060  -42.520  95.534 0.0000000000
56793  30.227  -44.192  95.720 0.0000000000
57818  29.665  -43.476  95.639 0.0000000000
56802  30.373  -43.912  95.334 0.0000000000
56808  30.463  -43.784  94.900 0.0000000000
56801  31.084  -44.326  95.433 0.0000000000
55787  31.538  -44.798  95.506 0.0000000000
55777  31.143  -45.186  96.088 0.0000000000
161212  41.294  -22.129  77.504 0.0000000000
81505  41.663  -21.488  77.726 0.0000000000
82574  44.118  -19.548  78.812 0.0000000000
83716  43.472  -19.445  77.990 0.0000000000
83715  44.382  -18.811  77.860 0.0000000000
84808  45.173  -18.701  77.392 0.0000000000
84807  46.013  -18.933  77.717 0.0000000000
84813  47.081  -19.598  77.647 0.0000000000
84806  46.675  -19.281  77.967 0.0000000000
83670  47.556  -20.056  79.581 0.0000000000
83691  47.991  -20.113  79.136 0.0000000000
82554  48.041  -20.475  79.182 0.0000000000
82553  48.707  -21.541  78.821 0.0000000000
81465  48.197  -21.185  79.374 0.0000000000
82509  44.630  -21.577  81.793 0.0000000000
82522  45.215  -21.004  81.096 0.0000000000
82508  45.185  -21.517  81.754 0.0000000000
80305  46.929  -23.106  81.446 0.0000000000
81423  46.804  -22.207  81.495 0.0000000000
80318  47.489  -23.072  80.716 0.0000000000
80332  48.263  -22.749  79.855 0.0000000000
146697  47.790  -23.672  80.387 0.0000000000
59942  34.104  -40.236  93.169 0.0000000000
59943  33.632  -39.934  93.232 0.0000000000
61031  34.217  -39.622  93.542 0.0000000000
61013  35.862  -38.824  93.674 0.0000000000
62198  35.941  -38.173  93.790 0.0000000000
63440  35.455  -37.518  94.311 0.0000000000
166497  36.016  -37.664  93.740 0.0000000000
61060  38.038  -39.348  90.974 0.0000000000
61043  38.104  -39.053  90.998 0.0000000000
64697  37.117  -36.864  92.525 0.0000000000
63451  37.146  -37.531  92.452 0.0000000000
64698  36.675  -36.361  92.910 0.0000000000
64685  36.321  -36.673  93.392 0.0000000000
65803  36.291  -35.883  93.422 0.0000000000
66895  35.614  -34.757  94.090 0.0000000000
66894  36.234  -35.048  93.395 0.0000000000
68058  36.639  -34.110  91.984 0.0000000000
69170  36.579  -33.181  91.619 0.0000000000
160321  36.951  -33.652  91.324 0.0000000000
69169  37.092  -32.751  90.768 0.0000000000
140256  37.212  -33.598  90.846 0.0000000000
55809  33.477  -45.076  93.739 0.0000000000
55822  32.809  -45.243  93.024 0.0000000000
55821  33.841  -45.303  92.612 0.0000000000
57852  34.113  -42.873  91.873 0.0000000000
57853  33.553  -42.161  91.766 0.0000000000
141065  33.478  -41.405  92.126 0.0000000000
167015  33.751  -40.801  92.638 0.0000000000
57864  35.482  -42.169  91.394 0.0000000000
58904  36.084  -41.739  90.522 0.0000000000
57880  36.678  -42.375  89.950 0.0000000000
55832  36.683  -45.063  91.107 0.0000000000
56863  37.926  -43.401  89.306 0.0000000000
80446  51.405  -21.958  71.394 0.0000000000
142229  51.145  -22.416  70.638 0.0000000000
79348  50.169  -23.307  69.367 0.0000000000
83792  47.601  -19.080  72.530 0.0000000000
82618  40.073  -21.120  75.295 0.0000000000
81527  39.808  -21.454  74.746 0.0000000000
162144  39.602  -20.912  74.246 0.0000000000
85995  41.082  -17.756  72.417 0.0000000000
84876  41.185  -17.779  71.626 0.0000000000
85994  41.675  -17.366  72.336 0.0000000000
86010  41.931  -17.350  71.355 0.0000000000
85993  42.279  -16.958  72.265 0.0000000000
87053  42.926  -16.746  72.610 0.0000000000
84861  42.637  -18.591  73.367 0.0000000000
83796  43.152  -19.027  72.766 0.0000000000
83795  43.975  -18.665  72.667 0.0000000000
81550  42.161  -21.179  72.977 0.0000000000
151125  42.248  -21.703  70.870 0.0000000000
82668  42.198  -21.036  70.940 0.0000000000
81582  42.325  -21.498  70.278 0.0000000000
69153  33.177  -32.413  93.377 0.0000000000
68040  33.087  -33.144  93.262 0.0000000000
148884  32.866  -32.690  92.845 0.0000000000
75693  33.553  -27.831  89.633 0.0000000000
74614  35.720  -27.553  87.118 0.0000000000
76855  38.181  -25.679  85.928 0.0000000000
76868  37.458  -26.409  84.758 0.0000000000
76867  38.005  -25.806  85.095 0.0000000000
76885  37.884  -25.887  84.179 0.0000000000
78033  38.472  -25.515  84.612 0.0000000000
79180  39.458  -24.961  83.944 0.0000000000
78021  39.045  -25.223  85.162 0.0000000000
159556  40.312  -24.741  86.264 0.0000000000
79133  40.848  -24.448  85.624 0.0000000000
80245  41.197  -24.371  85.777 0.0000000000
80253  42.439  -23.551  85.239 0.0000000000
80243  42.450  -23.820  85.501 0.0000000000
163117  39.779  -26.216  88.565 0.0000000000
156053  39.945  -25.421  87.630 0.0000000000
76785  41.009  -26.087  87.597 0.0000000000
143798  43.055  -26.382  85.868 0.0000000000
76800  41.985  -25.465  86.587 0.0000000000
76821  43.098  -25.318  85.680 0.0000000000
77986  43.444  -24.530  85.265 0.0000000000
76840  43.637  -25.244  85.057 0.0000000000
78031  44.839  -24.880  83.899 0.0000000000
78020  44.319  -25.306  84.408 0.0000000000
142494  45.265  -27.363  84.077 0.0000000000
157096  38.117  -31.333  90.016 0.0000000000
70231  38.349  -31.433  89.580 0.0000000000
57796  26.115  -43.116  97.750 0.0000000000
55755  25.929  -44.664  98.392 0.0000000000
55743  26.074  -45.012  98.324 0.0000000000
55744  25.252  -44.923  98.867 0.0000000000
78088  39.863  -25.114  80.641 0.0000000000
162761  41.036  -24.359  81.555 0.0000000000
79210  41.194  -23.982  82.181 0.0000000000
78056  40.379  -24.434  82.130 0.0000000000
79193  40.824  -24.008  82.888 0.0000000000
147626  40.743  -24.088  83.608 0.0000000000
51143  33.395  -47.441  94.074 0.0000000000
52315  33.439  -46.831  94.338 0.0000000000
52332  33.931  -47.240  93.621 0.0000000000
51158  34.444  -47.480  93.080 0.0000000000
88234  46.470  -15.853  72.291 0.0000000000
88210  46.692  -16.052  72.904 0.0000000000
88222  45.994  -15.940  72.663 0.0000000000
87041  45.684  -16.201  72.831 0.0000000000
147322  44.812  -16.492  72.892 0.0000000000
83744  42.800  -19.446  76.414 0.0000000000
83743  43.767  -19.014  76.179 0.0000000000
83750  44.238  -19.773  75.677 0.0000000000
82627  44.109  -20.896  74.593 0.0000000000
81524  44.666  -21.061  75.126 0.0000000000
69162  35.205  -31.993  93.189 0.0000000000
70187  34.801  -31.695  93.806 0.0000000000
70202  35.053  -30.987  93.290 0.0000000000
146319  34.923  -30.230  92.918 0.0000000000
160379  35.139  -29.225  92.246 0.0000000000
74526  34.951  -28.579  92.016 0.0000000000
73421  35.410  -28.782  92.032 0.0000000000
147414  37.039  -28.098  90.919 0.0000000000
74540  37.769  -27.998  90.473 0.0000000000
73435  37.449  -28.297  90.666 0.0000000000
145626  38.243  -29.065  90.247 0.0000000000
72395  38.740  -29.343  89.848 0.0000000000
57819  29.018  -43.072  95.974 0.0000000000
56783  29.148  -44.012  96.542 0.0000000000
56782  29.777  -44.315  96.144 0.0000000000
55763  30.584  -45.128  96.247 0.0000000000
160888  31.355  -45.498  96.072 0.0000000000
158605  30.859  -45.639  96.326 0.0000000000
78104  41.505  -24.553  79.071 0.0000000000
79244  41.862  -23.834  78.799 0.0000000000
155125  41.934  -23.093  78.663 0.0000000000
80359  42.379  -22.504  78.834 0.0000000000
81485  42.229  -21.601  78.401 0.0000000000
82556  43.760  -20.354  79.280 0.0000000000
83693  45.607  -18.955  79.003 0.0000000000
150513  46.560  -19.246  78.888 0.0000000000
141437  45.763  -19.236  79.832 0.0000000000
84761  46.409  -19.288  79.884 0.0000000000
83672  46.531  -19.679  80.237 0.0000000000
82488  44.615  -22.204  83.136 0.0000000000
82500  45.181  -21.965  82.447 0.0000000000
81411  45.841  -22.019  82.434 0.0000000000
80293  46.374  -22.804  82.143 0.0000000000
79190  46.743  -23.945  81.593 0.0000000000
79191  46.329  -24.076  82.142 0.0000000000
78055  46.103  -24.512  82.493 0.0000000000
76899  46.354  -25.248  82.402 0.0000000000
59974  35.685  -40.406  91.807 0.0000000000
59940  35.823  -39.830  92.643 0.0000000000
61046  36.707  -39.351  92.419 0.0000000000
61029  36.880  -38.876  92.720 0.0000000000
62226  38.133  -38.664  91.068 0.0000000000
65814  37.068  -36.117  92.427 0.0000000000
66906  36.890  -35.411  92.347 0.0000000000
65821  37.242  -35.742  91.960 0.0000000000
66919  37.137  -35.060  91.707 0.0000000000
138672  34.575  -44.789  92.130 0.0000000000
57851  34.565  -42.467  92.065 0.0000000000
56835  36.361  -43.712  91.240 0.0000000000
82653  51.601  -20.357  72.557 0.0000000000
81566  50.719  -21.549  71.903 0.0000000000
80447  50.289  -22.114  71.072 0.0000000000
83807  46.388  -19.860  71.673 0.0000000000
83761  39.971  -19.727  74.448 0.0000000000
83775  39.736  -19.427  73.791 0.0000000000
83799  39.662  -19.346  72.893 0.0000000000
84862  40.678  -18.112  73.000 0.0000000000
85977  41.468  -17.611  73.045 0.0000000000
85963  42.560  -17.394  73.236 0.0000000000
162195  41.915  -17.708  73.453 0.0000000000
80434  43.805  -22.657  73.169 0.0000000000
144914  43.314  -22.299  72.691 0.0000000000
80440  43.354  -22.944  72.699 0.0000000000
160114  33.473  -37.409  94.317 0.0000000000
70216  32.395  -31.261  92.237 0.0000000000
151107  32.512  -31.935  91.984 0.0000000000
70224  32.438  -31.242  91.380 0.0000000000
70232  32.503  -31.254  90.395 0.0000000000
76789  35.096  -26.492  89.852 0.0000000000
75702  34.651  -27.115  89.028 0.0000000000
159819  35.797  -26.200  88.962 0.0000000000
76825  35.959  -26.511  88.294 0.0000000000
75738  36.487  -26.965  87.018 0.0000000000
152648  36.819  -27.012  86.214 0.0000000000
76842  37.117  -26.260  86.755 0.0000000000
76841  37.745  -25.838  86.539 0.0000000000
78022  38.740  -25.371  85.945 0.0000000000
148011  39.209  -25.129  85.856 0.0000000000
78008  38.949  -25.274  86.494 0.0000000000
149743  39.727  -24.993  86.369 0.0000000000
160548  40.625  -24.663  86.360 0.0000000000
75690  40.893  -26.981  87.848 0.0000000000
149310  41.196  -26.442  87.499 0.0000000000
75718  42.625  -26.851  86.370 0.0000000000
75717  43.609  -27.114  85.487 0.0000000000
75737  43.940  -26.313  84.897 0.0000000000
75756  44.284  -27.477  84.927 0.0000000000
58848  27.201  -42.331  96.180 0.0000000000
58838  27.012  -42.335  96.738 0.0000000000
57808  28.193  -43.065  96.839 0.0000000000
55752  28.225  -45.011  97.240 0.0000000000
53454  28.326  -45.659  96.797 0.0000000000
52265  28.277  -46.093  96.547 0.0000000000
53455  27.546  -45.553  97.179 0.0000000000
52266  27.431  -45.850  96.950 0.0000000000
54617  26.193  -45.262  98.015 0.0000000000
79234  42.044  -24.063  79.570 0.0000000000
79233  42.638  -23.544  80.050 0.0000000000
81449  43.509  -22.258  80.300 0.0000000000
81448  44.207  -21.097  80.593 0.0000000000
162090  43.634  -22.195  81.462 0.0000000000
81437  43.985  -21.690  81.814 0.0000000000
81425  43.862  -21.793  82.623 0.0000000000
79192  42.050  -23.100  82.696 0.0000000000
142154  43.134  -21.990  83.019 0.0000000000
81413  44.181  -21.849  82.783 0.0000000000
147456  44.006  -21.982  83.542 0.0000000000
81389  43.817  -22.595  84.204 0.0000000000
80267  44.064  -23.032  84.250 0.0000000000
59988  37.963  -40.212  90.575 0.0000000000
55799  32.000  -44.508  94.619 0.0000000000
55810  31.957  -44.705  93.814 0.0000000000
55797  33.414  -45.436  94.106 0.0000000000
53494  33.859  -46.473  93.699 0.0000000000
54676  33.816  -46.135  93.651 0.0000000000
55796  33.864  -45.869  93.459 0.0000000000
55807  35.043  -45.792  92.353 0.0000000000
55818  35.617  -45.398  91.954 0.0000000000
54700  35.812  -45.713  91.812 0.0000000000
155591  36.294  -45.796  91.378 0.0000000000
53541  36.636  -46.337  90.889 0.0000000000
85956  49.581  -17.134  73.139 0.0000000000
84837  48.997  -17.859  73.203 0.0000000000
145936  49.177  -19.651  72.926 0.0000000000
84855  48.315  -18.522  73.015 0.0000000000
84857  46.994  -18.442  72.540 0.0000000000
85959  46.562  -16.889  73.085 0.0000000000
85974  46.827  -17.684  72.879 0.0000000000
83793  46.744  -19.117  72.198 0.0000000000
83794  46.024  -19.126  72.101 0.0000000000
83808  45.498  -19.481  71.671 0.0000000000
83809  44.624  -19.229  71.885 0.0000000000
81526  40.302  -21.620  75.702 0.0000000000
151298  40.463  -20.963  75.724 0.0000000000
82604  41.850  -19.889  76.167 0.0000000000
149595  40.458  -20.542  75.339 0.0000000000
82630  41.599  -19.788  74.507 0.0000000000
81548  43.682  -21.882  73.246 0.0000000000
81539  43.898  -21.399  73.934 0.0000000000
79304  44.068  -23.098  73.791 0.0000000000
79303  44.165  -23.608  74.675 0.0000000000
66884  34.265  -34.445  94.836 0.0000000000
66885  33.844  -34.622  94.872 0.0000000000
68026  33.994  -33.903  94.676 0.0000000000
69141  34.190  -33.115  94.440 0.0000000000
70189  33.399  -31.789  93.514 0.0000000000
70188  34.514  -31.675  93.877 0.0000000000
71234  33.725  -31.197  93.565 0.0000000000
71235  33.123  -31.062  93.199 0.0000000000
150964  32.572  -30.245  92.561 0.0000000000
149739  32.497  -29.977  91.710 0.0000000000
73451  32.598  -29.404  90.660 0.0000000000
73475  32.627  -28.948  89.678 0.0000000000
166170  32.973  -28.613  90.807 0.0000000000
74558  33.337  -28.186  90.743 0.0000000000
75678  34.073  -27.341  90.645 0.0000000000
75633  35.138  -27.927  91.758 0.0000000000
75663  34.804  -27.083  91.275 0.0000000000
76775  34.822  -26.611  90.412 0.0000000000
147306  35.752  -26.392  90.216 0.0000000000
77926  36.674  -26.272  89.823 0.0000000000
77943  37.954  -25.869  89.216 0.0000000000
155201  38.472  -25.678  88.711 0.0000000000
142501  38.455  -25.948  89.173 0.0000000000
75676  39.305  -26.895  89.224 0.0000000000
75661  38.612  -27.205  89.790 0.0000000000
74569  39.204  -27.493  89.349 0.0000000000
146279  40.397  -27.164  88.342 0.0000000000
74583  40.920  -27.690  87.874 0.0000000000
73474  40.926  -28.550  87.882 0.0000000000
56815  30.334  -43.926  94.126 0.0000000000
57827  29.077  -42.995  95.548 0.0000000000
57834  29.721  -43.416  94.639 0.0000000000
56814  31.222  -44.161  94.431 0.0000000000
56800  31.827  -44.591  95.103 0.0000000000
55786  32.282  -45.139  95.258 0.0000000000
53482  32.727  -46.218  95.550 0.0000000000
54653  32.098  -45.843  95.871 0.0000000000
52297  32.584  -46.749  95.637 0.0000000000
53495  32.879  -46.786  95.209 0.0000000000
81512  41.129  -21.477  76.992 0.0000000000
82595  41.647  -20.789  77.244 0.0000000000
82593  42.812  -19.671  77.374 0.0000000000
84817  44.305  -18.872  76.610 0.0000000000
83741  45.436  -19.418  76.659 0.0000000000
83748  45.848  -20.071  76.782 0.0000000000
166096  47.104  -20.624  77.045 0.0000000000
82603  46.806  -20.151  77.168 0.0000000000
83738  48.052  -20.298  77.349 0.0000000000
159052  48.504  -20.645  77.270 0.0000000000
84796  47.271  -19.504  78.609 0.0000000000
83713  48.123  -19.935  78.223 0.0000000000
82536  45.329  -20.370  80.840 0.0000000000
83652  46.146  -20.240  80.685 0.0000000000
83651  46.759  -20.229  80.507 0.0000000000
82506  46.371  -21.712  81.715 0.0000000000
150387  46.837  -21.433  81.207 0.0000000000
82520  47.500  -20.983  80.343 0.0000000000
81464  48.391  -22.067  79.541 0.0000000000
59944  32.951  -39.575  92.717 0.0000000000
61017  33.210  -38.710  93.733 0.0000000000
61014  35.028  -39.187  93.681 0.0000000000
61015  34.322  -38.988  94.056 0.0000000000
62200  33.654  -38.001  94.267 0.0000000000
63426  33.779  -37.279  94.646 0.0000000000
63424  34.946  -37.008  94.940 0.0000000000
64671  35.041  -36.246  94.981 0.0000000000
61061  37.620  -39.242  91.484 0.0000000000
61045  37.277  -39.070  92.048 0.0000000000
62212  36.813  -38.359  92.762 0.0000000000
161223  37.474  -37.940  91.989 0.0000000000
63452  36.753  -37.759  92.833 0.0000000000
62197  36.413  -38.018  93.314 0.0000000000
63439  35.880  -37.055  93.866 0.0000000000
65791  35.488  -35.937  94.526 0.0000000000
65792  35.026  -35.544  94.861 0.0000000000
66883  35.412  -35.316  94.453 0.0000000000
68038  35.033  -33.930  94.217 0.0000000000
145885  36.607  -35.097  92.762 0.0000000000
66907  36.432  -34.520  92.802 0.0000000000
69161  35.447  -33.073  93.216 0.0000000000
69160  35.914  -32.426  92.173 0.0000000000
164184  36.957  -31.298  90.982 0.0000000000
71256  37.432  -30.806  90.669 0.0000000000
70215  37.338  -31.692  90.625 0.0000000000
70223  37.621  -31.938  90.252 0.0000000000
70222  37.846  -31.973  89.893 0.0000000000
68067  37.371  -33.553  90.382 0.0000000000
69187  37.708  -32.639  89.806 0.0000000000
55823  31.695  -45.024  92.806 0.0000000000
54701  33.204  -45.389  91.825 0.0000000000
59960  33.177  -40.774  92.289 0.0000000000
59959  34.337  -40.623  92.803 0.0000000000
58890  35.164  -41.269  91.889 0.0000000000
59958  34.991  -40.568  92.451 0.0000000000
159733  36.216  -40.854  90.391 0.0000000000
55833  36.390  -44.464  91.440 0.0000000000
56848  36.681  -43.231  90.574 0.0000000000
56847  37.712  -44.193  89.904 0.0000000000
79347  51.220  -23.151  69.343 0.0000000000
87071  43.601  -16.511  72.276 0.0000000000
87052  43.559  -16.651  72.857 0.0000000000
149794  43.152  -17.402  73.265 0.0000000000
84839  43.727  -17.368  73.287 0.0000000000
84859  44.224  -17.784  73.157 0.0000000000
83819  43.326  -20.137  71.013 0.0000000000
82644  41.961  -20.356  73.508 0.0000000000
83798  41.915  -20.013  73.216 0.0000000000
81557  42.580  -21.731  72.277 0.0000000000
161503  42.175  -20.489  72.017 0.0000000000
83811  42.816  -19.891  71.916 0.0000000000
81592  42.867  -21.302  69.288 0.0000000000
140393  37.768  -25.895  82.224 0.0000000000
66897  33.291  -34.504  94.265 0.0000000000
66909  32.782  -34.465  93.355 0.0000000000
142667  36.941  -27.075  85.308 0.0000000000
154139  37.066  -26.510  83.099 0.0000000000
76900  37.673  -25.967  83.185 0.0000000000
78059  38.264  -25.499  82.946 0.0000000000
78043  39.491  -24.854  83.309 0.0000000000
79179  40.065  -24.529  83.910 0.0000000000
138248  40.801  -24.166  84.205 0.0000000000
79149  40.183  -24.563  85.067 0.0000000000
79164  40.929  -24.248  84.760 0.0000000000
80283  41.560  -23.596  84.558 0.0000000000
80268  42.307  -23.250  84.839 0.0000000000
80251  43.459  -23.181  84.557 0.0000000000
79147  43.758  -23.329  84.483 0.0000000000
79076  39.378  -25.407  87.692 0.0000000000
163265  39.896  -25.156  87.228 0.0000000000
79093  41.319  -24.749  86.567 0.0000000000
76801  41.473  -25.845  87.111 0.0000000000
77988  42.018  -24.789  86.330 0.0000000000
79114  42.055  -24.244  85.933 0.0000000000
79112  43.249  -24.151  85.404 0.0000000000
79131  43.758  -24.094  84.838 0.0000000000
79146  44.119  -23.640  84.437 0.0000000000
78030  45.078  -24.243  83.703 0.0000000000
78042  45.411  -25.138  83.343 0.0000000000
76883  45.939  -25.720  82.828 0.0000000000
75755  44.703  -26.700  84.338 0.0000000000
74661  45.716  -27.273  83.576 0.0000000000
163949  37.816  -30.414  90.454 0.0000000000
71267  38.721  -30.129  89.785 0.0000000000
72406  39.253  -29.687  89.379 0.0000000000
70230  38.988  -30.994  89.168 0.0000000000
71295  39.595  -30.462  88.708 0.0000000000
72405  39.695  -29.938  88.816 0.0000000000
72416  40.277  -29.579  88.405 0.0000000000
51159  33.785  -47.758  93.463 0.0000000000
51172  34.432  -47.879  92.841 0.0000000000
52280  31.109  -46.531  96.118 0.0000000000
52316  32.570  -47.196  95.405 0.0000000000
52330  34.953  -46.818  92.714 0.0000000000
52331  34.504  -47.050  93.179 0.0000000000
52371  36.945  -46.755  90.570 0.0000000000
53468  31.409  -46.097  96.169 0.0000000000
53469  30.437  -46.018  96.332 0.0000000000
53483  32.104  -46.517  95.904 0.0000000000
53528  36.166  -46.386  91.473 0.0000000000
54630  29.427  -45.410  96.534 0.0000000000
54632  28.107  -45.415  97.049 0.0000000000
54652  32.582  -45.643  95.451 0.0000000000
54675  34.347  -46.349  93.105 0.0000000000
55751  29.119  -44.867  96.730 0.0000000000
55764  29.811  -44.985  96.414 0.0000000000
56781  30.486  -44.662  96.014 0.0000000000
56785  27.936  -43.527  97.396 0.0000000000
57795  27.011  -43.238  97.701 0.0000000000
57798  24.268  -42.831  98.160 0.0000000000
57809  27.489  -42.865  97.195 0.0000000000
57820  28.409  -42.790  96.254 0.0000000000
58837  27.755  -42.580  96.561 0.0000000000
58846  28.562  -42.665  95.763 0.0000000000
58857  28.580  -42.656  95.377 0.0000000000
59972  37.827  -39.613  91.072 0.0000000000
61016  33.756  -38.688  94.075 0.0000000000
61030  36.324  -39.147  93.100 0.0000000000
61044  37.723  -38.780  91.675 0.0000000000
62186  34.695  -37.680  94.664 0.0000000000
62187  34.144  -37.687  94.665 0.0000000000
62199  34.283  -38.237  94.366 0.0000000000
62211  37.212  -38.135  92.314 0.0000000000
63425  34.263  -37.162  94.947 0.0000000000
63427  33.527  -36.801  94.581 0.0000000000
63438  36.359  -37.392  93.340 0.0000000000
63442  33.116  -37.147  94.077 0.0000000000
63464  37.864  -38.012  91.509 0.0000000000
64672  34.301  -36.346  95.061 0.0000000000
64674  33.630  -36.018  94.800 0.0000000000
64686  35.856  -36.285  93.951 0.0000000000
65783  34.130  -34.997  95.148 0.0000000000
65793  34.040  -35.686  95.027 0.0000000000
65794  33.969  -35.678  95.146 0.0000000000
65806  32.814  -35.178  93.740 0.0000000000
66875  33.673  -35.074  94.879 0.0000000000
66886  33.648  -34.378  94.609 0.0000000000
66896  34.942  -34.739  94.629 0.0000000000
66898  32.988  -34.525  93.844 0.0000000000
68024  34.637  -33.501  94.419 0.0000000000
68025  34.390  -33.625  94.586 0.0000000000
68027  33.763  -33.328  94.336 0.0000000000
68039  33.393  -33.205  93.791 0.0000000000
68048  32.810  -33.564  92.981 0.0000000000
68059  32.725  -32.760  92.397 0.0000000000
69142  34.029  -32.513  94.205 0.0000000000
69150  34.736  -33.114  94.210 0.0000000000
69152  33.610  -32.507  93.907 0.0000000000
69171  32.584  -31.972  92.601 0.0000000000
69185  38.545  -31.518  89.297 0.0000000000
70173  34.217  -31.983  94.005 0.0000000000
70174  33.915  -31.885  93.894 0.0000000000
70190  32.819  -31.610  93.120 0.0000000000
70203  32.523  -31.360  92.769 0.0000000000
71233  34.174  -31.371  93.771 0.0000000000
71245  35.312  -30.303  92.514 0.0000000000
71246  32.521  -30.849  92.908 0.0000000000
71258  32.445  -30.599  92.431 0.0000000000
71268  38.225  -30.503  90.176 0.0000000000
71281  39.159  -30.393  89.275 0.0000000000
71294  40.575  -29.842  87.917 0.0000000000
71297  32.189  -29.926  89.263 0.0000000000
72364  34.369  -30.232  93.001 0.0000000000
72365  33.893  -30.116  93.017 0.0000000000
72366  33.478  -29.904  92.822 0.0000000000
72367  32.957  -30.377  92.873 0.0000000000
72375  35.126  -29.536  92.398 0.0000000000
72376  34.903  -29.645  92.525 0.0000000000
72384  37.796  -28.850  90.483 0.0000000000
72388  32.672  -29.708  92.101 0.0000000000
72396  32.672  -29.477  91.396 0.0000000000
72397  32.475  -29.720  90.313 0.0000000000
73411  34.563  -29.697  92.652 0.0000000000
73412  34.329  -29.617  92.710 0.0000000000
73413  33.822  -29.566  92.782 0.0000000000
73422  35.041  -29.242  92.238 0.0000000000
73424  34.075  -28.916  92.526 0.0000000000
73425  33.465  -29.259  92.473 0.0000000000
73426  32.901  -29.315  92.004 0.0000000000
73438  33.307  -28.859  91.913 0.0000000000
73449  37.986  -28.337  90.371 0.0000000000
73450  32.806  -28.992  91.081 0.0000000000
73462  39.808  -29.261  88.931 0.0000000000
73464  32.688  -28.963  90.408 0.0000000000
73465  32.527  -29.397  89.945 0.0000000000
74527  34.574  -28.331  92.019 0.0000000000
74529  33.824  -28.621  92.219 0.0000000000
74543  36.035  -27.497  91.475 0.0000000000
74544  34.129  -28.067  91.782 0.0000000000
74546  33.203  -28.581  91.317 0.0000000000
74571  32.900  -28.553  90.224 0.0000000000
74613  42.840  -27.792  86.309 0.0000000000
74626  43.956  -28.174  85.364 0.0000000000
75632  35.614  -27.648  91.610 0.0000000000
75634  34.650  -27.963  91.794 0.0000000000
75646  36.822  -27.179  90.931 0.0000000000
75648  35.538  -27.278  91.462 0.0000000000
75649  34.848  -27.267  91.439 0.0000000000
75650  34.465  -27.553  91.497 0.0000000000
75662  37.333  -27.024  90.606 0.0000000000
75664  34.312  -27.233  91.040 0.0000000000
75665  33.753  -27.652  90.966 0.0000000000
75675  39.772  -27.313  88.862 0.0000000000
75679  33.650  -27.702  90.411 0.0000000000
75691  34.508  -27.028  89.621 0.0000000000
75692  34.125  -27.270  90.112 0.0000000000
75719  36.092  -26.956  87.651 0.0000000000
76744  36.415  -27.160  91.167 0.0000000000
76746  35.352  -26.837  91.179 0.0000000000
76756  37.635  -26.636  90.186 0.0000000000
76757  36.664  -26.740  90.666 0.0000000000
76758  36.225  -26.635  90.703 0.0000000000
76759  35.801  -26.567  90.707 0.0000000000
76760  34.867  -26.727  90.897 0.0000000000
76771  39.902  -26.621  88.629 0.0000000000
76772  39.023  -26.002  88.986 0.0000000000
76774  35.616  -26.343  89.881 0.0000000000
76776  34.522  -26.918  90.541 0.0000000000
76786  40.181  -26.098  88.220 0.0000000000
76787  39.705  -25.870  88.394 0.0000000000
76788  35.703  -26.264  89.411 0.0000000000
76803  35.267  -26.887  88.729 0.0000000000
76804  35.165  -26.556  89.352 0.0000000000
76822  42.539  -25.859  86.239 0.0000000000
76884  45.545  -26.224  83.343 0.0000000000
77916  36.239  -26.275  89.956 0.0000000000
77924  37.794  -26.285  89.697 0.0000000000
77925  37.223  -26.249  89.721 0.0000000000
77927  36.118  -26.274  89.759 0.0000000000
77940  40.330  -25.885  88.005 0.0000000000
77942  38.997  -25.729  88.577 0.0000000000
77944  37.357  -25.940  89.181 0.0000000000
77963  41.394  -25.268  86.911 0.0000000000
77965  37.464  -25.688  88.545 0.0000000000
77966  36.780  -25.950  88.588 0.0000000000
77967  36.171  -26.101  88.940 0.0000000000
77987  42.581  -25.024  86.072 0.0000000000
77990  37.591  -25.517  88.010 0.0000000000
78009  38.259  -25.511  86.759 0.0000000000
78032  38.986  -25.251  84.266 0.0000000000
78041  45.897  -24.971  82.820 0.0000000000
78044  38.864  -25.224  83.506 0.0000000000
78069  47.150  -24.516  81.233 0.0000000000
79077  38.730  -25.464  88.059 0.0000000000
79094  40.528  -24.905  86.915 0.0000000000
79095  39.911  -24.894  86.952 0.0000000000
79098  38.105  -25.437  87.921 0.0000000000
79113  42.918  -24.024  85.548 0.0000000000
79116  39.480  -25.155  86.820 0.0000000000
79117  39.003  -25.306  86.762 0.0000000000
79118  38.547  -25.423  87.401 0.0000000000
79135  39.484  -25.005  85.892 0.0000000000
79148  40.611  -24.478  85.358 0.0000000000
79150  39.611  -24.904  85.418 0.0000000000
79163  44.749  -23.506  83.964 0.0000000000
79166  39.671  -24.823  84.606 0.0000000000
79302  44.798  -23.092  75.078 0.0000000000
79336  49.775  -22.978  69.962 0.0000000000
80244  42.141  -24.115  85.737 0.0000000000
80252  43.026  -23.447  85.172 0.0000000000
80254  41.843  -23.848  85.319 0.0000000000
80255  41.398  -24.151  85.328 0.0000000000
80270  41.017  -24.215  84.856 0.0000000000
80282  42.270  -22.980  84.571 0.0000000000
80306  46.367  -23.470  82.123 0.0000000000
80307  42.725  -22.601  82.438 0.0000000000
80319  43.530  -22.478  80.928 0.0000000000
81388  44.188  -22.716  84.073 0.0000000000
81398  45.143  -22.717  83.435 0.0000000000
81400  44.169  -22.291  83.787 0.0000000000
81412  45.175  -22.367  83.026 0.0000000000
81414  43.719  -21.921  83.411 0.0000000000
81424  44.425  -21.563  81.985 0.0000000000
81434  47.334  -21.671  80.752 0.0000000000
81435  47.281  -22.482  80.946 0.0000000000
81447  47.837  -21.494  80.019 0.0000000000
81554  51.021  -20.937  72.402 0.0000000000
81571  42.466  -21.998  71.552 0.0000000000
82507  45.801  -21.526  81.750 0.0000000000
82521  47.099  -20.838  80.793 0.0000000000
82523  44.895  -21.102  81.250 0.0000000000
82537  44.804  -20.671  80.805 0.0000000000
82573  48.861  -21.019  78.134 0.0000000000
82612  47.275  -21.164  76.852 0.0000000000
82615  44.344  -20.482  75.156 0.0000000000
82645  39.449  -20.066  73.275 0.0000000000
82667  42.619  -20.564  71.019 0.0000000000
83625  45.720  -20.940  81.092 0.0000000000
83650  47.311  -20.345  80.203 0.0000000000
83653  45.646  -20.378  80.798 0.0000000000
83671  47.072  -19.761  79.982 0.0000000000
83692  47.297  -19.596  79.272 0.0000000000
83694  44.967  -19.372  79.411 0.0000000000
83712  48.614  -20.334  78.089 0.0000000000
83727  48.744  -20.791  77.350 0.0000000000
83728  48.215  -20.187  77.658 0.0000000000
83730  44.476  -18.753  77.091 0.0000000000
83739  47.404  -19.986  77.414 0.0000000000
83751  43.243  -19.524  75.599 0.0000000000
83772  49.123  -18.831  73.123 0.0000000000
83789  50.563  -18.826  73.154 0.0000000000
84760  46.821  -19.468  79.751 0.0000000000
84777  47.668  -19.697  78.599 0.0000000000
84779  46.284  -19.125  79.260 0.0000000000
84797  46.813  -19.322  78.540 0.0000000000
84798  46.244  -19.056  78.506 0.0000000000
84804  47.732  -19.711  78.095 0.0000000000
84805  47.047  -19.408  77.811 0.0000000000
84814  46.475  -19.327  77.430 0.0000000000
84815  45.816  -18.977  77.017 0.0000000000
84816  44.986  -18.863  76.749 0.0000000000
85955  50.268  -17.556  73.084 0.0000000000
85958  47.577  -17.074  73.112 0.0000000000
85962  43.651  -17.048  73.257 0.0000000000
87037  48.990  -16.479  73.050 0.0000000000
87042  43.930  -16.734  73.066 0.0000000000
87047  50.087  -16.626  72.617 0.0000000000
87050  45.157  -16.115  72.646 0.0000000000
88211  46.253  -16.051  72.896 0.0000000000
88221  46.644  -15.929  72.661 0.0000000000
88233  47.234  -15.856  72.464 0.0000000000
88235  45.792  -15.894  72.277 0.0000000000
138709  27.332  -42.319  95.140 0.0000000000
139379  44.501  -24.230  84.237 0.0000000000
139593  35.204  -28.535  91.995 0.0000000000
141998  46.821  -19.706  77.373 0.0000000000
142034  42.754  -20.867  78.600 0.0000000000
142373  37.887  -25.490  87.533 0.0000000000
142999  34.498  -35.823  95.043 0.0000000000
143130  33.948  -30.675  93.398 0.0000000000
144158  47.927  -15.872  72.061 0.0000000000
144295  35.371  -26.535  90.624 0.0000000000
144909  32.964  -35.780  94.127 0.0000000000
146278  41.649  -28.212  87.259 0.0000000000
146386  44.853  -18.946  78.656 0.0000000000
147333  39.187  -28.135  89.389 0.0000000000
147415  38.368  -29.764  90.148 0.0000000000
147493  45.250  -26.692  83.818 0.0000000000
149382  35.918  -28.013  91.690 0.0000000000
150079  50.717  -17.590  72.850 0.0000000000
150529  41.796  -23.614  82.218 0.0000000000
151409  32.823  -28.573  89.547 0.0000000000
151850  33.197  -39.425  93.240 0.0000000000
152187  42.970  -23.089  84.782 0.0000000000
153220  43.947  -21.830  80.942 0.0000000000
153323  43.540  -22.869  84.329 0.0000000000
153488  42.468  -21.669  69.512 0.0000000000
153545  33.182  -33.900  93.790 0.0000000000
153696  44.143  -21.930  83.043 0.0000000000
153742  30.010  -44.754  96.233 0.0000000000
155332  39.519  -30.751  88.668 0.0000000000
156027  35.309  -28.122  91.818 0.0000000000
157210  39.402  -26.352  88.898 0.0000000000
157513  36.664  -28.056  91.232 0.0000000000
157789  36.951  -26.729  90.845 0.0000000000
157877  41.341  -23.602  83.979 0.0000000000
158517  48.440  -20.887  78.807 0.0000000000
158675  38.106  -26.836  90.057 0.0000000000
158890  35.634  -28.213  91.827 0.0000000000
159646  32.969  -33.943  93.473 0.0000000000
159831  32.534  -30.116  92.305 0.0000000000
159891  42.637  -24.458  85.777 0.0000000000
160910  47.928  -23.052  80.203 0.0000000000
161213  29.344  -46.659  96.006 0.0000000000
161850  37.667  -38.542  91.650 0.0000000000
161936  40.053  -24.727  85.593 0.0000000000
162074  33.553  -28.067  91.232 0.0000000000
163332  43.132  -27.246  86.001 0.0000000000
163750  41.261  -23.894  84.400 0.0000000000
164188  42.864  -22.923  84.557 0.0000000000
164744  28.576  -45.062  97.016 0.0000000000
164889  35.454  -26.425  90.266 0.0000000000
165428  42.892  -20.135  78.108 0.0000000000
165940  41.237  -23.705  83.421 0.0000000000
166046  33.596  -35.429  94.819 0.0000000000
166171  32.555  -29.719  90.963 0.0000000000
