#!ascii label  , from subject sub-v1s2x0051478_ses-1 vox2ras=TkReg
1687
166591  30.686  -65.433  32.504 0.8999999762
33796  30.482  -66.057  32.779 0.8000000119
143612  31.088  -65.902  32.129 0.8000000119
141790  31.389  -67.303  31.555 0.6999999881
145737  31.527  -67.073  30.666 0.8000000119
161251  30.214  -65.294  32.919 0.8999999762
33795  31.038  -65.067  32.077 1.0000000000
34868  31.725  -64.663  30.851 1.0000000000
33825  31.644  -65.571  30.568 0.8999999762
32744  31.422  -66.321  31.246 0.8000000119
159822  31.632  -67.034  29.943 0.8000000119
32758  31.619  -66.377  30.227 0.8999999762
31764  31.655  -67.485  29.366 0.8000000119
31774  31.941  -67.272  28.556 0.6999999881
30727  31.611  -68.082  28.662 0.6999999881
149003  28.578  -64.923  33.097 0.8000000119
33783  29.527  -64.973  33.113 0.8999999762
34819  29.809  -64.176  32.848 0.8999999762
34820  29.086  -64.211  32.916 0.8999999762
34836  26.786  -64.367  32.302 0.8999999762
34834  31.028  -64.208  32.112 0.8999999762
35872  31.962  -63.882  30.807 1.0000000000
34887  32.049  -64.990  30.021 0.8999999762
34886  32.334  -64.516  29.400 1.0000000000
147562  32.228  -65.200  29.343 0.8999999762
33835  32.219  -65.781  28.911 0.8999999762
156039  31.525  -68.566  27.991 0.6999999881
152806  30.455  -62.812  32.571 0.8999999762
35819  29.472  -63.537  32.781 0.8999999762
35820  28.820  -63.567  32.784 0.8999999762
35835  27.531  -63.443  32.546 0.8999999762
160148  26.684  -64.019  32.023 0.8999999762
35833  30.733  -63.438  32.367 0.8999999762
35832  31.328  -63.368  31.873 0.8999999762
34867  32.208  -64.180  30.162 1.0000000000
33844  32.418  -65.720  28.026 0.8000000119
31789  32.257  -67.285  26.880 0.8000000119
32795  32.116  -66.965  25.869 0.8000000119
30743  31.421  -68.533  26.283 0.8000000119
30753  30.977  -68.203  25.586 0.8000000119
35834  28.259  -63.130  32.691 0.8999999762
35852  26.609  -63.609  31.629 0.8999999762
35873  26.485  -63.319  30.689 0.8999999762
166673  30.694  -62.366  32.517 0.8999999762
36866  26.707  -62.700  31.352 0.8999999762
36884  26.660  -62.416  30.365 0.8000000119
34888  26.175  -64.265  29.350 0.8000000119
36864  31.619  -62.711  31.718 0.8999999762
148637  26.523  -63.084  29.691 0.6999999881
35908  25.787  -63.659  27.548 0.6999999881
36863  32.165  -62.393  31.261 0.8999999762
35907  26.234  -62.804  27.681 0.6999999881
35921  25.729  -62.501  26.700 0.6999999881
36883  32.533  -62.496  30.485 1.0000000000
36938  25.309  -61.068  25.905 0.6000000238
35871  32.336  -63.302  30.368 1.0000000000
36908  32.670  -62.738  29.547 1.0000000000
35890  32.464  -63.642  29.420 1.0000000000
35906  32.467  -64.131  28.797 1.0000000000
34902  32.425  -64.921  28.588 0.8999999762
35920  32.570  -63.483  28.600 1.0000000000
146466  32.560  -64.112  27.946 0.8999999762
34916  32.497  -64.971  27.580 0.8000000119
33854  32.510  -65.707  27.114 0.8000000119
32794  32.429  -66.387  26.552 0.8000000119
32803  32.214  -66.105  25.684 0.8000000119
32804  31.579  -66.486  25.311 0.8000000119
32805  30.607  -66.440  24.863 0.8000000119
33870  31.369  -65.556  24.988 0.8000000119
33872  29.672  -65.642  24.514 0.8000000119
36843  30.234  -62.102  32.682 0.8999999762
145941  27.636  -62.574  32.429 0.8999999762
36844  29.337  -62.153  32.723 0.8999999762
149913  28.447  -62.287  32.632 0.8999999762
37872  27.820  -61.572  32.298 0.8999999762
37893  26.854  -61.816  31.049 0.8999999762
154782  31.624  -61.946  31.962 0.8999999762
149752  26.758  -62.042  29.102 0.6999999881
162229  32.199  -61.665  31.489 0.8999999762
163563  27.098  -61.115  28.981 0.6000000238
36937  26.118  -61.566  26.852 0.6000000238
150761  32.604  -61.756  30.847 1.0000000000
166624  24.534  -60.360  25.862 0.5000000000
37931  32.986  -61.874  29.996 1.0000000000
37967  24.909  -60.175  26.468 0.5000000000
37951  33.081  -61.925  28.924 1.0000000000
166882  32.590  -63.151  29.046 1.0000000000
146828  32.902  -62.219  27.975 1.0000000000
36925  32.655  -63.124  27.729 1.0000000000
35931  32.588  -63.781  27.144 0.8999999762
163823  32.451  -65.708  26.339 0.8000000119
34927  32.426  -64.117  26.203 0.8999999762
163225  32.382  -64.793  25.967 0.8000000119
33862  32.304  -65.326  25.748 0.8000000119
35940  32.238  -63.181  25.691 0.8999999762
34936  31.789  -63.918  25.164 0.8000000119
35952  31.462  -63.038  24.838 0.8999999762
34937  31.197  -64.583  24.767 0.8000000119
34938  29.422  -64.782  24.271 0.8000000119
158345  29.661  -63.976  24.052 0.8000000119
34948  28.886  -64.641  23.762 0.8000000119
37869  30.570  -61.271  32.682 0.8999999762
38903  30.978  -60.508  32.702 0.8999999762
38929  27.508  -60.448  31.195 0.6999999881
37909  26.918  -61.514  29.995 0.8000000119
37891  31.976  -61.136  31.932 0.8999999762
38928  31.756  -60.365  32.325 0.8999999762
38967  27.202  -60.202  28.347 0.6999999881
152851  26.431  -60.769  27.109 0.6000000238
156209  25.822  -60.533  26.451 0.6000000238
38986  27.230  -59.430  28.296 0.6999999881
39001  26.382  -59.505  27.225 0.6000000238
39003  25.555  -59.799  26.726 0.5000000000
38989  25.471  -59.720  27.501 0.5000000000
36939  24.310  -60.852  26.862 0.5000000000
37930  33.302  -61.132  29.527 1.0000000000
166650  33.167  -61.539  28.123 1.0000000000
37964  33.044  -61.581  27.366 1.0000000000
36936  32.752  -62.362  27.072 1.0000000000
151826  32.548  -63.164  26.676 0.8999999762
37963  33.301  -60.889  27.752 1.0000000000
36949  32.523  -62.418  26.163 0.8999999762
146070  32.420  -61.725  25.724 0.8999999762
36958  32.077  -62.389  25.379 0.8999999762
36970  30.958  -62.560  24.339 0.8999999762
35941  30.844  -63.847  24.515 0.8999999762
37994  32.196  -61.136  25.241 0.8999999762
36959  31.530  -62.169  24.768 0.8999999762
35953  30.459  -63.193  24.177 0.8999999762
37996  30.913  -61.841  24.130 0.8999999762
38904  30.078  -60.533  32.779 0.8999999762
37871  28.749  -61.425  32.642 0.8999999762
38907  27.746  -60.763  31.877 0.8999999762
38905  28.275  -60.676  32.346 0.8999999762
38906  27.958  -59.806  31.719 1.0000000000
161783  27.659  -59.681  30.779 0.8000000119
39960  30.544  -59.782  32.741 0.8999999762
37932  27.284  -60.631  29.537 0.6999999881
37890  32.512  -61.085  31.322 0.8999999762
150645  32.287  -60.563  31.782 0.8999999762
38966  27.419  -59.711  29.082 0.6999999881
40041  26.976  -58.988  28.109 0.6999999881
40042  26.410  -59.033  27.631 0.5000000000
37907  33.052  -60.983  30.503 1.0000000000
38969  25.487  -59.507  28.448 0.5000000000
37953  24.826  -60.751  28.126 0.5000000000
155476  33.357  -60.468  29.899 1.0000000000
38965  33.429  -60.364  29.141 1.0000000000
40040  33.486  -59.547  28.820 1.0000000000
38985  33.425  -60.234  28.272 1.0000000000
38999  33.358  -60.117  27.414 1.0000000000
40053  33.448  -59.437  27.915 1.0000000000
39000  33.138  -60.775  26.802 0.8999999762
39016  32.416  -60.333  25.359 0.8999999762
40085  32.128  -59.758  24.775 0.8999999762
37006  31.883  -62.274  21.412 0.6999999881
38037  31.342  -61.748  21.184 0.8000000119
37007  30.891  -62.467  21.467 0.8000000119
38038  30.240  -61.923  21.362 0.8000000119
39959  31.297  -59.836  32.652 0.8999999762
146716  31.099  -59.015  32.712 1.0000000000
163411  29.483  -59.666  32.616 1.0000000000
39961  28.619  -59.187  32.142 1.0000000000
39981  28.167  -58.900  31.500 0.6999999881
39982  27.820  -58.981  30.808 0.6999999881
38942  32.745  -60.357  31.232 0.8999999762
38927  32.371  -59.877  31.892 0.8999999762
40026  27.327  -58.949  28.718 0.6999999881
40043  26.105  -58.793  28.286 0.6000000238
40025  33.411  -59.732  29.721 1.0000000000
38941  33.188  -60.050  30.534 0.8999999762
40002  32.886  -59.547  31.265 0.8999999762
146861  25.118  -60.273  28.949 0.4000000060
40064  33.378  -59.375  27.076 1.0000000000
40065  33.149  -59.376  26.299 1.0000000000
41119  33.328  -58.677  26.676 1.0000000000
38025  28.062  -61.593  21.868 0.8999999762
38009  33.371  -61.560  22.498 0.6000000238
38023  32.636  -61.972  21.798 0.6000000238
38036  32.190  -61.482  21.273 0.8000000119
146301  30.841  -61.199  20.937 0.8000000119
37008  29.836  -62.590  21.794 0.8999999762
38024  28.688  -61.980  21.966 0.8999999762
39980  31.891  -59.445  32.452 0.8999999762
41035  28.008  -58.295  30.969 0.8000000119
41055  27.631  -58.335  30.124 0.6999999881
41085  27.283  -58.330  29.208 0.6999999881
41087  26.358  -58.431  28.898 0.6000000238
162894  24.946  -59.470  30.153 0.4000000060
40001  33.247  -59.119  30.474 1.0000000000
41084  33.484  -58.805  29.475 1.0000000000
41097  33.516  -58.684  28.432 1.0000000000
41107  33.458  -58.653  27.502 1.0000000000
154558  33.430  -58.059  27.054 1.0000000000
42174  33.225  -57.933  26.335 1.0000000000
163601  28.961  -61.262  22.476 0.8999999762
40095  28.676  -60.098  22.420 0.8999999762
39044  28.335  -61.085  22.173 0.8999999762
38045  28.519  -61.373  21.555 0.8999999762
39072  28.091  -61.087  21.675 0.8999999762
39040  34.697  -60.691  23.164 0.6000000238
39041  33.920  -60.885  22.859 0.6000000238
38035  32.893  -61.083  21.676 0.6000000238
39069  32.315  -60.573  21.074 0.8000000119
39070  31.496  -60.513  20.717 0.8000000119
41017  30.324  -58.307  32.650 0.8999999762
41018  29.354  -58.542  32.391 0.8999999762
41019  28.529  -58.347  31.746 0.6999999881
153003  30.463  -57.575  32.600 0.8999999762
157695  29.694  -57.645  32.393 0.8999999762
41054  27.750  -57.831  30.575 0.6000000238
39979  32.575  -58.973  32.007 1.0000000000
158889  32.552  -58.186  32.233 1.0000000000
41034  31.966  -58.544  32.547 1.0000000000
42094  27.334  -57.837  29.931 0.6000000238
41056  27.065  -57.865  29.342 0.6000000238
41057  25.795  -58.318  29.653 0.5000000000
41032  33.246  -58.365  30.871 1.0000000000
39978  32.992  -58.863  31.271 1.0000000000
42077  33.293  -57.644  31.186 1.0000000000
164162  33.500  -58.093  29.749 1.0000000000
42145  33.567  -57.967  29.015 1.0000000000
42156  33.513  -57.674  27.914 1.0000000000
42173  33.352  -57.348  26.907 1.0000000000
148332  32.497  -57.040  25.172 1.0000000000
42194  32.370  -57.800  24.772 1.0000000000
42195  31.847  -57.776  24.109 1.0000000000
41152  31.497  -58.541  23.805 1.0000000000
42207  31.204  -57.711  23.509 1.0000000000
41153  30.698  -58.542  23.195 0.8999999762
39043  29.295  -60.631  22.688 0.8999999762
39058  27.979  -61.002  21.750 0.8999999762
39077  28.314  -60.495  21.166 0.8999999762
39039  35.687  -60.575  23.265 0.6000000238
39055  35.087  -59.820  22.879 0.6000000238
139929  33.585  -59.793  22.239 0.6000000238
39057  33.465  -60.613  22.282 0.6000000238
40122  32.010  -59.931  20.692 0.8000000119
39075  30.402  -60.460  20.661 0.8000000119
41016  31.207  -58.011  32.697 0.8999999762
42080  29.228  -56.960  32.059 0.6999999881
42081  28.257  -57.715  31.284 0.6000000238
42082  27.837  -57.274  30.977 0.6000000238
43137  32.640  -56.775  32.262 0.8999999762
43155  27.296  -57.365  30.476 0.6000000238
42126  26.530  -57.898  29.531 0.5000000000
41033  32.981  -58.273  31.649 1.0000000000
42093  33.442  -57.837  30.382 1.0000000000
43136  33.273  -56.736  31.490 0.8999999762
42125  33.551  -57.415  29.705 1.0000000000
43198  33.575  -57.092  28.867 1.0000000000
157182  33.527  -56.781  28.163 1.0000000000
43215  33.417  -56.752  27.442 1.0000000000
43230  33.223  -56.642  26.751 1.0000000000
43231  32.919  -56.133  26.338 1.0000000000
144008  33.001  -57.020  26.062 1.0000000000
43258  32.044  -57.090  24.461 1.0000000000
43275  30.838  -56.849  23.476 1.0000000000
42208  30.383  -57.608  23.043 1.0000000000
158404  28.913  -58.283  22.583 0.8999999762
149745  28.895  -59.104  22.503 0.8999999762
40096  27.894  -60.387  21.960 0.8999999762
40113  27.434  -59.495  21.651 0.8999999762
160104  34.857  -59.073  22.605 0.6000000238
40110  34.246  -59.457  22.577 0.6000000238
40120  33.134  -59.199  21.706 0.6000000238
153779  32.510  -58.729  21.141 0.6999999881
41189  31.281  -58.885  20.462 0.6999999881
40129  30.547  -59.462  20.453 0.6999999881
40130  29.524  -59.996  20.634 0.8000000119
40131  27.898  -59.502  20.928 0.8999999762
40092  36.197  -59.838  22.838 0.6000000238
160018  30.614  -58.724  20.418 0.6999999881
41190  29.829  -59.063  20.468 0.8000000119
41191  28.991  -58.582  20.452 0.8999999762
150110  28.525  -57.066  31.571 0.6999999881
43141  27.334  -56.708  31.129 0.6000000238
43138  31.951  -56.706  32.633 0.8999999762
42068  31.087  -57.008  32.658 0.8000000119
43118  29.547  -56.247  32.149 0.6999999881
42078  32.924  -57.545  32.006 0.8999999762
145394  33.499  -57.044  30.534 1.0000000000
155167  33.386  -55.880  31.386 0.8000000119
44316  33.690  -55.618  30.082 0.8999999762
43154  33.567  -56.159  30.693 0.8000000119
152271  33.617  -56.448  29.700 1.0000000000
150960  33.594  -56.252  28.721 1.0000000000
149832  33.469  -56.123  27.913 1.0000000000
166244  33.327  -55.491  27.715 1.0000000000
159974  32.824  -55.485  26.634 1.0000000000
44381  32.494  -55.474  26.006 1.0000000000
43244  31.960  -56.301  24.768 1.0000000000
162834  31.714  -56.652  24.296 1.0000000000
43276  29.945  -56.730  23.128 1.0000000000
42209  29.424  -57.545  22.774 0.8999999762
41155  27.953  -58.720  22.321 0.8999999762
158459  27.489  -59.255  22.085 0.8999999762
41170  26.937  -58.938  21.817 0.8999999762
40111  33.708  -59.136  22.288 0.6000000238
158586  31.838  -58.208  20.712 0.6999999881
41193  27.023  -58.665  21.239 0.8999999762
41166  35.994  -58.256  22.467 0.6000000238
40109  35.633  -59.051  22.610 0.6000000238
151387  31.010  -58.131  20.474 0.6999999881
42247  29.617  -57.559  20.412 0.6999999881
43140  28.105  -56.541  31.438 0.6000000238
43116  31.373  -56.113  32.596 0.8000000119
43117  30.423  -56.195  32.429 0.8000000119
44266  29.870  -55.527  32.235 0.6999999881
43139  28.789  -56.355  31.815 0.6999999881
152628  32.981  -56.014  32.008 0.6999999881
43115  32.271  -56.045  32.486 0.8000000119
44282  33.628  -55.193  30.872 0.6999999881
44333  33.684  -55.556  29.269 0.8000000119
45407  33.673  -54.785  28.851 0.8000000119
139309  33.537  -55.493  28.406 0.8000000119
45422  33.327  -54.726  27.960 0.8000000119
44352  32.984  -55.122  27.212 0.8999999762
44382  32.013  -55.528  25.329 1.0000000000
43260  30.346  -56.028  23.681 1.0000000000
43261  29.434  -55.981  23.469 1.0000000000
44399  31.402  -55.489  24.745 1.0000000000
44400  30.610  -55.372  24.355 1.0000000000
43277  28.909  -56.732  22.990 1.0000000000
42210  28.351  -57.677  22.628 0.8999999762
42211  27.266  -57.997  22.351 0.8999999762
41171  26.525  -58.211  22.026 0.8999999762
41167  35.033  -58.272  22.549 0.6000000238
41168  34.215  -58.735  22.498 0.6000000238
41182  33.020  -58.410  21.606 0.6000000238
42239  32.568  -57.790  21.304 0.6999999881
41194  26.473  -58.472  21.590 0.8999999762
41192  27.874  -58.564  20.715 0.8999999762
43317  30.830  -56.975  20.658 0.6999999881
43318  30.105  -56.870  20.577 0.6999999881
42248  28.562  -57.697  20.401 0.8999999762
43320  27.196  -57.042  20.644 0.8999999762
44265  30.747  -55.437  32.414 0.6999999881
44267  29.405  -54.907  32.202 0.6000000238
44286  27.719  -56.083  31.583 0.6000000238
44263  32.567  -55.314  32.232 0.6999999881
45344  30.192  -54.832  32.276 0.6000000238
154679  32.842  -54.718  31.969 0.6999999881
142234  33.700  -54.146  30.682 0.6999999881
144876  33.587  -54.046  28.508 0.8000000119
45423  32.794  -54.287  27.265 0.8000000119
45436  32.477  -54.726  26.532 0.8000000119
45451  32.004  -54.798  25.769 1.0000000000
45475  29.950  -54.520  24.742 1.0000000000
44401  29.748  -55.336  24.061 1.0000000000
43262  28.481  -55.932  23.425 1.0000000000
151213  29.007  -55.407  23.854 1.0000000000
44416  27.537  -55.811  23.506 1.0000000000
43263  26.806  -55.678  23.580 1.0000000000
43279  26.753  -56.377  23.032 1.0000000000
147676  26.614  -57.312  22.425 0.8999999762
42238  33.352  -57.823  21.905 0.6000000238
42227  26.039  -57.765  21.884 0.8999999762
42224  35.576  -57.466  22.481 0.6000000238
152466  33.878  -57.217  22.280 0.6000000238
42241  26.088  -57.964  21.625 0.8999999762
43305  32.286  -56.916  21.352 0.6999999881
44448  28.939  -55.943  20.728 0.6999999881
44461  27.429  -56.274  20.747 0.8999999762
45346  28.562  -55.006  32.168 0.5000000000
45343  31.041  -54.682  32.379 0.6000000238
143855  30.459  -54.245  32.302 0.5000000000
45354  32.777  -54.017  31.875 0.6999999881
45342  32.060  -54.479  32.297 0.6999999881
46394  33.339  -53.645  31.334 0.6999999881
46426  33.874  -53.576  29.788 0.6999999881
46444  33.815  -53.411  28.912 0.6999999881
145392  33.200  -53.799  27.837 0.8000000119
46455  32.627  -53.375  27.178 0.8000000119
150192  32.325  -53.940  26.742 0.8000000119
47486  32.123  -52.694  26.701 0.8000000119
46469  31.876  -53.344  26.533 0.8000000119
46470  31.077  -53.397  26.003 0.8999999762
45453  30.518  -53.938  25.405 1.0000000000
46487  30.090  -53.169  25.707 0.8999999762
153173  29.738  -53.751  25.307 1.0000000000
162288  28.402  -54.532  24.672 1.0000000000
44402  28.209  -55.201  24.146 1.0000000000
43264  26.119  -55.902  23.228 1.0000000000
43280  25.932  -56.722  22.490 0.8999999762
42212  26.039  -57.518  22.114 0.8999999762
43294  25.588  -57.157  22.017 0.8999999762
43265  25.538  -56.033  22.784 0.8999999762
43295  25.215  -56.784  21.949 0.8999999762
42225  34.722  -57.386  22.509 0.6000000238
43304  33.087  -57.072  21.776 0.6000000238
43307  30.585  -56.430  20.920 0.6999999881
44449  28.070  -55.764  20.897 0.8000000119
43321  26.563  -56.519  20.942 0.8999999762
43291  35.229  -56.793  22.529 0.6000000238
44446  31.084  -55.946  21.366 0.6999999881
158344  29.539  -55.636  21.066 0.6999999881
44450  27.083  -55.768  21.028 0.8000000119
43310  25.232  -56.530  21.645 0.8999999762
45520  28.860  -55.179  21.270 0.6999999881
44451  25.915  -55.918  21.215 0.8999999762
46384  31.155  -53.806  32.317 0.5000000000
46386  29.498  -53.564  32.310 0.5000000000
46383  32.088  -53.543  32.155 0.6999999881
47404  30.712  -53.104  32.303 0.5000000000
46395  32.747  -53.209  31.762 0.6999999881
46410  33.690  -53.202  30.667 0.6999999881
47412  33.272  -52.794  31.275 0.6999999881
142519  33.875  -52.651  30.029 0.6999999881
138214  33.939  -52.706  29.257 0.6999999881
47459  33.738  -52.599  28.460 0.6999999881
161113  33.526  -53.368  28.319 0.6999999881
47472  32.879  -52.502  27.202 0.8000000119
48533  32.619  -51.959  26.627 0.8000000119
47487  31.300  -52.799  26.357 0.8000000119
46471  30.671  -52.868  26.052 0.8000000119
46488  29.175  -53.281  25.499 0.8999999762
45454  28.960  -54.042  25.050 1.0000000000
161262  27.428  -54.147  24.860 1.0000000000
44403  27.246  -55.197  24.117 1.0000000000
47504  30.943  -52.397  25.900 0.8000000119
47506  29.457  -52.651  25.523 0.8000000119
46490  27.620  -53.596  25.081 0.8999999762
45478  26.815  -54.574  24.508 1.0000000000
44404  26.377  -55.247  23.914 1.0000000000
47509  27.085  -53.183  24.927 0.8999999762
45480  25.112  -54.624  23.843 1.0000000000
44405  25.480  -55.347  23.465 1.0000000000
44418  24.649  -54.986  23.191 1.0000000000
44435  24.900  -56.027  22.083 0.8999999762
44445  31.939  -56.141  21.526 0.6999999881
152346  24.387  -55.205  22.463 0.8999999762
148587  33.609  -56.427  22.256 0.6000000238
44432  33.247  -55.632  22.332 0.6000000238
44452  25.018  -55.671  21.744 0.8999999762
44434  31.598  -55.379  21.824 0.6999999881
44447  30.254  -55.749  21.215 0.6999999881
45521  27.765  -55.097  21.358 0.6999999881
45522  26.717  -55.076  21.377 0.8000000119
45507  28.361  -54.408  21.867 0.6999999881
45524  24.435  -54.990  21.518 0.8000000119
45525  23.693  -54.813  21.766 0.8999999762
45509  26.598  -54.351  21.661 0.6999999881
47403  31.458  -52.940  32.225 0.5000000000
48461  33.155  -51.965  31.209 0.6999999881
47413  32.629  -52.403  31.682 0.5000000000
47441  33.983  -52.009  29.561 0.6999999881
140803  33.797  -51.984  30.167 0.6999999881
47458  34.035  -51.930  28.888 0.6999999881
48489  33.850  -51.270  29.879 0.6999999881
48502  33.930  -51.667  28.211 0.6999999881
47471  33.475  -52.154  27.716 0.6999999881
48517  33.726  -51.374  27.473 0.6999999881
48518  33.219  -51.833  27.127 0.6999999881
48534  31.721  -52.111  26.148 0.8000000119
48550  32.520  -51.387  25.849 0.8000000119
48551  31.222  -51.881  25.651 0.8000000119
48552  30.629  -51.924  25.400 0.8000000119
151308  31.739  -51.598  25.566 0.8000000119
48564  30.472  -51.474  24.690 0.8000000119
47519  28.972  -52.211  25.128 0.8000000119
47508  27.857  -52.965  25.184 0.8999999762
46491  26.362  -53.511  24.628 0.8999999762
46492  25.650  -53.816  24.408 1.0000000000
48578  29.782  -51.421  24.370 0.8000000119
150183  29.234  -51.741  24.693 0.8000000119
45481  24.368  -54.339  23.555 1.0000000000
45458  24.964  -54.083  24.097 1.0000000000
45491  23.865  -54.585  22.909 1.0000000000
45518  30.721  -55.090  21.728 0.6999999881
159359  30.128  -54.498  21.940 0.6999999881
45510  23.624  -54.733  22.236 0.8999999762
46538  23.095  -54.107  22.558 1.0000000000
46536  27.036  -53.728  21.988 0.8000000119
46549  25.075  -54.222  21.203 0.8000000119
47440  34.116  -51.433  29.225 0.6999999881
49674  34.108  -50.750  29.172 0.6999999881
161734  34.188  -51.178  28.646 0.6999999881
48516  34.164  -50.876  27.946 0.6999999881
49708  34.018  -50.578  27.201 0.6999999881
49727  33.874  -50.206  26.433 0.6999999881
48532  33.379  -51.174  26.609 0.6999999881
49745  33.297  -50.602  25.761 0.6999999881
49746  32.727  -50.778  25.242 0.8000000119
49759  31.010  -50.977  24.205 0.8000000119
49758  31.757  -50.780  24.427 0.8000000119
48577  30.340  -51.070  24.053 0.8000000119
48567  27.771  -51.939  24.384 0.8999999762
47521  27.363  -52.573  24.736 0.8999999762
48580  28.298  -51.415  23.887 0.8000000119
48568  26.786  -52.115  24.158 0.8999999762
47523  25.532  -52.854  24.121 0.8999999762
45503  32.836  -54.876  22.448 0.6000000238
145789  26.536  -51.501  23.468 0.8999999762
48582  25.770  -52.133  23.732 0.8999999762
46504  24.347  -53.754  23.704 1.0000000000
145924  33.179  -54.131  22.652 0.6000000238
46517  22.796  -53.482  22.818 0.8999999762
46534  28.855  -53.629  22.264 0.6999999881
47555  22.076  -52.954  22.369 0.8999999762
46537  26.199  -53.906  21.591 0.8000000119
46550  23.756  -54.421  21.264 0.8999999762
47573  22.968  -53.482  21.076 0.8000000119
49690  34.226  -50.396  28.439 0.6999999881
49726  34.279  -49.750  27.038 0.6999999881
50943  33.794  -49.624  25.635 0.6999999881
49756  33.185  -50.195  24.981 0.6999999881
48579  29.086  -51.368  24.077 0.8000000119
48581  27.434  -51.473  23.712 0.8000000119
49773  28.853  -50.879  23.408 0.8000000119
49774  28.010  -50.931  23.232 0.8000000119
47524  24.551  -53.152  23.780 0.8999999762
45504  31.362  -54.713  22.142 0.6000000238
49775  27.150  -50.949  23.088 0.8000000119
160174  26.364  -51.016  22.896 0.8999999762
48583  24.709  -52.004  23.294 0.8999999762
47533  23.995  -52.693  23.321 0.8999999762
155183  32.449  -54.250  22.530 0.6000000238
45505  30.787  -54.221  22.241 0.6999999881
47534  22.855  -52.783  22.893 0.8999999762
47553  27.409  -53.044  22.172 0.6999999881
47574  22.068  -53.275  21.738 0.8000000119
48619  25.253  -52.704  20.759 0.6999999881
140832  34.276  -49.423  27.479 0.6999999881
50920  34.177  -49.445  26.413 0.6999999881
49772  29.745  -50.844  23.622 0.8000000119
49789  29.394  -50.339  22.940 0.8000000119
49790  28.559  -50.393  22.768 0.8000000119
49792  26.779  -50.481  22.496 0.8000000119
49776  25.604  -51.422  23.101 0.8999999762
49777  24.462  -51.333  22.680 0.8999999762
46532  30.902  -53.400  22.514 0.6000000238
48584  23.519  -52.059  22.790 0.8999999762
149064  29.282  -52.819  22.413 0.6999999881
47552  28.299  -52.904  22.346 0.6999999881
49778  23.100  -51.352  22.275 0.8999999762
48618  26.263  -52.289  21.125 0.6999999881
47572  24.084  -52.887  20.658 0.8000000119
158022  21.758  -51.850  21.201 0.8000000119
146402  25.678  -51.991  20.606 0.6999999881
47583  23.048  -52.411  20.672 0.8000000119
47584  22.056  -52.503  21.228 0.8000000119
48640  24.530  -52.050  20.410 0.8000000119
50919  34.304  -48.911  26.861 0.6999999881
159995  31.649  -53.204  22.591 0.6000000238
50983  26.373  -49.959  21.881 0.8000000119
49794  24.115  -50.611  22.097 0.8999999762
47551  30.254  -52.718  22.477 0.6000000238
49795  22.748  -50.788  21.629 0.8999999762
47569  27.780  -52.368  21.904 0.8000000119
48620  21.984  -51.529  21.462 0.8999999762
48642  22.168  -51.723  20.838 0.8000000119
145142  25.547  -51.364  20.220 0.6999999881
49816  22.619  -50.908  20.521 0.8000000119
155516  22.487  -50.634  20.680 0.8000000119
47568  28.722  -52.193  22.037 0.6999999881
50984  25.147  -49.866  21.663 0.8000000119
48615  29.127  -51.549  21.488 0.5000000000
48616  28.174  -51.696  21.420 0.6000000238
48638  27.630  -51.263  20.707 0.6000000238
48617  27.194  -51.892  21.336 0.6999999881
50986  22.873  -50.072  21.117 0.8000000119
49813  26.276  -50.878  20.030 0.6000000238
49831  25.484  -50.605  19.668 0.6000000238
49815  23.552  -50.913  20.090 0.6999999881
140599  23.228  -50.332  19.963 0.8000000119
141991  22.026  -51.270  20.946 0.8000000119
49832  24.269  -50.513  19.679 0.6000000238
51000  24.422  -49.301  21.190 0.8000000119
51001  23.424  -49.417  20.970 0.8999999762
48637  28.614  -51.131  20.763 0.6000000238
49834  22.547  -49.425  19.962 0.8000000119
49805  22.688  -49.826  20.269 0.8000000119
51002  22.779  -49.552  20.503 0.8000000119
51024  23.816  -49.841  19.455 0.6000000238
155098  24.915  -48.689  20.800 0.8000000119
52139  23.883  -48.738  20.729 0.8000000119
49812  27.128  -50.798  20.047 0.6000000238
49830  26.600  -50.375  19.516 0.6000000238
52151  22.444  -48.483  20.037 0.8000000119
51023  24.950  -49.939  19.283 0.6000000238
52183  22.570  -48.325  19.578 0.6999999881
53322  22.591  -48.029  20.134 0.8000000119
52180  24.820  -48.477  18.752 0.6000000238
52182  22.965  -48.030  19.022 0.6000000238
152026  22.766  -46.876  18.919 0.6999999881
51022  26.041  -49.903  19.175 0.6000000238
51042  25.488  -49.244  19.010 0.6000000238
53339  25.924  -47.429  20.227 0.8000000119
53320  24.307  -48.006  20.503 0.8000000119
161328  28.120  -50.732  20.008 0.6000000238
53340  24.812  -47.326  20.201 0.8000000119
49828  28.556  -50.384  19.207 0.5000000000
53342  22.864  -47.175  20.100 0.8000000119
53341  23.631  -47.212  20.213 0.8000000119
51020  28.011  -49.856  18.863 0.6000000238
49829  27.573  -50.323  19.390 0.6000000238
54537  22.807  -46.244  19.012 0.6000000238
49851  28.993  -49.968  18.541 0.5000000000
51021  27.046  -49.813  19.051 0.6000000238
51041  26.502  -49.251  18.857 0.6000000238
53371  24.126  -47.612  18.429 0.6000000238
161440  27.529  -48.537  18.358 0.6000000238
52179  25.891  -48.561  18.660 0.6000000238
53384  24.510  -47.088  18.064 0.6000000238
53385  23.588  -46.628  18.125 0.6000000238
54521  25.301  -46.729  19.834 0.8000000119
54522  24.156  -46.565  19.868 0.8000000119
55628  25.660  -46.064  19.471 0.8000000119
55629  24.628  -46.040  19.546 0.6999999881
51039  28.341  -49.436  18.516 0.6000000238
53386  22.948  -46.187  18.344 0.6000000238
55657  22.890  -45.501  18.539 0.6000000238
55631  22.964  -45.910  19.153 0.6999999881
52177  28.204  -48.806  18.312 0.5000000000
54556  23.122  -45.609  17.842 0.6000000238
155243  27.099  -47.909  18.157 0.5000000000
154772  25.408  -47.108  17.945 0.6000000238
54554  25.581  -46.359  17.570 0.6000000238
53381  28.381  -47.503  17.677 0.5000000000
55646  26.111  -45.395  18.997 0.6999999881
55647  24.416  -45.186  18.970 0.6000000238
55648  23.158  -45.230  18.712 0.6000000238
55630  23.635  -45.840  19.375 0.6000000238
56672  23.306  -44.476  17.551 0.6000000238
56652  23.391  -44.546  18.187 0.6000000238
53382  27.442  -47.149  17.691 0.5000000000
141527  26.564  -46.533  17.513 0.6000000238
55665  25.915  -45.730  17.182 0.6000000238
55666  24.600  -45.382  17.267 0.6000000238
55668  23.004  -44.836  17.698 0.6000000238
56664  23.680  -43.843  17.629 0.6000000238
54553  27.107  -46.199  17.180 0.6000000238
55676  26.463  -45.226  16.637 0.6000000238
54552  28.276  -46.646  17.205 0.5000000000
54567  27.665  -45.858  16.807 0.5000000000
54566  28.559  -45.921  16.631 0.4000000060
55674  28.731  -45.338  16.169 0.5000000000
166409  25.196  -44.829  18.668 0.6000000238
56651  24.381  -44.297  18.320 0.6000000238
55677  24.874  -44.753  16.801 0.6000000238
55679  23.408  -44.344  17.230 0.6000000238
57698  24.001  -43.132  17.173 0.6000000238
56680  25.150  -44.159  16.281 0.6000000238
55675  27.724  -45.260  16.341 0.5000000000
56679  26.639  -44.479  16.079 0.6000000238
56678  28.079  -44.595  15.796 0.5000000000
55686  29.665  -45.051  15.672 0.4000000060
140464  28.909  -44.288  15.436 0.4000000060
165527  23.961  -43.333  16.322 0.6000000238
57708  24.080  -42.810  16.587 0.5000000000
57697  25.074  -43.111  17.413 0.5000000000
56663  26.149  -43.778  17.926 0.5000000000
56681  23.921  -43.857  16.607 0.6000000238
156281  24.111  -42.806  16.151 0.5000000000
56687  26.729  -43.826  15.587 0.6000000238
57719  27.933  -43.795  15.264 0.4000000060
58729  25.621  -42.700  17.042 0.4000000060
56689  24.311  -43.248  15.959 0.6000000238
138216  24.600  -42.502  15.598 0.5000000000
57720  26.656  -43.104  15.105 0.4000000060
57721  25.381  -43.092  15.490 0.6000000238
58753  25.406  -42.364  15.092 0.6000000238
58749  24.690  -42.151  15.668 0.4000000060
57727  27.995  -43.003  14.728 0.4000000060
140880  27.509  -42.280  14.271 0.4000000060
59793  25.059  -41.546  15.294 0.4000000060
58761  26.540  -42.393  14.600 0.4000000060
58754  24.965  -41.899  15.159 0.4000000060
57726  29.424  -43.145  14.603 0.4000000060
58762  25.517  -41.767  14.651 0.4000000060
59780  27.209  -42.152  16.566 0.4000000060
59781  25.724  -41.835  16.247 0.4000000060
59801  25.088  -41.547  15.001 0.4000000060
59806  27.838  -41.771  13.851 0.4000000060
59807  26.493  -41.666  14.108 0.4000000060
151302  26.089  -41.017  13.862 0.4000000060
59808  25.610  -41.216  14.348 0.4000000060
59791  26.610  -41.471  15.919 0.4000000060
60886  26.068  -40.899  15.358 0.4000000060
60887  25.299  -40.987  15.145 0.4000000060
59817  27.003  -41.120  13.633 0.3000000119
60905  25.626  -40.468  14.215 0.4000000060
60899  25.375  -40.935  14.737 0.4000000060
60885  27.325  -40.990  15.518 0.4000000060
60898  25.793  -40.529  14.954 0.4000000060
35992  30.412  -63.205  21.763 0.8000000119
37009  29.303  -62.593  22.214 0.8999999762
36995  29.330  -62.568  22.433 0.8999999762
35985  29.264  -63.333  22.488 0.8999999762
35971  29.247  -63.327  22.993 0.8999999762
39009  32.926  -60.146  26.087 0.8999999762
41130  32.573  -58.554  25.140 1.0000000000
41120  33.014  -58.639  25.889 1.0000000000
37995  31.626  -61.425  24.700 0.8999999762
154550  31.615  -59.893  24.204 0.8999999762
41139  32.112  -58.502  24.448 1.0000000000
37997  30.020  -61.944  23.463 0.8999999762
150746  31.245  -61.084  24.184 0.8999999762
39042  30.295  -60.411  23.267 0.8999999762
40086  31.804  -59.215  24.258 1.0000000000
38010  29.379  -62.095  22.878 0.8999999762
40094  29.885  -59.516  22.861 0.8999999762
58730  24.386  -42.647  16.797 0.4000000060
58743  24.297  -42.419  16.227 0.4000000060
58741  26.962  -42.790  17.082 0.4000000060
34835  30.572  -64.806  32.524 0.8999999762
31783  31.882  -67.860  27.713 0.8000000119
34822  27.339  -64.224  32.628 0.8999999762
35851  31.941  -63.231  31.223 1.0000000000
32787  32.414  -66.454  27.482 0.8000000119
37868  31.339  -61.193  32.411 0.8999999762
158469  32.485  -65.001  26.598 0.8000000119
33871  30.377  -64.983  24.567 0.8000000119
37950  33.342  -61.027  28.620 1.0000000000
158968  30.252  -64.408  24.429 0.8000000119
35954  29.640  -63.284  23.588 0.8999999762
143247  29.062  -63.937  23.425 0.8000000119
145117  32.678  -60.963  25.948 0.8999999762
39028  30.569  -61.162  23.647 0.8999999762
157581  29.127  -60.600  32.659 0.8999999762
163664  28.641  -59.981  32.373 1.0000000000
41099  26.670  -58.656  28.302 0.6000000238
153816  25.246  -59.620  29.524 0.4000000060
40027  25.721  -58.785  29.128 0.4000000060
39008  33.228  -59.963  26.725 1.0000000000
154688  32.299  -59.097  24.793 0.8999999762
35984  30.327  -63.851  21.839 0.6999999881
39076  29.201  -60.819  20.934 0.8000000119
38011  28.792  -61.791  22.267 0.8999999762
36992  33.005  -62.562  22.368 0.6000000238
38039  28.996  -62.027  21.802 0.8999999762
42070  28.909  -57.680  31.947 0.6999999881
39029  29.585  -61.344  22.978 0.8999999762
40123  27.728  -60.146  21.561 0.8999999762
39068  33.011  -60.158  21.630 0.6999999881
40127  31.978  -59.177  20.667 0.6999999881
42069  30.046  -56.922  32.418 0.8000000119
42079  32.116  -57.554  32.563 0.8999999762
43243  32.526  -56.237  25.584 1.0000000000
40093  31.058  -59.503  23.567 0.8999999762
41154  29.767  -58.421  22.769 0.8999999762
41156  27.134  -58.892  22.095 0.8999999762
44283  33.205  -55.276  31.703 0.6999999881
45378  33.795  -54.718  29.820 0.8000000119
42245  31.291  -57.475  20.666 0.6999999881
42250  26.625  -57.942  21.082 0.8999999762
43319  29.072  -56.779  20.462 0.8000000119
44285  28.328  -55.820  31.817 0.6000000238
44264  31.698  -55.336  32.491 0.8000000119
45353  33.326  -54.504  31.446 0.6999999881
139775  33.811  -54.118  29.169 0.6999999881
45452  31.342  -54.272  25.577 1.0000000000
43278  27.689  -56.790  22.836 1.0000000000
43322  26.180  -57.309  21.148 0.8999999762
142365  29.791  -54.243  32.258 0.6000000238
161815  28.023  -54.774  32.249 0.5000000000
45437  31.864  -54.044  26.185 0.8999999762
45345  29.050  -54.242  32.293 0.5000000000
46454  33.239  -52.969  27.805 0.8000000119
47402  32.172  -52.846  32.036 0.6000000238
146377  30.722  -52.197  32.183 0.5000000000
47427  33.593  -52.369  30.687 0.6999999881
47507  28.648  -52.795  25.378 0.8999999762
48565  29.808  -51.974  25.128 0.8000000119
46551  22.935  -54.144  21.850 0.8999999762
47414  31.822  -52.190  32.020 0.5000000000
48563  32.091  -51.121  25.091 0.8000000119
47520  28.210  -52.401  24.912 0.8999999762
165531  26.155  -52.493  24.147 0.8999999762
47554  26.732  -53.271  21.820 0.8000000119
146073  24.529  -53.572  20.855 0.8000000119
49707  34.300  -50.086  27.716 0.6999999881
49771  30.651  -50.490  23.544 0.8000000119
48599  22.220  -52.026  22.301 0.8999999762
49793  25.581  -50.632  22.439 0.8999999762
52035  34.147  -48.865  27.593 0.6000000238
49814  24.485  -51.175  20.066 0.6999999881
50985  23.741  -49.970  21.521 0.8999999762
49852  22.711  -49.137  19.696 0.6999999881
51043  24.371  -49.181  19.118 0.6000000238
52181  23.639  -48.312  18.895 0.6000000238
53343  22.561  -47.853  19.888 0.8000000119
143297  23.203  -47.236  18.593 0.6000000238
54523  23.231  -46.518  19.702 0.6999999881
53369  26.202  -47.860  18.312 0.6000000238
55667  23.476  -45.036  17.401 0.6000000238
53383  26.444  -47.160  17.896 0.6000000238
56671  23.819  -43.606  16.862 0.6000000238
149093  26.109  -42.352  16.712 0.4000000060
59782  24.748  -41.894  15.881 0.4000000060
59790  27.949  -41.584  16.090 0.4000000060
60912  26.390  -40.336  13.606 0.4000000060
36972  29.552  -62.650  23.210 0.8999999762
25695  27.354  -73.206  34.701 0.4000000060
26706  25.920  -72.777  34.437 0.4000000060
26725  25.504  -72.309  34.019 0.4000000060
26704  28.642  -72.339  34.393 0.4000000060
27703  26.192  -72.066  34.268 0.4000000060
27728  25.743  -71.745  33.917 0.4000000060
27726  29.705  -71.503  33.658 0.3000000119
27701  28.020  -71.508  34.296 0.4000000060
27725  30.221  -71.827  33.214 0.4000000060
27745  30.510  -71.690  32.562 0.4000000060
27779  30.338  -71.390  30.802 0.4000000060
28755  30.344  -70.452  29.603 0.4000000060
27727  26.326  -71.318  33.976 0.5000000000
28712  25.239  -71.010  33.128 0.4000000060
157100  28.567  -70.940  34.020 0.4000000060
28691  27.917  -70.641  33.985 0.4000000060
28706  30.365  -71.147  33.121 0.5000000000
140544  30.815  -70.855  32.281 0.4000000060
29738  31.033  -69.928  30.897 0.4000000060
28746  30.614  -70.570  30.602 0.5000000000
29757  30.774  -69.779  29.200 0.5000000000
29768  30.766  -69.812  28.169 0.6000000238
28784  30.110  -70.370  27.633 0.5000000000
28799  29.854  -70.283  26.636 0.6000000238
29790  29.369  -70.003  25.710 0.4000000060
29714  26.369  -70.016  33.575 0.5000000000
28723  25.465  -70.054  33.029 0.5000000000
28724  24.663  -70.638  32.392 0.5000000000
27768  23.697  -71.228  31.509 0.5000000000
28708  28.669  -70.174  33.824 0.6000000238
29699  27.843  -69.942  33.784 0.6000000238
139332  29.623  -70.143  33.562 0.5000000000
29711  29.186  -69.408  33.601 0.6000000238
143846  30.504  -70.239  33.078 0.5000000000
28722  31.095  -69.935  32.279 0.5000000000
29746  31.228  -69.310  30.726 0.4000000060
29756  31.197  -69.134  29.824 0.6000000238
29767  31.290  -69.027  28.730 0.6000000238
29778  31.236  -69.231  27.629 0.6000000238
30737  31.087  -69.207  26.640 0.6000000238
30744  30.705  -68.963  25.841 0.6000000238
30754  30.000  -68.484  25.305 0.6000000238
29779  30.628  -69.808  27.131 0.6000000238
29789  30.321  -69.655  26.180 0.6000000238
30745  29.713  -69.211  25.488 0.6000000238
30755  29.140  -68.634  24.982 0.6000000238
29713  27.166  -69.296  33.571 0.5000000000
145137  24.283  -70.098  31.753 0.5000000000
28738  23.648  -70.467  31.349 0.5000000000
29712  28.249  -69.341  33.673 0.6000000238
29724  30.773  -69.360  32.782 0.6000000238
30676  29.702  -68.720  33.419 0.6000000238
30687  31.234  -69.145  32.136 0.5000000000
30688  30.924  -68.523  32.610 0.6000000238
30708  31.406  -68.459  30.564 0.6000000238
30718  31.463  -68.316  29.556 0.6000000238
30736  31.572  -68.617  27.167 0.6000000238
31800  29.205  -67.960  24.823 0.6000000238
31801  28.607  -67.420  24.476 0.6999999881
29725  25.343  -69.128  32.785 0.6000000238
160020  24.385  -69.394  31.787 0.5000000000
29739  23.729  -69.503  31.264 0.5000000000
30677  28.779  -68.630  33.580 0.6000000238
30678  27.844  -68.595  33.585 0.6000000238
165647  26.539  -68.437  33.380 0.6000000238
30702  23.602  -68.584  30.871 0.5000000000
30711  22.595  -68.784  29.734 0.5000000000
158828  28.334  -67.874  33.563 0.6000000238
157475  31.477  -67.732  30.871 0.6000000238
143976  29.298  -67.249  24.728 0.6999999881
31723  26.527  -67.630  33.320 0.6000000238
146715  25.290  -68.318  32.606 0.6000000238
30701  24.223  -68.716  31.514 0.6000000238
31722  27.324  -67.876  33.511 0.6000000238
31736  25.385  -67.485  32.476 0.6000000238
30709  24.113  -67.921  31.093 0.6000000238
31757  23.629  -67.817  30.230 0.6000000238
30719  23.034  -68.016  29.421 0.6000000238
146494  27.908  -67.120  33.506 0.6000000238
30729  22.848  -68.663  27.655 0.5000000000
31720  30.134  -67.384  33.213 0.6000000238
30738  23.430  -68.044  27.117 0.6000000238
32807  28.729  -66.802  24.474 0.6999999881
148149  26.980  -66.926  33.383 0.6000000238
31756  24.314  -67.289  30.509 0.6000000238
157773  27.662  -66.454  33.383 0.6000000238
157342  26.509  -66.384  33.036 0.6000000238
150100  25.065  -66.977  31.748 0.6000000238
31765  24.089  -67.191  29.553 0.6000000238
31766  23.520  -67.469  28.919 0.6000000238
141231  28.793  -67.150  33.506 0.6000000238
31775  24.069  -66.929  28.568 0.6000000238
157548  29.516  -67.105  33.414 0.6000000238
32731  31.192  -66.674  32.115 0.6000000238
33883  28.704  -65.327  24.086 0.6999999881
33897  28.530  -65.224  23.554 0.6999999881
32717  28.406  -66.440  33.426 0.6000000238
33798  25.545  -66.313  31.896 0.6999999881
32746  24.817  -66.752  30.890 0.6999999881
148410  29.755  -65.854  33.233 0.6000000238
149318  28.944  -63.824  22.945 0.6999999881
32733  25.969  -66.279  32.563 0.6999999881
33784  28.919  -65.722  33.337 0.6999999881
32718  27.118  -66.076  33.221 0.6999999881
33812  25.610  -65.816  31.259 0.6999999881
32759  25.332  -66.129  30.441 0.6999999881
32760  24.713  -66.634  29.995 0.6000000238
32768  25.248  -66.120  29.451 0.6999999881
161855  25.527  -65.611  29.000 0.6000000238
32778  24.631  -66.421  28.158 0.5000000000
34978  29.640  -63.631  22.071 0.8000000119
141059  27.702  -64.870  32.939 0.6999999881
33797  25.934  -65.633  32.047 0.6999999881
33811  26.020  -65.012  31.273 0.6999999881
33837  25.628  -65.502  29.744 0.6999999881
32796  24.183  -65.978  26.426 0.5000000000
34869  26.002  -64.750  30.110 0.6999999881
33845  25.524  -65.393  28.316 0.6000000238
33855  25.317  -65.104  27.557 0.6000000238
49791  27.700  -50.430  22.627 0.6999999881
49769  32.202  -50.225  23.972 0.6999999881
49770  31.480  -50.396  23.771 0.6999999881
49788  30.079  -50.270  23.112 0.6999999881
50955  32.880  -49.888  24.258 0.6000000238
50980  29.098  -49.816  22.350 0.6999999881
50996  28.765  -49.337  21.736 0.6999999881
50982  27.360  -49.912  22.056 0.6999999881
50999  26.126  -49.329  21.327 0.6999999881
50954  33.483  -49.385  24.699 0.6000000238
50965  32.498  -49.585  23.608 0.6000000238
50966  31.268  -49.897  23.185 0.6999999881
50979  30.009  -49.740  22.537 0.6999999881
52084  33.996  -48.649  25.230 0.6000000238
50997  27.918  -49.374  21.612 0.6999999881
50998  27.043  -49.382  21.472 0.6999999881
52138  25.872  -48.726  20.853 0.6999999881
50964  33.165  -49.180  23.934 0.6000000238
52107  32.786  -48.854  23.290 0.6000000238
52118  31.638  -48.639  22.239 0.6000000238
52119  30.855  -48.696  21.834 0.6999999881
50995  29.599  -49.278  21.887 0.6999999881
53316  28.041  -48.336  20.756 0.6999999881
53317  27.308  -48.230  20.638 0.6999999881
53338  26.935  -47.516  20.289 0.6999999881
161649  33.634  -48.590  24.362 0.6000000238
166867  33.310  -48.509  23.714 0.6000000238
52117  32.443  -48.438  22.636 0.5000000000
52132  31.381  -48.027  21.658 0.6000000238
52149  29.802  -48.124  20.973 0.5000000000
52150  28.842  -48.087  20.739 0.6999999881
54520  28.366  -46.927  19.935 0.6999999881
144867  26.392  -46.841  19.849 0.6999999881
59803  31.832  -42.504  13.738 0.3000000119
59804  30.733  -42.105  13.894 0.3000000119
58760  28.685  -42.425  14.248 0.3000000119
25696  26.450  -73.372  34.740 0.4000000060
25697  25.455  -73.532  34.609 0.3000000119
24761  24.290  -73.935  33.609 0.4000000060
144427  28.816  -73.079  34.426 0.3000000119
25713  24.431  -73.187  33.210 0.4000000060
26723  30.295  -72.380  32.854 0.4000000060
26739  24.539  -72.375  32.929 0.4000000060
26757  30.401  -72.321  32.027 0.4000000060
26774  30.195  -72.166  31.118 0.4000000060
27780  29.745  -71.913  30.230 0.4000000060
28768  30.225  -70.395  28.630 0.5000000000
27812  29.020  -71.260  27.603 0.4000000060
147919  23.798  -71.792  31.751 0.4000000060
27781  22.897  -71.066  31.011 0.5000000000
30756  28.558  -68.256  24.503 0.6000000238
28748  22.142  -70.446  30.334 0.5000000000
29749  22.332  -69.573  30.082 0.5000000000
29758  22.017  -69.254  29.112 0.5000000000
31809  28.304  -67.635  24.106 0.6000000238
29769  22.363  -69.281  28.093 0.5000000000
29780  23.601  -69.046  26.591 0.4000000060
33884  28.395  -65.936  23.820 0.6999999881
166041  23.671  -67.323  27.152 0.5000000000
33906  28.534  -65.136  23.133 0.6999999881
32789  23.852  -66.809  26.643 0.5000000000
138914  29.037  -64.714  22.668 0.8000000119
34969  29.734  -64.263  22.123 0.6999999881
32797  23.782  -66.556  25.756 0.5000000000
33863  24.280  -65.132  26.245 0.6000000238
48476  33.495  -51.602  30.611 0.6000000238
49675  33.633  -50.350  29.764 0.6000000238
164011  34.227  -48.349  25.747 0.6000000238
52106  33.647  -47.887  23.959 0.5000000000
152338  32.704  -47.738  22.509 0.5000000000
53314  31.865  -47.326  21.543 0.5000000000
53315  31.127  -47.432  21.116 0.5000000000
54519  29.239  -46.864  20.045 0.5000000000
54535  28.814  -46.305  19.601 0.5000000000
55645  27.311  -45.767  19.191 0.5000000000
59812  32.736  -41.695  13.176 0.3000000119
59813  31.651  -41.830  13.555 0.3000000119
59805  29.303  -41.759  13.777 0.3000000119
32732  30.664  -66.874  32.710 0.6000000238
31735  30.744  -67.692  32.720 0.6000000238
150141  31.316  -68.522  31.971 0.6000000238
138645  26.292  -64.163  30.924 0.8000000119
31799  30.160  -67.737  25.085 0.6999999881
32806  29.411  -66.533  24.643 0.6999999881
166927  31.910  -49.906  23.449 0.6999999881
55627  26.841  -46.245  19.477 0.6000000238
58759  30.004  -42.572  14.226 0.3000000119
34970  29.078  -63.995  22.578 0.8000000119
34968  30.823  -64.400  21.947 0.6999999881
50967  30.597  -49.948  22.970 0.6999999881
160997  27.683  -72.414  34.541 0.4000000060
27700  28.942  -71.523  34.113 0.4000000060
140608  29.319  -72.751  34.137 0.3000000119
164987  29.906  -70.772  33.459 0.5000000000
27746  24.637  -71.541  32.696 0.5000000000
27789  29.383  -71.684  29.342 0.3000000119
28786  28.620  -71.220  26.843 0.4000000060
26777  22.581  -72.036  30.877 0.5000000000
33846  25.083  -65.845  27.810 0.6000000238
52135  28.410  -48.791  21.197 0.6999999881
52137  26.753  -48.806  20.942 0.6999999881
50977  31.985  -49.311  22.898 0.6999999881
50978  30.965  -49.364  22.500 0.6999999881
52133  30.083  -48.694  21.541 0.6999999881
52116  33.150  -47.980  23.153 0.6000000238
52131  32.133  -47.919  22.056 0.5000000000
52148  30.611  -48.083  21.295 0.6000000238
52134  29.254  -48.727  21.333 0.6999999881
53337  27.973  -47.629  20.372 0.6999999881
150008  27.425  -46.932  19.896 0.6999999881
53301  33.144  -47.132  22.746 0.5000000000
53302  32.551  -47.175  22.081 0.5000000000
53336  29.536  -47.475  20.498 0.5000000000
141921  28.795  -47.390  20.323 0.5000000000
55644  28.297  -45.635  19.178 0.5000000000
54536  27.872  -46.325  19.528 0.6999999881
53278  33.859  -47.181  24.377 0.5000000000
54508  31.594  -46.746  21.021 0.5000000000
54518  30.884  -46.833  20.600 0.5000000000
55643  29.212  -45.760  19.377 0.5000000000
153635  28.966  -65.654  22.772 0.6000000238
33905  30.131  -65.116  22.286 0.6000000238
144584  32.299  -64.966  22.286 0.5000000000
33904  31.092  -65.837  22.340 0.6000000238
35983  31.213  -63.713  21.830 0.6000000238
35969  33.844  -63.888  23.818 0.5000000000
35981  32.640  -63.924  22.403 0.5000000000
35982  32.092  -63.511  21.935 0.6000000238
35933  24.140  -62.108  25.099 0.5000000000
36994  31.515  -63.003  21.632 0.6000000238
162267  34.554  -63.512  24.131 0.5000000000
35970  33.238  -63.346  23.001 0.5000000000
148896  35.034  -62.900  24.009 0.5000000000
36950  24.503  -61.237  25.265 0.4000000060
36961  23.242  -61.372  24.877 0.4000000060
36951  23.375  -61.121  25.128 0.4000000060
36983  33.631  -62.325  23.207 0.5000000000
36981  35.783  -62.214  23.692 0.5000000000
36982  34.591  -62.179  23.706 0.5000000000
36940  23.524  -61.188  26.129 0.4000000060
38007  35.195  -61.373  23.525 0.5000000000
36927  24.376  -61.624  28.218 0.4000000060
43142  26.501  -56.462  31.172 0.4000000060
42096  26.252  -57.383  30.300 0.4000000060
155744  25.666  -57.781  30.222 0.4000000060
41058  25.079  -58.394  30.303 0.3000000119
47405  29.221  -52.796  32.345 0.4000000060
46387  28.684  -53.447  32.402 0.4000000060
45355  27.715  -55.334  31.986 0.4000000060
44287  27.045  -55.930  31.588 0.4000000060
48453  28.929  -52.010  32.253 0.4000000060
150961  26.809  -55.155  32.020 0.4000000060
43157  26.092  -56.845  30.771 0.4000000060
140725  26.596  -54.395  32.281 0.4000000060
44288  26.152  -55.726  31.597 0.4000000060
139489  25.319  -57.025  30.705 0.4000000060
153450  28.298  -54.252  32.361 0.4000000060
46388  27.895  -53.546  32.485 0.4000000060
45347  27.472  -54.432  32.322 0.4000000060
47415  29.710  -52.153  32.230 0.4000000060
157381  28.215  -53.057  32.486 0.4000000060
47407  27.697  -52.597  32.526 0.4000000060
46397  26.902  -53.434  32.510 0.4000000060
46398  25.900  -53.925  32.323 0.4000000060
43143  25.622  -56.321  31.161 0.4000000060
46399  25.229  -53.503  32.262 0.4000000060
45357  24.944  -54.382  31.958 0.4000000060
43144  24.662  -56.282  31.076 0.4000000060
48465  29.355  -51.490  31.876 0.4000000060
48454  28.168  -51.861  32.288 0.4000000060
48462  32.396  -51.479  31.535 0.5000000000
48463  31.368  -51.426  31.816 0.4000000060
49651  29.925  -50.941  31.547 0.4000000060
155250  27.927  -51.363  31.817 0.4000000060
48467  27.283  -51.646  32.159 0.4000000060
47416  26.802  -52.346  32.546 0.4000000060
47417  25.899  -52.762  32.497 0.4000000060
162884  25.393  -52.055  32.282 0.4000000060
46400  24.501  -53.555  32.055 0.4000000060
49660  33.332  -50.803  30.513 0.5000000000
159579  32.633  -50.636  31.044 0.5000000000
49649  31.732  -50.669  31.421 0.5000000000
49650  30.827  -50.780  31.524 0.4000000060
49652  28.982  -50.885  31.403 0.4000000060
48466  28.584  -51.411  31.830 0.4000000060
151041  26.198  -51.692  32.154 0.4000000060
49663  30.274  -50.335  31.147 0.4000000060
49665  28.492  -50.448  30.786 0.4000000060
49653  28.172  -50.910  31.368 0.4000000060
49661  31.970  -49.946  30.926 0.4000000060
50869  30.209  -49.718  30.539 0.4000000060
49664  29.417  -50.275  30.865 0.4000000060
52014  30.986  -48.550  29.365 0.4000000060
52015  30.051  -48.733  29.242 0.4000000060
50879  29.673  -49.286  29.762 0.4000000060
158071  28.654  -49.063  29.051 0.4000000060
50889  32.946  -48.716  29.228 0.5000000000
52013  31.992  -48.476  29.424 0.4000000060
52023  29.541  -48.436  28.553 0.4000000060
52016  29.195  -48.928  29.131 0.4000000060
52024  28.623  -48.661  28.535 0.3000000119
50887  34.157  -49.528  28.175 0.5000000000
50877  31.557  -48.921  30.008 0.5000000000
50868  31.228  -49.476  30.533 0.4000000060
50870  29.337  -49.722  30.233 0.4000000060
50872  27.992  -50.061  30.070 0.4000000060
50878  30.597  -49.099  29.913 0.4000000060
139301  28.696  -49.487  29.603 0.4000000060
149611  33.305  -48.447  28.508 0.5000000000
52022  30.445  -48.249  28.665 0.4000000060
52036  33.677  -48.280  27.805 0.5000000000
52020  32.428  -48.120  28.759 0.5000000000
52021  31.411  -48.069  28.801 0.4000000060
53205  30.843  -47.700  28.182 0.4000000060
53206  29.933  -47.872  28.006 0.4000000060
52039  28.132  -48.232  27.817 0.3000000119
53212  33.438  -47.567  27.359 0.5000000000
52062  34.076  -48.182  27.078 0.4000000060
52083  34.203  -48.103  26.228 0.5000000000
53204  31.865  -47.583  28.222 0.3000000119
53214  31.217  -47.236  27.609 0.4000000060
53215  30.366  -47.407  27.616 0.4000000060
54396  29.447  -47.258  27.223 0.3000000119
52038  29.017  -48.012  27.909 0.3000000119
53217  27.622  -47.780  27.259 0.3000000119
52040  27.310  -48.345  27.730 0.3000000119
53213  32.368  -47.151  27.476 0.3000000119
53233  33.812  -47.462  26.557 0.4000000060
53260  34.017  -47.267  25.731 0.4000000060
52095  34.180  -47.881  25.471 0.4000000060
151588  33.990  -47.882  24.748 0.4000000060
54394  31.483  -46.727  27.029 0.3000000119
54395  30.499  -46.892  27.110 0.3000000119
53235  28.599  -47.129  26.795 0.3000000119
53216  28.454  -47.605  27.303 0.3000000119
53218  26.745  -47.927  27.239 0.3000000119
53219  25.824  -47.916  27.141 0.3000000119
53236  27.938  -47.278  26.737 0.3000000119
53237  27.159  -47.344  26.670 0.3000000119
53238  26.230  -47.300  26.531 0.3000000119
53234  33.134  -46.937  26.828 0.3000000119
54409  33.529  -46.759  26.103 0.3000000119
54434  33.748  -46.623  25.435 0.3000000119
53289  33.551  -47.159  23.554 0.4000000060
54507  32.299  -46.545  21.548 0.4000000060
53335  30.363  -47.489  20.748 0.4000000060
53239  25.278  -47.457  26.598 0.3000000119
54411  31.802  -46.296  26.427 0.3000000119
54393  32.329  -46.676  26.839 0.3000000119
54410  32.770  -46.395  26.311 0.3000000119
55544  33.567  -46.152  25.059 0.3000000119
54481  33.691  -46.439  24.003 0.3000000119
150089  33.468  -46.365  23.158 0.4000000060
55598  33.424  -44.954  23.129 0.3000000119
151188  33.376  -45.607  22.801 0.4000000060
165591  33.096  -45.601  22.261 0.4000000060
55616  31.968  -46.000  20.939 0.4000000060
161016  31.333  -46.251  20.572 0.4000000060
151134  30.687  -46.133  20.091 0.4000000060
54534  29.778  -46.195  19.725 0.4000000060
54435  33.214  -46.082  25.602 0.3000000119
55608  33.192  -44.944  22.293 0.3000000119
160177  31.817  -44.916  20.424 0.4000000060
55626  31.462  -45.496  20.340 0.4000000060
166025  30.315  -45.797  19.703 0.4000000060
56659  30.070  -44.314  18.726 0.4000000060
56660  29.213  -44.597  18.612 0.4000000060
56648  28.295  -44.909  18.670 0.4000000060
56649  27.233  -45.142  18.765 0.5000000000
56613  33.248  -44.261  22.752 0.3000000119
56628  32.694  -44.007  21.305 0.3000000119
56636  32.215  -44.395  20.659 0.3000000119
56637  31.434  -44.570  19.865 0.4000000060
57684  30.880  -44.026  19.097 0.4000000060
56646  30.511  -44.772  19.282 0.4000000060
57694  29.356  -43.870  18.169 0.4000000060
57695  28.419  -43.751  17.864 0.3000000119
56662  27.273  -44.422  18.319 0.3000000119
56650  25.866  -44.472  18.436 0.4000000060
57707  27.796  -43.333  17.483 0.3000000119
57696  26.550  -43.278  17.489 0.3000000119
57666  32.770  -43.446  21.682 0.3000000119
141959  32.469  -43.453  20.813 0.3000000119
57676  31.989  -43.842  20.168 0.3000000119
57683  31.589  -43.614  19.547 0.3000000119
57692  31.209  -43.268  18.809 0.3000000119
58728  30.819  -42.894  18.077 0.3000000119
57705  29.888  -43.158  17.792 0.3000000119
57706  28.870  -43.293  17.581 0.3000000119
58739  29.300  -42.648  17.235 0.3000000119
139087  32.588  -42.722  21.308 0.3000000119
58717  31.844  -42.814  19.353 0.3000000119
58727  31.527  -42.447  18.602 0.3000000119
58738  30.308  -42.436  17.458 0.3000000119
59779  28.632  -42.165  16.641 0.3000000119
58740  28.178  -42.781  17.072 0.3000000119
59778  29.737  -41.993  16.837 0.3000000119
60884  28.507  -40.957  15.689 0.3000000119
49676  32.879  -49.899  30.384 0.5000000000
50875  33.342  -49.492  29.553 0.5000000000
33898  28.358  -65.797  23.345 0.6000000238
32834  29.469  -66.594  22.682 0.5000000000
148070  30.035  -65.953  22.486 0.5000000000
33903  32.215  -65.715  22.443 0.5000000000
31823  31.732  -66.524  22.672 0.5000000000
35951  34.677  -64.230  24.326 0.5000000000
33895  33.436  -65.433  23.376 0.5000000000
33902  32.871  -65.204  22.615 0.5000000000
34903  26.153  -63.899  28.503 0.6000000238
34917  25.424  -64.335  27.368 0.6000000238
34929  25.291  -63.495  26.689 0.6000000238
34930  24.615  -63.354  25.811 0.5000000000
34939  23.722  -63.186  25.039 0.5000000000
35942  23.195  -62.039  24.617 0.5000000000
35944  22.473  -62.661  24.763 0.5000000000
35934  22.355  -62.828  25.524 0.4000000060
36941  22.921  -61.835  25.667 0.4000000060
35923  23.251  -62.346  26.970 0.4000000060
35892  24.126  -62.509  28.838 0.4000000060
143404  24.543  -59.866  30.267 0.3000000119
40005  24.542  -59.114  30.361 0.3000000119
42097  24.707  -57.660  30.591 0.4000000060
44290  24.033  -54.901  31.428 0.4000000060
45358  24.129  -54.167  31.774 0.4000000060
49654  27.417  -51.042  31.423 0.4000000060
153758  24.958  -52.760  32.261 0.4000000060
47419  23.938  -52.040  31.656 0.4000000060
48468  26.737  -51.235  31.546 0.4000000060
49666  27.670  -50.581  30.753 0.4000000060
48479  25.181  -51.104  30.968 0.4000000060
50890  28.135  -49.174  28.958 0.4000000060
52025  27.710  -48.753  28.360 0.4000000060
146775  27.858  -49.584  29.424 0.4000000060
156324  26.790  -48.386  27.688 0.3000000119
52041  26.266  -48.407  27.662 0.3000000119
35968  35.379  -63.621  24.202 0.5000000000
37910  24.573  -61.208  29.553 0.4000000060
156252  23.574  -54.253  31.449 0.4000000060
46401  23.740  -53.588  31.734 0.4000000060
49667  26.754  -50.737  30.763 0.4000000060
48478  26.008  -51.161  31.239 0.4000000060
36909  24.394  -61.862  29.201 0.4000000060
154907  32.659  -63.241  22.259 0.5000000000
46396  30.007  -52.924  32.300 0.4000000060
49691  33.969  -49.944  28.992 0.5000000000
155812  30.055  -51.607  31.988 0.4000000060
52019  33.879  -48.859  28.175 0.5000000000
54496  32.989  -46.294  22.300 0.4000000060
55642  29.955  -45.438  19.381 0.4000000060
142774  31.480  -65.067  22.130 0.6000000238
34961  33.204  -64.472  23.047 0.5000000000
34960  33.929  -64.819  23.978 0.5000000000
45356  25.891  -54.896  32.040 0.4000000060
44289  25.057  -55.478  31.520 0.4000000060
44306  24.152  -55.680  31.198 0.4000000060
48464  30.586  -51.379  31.840 0.4000000060
48469  25.347  -51.577  31.678 0.4000000060
152319  24.151  -52.767  32.001 0.4000000060
49662  31.033  -50.037  31.166 0.4000000060
50867  32.061  -49.407  30.415 0.5000000000
50871  28.764  -49.972  30.326 0.4000000060
50888  33.660  -49.158  28.784 0.5000000000
50876  32.523  -49.076  29.912 0.5000000000
52037  32.899  -47.781  28.085 0.5000000000
53277  34.092  -47.251  25.087 0.4000000060
54461  33.829  -46.617  24.829 0.3000000119
55615  32.654  -45.619  21.643 0.4000000060
55625  32.171  -45.208  20.863 0.4000000060
55545  32.716  -45.444  25.238 0.3000000119
55641  30.773  -45.385  19.725 0.4000000060
56627  33.034  -44.130  21.986 0.3000000119
142162  32.702  -44.707  21.442 0.3000000119
57693  30.400  -43.603  18.428 0.3000000119
57682  32.194  -43.145  20.035 0.3000000119
58726  32.130  -41.990  19.269 0.3000000119
59789  29.122  -41.493  16.266 0.3000000119
47418  24.695  -52.035  31.994 0.4000000060
30746  24.018  -68.506  25.947 0.4000000060
158859  23.754  -67.659  26.314 0.4000000060
146411  24.184  -68.130  24.758 0.4000000060
31810  23.458  -67.348  24.700 0.3000000119
155257  23.775  -67.290  25.807 0.4000000060
32808  23.456  -66.401  25.114 0.3000000119
153755  28.426  -68.820  24.318 0.5000000000
165843  23.921  -64.846  25.677 0.5000000000
33885  23.191  -65.300  24.952 0.3000000119
30765  28.270  -68.267  24.087 0.5000000000
163414  28.430  -67.899  23.493 0.5000000000
29819  28.292  -68.874  23.927 0.5000000000
33874  24.177  -64.270  25.756 0.5000000000
33875  23.484  -64.356  25.088 0.4000000060
31819  28.227  -67.240  23.794 0.5000000000
161524  28.986  -68.604  23.250 0.5000000000
30786  29.669  -68.282  23.033 0.3000000119
32835  28.609  -66.541  23.115 0.5000000000
31826  29.033  -67.381  22.893 0.4000000060
30785  30.878  -68.250  23.054 0.3000000119
31825  30.154  -67.413  22.805 0.3000000119
30776  31.909  -68.247  23.179 0.3000000119
31824  31.303  -67.371  22.907 0.3000000119
32826  33.078  -66.835  23.241 0.3000000119
31818  32.359  -67.307  23.108 0.3000000119
32833  30.652  -66.611  22.602 0.4000000060
34919  22.145  -63.619  26.792 0.3000000119
33894  34.177  -65.740  24.052 0.4000000060
32825  33.647  -66.340  23.560 0.4000000060
32832  32.492  -66.435  22.866 0.4000000060
35910  22.948  -63.473  27.628 0.3000000119
43158  24.203  -56.913  30.792 0.3000000119
43159  23.720  -56.185  30.860 0.3000000119
44307  23.412  -55.449  30.882 0.3000000119
43160  22.885  -55.990  30.408 0.3000000119
45359  23.142  -54.703  31.009 0.3000000119
47420  23.363  -52.829  31.569 0.3000000119
48470  24.576  -51.544  31.392 0.3000000119
48471  23.917  -51.567  31.165 0.3000000119
47428  23.165  -51.988  31.163 0.3000000119
47430  21.822  -52.757  30.653 0.3000000119
49677  27.219  -50.308  30.192 0.3000000119
49678  26.450  -50.262  29.846 0.3000000119
48480  24.383  -51.142  30.772 0.3000000119
48481  23.573  -51.296  30.666 0.3000000119
50880  27.233  -49.873  29.614 0.3000000119
49679  25.477  -50.317  29.722 0.3000000119
49668  24.925  -50.699  30.286 0.3000000119
49669  24.063  -50.776  30.169 0.3000000119
50881  25.932  -49.825  29.212 0.3000000119
50882  25.075  -49.866  29.129 0.3000000119
49680  24.581  -50.335  29.629 0.3000000119
50891  27.262  -49.360  28.894 0.3000000119
144940  26.650  -49.730  29.257 0.3000000119
50894  24.675  -49.406  28.572 0.3000000119
159215  28.529  -70.286  25.338 0.5000000000
33896  32.971  -65.984  22.963 0.4000000060
147740  25.808  -50.706  30.452 0.3000000119
47429  22.552  -52.863  31.128 0.3000000119
34949  22.838  -64.202  24.615 0.3000000119
35955  22.565  -63.256  24.637 0.3000000119
35935  21.928  -63.548  25.278 0.3000000119
26760  23.086  -72.681  31.289 0.4000000060
26778  21.394  -73.070  30.204 0.4000000060
146634  21.669  -72.243  30.297 0.4000000060
26788  20.977  -72.654  28.330 0.4000000060
27800  21.541  -72.080  27.749 0.3000000119
27783  21.250  -71.635  29.627 0.4000000060
27791  20.994  -71.844  28.716 0.4000000060
139064  21.439  -71.291  28.253 0.4000000060
27799  29.047  -71.550  28.379 0.3000000119
28757  21.728  -70.034  29.459 0.4000000060
28787  22.821  -70.993  26.829 0.3000000119
29792  23.566  -70.054  26.239 0.3000000119
28770  22.638  -70.129  27.335 0.4000000060
28821  23.549  -70.557  24.495 0.3000000119
141605  23.475  -71.168  24.906 0.3000000119
29809  23.879  -69.236  24.108 0.3000000119
29781  22.935  -69.400  27.180 0.4000000060
29791  24.259  -69.429  25.549 0.3000000119
30757  24.587  -68.716  25.073 0.3000000119
163604  20.909  -73.186  29.638 0.4000000060
26787  20.890  -72.525  29.436 0.4000000060
145611  23.167  -68.604  24.010 0.3000000119
26759  23.661  -72.430  31.742 0.3000000119
29803  21.583  -69.162  24.585 0.3000000119
25698  24.751  -73.346  34.023 0.4000000060
25780  20.708  -73.357  28.973 0.4000000060
26703  29.308  -72.091  34.026 0.3000000119
26705  26.772  -72.600  34.533 0.4000000060
26724  29.856  -72.385  33.573 0.3000000119
26726  24.892  -72.635  33.670 0.4000000060
26758  24.125  -72.074  32.244 0.3000000119
26776  23.323  -71.882  31.338 0.4000000060
27702  27.031  -71.809  34.325 0.4000000060
27729  25.160  -71.839  33.435 0.4000000060
27766  30.580  -71.580  31.682 0.4000000060
27767  24.186  -71.341  32.033 0.4000000060
27782  21.930  -71.354  30.395 0.5000000000
27788  29.964  -71.130  29.951 0.4000000060
28692  27.184  -71.023  34.070 0.4000000060
28707  29.252  -70.834  33.823 0.5000000000
28709  27.186  -70.262  33.801 0.6000000238
28710  26.601  -70.663  33.799 0.5000000000
28711  25.916  -70.709  33.568 0.4000000060
28736  31.021  -70.320  31.503 0.4000000060
28737  24.138  -70.765  31.752 0.5000000000
28747  22.959  -70.036  30.826 0.5000000000
28749  21.521  -70.840  29.650 0.4000000060
28756  29.717  -70.994  29.019 0.3000000119
28758  21.460  -70.608  28.786 0.4000000060
28769  29.585  -70.896  28.086 0.3000000119
28771  21.909  -70.689  27.813 0.4000000060
28785  29.351  -70.789  27.180 0.4000000060
28800  28.927  -70.642  26.246 0.4000000060
28801  24.093  -70.354  25.091 0.3000000119
28820  24.060  -70.008  24.481 0.3000000119
28837  23.408  -69.934  24.131 0.3000000119
29710  30.098  -69.446  33.329 0.6000000238
29715  26.049  -69.237  33.342 0.6000000238
29726  24.796  -69.696  32.332 0.5000000000
29737  31.230  -69.587  31.518 0.5000000000
29747  30.841  -69.846  30.146 0.6000000238
29748  23.035  -69.151  30.568 0.5000000000
29759  21.860  -69.941  28.442 0.5000000000
29801  28.742  -69.275  24.939 0.5000000000
29802  24.434  -69.485  24.767 0.3000000119
29808  28.487  -69.835  24.505 0.5000000000
29810  22.771  -69.293  24.056 0.3000000119
29828  28.519  -68.373  23.543 0.5000000000
30675  30.270  -68.164  33.180 0.6000000238
30679  25.772  -68.593  33.111 0.6000000238
30689  24.761  -68.864  32.178 0.5000000000
30700  31.342  -68.863  31.405 0.6000000238
30710  23.147  -68.453  30.211 0.5000000000
30720  22.493  -68.578  28.720 0.5000000000
30728  22.973  -67.922  28.291 0.5000000000
30766  24.332  -68.801  24.552 0.3000000119
30767  23.781  -68.331  24.304 0.3000000119
30777  30.598  -69.119  23.221 0.3000000119
30779  28.219  -67.938  23.775 0.5000000000
30787  28.733  -67.993  23.179 0.5000000000
30788  28.429  -67.365  23.425 0.5000000000
31721  29.381  -67.859  33.482 0.6000000238
31724  25.864  -67.899  33.076 0.6000000238
31734  31.245  -67.912  32.139 0.6999999881
31747  31.394  -68.133  31.425 0.6000000238
31748  24.569  -67.363  31.248 0.6000000238
31755  31.536  -67.682  30.161 0.8000000119
31773  32.251  -67.098  27.814 0.8000000119
31776  23.541  -67.355  27.965 0.6000000238
31790  31.791  -67.803  26.041 0.8000000119
31791  24.139  -67.970  25.404 0.4000000060
32715  30.009  -66.625  33.241 0.6000000238
32716  29.236  -66.485  33.414 0.6000000238
32719  26.051  -67.037  32.978 0.6000000238
32745  25.275  -66.403  31.257 0.6999999881
32767  31.862  -66.587  29.303 0.8999999762
32769  24.661  -66.536  29.060 0.6999999881
32776  32.237  -66.489  28.370 0.8000000119
32777  25.201  -66.043  28.605 0.6000000238
32779  23.992  -66.797  27.651 0.5000000000
32788  24.478  -66.255  27.286 0.5000000000
32816  28.367  -66.794  24.090 0.6000000238
32817  23.059  -66.160  24.718 0.3000000119
32827  28.258  -66.574  23.601 0.5000000000
33785  27.939  -65.698  33.251 0.6999999881
33786  27.227  -65.428  33.032 0.6999999881
33810  31.398  -65.364  31.427 1.0000000000
33826  25.697  -65.438  30.563 0.6999999881
33836  31.901  -65.746  29.725 0.8999999762
33856  24.727  -65.498  27.049 0.5000000000
33864  23.743  -65.512  25.595 0.5000000000
33873  28.696  -66.131  24.291 0.6999999881
33886  22.598  -65.099  24.790 0.3000000119
34821  28.189  -64.051  32.822 0.8999999762
34823  26.960  -64.900  32.716 0.6999999881
34848  31.553  -63.996  31.425 0.8999999762
34849  26.459  -64.363  31.740 0.8999999762
34889  25.874  -64.898  28.985 0.6000000238
34904  25.759  -64.618  28.049 0.6000000238
34918  24.847  -64.504  26.706 0.6000000238
34928  32.017  -64.728  25.404 0.8000000119
34940  23.031  -63.199  24.502 0.5000000000
34950  22.223  -64.114  24.788 0.3000000119
34959  35.783  -64.487  24.232 0.5000000000
34962  28.731  -64.476  23.192 0.6999999881
34966  32.626  -64.586  22.413 0.5000000000
34967  31.935  -64.315  22.067 0.6000000238
35818  30.131  -63.487  32.699 0.8999999762
35836  26.944  -63.758  32.272 0.8999999762
35891  26.371  -63.672  29.238 0.8000000119
35909  23.630  -63.055  28.302 0.3000000119
35922  23.979  -61.953  27.594 0.4000000060
35932  25.018  -62.267  25.820 0.5000000000
35943  22.785  -62.517  24.566 0.5000000000
35993  29.620  -63.096  22.077 0.8000000119
36825  29.805  -62.837  32.744 0.8999999762
36826  29.034  -62.919  32.742 0.8999999762
36842  31.068  -62.646  32.242 0.8999999762
36845  26.981  -62.999  32.120 0.8999999762
36865  27.116  -62.133  31.892 0.8999999762
36926  26.579  -61.908  27.875 0.6999999881
36952  22.890  -61.808  24.884 0.4000000060
36960  23.710  -61.148  24.937 0.4000000060
36962  22.908  -61.986  24.696 0.5000000000
36971  30.248  -62.573  23.818 0.8999999762
36993  32.333  -62.782  21.829 0.5000000000
37870  29.687  -61.346  32.754 0.8999999762
37892  27.316  -61.288  31.563 0.8999999762
37908  27.203  -60.992  30.637 0.6999999881
37933  26.846  -61.026  28.090 0.6999999881
37952  26.746  -60.064  27.381 0.6000000238
37965  26.019  -59.846  26.734 0.6000000238
37966  25.152  -60.205  26.224 0.5000000000
37973  32.779  -61.641  26.511 0.8999999762
37974  24.278  -60.635  25.492 0.5000000000
37982  31.992  -61.769  25.172 0.8999999762
37983  23.607  -60.858  25.097 0.4000000060
38006  36.173  -61.312  23.395 0.5000000000
38008  34.161  -61.467  23.277 0.6000000238
38040  28.179  -61.629  21.917 0.8999999762
38943  27.493  -60.108  30.192 0.6999999881
38944  24.703  -60.580  30.013 0.3000000119
38968  25.667  -59.090  28.587 0.4000000060
38987  26.886  -59.497  27.720 0.6000000238
38988  25.855  -59.156  27.792 0.6000000238
39002  25.943  -59.346  27.078 0.5000000000
39026  31.784  -60.578  24.624 0.8999999762
39027  31.158  -60.434  23.861 0.8999999762
39056  34.143  -60.197  22.716 0.6000000238
39071  29.642  -61.364  21.146 0.8000000119
40003  27.605  -59.091  29.761 0.6999999881
40004  25.291  -59.011  29.977 0.4000000060
40075  32.661  -59.418  25.473 1.0000000000
40097  27.578  -59.642  21.969 0.8999999762
40112  27.852  -60.344  21.668 0.8999999762
40121  32.508  -59.631  21.109 0.6999999881
40124  27.267  -59.374  21.488 0.8999999762
40128  31.345  -59.734  20.524 0.6999999881
41053  33.399  -58.445  30.188 1.0000000000
41086  26.900  -58.227  28.861 0.6000000238
41098  27.067  -58.581  28.547 0.6999999881
41169  33.556  -58.539  22.112 0.6000000238
41183  26.849  -58.915  21.691 0.8999999762
41184  26.494  -58.393  21.756 0.8999999762
42095  26.920  -57.572  29.948 0.6000000238
42186  32.806  -57.836  25.552 1.0000000000
42226  34.095  -57.988  22.393 0.6000000238
42240  31.884  -57.429  20.973 0.6999999881
42246  30.547  -57.494  20.512 0.6999999881
42249  27.537  -57.831  20.635 0.8999999762
43156  26.753  -57.072  30.617 0.4000000060
43259  31.250  -56.205  24.101 1.0000000000
43281  25.281  -56.480  22.241 0.8999999762
43292  34.489  -56.577  22.490 0.6000000238
43293  32.759  -56.302  21.871 0.6999999881
43306  31.422  -56.766  21.027 0.6999999881
43308  29.761  -56.220  20.794 0.6999999881
43309  25.546  -57.294  21.717 0.8999999762
44284  29.068  -55.627  32.029 0.6000000238
44367  33.231  -55.957  27.113 1.0000000000
44417  25.032  -55.668  22.643 1.0000000000
44433  32.402  -55.535  22.056 0.6999999881
44436  24.334  -55.230  22.017 0.8999999762
45455  28.073  -54.083  25.034 0.8999999762
45456  26.182  -54.136  24.540 1.0000000000
45457  25.536  -54.282  24.267 1.0000000000
45474  30.911  -54.722  24.960 1.0000000000
45476  29.067  -54.793  24.385 1.0000000000
45477  27.697  -54.622  24.610 1.0000000000
45479  25.888  -54.721  24.168 1.0000000000
45506  29.343  -54.420  21.881 0.6999999881
45508  27.395  -54.377  21.817 0.6999999881
45519  29.826  -55.075  21.458 0.6999999881
45523  25.635  -54.886  21.466 0.8000000119
46385  30.249  -53.658  32.285 0.5000000000
46489  28.376  -53.440  25.290 0.8999999762
46502  25.829  -53.303  24.397 0.8999999762
46503  25.119  -53.509  24.151 1.0000000000
46505  23.625  -53.337  23.306 1.0000000000
46516  23.594  -53.951  23.205 1.0000000000
46533  29.933  -53.667  22.343 0.6999999881
46535  27.881  -53.653  22.211 0.6999999881
46539  22.419  -53.621  22.270 0.8999999762
47406  28.500  -52.618  32.425 0.4000000060
47505  30.244  -52.506  25.667 0.8000000119
47522  26.445  -52.840  24.519 0.8999999762
47532  24.914  -52.578  23.685 0.8999999762
47570  26.895  -52.654  21.695 0.8000000119
47571  25.919  -53.222  21.292 0.6999999881
48477  33.075  -51.269  31.048 0.6999999881
48566  28.585  -51.815  24.564 0.8000000119
48639  26.546  -51.472  20.605 0.6000000238
48641  23.318  -51.543  20.394 0.8000000119
49757  32.495  -50.521  24.630 0.8000000119
49804  22.423  -50.638  20.889 0.8000000119
49833  22.936  -49.662  19.793 0.8000000119
50942  34.232  -48.828  26.029 0.6000000238
50981  28.239  -49.856  22.215 0.6999999881
51003  22.513  -49.067  20.156 0.8000000119
51010  22.429  -49.015  20.003 0.8000000119
51025  22.501  -48.831  19.790 0.6999999881
51040  27.505  -49.208  18.643 0.6000000238
51044  23.304  -49.072  19.353 0.6999999881
51045  22.781  -48.643  19.477 0.6999999881
52136  27.594  -48.838  21.079 0.6999999881
52140  23.130  -48.892  20.555 0.8000000119
52141  22.651  -48.650  20.266 0.8000000119
52163  22.452  -48.394  19.829 0.6999999881
52178  26.821  -48.591  18.507 0.6000000238
53318  26.409  -48.138  20.567 0.6999999881
53319  25.423  -48.065  20.509 0.8000000119
53321  23.153  -48.061  20.397 0.8000000119
53355  22.756  -47.097  19.495 0.8000000119
53356  22.603  -47.764  19.495 0.6999999881
53368  27.956  -48.011  18.116 0.5000000000
53370  25.201  -47.810  18.357 0.6000000238
54415  27.548  -46.855  26.254 0.3000000119
54433  34.002  -46.935  25.264 0.3000000119
54524  22.878  -46.568  19.487 0.8000000119
54544  22.842  -45.950  18.520 0.6000000238
54555  24.266  -46.158  17.701 0.6000000238
54557  22.813  -45.355  18.114 0.6000000238
55656  22.896  -44.902  18.076 0.6000000238
55678  23.817  -44.554  17.014 0.6000000238
56647  29.153  -45.222  19.015 0.4000000060
56661  28.378  -44.256  18.243 0.3000000119
56688  25.539  -43.739  15.843 0.6000000238
58742  24.961  -42.255  16.486 0.4000000060
58763  25.228  -41.448  14.786 0.4000000060
59792  25.419  -41.411  15.601 0.4000000060
59809  25.385  -41.037  14.536 0.4000000060
59818  25.768  -40.667  13.944 0.4000000060
60913  25.832  -40.028  13.807 0.4000000060
138716  26.408  -64.976  32.183 0.8999999762
140106  24.663  -43.653  17.835 0.6000000238
140247  27.471  -43.835  17.888 0.3000000119
140337  31.666  -54.009  22.478 0.6000000238
140934  31.137  -67.278  25.332 0.8000000119
141465  30.409  -68.840  33.122 0.6000000238
142467  26.300  -63.896  30.002 0.8999999762
142696  21.857  -52.345  21.690 0.8000000119
142732  32.558  -64.395  27.108 0.8999999762
143578  25.666  -71.314  33.624 0.4000000060
143879  21.018  -69.898  24.936 0.3000000119
143943  31.545  -54.949  25.257 1.0000000000
144041  31.128  -67.289  32.296 0.6000000238
145183  21.154  -71.190  29.037 0.4000000060
145309  23.869  -67.325  25.142 0.3000000119
145351  22.704  -50.117  20.277 0.8000000119
146119  26.492  -62.958  28.678 0.6999999881
146206  28.117  -57.106  20.391 0.8999999762
146342  34.052  -62.998  23.766 0.5000000000
147583  31.267  -51.408  25.002 0.8000000119
148243  31.542  -57.028  23.922 1.0000000000
148757  36.418  -59.025  22.377 0.6000000238
148891  30.098  -46.850  20.252 0.4000000060
149563  28.887  -59.551  20.652 0.8000000119
149807  28.182  -73.080  34.626 0.3000000119
150242  22.326  -72.919  30.806 0.4000000060
150909  35.863  -63.039  23.885 0.5000000000
151740  24.046  -60.587  25.620 0.5000000000
153316  30.394  -64.129  32.586 0.8999999762
153331  30.171  -59.069  32.677 0.8999999762
153350  30.150  -58.220  20.423 0.6999999881
153617  27.963  -59.588  22.149 0.8999999762
153987  32.053  -54.800  22.266 0.6000000238
154357  30.955  -61.923  32.476 0.8999999762
155407  26.917  -53.849  24.811 1.0000000000
155411  28.161  -56.436  20.561 0.8000000119
155413  32.725  -62.770  28.634 1.0000000000
155465  31.360  -64.657  31.603 1.0000000000
155902  25.769  -56.766  21.261 0.8999999762
156117  30.729  -70.952  31.363 0.4000000060
156325  25.342  -49.190  21.170 0.6999999881
158439  31.858  -68.053  26.805 0.6000000238
158454  26.560  -65.655  32.751 0.6999999881
158467  24.728  -67.939  31.872 0.6000000238
159473  30.156  -67.068  24.872 0.6999999881
159952  27.838  -73.696  34.722 0.3000000119
160300  25.261  -72.897  34.189 0.4000000060
160947  31.693  -61.113  20.974 0.8000000119
161514  29.807  -44.884  18.979 0.4000000060
163115  25.562  -66.804  32.361 0.6000000238
163403  22.322  -51.418  21.945 0.8999999762
163460  30.117  -64.676  32.855 0.8999999762
164352  27.500  -58.933  20.989 0.8999999762
164634  30.316  -49.180  22.030 0.6999999881
164958  32.286  -62.867  30.854 1.0000000000
165027  27.514  -57.613  30.474 0.6000000238
165115  23.115  -48.503  19.199 0.6000000238
166137  23.556  -67.608  29.558 0.6000000238
166950  27.222  -68.556  33.503 0.6000000238
167005  30.869  -66.382  32.444 0.6000000238
167030  22.615  -62.757  26.490 0.4000000060
167192  23.162  -70.584  26.523 0.3000000119
