#!ascii label  , from subject sub-v1s2x0051483_ses-1 vox2ras=TkReg
1821
95347  -44.735  13.298  40.842 0.0000000000
86394  -51.530  2.512  24.648 0.0000000000
98430  -51.368  18.346  41.939 0.0000000000
91605  -51.985  8.222  33.860 0.0000000000
93876  -48.509  11.312  46.198 0.0000000000
94036  -50.213  11.642  26.999 0.0000000000
99230  -58.087  20.081  26.901 0.0000000000
100513  -49.728  21.777  31.588 0.0000000000
93090  -41.753  10.731  49.201 0.0000000000
90722  -44.959  7.687  36.891 0.0000000000
90806  -49.834  7.623  29.496 0.0000000000
94699  -46.875  12.162  34.263 0.0000000000
101040  -54.388  21.766  45.262 0.0000000000
99140  -55.486  19.327  35.343 0.0000000000
141693  -56.576  21.669  36.515 0.0000000000
99867  -53.548  20.912  30.197 0.0000000000
143512  -51.228  23.451  35.946 0.0000000000
88171  -51.788  4.746  21.582 0.0000000000
97277  -43.865  16.738  38.012 0.0000000000
96657  -48.876  15.200  40.794 0.0000000000
93259  -56.206  11.457  34.121 0.0000000000
90691  -50.526  7.348  40.391 0.0000000000
144012  -42.721  10.697  43.526 0.0000000000
97772  -43.242  17.471  47.649 0.0000000000
90857  -56.082  7.845  24.883 0.0000000000
141357  -54.815  10.068  20.463 0.0000000000
97293  -50.821  16.477  34.094 0.0000000000
97365  -54.350  16.251  27.727 0.0000000000
96154  -55.258  14.231  21.476 0.0000000000
145082  -50.961  17.798  22.869 0.0000000000
136232  -48.639  17.302  26.859 0.0000000000
93224  -44.134  10.290  38.478 0.0000000000
92444  -45.660  9.421  35.228 0.0000000000
93960  -46.021  11.822  37.873 0.0000000000
101693  -52.647  24.027  43.009 0.0000000000
99772  -55.645  20.779  40.609 0.0000000000
101724  -54.096  23.262  38.683 0.0000000000
101133  -54.244  22.459  35.986 0.0000000000
87238  -51.977  3.898  22.850 0.0000000000
98467  -41.165  18.632  37.423 0.0000000000
98469  -44.931  18.309  37.408 0.0000000000
136054  -49.185  9.382  43.617 0.0000000000
90665  -46.969  8.017  42.194 0.0000000000
93139  -45.708  10.567  45.519 0.0000000000
95932  -41.933  14.216  48.455 0.0000000000
96618  -39.618  15.984  43.082 0.0000000000
96635  -39.553  15.937  41.164 0.0000000000
96007  -37.320  15.069  41.664 0.0000000000
91658  -54.233  9.185  30.500 0.0000000000
140099  -49.181  9.870  28.117 0.0000000000
90837  -52.093  7.797  26.518 0.0000000000
92530  -51.024  9.081  24.808 0.0000000000
132236  -54.846  7.878  22.077 0.0000000000
94066  -51.830  11.075  23.856 0.0000000000
97244  -50.385  16.394  41.048 0.0000000000
96692  -49.922  15.139  37.510 0.0000000000
150357  -51.927  17.364  37.868 0.0000000000
99188  -57.939  19.617  31.176 0.0000000000
97909  -54.456  17.964  30.962 0.0000000000
127647  -56.349  17.964  27.523 0.0000000000
96122  -55.372  15.302  24.412 0.0000000000
97970  -54.972  17.501  24.028 0.0000000000
142147  -52.908  16.286  22.265 0.0000000000
99240  -54.492  19.286  24.586 0.0000000000
99845  -51.420  20.911  30.862 0.0000000000
98553  -51.485  18.746  28.234 0.0000000000
147916  -49.882  18.441  29.592 0.0000000000
97340  -47.218  16.996  28.915 0.0000000000
98525  -48.021  18.715  31.123 0.0000000000
125694  -48.078  6.453  35.739 0.0000000000
127482  -51.349  7.498  31.583 0.0000000000
90751  -47.595  7.663  33.356 0.0000000000
137600  -47.513  10.009  31.648 0.0000000000
137532  -48.193  11.915  30.810 0.0000000000
99064  -53.661  19.923  43.810 0.0000000000
98456  -53.694  18.662  38.850 0.0000000000
99101  -56.622  19.585  40.104 0.0000000000
99138  -58.354  19.898  36.236 0.0000000000
100521  -58.134  21.294  31.369 0.0000000000
125532  -55.648  20.633  28.653 0.0000000000
101162  -56.141  22.049  32.539 0.0000000000
140858  -53.014  21.892  32.971 0.0000000000
101147  -50.459  22.770  33.239 0.0000000000
89989  -52.288  6.429  21.472 0.0000000000
97228  -45.644  16.205  41.580 0.0000000000
96021  -47.050  14.402  41.022 0.0000000000
97250  -46.781  16.708  39.720 0.0000000000
98444  -48.851  17.854  39.582 0.0000000000
99779  -49.943  20.409  39.646 0.0000000000
100443  -47.251  22.201  39.889 0.0000000000
100420  -50.691  22.151  42.142 0.0000000000
93256  -53.918  10.707  33.810 0.0000000000
91584  -53.833  8.551  37.299 0.0000000000
89858  -50.923  6.893  36.985 0.0000000000
89824  -47.428  6.629  39.368 0.0000000000
130228  -43.660  8.448  40.534 0.0000000000
95224  -47.718  14.062  49.612 0.0000000000
94518  -44.474  12.743  51.079 0.0000000000
97154  -44.672  16.487  51.129 0.0000000000
94545  -44.821  12.848  48.513 0.0000000000
95272  -42.969  13.329  46.274 0.0000000000
96626  -44.361  15.791  42.921 0.0000000000
88138  -52.601  4.244  26.362 0.0000000000
91667  -53.639  8.778  29.109 0.0000000000
89015  -54.892  6.533  26.906 0.0000000000
88152  -53.129  5.074  24.761 0.0000000000
89056  -55.499  6.136  22.809 0.0000000000
149222  -55.388  6.777  20.414 0.0000000000
91758  -53.904  9.081  19.136 0.0000000000
95369  -47.919  13.050  37.241 0.0000000000
96051  -48.666  14.325  33.609 0.0000000000
96074  -49.825  14.378  30.152 0.0000000000
148196  -52.830  17.967  34.544 0.0000000000
97327  -52.254  16.380  30.447 0.0000000000
96107  -51.886  14.129  26.910 0.0000000000
95454  -54.017  13.609  24.260 0.0000000000
94089  -56.500  12.574  20.387 0.0000000000
129663  -52.697  10.883  19.494 0.0000000000
98568  -52.595  18.774  26.068 0.0000000000
127150  -49.705  17.594  25.076 0.0000000000
97390  -46.379  16.142  23.734 0.0000000000
97372  -44.592  16.261  25.419 0.0000000000
97349  -44.225  16.393  27.747 0.0000000000
94670  -44.586  12.152  39.806 0.0000000000
93965  -45.300  11.306  37.909 0.0000000000
94671  -45.365  12.382  39.466 0.0000000000
101084  -52.962  22.970  40.943 0.0000000000
102315  -53.778  24.442  38.723 0.0000000000
87230  -51.558  3.177  23.780 0.0000000000
93161  -48.869  10.261  44.805 0.0000000000
145578  -47.532  9.928  44.613 0.0000000000
93140  -47.003  10.894  45.899 0.0000000000
95986  -38.961  14.543  43.001 0.0000000000
96623  -38.636  15.692  42.178 0.0000000000
92468  -53.257  9.877  32.647 0.0000000000
128650  -52.875  9.270  31.507 0.0000000000
93322  -49.835  10.677  27.042 0.0000000000
133617  -50.277  8.906  26.475 0.0000000000
93329  -50.524  10.205  25.474 0.0000000000
92539  -51.301  9.584  24.086 0.0000000000
94044  -51.287  11.843  25.388 0.0000000000
97823  -50.838  17.738  41.822 0.0000000000
97253  -51.197  16.604  39.882 0.0000000000
97838  -52.256  17.579  39.838 0.0000000000
99215  -58.415  19.812  29.565 0.0000000000
98547  -57.158  18.886  29.107 0.0000000000
98563  -57.501  18.995  27.235 0.0000000000
97954  -56.617  18.458  25.959 0.0000000000
98578  -56.712  19.197  25.378 0.0000000000
98586  -55.518  19.115  24.151 0.0000000000
99235  -56.764  19.947  25.636 0.0000000000
99844  -50.676  21.006  31.217 0.0000000000
99201  -50.523  19.801  30.537 0.0000000000
99200  -49.745  19.699  30.945 0.0000000000
98534  -48.715  18.669  30.768 0.0000000000
99186  -49.327  20.482  31.452 0.0000000000
89863  -46.748  6.769  36.167 0.0000000000
89871  -47.782  6.882  34.394 0.0000000000
90731  -46.583  7.316  35.395 0.0000000000
93255  -46.297  10.828  34.381 0.0000000000
92466  -46.739  9.754  33.203 0.0000000000
93273  -46.896  10.617  32.664 0.0000000000
94015  -47.914  11.076  30.813 0.0000000000
94711  -47.716  12.268  31.868 0.0000000000
99743  -54.334  20.479  44.561 0.0000000000
126074  -54.942  19.520  42.520 0.0000000000
99067  -55.715  20.161  43.209 0.0000000000
126752  -55.953  21.294  37.902 0.0000000000
99813  -57.788  20.176  38.111 0.0000000000
126936  -57.758  20.962  36.196 0.0000000000
99824  -58.600  20.516  33.397 0.0000000000
101154  -57.601  21.815  33.648 0.0000000000
101163  -57.031  21.962  32.444 0.0000000000
130716  -56.213  22.265  34.105 0.0000000000
124333  -52.790  22.702  36.328 0.0000000000
101140  -53.178  22.030  34.581 0.0000000000
101139  -52.217  22.177  34.793 0.0000000000
144883  -51.874  22.101  33.138 0.0000000000
101138  -50.783  23.082  35.227 0.0000000000
89071  -51.945  5.255  21.608 0.0000000000
97248  -44.851  16.421  39.650 0.0000000000
97240  -46.573  16.422  40.686 0.0000000000
136527  -45.272  16.598  39.022 0.0000000000
99125  -45.935  19.457  37.499 0.0000000000
97863  -46.971  18.310  37.778 0.0000000000
99106  -48.033  19.130  38.039 0.0000000000
99108  -49.484  19.132  39.174 0.0000000000
99794  -48.683  20.258  38.631 0.0000000000
101082  -45.721  22.985  41.419 0.0000000000
100430  -48.870  22.352  40.854 0.0000000000
133719  -49.583  22.889  42.386 0.0000000000
100408  -51.085  22.361  43.060 0.0000000000
101055  -49.019  23.615  43.567 0.0000000000
91620  -55.194  9.506  33.650 0.0000000000
92446  -55.520  11.145  33.785 0.0000000000
134915  -53.817  8.057  39.890 0.0000000000
90702  -52.619  7.474  39.341 0.0000000000
90717  -52.523  7.653  37.401 0.0000000000
89828  -50.905  6.835  39.017 0.0000000000
89837  -49.399  6.509  38.620 0.0000000000
89818  -48.832  6.961  39.974 0.0000000000
91517  -45.008  8.773  43.142 0.0000000000
91543  -45.489  7.916  41.791 0.0000000000
91529  -43.810  8.803  42.121 0.0000000000
93793  -43.014  12.140  50.485 0.0000000000
96549  -43.014  15.434  50.194 0.0000000000
97163  -43.599  16.910  49.459 0.0000000000
95915  -44.724  15.560  49.784 0.0000000000
133835  -44.346  16.327  48.850 0.0000000000
139785  -43.605  13.504  47.597 0.0000000000
132727  -43.825  15.931  47.243 0.0000000000
97217  -44.050  17.024  42.282 0.0000000000
97225  -42.718  16.761  41.967 0.0000000000
87201  -52.484  3.081  27.815 0.0000000000
90782  -50.457  7.306  30.927 0.0000000000
90797  -52.563  8.333  30.288 0.0000000000
90808  -51.783  7.605  28.939 0.0000000000
90847  -54.836  8.271  26.018 0.0000000000
91700  -55.325  8.446  26.812 0.0000000000
132068  -56.181  7.766  26.154 0.0000000000
89029  -55.089  6.485  26.035 0.0000000000
89041  -55.309  6.397  25.101 0.0000000000
89055  -54.308  5.705  23.268 0.0000000000
134308  -56.750  6.754  23.474 0.0000000000
91741  -55.024  8.444  21.073 0.0000000000
90008  -56.888  7.075  20.787 0.0000000000
91750  -55.448  8.395  19.987 0.0000000000
90895  -54.715  7.693  19.893 0.0000000000
92574  -55.111  9.823  19.046 0.0000000000
96023  -48.431  14.786  40.602 0.0000000000
95358  -47.717  13.298  38.617 0.0000000000
96029  -48.633  14.206  39.294 0.0000000000
96705  -50.291  15.844  35.323 0.0000000000
96049  -49.311  14.849  35.072 0.0000000000
96710  -49.738  15.418  33.273 0.0000000000
96061  -49.379  14.764  31.786 0.0000000000
96724  -49.980  15.356  31.695 0.0000000000
98475  -55.103  19.272  37.840 0.0000000000
98478  -53.760  18.608  36.623 0.0000000000
98491  -54.008  18.698  34.880 0.0000000000
97343  -54.487  16.958  28.967 0.0000000000
97921  -53.146  17.224  31.140 0.0000000000
97354  -53.157  16.143  28.891 0.0000000000
96748  -51.860  15.379  28.893 0.0000000000
96757  -52.907  15.401  27.718 0.0000000000
95446  -52.708  13.692  25.591 0.0000000000
96120  -54.137  14.591  25.423 0.0000000000
96791  -55.468  14.968  22.946 0.0000000000
95467  -56.325  13.728  22.150 0.0000000000
95472  -55.887  13.638  20.917 0.0000000000
94097  -54.756  11.423  19.419 0.0000000000
94792  -54.136  12.617  20.547 0.0000000000
94087  -51.993  11.368  20.393 0.0000000000
95470  -53.658  13.500  21.424 0.0000000000
97986  -51.696  17.209  22.191 0.0000000000
96145  -51.935  15.588  22.550 0.0000000000
132129  -54.778  20.616  29.041 0.0000000000
99222  -54.184  19.848  27.704 0.0000000000
99221  -53.285  19.710  28.194 0.0000000000
97945  -49.631  17.587  27.201 0.0000000000
124463  -50.359  17.800  26.354 0.0000000000
97951  -49.282  17.481  26.129 0.0000000000
97965  -47.701  17.056  23.505 0.0000000000
97384  -47.346  16.886  25.232 0.0000000000
97381  -45.173  16.075  24.372 0.0000000000
97374  -46.621  16.642  25.879 0.0000000000
97326  -46.094  16.859  29.694 0.0000000000
127252  -45.967  16.571  28.414 0.0000000000
97337  -44.790  16.504  28.949 0.0000000000
97348  -43.370  16.332  28.136 0.0000000000
92425  -44.222  8.996  37.810 0.0000000000
91591  -45.417  8.392  35.888 0.0000000000
93236  -44.864  10.122  37.054 0.0000000000
145902  -45.760  10.919  36.158 0.0000000000
93981  -46.440  11.702  35.563 0.0000000000
100422  -54.948  21.146  42.398 0.0000000000
100433  -53.755  21.915  41.266 0.0000000000
132791  -54.389  21.786  39.249 0.0000000000
101121  -55.493  21.934  37.467 0.0000000000
127457  -55.190  22.383  36.170 0.0000000000
101119  -54.259  23.191  37.633 0.0000000000
101746  -53.445  23.771  37.414 0.0000000000
88165  -52.041  4.351  22.035 0.0000000000
140376  -42.715  17.285  37.545 0.0000000000
136316  -44.680  17.527  37.625 0.0000000000
134828  -43.433  18.563  37.401 0.0000000000
91545  -49.580  8.104  41.784 0.0000000000
134888  -48.139  7.620  41.383 0.0000000000
91520  -47.931  8.868  43.273 0.0000000000
92366  -46.443  9.248  43.857 0.0000000000
93157  -44.222  10.206  44.732 0.0000000000
94543  -41.634  12.161  48.964 0.0000000000
95954  -41.499  14.815  46.597 0.0000000000
97214  -40.576  16.683  42.851 0.0000000000
97224  -40.772  16.583  42.168 0.0000000000
97213  -39.840  16.339  42.147 0.0000000000
131317  -38.801  15.801  41.195 0.0000000000
91678  -49.222  8.647  28.630 0.0000000000
90818  -50.717  7.649  28.266 0.0000000000
91698  -50.456  8.278  27.000 0.0000000000
90845  -52.283  7.909  25.711 0.0000000000
90855  -53.584  7.799  24.589 0.0000000000
128107  -56.845  7.566  23.123 0.0000000000
91722  -52.680  8.455  23.262 0.0000000000
92548  -52.593  9.321  22.576 0.0000000000
129701  -53.676  10.716  21.931 0.0000000000
97243  -49.838  16.156  41.280 0.0000000000
96032  -49.536  14.735  38.659 0.0000000000
96686  -50.438  15.690  39.014 0.0000000000
143398  -50.719  16.043  37.575 0.0000000000
97290  -51.336  16.841  35.691 0.0000000000
144047  -56.561  19.490  33.290 0.0000000000
98506  -54.880  18.805  32.957 0.0000000000
98528  -55.781  18.743  31.232 0.0000000000
97924  -55.441  17.846  29.274 0.0000000000
143731  -55.358  16.992  27.450 0.0000000000
96765  -55.009  15.789  26.090 0.0000000000
97377  -55.564  16.942  25.766 0.0000000000
97392  -55.056  16.454  24.193 0.0000000000
97399  -54.880  15.562  22.887 0.0000000000
96798  -53.645  15.697  22.275 0.0000000000
97398  -54.048  16.550  23.137 0.0000000000
98591  -53.418  18.260  23.180 0.0000000000
98583  -52.708  18.291  23.200 0.0000000000
99846  -52.224  21.118  30.812 0.0000000000
99212  -52.120  19.793  29.242 0.0000000000
99211  -51.487  19.554  29.492 0.0000000000
98544  -50.508  18.703  29.380 0.0000000000
129980  -48.837  17.513  28.685 0.0000000000
97352  -47.578  16.961  28.153 0.0000000000
97929  -48.576  17.692  29.520 0.0000000000
97928  -47.668  17.454  29.634 0.0000000000
97906  -46.727  17.772  30.816 0.0000000000
89874  -49.981  6.783  34.901 0.0000000000
90765  -51.769  7.896  32.438 0.0000000000
89880  -49.855  6.782  33.539 0.0000000000
90763  -49.356  7.169  32.168 0.0000000000
90780  -48.547  7.801  31.187 0.0000000000
91604  -46.323  8.550  34.526 0.0000000000
91644  -47.751  8.353  32.194 0.0000000000
91655  -48.408  8.507  30.597 0.0000000000
92497  -48.534  9.500  29.525 0.0000000000
94023  -48.761  11.012  29.284 0.0000000000
94024  -49.176  11.917  29.030 0.0000000000
98425  -52.796  19.015  42.425 0.0000000000
144774  -53.037  18.396  40.842 0.0000000000
98439  -53.774  18.833  41.024 0.0000000000
99100  -55.629  19.359  39.644 0.0000000000
141886  -55.956  19.395  37.615 0.0000000000
99774  -57.145  20.009  40.972 0.0000000000
99129  -57.403  19.648  37.977 0.0000000000
144563  -56.914  19.516  35.501 0.0000000000
99158  -58.085  19.778  33.148 0.0000000000
99189  -58.518  20.015  31.591 0.0000000000
100550  -58.408  20.887  29.921 0.0000000000
132351  -57.288  20.572  27.550 0.0000000000
100531  -57.560  21.384  30.193 0.0000000000
100530  -55.908  21.331  30.171 0.0000000000
139980  -54.498  21.591  31.381 0.0000000000
101142  -55.250  22.190  34.241 0.0000000000
101160  -53.973  21.832  32.852 0.0000000000
100517  -53.624  21.548  31.469 0.0000000000
100497  -52.560  21.536  31.536 0.0000000000
100495  -50.875  22.027  31.855 0.0000000000
101172  -50.079  22.328  31.886 0.0000000000
96009  -45.676  14.808  41.674 0.0000000000
96020  -46.137  14.236  41.161 0.0000000000
96010  -46.612  15.046  41.536 0.0000000000
96639  -47.266  15.611  41.409 0.0000000000
97230  -47.932  16.009  41.292 0.0000000000
128099  -46.150  17.261  38.207 0.0000000000
97834  -47.372  17.110  39.228 0.0000000000
97820  -49.105  16.688  41.240 0.0000000000
97828  -49.555  17.324  41.245 0.0000000000
98446  -50.330  18.836  40.691 0.0000000000
99082  -51.010  18.615  41.829 0.0000000000
100463  -46.554  21.774  39.219 0.0000000000
100444  -48.342  21.752  39.734 0.0000000000
99769  -50.380  20.940  40.359 0.0000000000
99764  -51.929  20.046  42.280 0.0000000000
99753  -52.273  20.551  43.035 0.0000000000
127690  -52.126  21.800  44.307 0.0000000000
101038  -52.745  22.509  45.609 0.0000000000
93275  -54.095  10.496  32.724 0.0000000000
91606  -52.593  8.966  34.116 0.0000000000
91586  -55.410  9.261  37.920 0.0000000000
93238  -55.102  10.854  35.530 0.0000000000
91593  -53.630  8.978  36.443 0.0000000000
90727  -52.363  7.898  36.510 0.0000000000
90733  -51.496  7.618  35.396 0.0000000000
89856  -49.569  6.535  36.273 0.0000000000
89845  -47.799  6.428  37.137 0.0000000000
149438  -46.486  6.501  38.207 0.0000000000
90688  -47.560  7.326  40.720 0.0000000000
89815  -45.954  6.929  40.012 0.0000000000
90706  -44.521  7.553  38.613 0.0000000000
91568  -43.529  8.836  39.297 0.0000000000
139131  -45.884  14.181  52.107 0.0000000000
95208  -42.663  13.517  50.504 0.0000000000
95197  -43.955  14.671  51.605 0.0000000000
96526  -46.060  16.501  52.546 0.0000000000
95900  -45.972  15.639  51.029 0.0000000000
95243  -46.276  13.307  49.117 0.0000000000
94565  -46.231  12.359  47.794 0.0000000000
93834  -44.954  11.978  47.439 0.0000000000
150060  -43.516  11.858  46.476 0.0000000000
128654  -42.729  12.088  45.484 0.0000000000
96008  -44.858  14.585  41.879 0.0000000000
97219  -44.989  16.427  42.056 0.0000000000
97238  -44.447  16.378  40.476 0.0000000000
142469  -43.143  16.006  39.018 0.0000000000
97262  -42.028  16.155  38.345 0.0000000000
136185  -52.509  2.153  27.854 0.0000000000
87210  -52.343  3.277  26.826 0.0000000000
139115  -52.218  3.495  25.929 0.0000000000
90784  -52.761  8.926  30.958 0.0000000000
91669  -54.355  8.980  29.723 0.0000000000
91679  -53.920  8.579  27.834 0.0000000000
91682  -55.390  8.360  27.614 0.0000000000
88999  -54.683  6.654  27.799 0.0000000000
88139  -53.162  5.020  26.823 0.0000000000
88146  -53.173  5.075  25.862 0.0000000000
149868  -52.579  4.474  24.621 0.0000000000
88151  -52.625  4.552  23.855 0.0000000000
144726  -53.377  5.344  22.664 0.0000000000
127422  -53.424  5.766  21.676 0.0000000000
89991  -57.429  6.976  21.944 0.0000000000
89074  -55.293  6.193  21.105 0.0000000000
131978  -53.525  6.059  21.324 0.0000000000
90004  -53.530  7.079  20.604 0.0000000000
144483  -53.008  7.601  20.379 0.0000000000
91756  -51.881  9.213  19.587 0.0000000000
95354  -46.726  13.236  39.563 0.0000000000
134127  -47.339  12.563  37.274 0.0000000000
94695  -47.362  12.738  35.677 0.0000000000
96038  -48.994  14.132  37.382 0.0000000000
95373  -48.334  13.771  35.870 0.0000000000
94700  -47.366  12.700  33.651 0.0000000000
94703  -48.128  13.151  32.063 0.0000000000
95405  -49.395  13.542  29.985 0.0000000000
141342  -50.095  12.902  28.262 0.0000000000
98455  -52.984  18.236  38.455 0.0000000000
97873  -52.493  17.793  36.217 0.0000000000
97297  -51.472  16.966  33.746 0.0000000000
97890  -53.722  18.094  32.241 0.0000000000
97304  -52.303  17.304  32.441 0.0000000000
97303  -51.076  16.371  32.280 0.0000000000
96739  -50.871  15.318  30.146 0.0000000000
96094  -50.890  14.183  28.339 0.0000000000
95435  -50.916  13.189  27.089 0.0000000000
94757  -51.855  12.686  25.369 0.0000000000
94077  -54.691  11.461  21.760 0.0000000000
125254  -55.154  14.117  23.840 0.0000000000
94774  -55.867  13.359  22.536 0.0000000000
131409  -56.143  11.916  20.602 0.0000000000
93385  -55.140  10.413  19.126 0.0000000000
93383  -53.839  10.161  18.836 0.0000000000
135261  -52.826  15.166  22.300 0.0000000000
99228  -55.202  19.915  26.997 0.0000000000
98569  -53.501  19.082  25.425 0.0000000000
98582  -52.126  18.378  24.100 0.0000000000
98560  -51.700  18.615  27.432 0.0000000000
97952  -51.201  18.162  25.971 0.0000000000
97968  -50.230  17.653  23.270 0.0000000000
97974  -48.268  17.165  22.948 0.0000000000
96781  -47.379  15.915  23.527 0.0000000000
96117  -46.965  14.873  25.106 0.0000000000
97363  -46.170  16.534  26.873 0.0000000000
124865  -44.095  16.262  26.326 0.0000000000
101777  -49.066  23.018  31.788 0.0000000000
100512  -49.046  21.837  31.550 0.0000000000
99841  -47.805  20.962  31.641 0.0000000000
99183  -46.783  19.296  31.581 0.0000000000
98522  -45.757  18.201  31.314 0.0000000000
94664  -45.089  12.808  40.183 0.0000000000
93949  -44.880  11.789  39.224 0.0000000000
93877  -49.392  11.235  45.985 0.0000000000
93143  -49.536  10.676  45.276 0.0000000000
93142  -48.694  10.740  45.514 0.0000000000
93141  -47.830  10.809  45.706 0.0000000000
93875  -47.636  11.381  46.371 0.0000000000
91618  -52.547  9.037  33.244 0.0000000000
92482  -53.422  9.773  31.824 0.0000000000
91617  -52.035  8.296  33.061 0.0000000000
94035  -49.730  11.419  27.714 0.0000000000
93323  -50.206  10.393  26.220 0.0000000000
93316  -50.282  11.138  26.456 0.0000000000
94050  -50.578  11.071  25.766 0.0000000000
94043  -50.689  11.820  26.261 0.0000000000
97824  -51.513  17.930  41.676 0.0000000000
97837  -51.595  17.137  40.359 0.0000000000
97829  -51.932  17.653  40.831 0.0000000000
146590  -58.515  20.005  28.699 0.0000000000
98548  -57.933  19.459  28.817 0.0000000000
98564  -57.926  19.685  26.878 0.0000000000
98570  -57.306  19.265  26.249 0.0000000000
98571  -57.682  19.873  26.399 0.0000000000
99243  -56.426  19.615  25.257 0.0000000000
99237  -57.626  20.060  26.393 0.0000000000
99843  -49.984  21.097  31.482 0.0000000000
99187  -50.212  20.423  31.123 0.0000000000
89853  -46.134  6.795  36.753 0.0000000000
90724  -46.157  7.193  36.108 0.0000000000
93992  -46.614  11.460  33.898 0.0000000000
93264  -46.545  10.672  33.515 0.0000000000
93995  -46.845  11.395  33.082 0.0000000000
93996  -47.227  11.408  32.266 0.0000000000
93993  -47.259  12.119  32.823 0.0000000000
100388  -54.494  21.491  45.296 0.0000000000
99744  -55.062  20.535  44.210 0.0000000000
100397  -55.255  20.693  43.836 0.0000000000
100474  -56.496  21.273  37.282 0.0000000000
100477  -57.186  21.105  36.720 0.0000000000
100481  -57.186  21.531  35.996 0.0000000000
100482  -57.786  21.341  35.290 0.0000000000
101136  -57.139  21.786  35.326 0.0000000000
142754  -56.973  22.093  34.093 0.0000000000
101143  -56.606  22.140  34.897 0.0000000000
101124  -51.912  23.048  36.275 0.0000000000
101131  -52.025  22.523  35.702 0.0000000000
101130  -51.423  22.887  35.695 0.0000000000
127730  -51.395  22.532  34.992 0.0000000000
88164  -51.128  3.735  21.011 0.0000000000
88170  -51.259  4.202  21.243 0.0000000000
97265  -44.453  16.521  38.660 0.0000000000
99811  -46.290  20.325  37.854 0.0000000000
99126  -46.661  19.511  37.619 0.0000000000
99812  -47.348  19.930  37.910 0.0000000000
139048  -48.174  19.849  38.261 0.0000000000
99793  -47.861  20.598  38.450 0.0000000000
101054  -47.753  23.473  42.810 0.0000000000
124380  -48.752  23.363  43.015 0.0000000000
91608  -56.769  10.079  34.023 0.0000000000
91607  -55.793  10.461  33.782 0.0000000000
93258  -55.297  11.383  34.018 0.0000000000
90701  -51.595  7.194  39.407 0.0000000000
90700  -50.700  7.041  39.702 0.0000000000
89827  -50.088  6.669  39.032 0.0000000000
90690  -49.798  7.001  40.018 0.0000000000
92363  -43.711  9.621  43.401 0.0000000000
92384  -44.157  9.086  42.914 0.0000000000
92383  -43.386  9.493  42.611 0.0000000000
92382  -42.812  10.027  42.279 0.0000000000
125153  -42.558  10.822  42.715 0.0000000000
93806  -42.447  11.720  49.990 0.0000000000
97172  -43.016  16.958  48.811 0.0000000000
97173  -43.388  17.243  48.639 0.0000000000
97174  -44.233  17.055  48.939 0.0000000000
97181  -44.154  17.097  48.139 0.0000000000
96579  -44.181  16.497  47.939 0.0000000000
96589  -44.073  16.968  47.282 0.0000000000
97810  -43.924  17.369  43.031 0.0000000000
97216  -43.363  17.241  42.550 0.0000000000
97215  -42.438  17.281  42.711 0.0000000000
88120  -53.136  4.864  28.533 0.0000000000
90794  -49.701  7.484  30.314 0.0000000000
90795  -50.602  7.440  30.006 0.0000000000
90807  -50.745  7.507  29.070 0.0000000000
90848  -55.657  8.130  25.506 0.0000000000
91709  -55.745  8.280  26.217 0.0000000000
148191  -56.310  7.441  25.137 0.0000000000
89962  -56.107  7.126  25.668 0.0000000000
89972  -56.379  6.843  24.662 0.0000000000
89049  -55.508  6.294  24.032 0.0000000000
89973  -56.680  7.144  24.175 0.0000000000
92564  -55.065  9.174  20.313 0.0000000000
91742  -55.393  8.521  20.184 0.0000000000
92565  -55.181  9.744  19.697 0.0000000000
92573  -55.167  9.407  19.471 0.0000000000
96028  -48.202  14.330  40.033 0.0000000000
96024  -48.860  14.695  40.081 0.0000000000
96708  -50.297  15.956  34.445 0.0000000000
96707  -49.782  15.443  34.748 0.0000000000
96711  -50.305  15.961  33.581 0.0000000000
96714  -49.591  15.180  32.449 0.0000000000
96715  -50.319  15.815  32.573 0.0000000000
99134  -55.425  19.316  36.232 0.0000000000
98479  -54.557  19.002  36.444 0.0000000000
98492  -54.775  19.037  34.705 0.0000000000
97355  -54.019  16.455  28.536 0.0000000000
97342  -53.634  16.619  29.366 0.0000000000
96750  -53.483  15.925  28.135 0.0000000000
96758  -53.804  15.687  27.353 0.0000000000
96097  -53.268  15.103  26.968 0.0000000000
96764  -54.179  15.446  26.557 0.0000000000
96148  -55.511  14.598  21.936 0.0000000000
96155  -56.134  14.048  21.475 0.0000000000
143659  -54.956  12.885  20.451 0.0000000000
95471  -54.845  13.525  20.963 0.0000000000
96153  -54.226  14.312  21.680 0.0000000000
97977  -51.266  17.500  22.359 0.0000000000
97405  -51.340  16.977  22.091 0.0000000000
97985  -50.782  17.070  22.115 0.0000000000
97404  -49.924  17.008  22.065 0.0000000000
99881  -53.789  20.592  29.443 0.0000000000
99890  -53.957  20.239  28.586 0.0000000000
99213  -52.954  20.133  29.049 0.0000000000
97950  -48.275  17.242  25.770 0.0000000000
124618  -46.476  16.574  24.612 0.0000000000
97375  -47.705  16.951  26.455 0.0000000000
97338  -45.678  16.600  29.019 0.0000000000
92430  -44.607  9.236  37.084 0.0000000000
144857  -44.317  10.049  38.059 0.0000000000
93230  -45.341  10.846  37.195 0.0000000000
93972  -45.842  11.233  36.633 0.0000000000
93980  -46.037  11.234  35.925 0.0000000000
93967  -46.308  11.763  37.141 0.0000000000
100411  -54.166  21.940  42.805 0.0000000000
101068  -53.364  22.596  41.994 0.0000000000
101102  -53.378  22.699  40.011 0.0000000000
101103  -53.924  22.629  39.189 0.0000000000
101117  -55.165  21.804  38.121 0.0000000000
101116  -54.474  22.493  38.506 0.0000000000
101120  -54.750  22.587  37.910 0.0000000000
101740  -54.270  23.289  38.239 0.0000000000
128007  -53.621  24.967  38.319 0.0000000000
128550  -53.910  24.048  38.127 0.0000000000
102341  -52.582  24.151  37.110 0.0000000000
87237  -51.187  2.889  22.194 0.0000000000
87245  -51.409  3.628  21.532 0.0000000000
147917  -42.242  17.755  37.420 0.0000000000
137461  -42.835  18.011  37.361 0.0000000000
98468  -42.134  18.497  37.390 0.0000000000
92369  -49.758  9.125  43.136 0.0000000000
91535  -50.125  8.612  42.403 0.0000000000
91534  -49.220  8.534  42.518 0.0000000000
91521  -48.817  8.940  43.165 0.0000000000
135199  -46.199  10.180  45.009 0.0000000000
92347  -46.774  9.787  44.510 0.0000000000
92346  -45.844  9.654  44.432 0.0000000000
92345  -44.905  9.645  44.301 0.0000000000
93158  -45.275  10.100  44.944 0.0000000000
96608  -40.994  16.784  44.235 0.0000000000
96619  -40.384  16.429  43.460 0.0000000000
97207  -41.261  17.212  43.680 0.0000000000
96625  -39.894  16.324  42.801 0.0000000000
96634  -38.376  15.664  41.583 0.0000000000
92505  -49.358  9.189  28.045 0.0000000000
134237  -49.669  8.551  28.072 0.0000000000
91688  -49.813  8.879  27.313 0.0000000000
91707  -50.719  8.805  25.662 0.0000000000
91708  -51.499  8.367  25.155 0.0000000000
91717  -52.482  7.971  24.844 0.0000000000
131098  -52.763  8.029  24.099 0.0000000000
90867  -53.661  7.822  23.689 0.0000000000
93344  -51.700  10.292  23.537 0.0000000000
92547  -51.914  9.353  23.330 0.0000000000
93345  -52.285  10.165  22.817 0.0000000000
93350  -52.989  10.076  22.147 0.0000000000
94076  -52.945  10.865  22.559 0.0000000000
134292  -50.023  16.728  41.546 0.0000000000
96674  -50.117  15.545  39.863 0.0000000000
97252  -50.583  16.075  40.040 0.0000000000
97279  -51.487  16.880  38.078 0.0000000000
97278  -50.926  16.267  38.336 0.0000000000
97283  -51.255  16.687  36.603 0.0000000000
97867  -51.631  17.113  37.280 0.0000000000
99165  -57.125  19.453  31.897 0.0000000000
127727  -56.368  19.354  32.542 0.0000000000
98529  -56.773  19.183  30.947 0.0000000000
143621  -56.700  18.488  28.586 0.0000000000
98546  -56.235  18.413  29.359 0.0000000000
97940  -56.052  17.974  28.413 0.0000000000
97939  -55.253  17.392  28.627 0.0000000000
97357  -55.719  17.409  27.672 0.0000000000
97367  -55.643  17.114  26.750 0.0000000000
97961  -56.066  18.328  25.079 0.0000000000
124542  -55.655  17.430  25.254 0.0000000000
134517  -55.372  17.496  24.651 0.0000000000
97980  -54.674  16.393  23.614 0.0000000000
145530  -54.398  17.488  23.575 0.0000000000
134256  -55.275  19.256  24.121 0.0000000000
98592  -54.301  18.430  23.582 0.0000000000
99247  -54.356  18.914  23.712 0.0000000000
98576  -53.710  19.003  24.409 0.0000000000
135269  -51.950  20.567  30.338 0.0000000000
99865  -51.729  20.070  29.898 0.0000000000
143694  -51.408  20.377  30.390 0.0000000000
98536  -50.068  19.007  30.215 0.0000000000
99210  -50.858  19.328  29.821 0.0000000000
98551  -50.085  18.246  28.994 0.0000000000
97930  -49.439  17.932  29.227 0.0000000000
98543  -49.209  18.340  30.101 0.0000000000
98533  -48.133  18.011  30.401 0.0000000000
97920  -47.203  17.608  30.338 0.0000000000
98524  -47.335  18.165  30.933 0.0000000000
89866  -49.433  6.559  35.457 0.0000000000
135556  -49.764  6.722  34.224 0.0000000000
89873  -49.268  6.575  34.664 0.0000000000
89878  -47.980  7.038  33.798 0.0000000000
146219  -48.597  6.809  33.625 0.0000000000
90752  -48.263  7.202  33.113 0.0000000000
133793  -48.786  7.468  31.759 0.0000000000
90761  -47.931  7.723  32.603 0.0000000000
92438  -45.334  9.078  35.778 0.0000000000
91597  -45.764  8.628  35.217 0.0000000000
92445  -46.034  9.322  34.633 0.0000000000
129784  -47.216  9.870  32.308 0.0000000000
92467  -47.305  8.978  32.740 0.0000000000
92480  -47.661  9.213  31.776 0.0000000000
91645  -48.083  8.443  31.439 0.0000000000
92481  -48.012  9.080  31.042 0.0000000000
92491  -48.195  9.488  30.349 0.0000000000
92490  -47.820  9.788  31.090 0.0000000000
94016  -48.312  11.116  30.176 0.0000000000
94730  -48.699  11.914  29.837 0.0000000000
99073  -52.873  19.492  42.958 0.0000000000
99074  -53.898  19.484  43.092 0.0000000000
142075  -56.132  19.694  41.965 0.0000000000
124366  -55.863  19.468  40.751 0.0000000000
99109  -55.508  19.333  38.613 0.0000000000
99110  -56.528  19.477  39.145 0.0000000000
99765  -56.005  20.586  41.899 0.0000000000
99781  -56.372  20.535  39.937 0.0000000000
99814  -58.084  20.086  37.455 0.0000000000
125186  -57.812  19.973  38.317 0.0000000000
99130  -57.993  19.881  37.492 0.0000000000
99136  -57.363  19.530  37.212 0.0000000000
99143  -58.046  19.705  36.036 0.0000000000
125889  -57.707  19.646  35.370 0.0000000000
99144  -58.322  19.924  35.226 0.0000000000
100503  -58.510  20.897  32.662 0.0000000000
132220  -58.614  20.395  32.784 0.0000000000
100522  -58.474  20.914  31.748 0.0000000000
99869  -58.626  20.452  30.138 0.0000000000
100533  -58.490  20.843  30.837 0.0000000000
100549  -58.008  21.178  29.642 0.0000000000
100532  -58.117  21.247  30.482 0.0000000000
100500  -56.677  21.818  31.778 0.0000000000
100499  -55.435  21.778  31.752 0.0000000000
100518  -55.118  21.503  30.835 0.0000000000
127260  -54.917  22.319  35.207 0.0000000000
101150  -53.583  21.908  33.685 0.0000000000
140637  -53.290  21.771  32.205 0.0000000000
101159  -52.308  21.865  32.423 0.0000000000
101148  -51.102  22.435  33.238 0.0000000000
101158  -51.381  22.119  32.421 0.0000000000
126398  -50.619  22.460  32.483 0.0000000000
89062  -51.750  5.363  21.615 0.0000000000
137103  -52.349  7.486  20.849 0.0000000000
146653  -45.877  15.465  41.768 0.0000000000
96638  -46.320  15.827  41.555 0.0000000000
97229  -47.013  16.093  41.234 0.0000000000
97241  -47.386  16.453  40.692 0.0000000000
97861  -45.543  17.675  37.642 0.0000000000
98452  -47.641  18.330  38.152 0.0000000000
97845  -47.032  17.620  38.328 0.0000000000
97846  -47.963  17.682  38.882 0.0000000000
130818  -48.148  17.165  39.827 0.0000000000
97835  -48.856  17.197  40.609 0.0000000000
99099  -49.988  19.419  39.717 0.0000000000
98445  -49.662  18.485  39.924 0.0000000000
98437  -50.551  18.214  41.665 0.0000000000
99780  -50.522  19.854  40.390 0.0000000000
100442  -46.280  22.485  40.405 0.0000000000
100464  -47.567  21.438  39.024 0.0000000000
100431  -49.833  22.388  41.462 0.0000000000
140721  -49.923  21.792  40.670 0.0000000000
100432  -50.684  21.513  41.118 0.0000000000
99763  -51.452  20.892  41.699 0.0000000000
100421  -51.648  21.316  42.568 0.0000000000
101044  -50.776  23.173  44.215 0.0000000000
144903  -51.362  22.469  43.839 0.0000000000
101045  -51.624  22.635  44.644 0.0000000000
137339  -52.463  22.116  45.163 0.0000000000
101037  -51.982  22.871  45.339 0.0000000000
89875  -55.899  7.297  34.196 0.0000000000
93257  -54.547  10.994  33.547 0.0000000000
91619  -54.512  10.205  33.042 0.0000000000
93265  -54.089  10.702  33.153 0.0000000000
92455  -53.600  10.358  33.362 0.0000000000
92439  -53.244  9.821  34.254 0.0000000000
91577  -54.079  8.257  38.145 0.0000000000
91578  -54.811  8.664  38.460 0.0000000000
91585  -54.600  8.824  37.607 0.0000000000
92426  -55.029  9.495  37.046 0.0000000000
91594  -54.287  9.170  36.825 0.0000000000
148211  -54.072  9.429  36.319 0.0000000000
90726  -51.659  7.321  36.969 0.0000000000
130139  -51.727  7.617  36.144 0.0000000000
90725  -50.973  7.188  36.158 0.0000000000
89857  -50.298  6.691  36.638 0.0000000000
89836  -48.682  6.468  38.655 0.0000000000
136892  -49.086  6.417  37.966 0.0000000000
89835  -47.805  6.450  38.671 0.0000000000
131129  -47.195  6.417  37.878 0.0000000000
89834  -46.948  6.493  38.709 0.0000000000
90672  -47.817  7.980  42.092 0.0000000000
137452  -47.237  7.661  41.480 0.0000000000
90669  -44.854  7.770  41.159 0.0000000000
147291  -45.830  7.262  40.581 0.0000000000
90686  -45.163  7.339  40.386 0.0000000000
142753  -45.215  7.055  39.639 0.0000000000
90699  -44.509  7.546  39.560 0.0000000000
91569  -43.973  8.166  38.956 0.0000000000
140634  -43.408  8.778  39.966 0.0000000000
95245  -48.301  13.766  49.017 0.0000000000
93795  -44.575  11.844  50.569 0.0000000000
94519  -45.313  12.496  51.010 0.0000000000
94506  -45.855  13.088  51.492 0.0000000000
94505  -45.003  13.381  51.505 0.0000000000
95238  -41.708  13.170  48.754 0.0000000000
95219  -41.980  12.878  49.556 0.0000000000
95239  -42.165  13.771  49.436 0.0000000000
96550  -43.595  15.843  50.920 0.0000000000
95898  -43.406  14.920  51.189 0.0000000000
95887  -44.107  15.635  51.634 0.0000000000
95888  -44.733  15.548  52.110 0.0000000000
97147  -45.598  16.531  52.228 0.0000000000
96553  -46.350  16.203  51.805 0.0000000000
96552  -45.556  16.367  51.482 0.0000000000
95221  -44.917  14.256  49.619 0.0000000000
95222  -45.786  13.957  49.779 0.0000000000
95242  -45.284  13.374  49.145 0.0000000000
94547  -46.793  12.855  48.365 0.0000000000
94546  -45.795  12.777  48.505 0.0000000000
93835  -45.672  11.898  47.297 0.0000000000
94563  -44.497  12.415  47.850 0.0000000000
95273  -43.370  13.911  46.855 0.0000000000
144928  -43.642  12.168  46.882 0.0000000000
93871  -43.067  12.340  46.314 0.0000000000
93872  -43.451  11.513  45.975 0.0000000000
94602  -42.700  12.830  45.761 0.0000000000
95997  -43.858  14.874  42.836 0.0000000000
95333  -44.075  14.287  42.157 0.0000000000
95998  -44.584  15.182  42.450 0.0000000000
95999  -45.261  15.418  42.091 0.0000000000
96627  -44.845  16.123  42.488 0.0000000000
125362  -43.101  16.337  41.254 0.0000000000
97226  -44.070  16.575  41.405 0.0000000000
96636  -40.304  16.219  41.515 0.0000000000
96637  -41.145  16.201  41.365 0.0000000000
96653  -40.531  15.762  40.587 0.0000000000
96683  -41.643  15.692  38.940 0.0000000000
96684  -42.461  15.804  38.981 0.0000000000
130857  -41.222  16.139  38.312 0.0000000000
141822  -41.618  16.632  37.836 0.0000000000
85444  -52.871  1.746  28.144 0.0000000000
88130  -52.657  4.107  27.300 0.0000000000
90764  -50.848  7.288  32.549 0.0000000000
90766  -52.293  8.377  31.637 0.0000000000
90809  -52.685  8.208  29.434 0.0000000000
91656  -53.528  8.987  29.858 0.0000000000
90827  -51.895  7.686  27.301 0.0000000000
90819  -51.690  7.596  28.150 0.0000000000
90828  -52.954  7.979  27.165 0.0000000000
89953  -56.021  7.896  26.870 0.0000000000
91691  -55.314  8.519  27.438 0.0000000000
89946  -55.671  8.006  27.480 0.0000000000
133098  -55.317  7.580  27.900 0.0000000000
89945  -55.509  7.374  27.266 0.0000000000
139472  -53.871  5.803  27.286 0.0000000000
89040  -54.092  5.788  25.440 0.0000000000
88145  -52.519  4.307  25.326 0.0000000000
89063  -52.767  5.257  21.968 0.0000000000
89064  -54.148  5.644  22.098 0.0000000000
142284  -56.055  7.689  22.628 0.0000000000
138651  -57.169  7.393  22.447 0.0000000000
90879  -57.374  7.171  21.956 0.0000000000
90007  -56.276  6.998  20.441 0.0000000000
89998  -56.821  6.801  20.891 0.0000000000
89997  -55.853  6.551  20.729 0.0000000000
89996  -54.620  6.361  20.840 0.0000000000
89995  -53.613  6.527  20.951 0.0000000000
90005  -54.446  6.973  20.356 0.0000000000
90903  -54.350  8.362  19.534 0.0000000000
90894  -53.859  7.633  20.054 0.0000000000
90902  -53.329  8.346  19.684 0.0000000000
90893  -52.292  8.442  20.074 0.0000000000
91757  -52.803  9.106  19.325 0.0000000000
95349  -46.488  13.702  40.415 0.0000000000
95366  -48.030  13.276  38.028 0.0000000000
94689  -47.526  12.807  37.943 0.0000000000
94692  -47.398  12.642  36.563 0.0000000000
95372  -47.853  13.214  36.256 0.0000000000
96685  -49.969  15.150  38.393 0.0000000000
135117  -49.505  14.642  37.893 0.0000000000
96044  -49.445  14.644  36.978 0.0000000000
96048  -48.766  14.409  34.546 0.0000000000
142495  -48.796  14.330  35.479 0.0000000000
95379  -48.340  13.985  34.199 0.0000000000
95378  -47.826  13.459  34.256 0.0000000000
146377  -48.202  13.798  33.684 0.0000000000
147514  -48.074  13.414  32.697 0.0000000000
95382  -48.307  13.850  33.061 0.0000000000
96067  -49.717  14.780  30.949 0.0000000000
95389  -49.106  14.207  31.284 0.0000000000
95397  -49.362  14.111  30.622 0.0000000000
95415  -49.770  13.244  29.102 0.0000000000
95406  -50.038  14.029  29.409 0.0000000000
98448  -53.584  18.641  39.940 0.0000000000
98447  -52.897  18.169  39.350 0.0000000000
98482  -53.174  18.267  35.986 0.0000000000
98477  -53.036  18.212  36.862 0.0000000000
97879  -52.632  17.892  35.277 0.0000000000
97878  -51.932  17.431  35.453 0.0000000000
97881  -52.129  17.530  34.420 0.0000000000
98527  -54.898  18.465  31.490 0.0000000000
146150  -54.501  18.507  32.282 0.0000000000
98526  -54.226  18.179  31.668 0.0000000000
124447  -52.622  16.760  30.965 0.0000000000
97907  -53.036  17.576  31.965 0.0000000000
97316  -52.454  17.036  31.615 0.0000000000
130960  -51.752  16.752  31.986 0.0000000000
97315  -51.931  16.534  31.237 0.0000000000
97314  -51.330  16.321  31.577 0.0000000000
96733  -51.318  15.954  30.809 0.0000000000
96086  -52.073  15.040  28.127 0.0000000000
96085  -51.333  14.740  28.574 0.0000000000
96095  -51.478  14.324  27.750 0.0000000000
95426  -50.756  13.581  27.819 0.0000000000
95427  -51.295  13.716  27.229 0.0000000000
94751  -51.271  12.643  26.116 0.0000000000
95445  -52.009  13.272  25.776 0.0000000000
95447  -53.541  13.941  25.129 0.0000000000
94758  -52.716  13.225  24.965 0.0000000000
94773  -53.819  12.583  23.354 0.0000000000
94780  -54.298  12.101  22.565 0.0000000000
96773  -55.239  15.575  25.232 0.0000000000
96121  -55.096  14.961  24.945 0.0000000000
96132  -55.405  14.739  24.073 0.0000000000
94782  -56.704  13.258  21.401 0.0000000000
127069  -56.420  13.147  21.890 0.0000000000
94793  -56.549  12.584  21.200 0.0000000000
144663  -55.789  11.918  21.245 0.0000000000
94088  -56.388  12.312  20.426 0.0000000000
94108  -55.593  11.194  19.618 0.0000000000
94099  -56.156  11.970  20.003 0.0000000000
94096  -53.800  11.160  19.333 0.0000000000
94106  -54.308  10.710  19.041 0.0000000000
94105  -53.298  10.461  19.047 0.0000000000
93382  -52.713  10.046  18.907 0.0000000000
94095  -51.610  10.485  19.598 0.0000000000
129095  -53.593  15.094  22.172 0.0000000000
96797  -52.717  15.993  22.268 0.0000000000
96139  -50.985  15.419  22.999 0.0000000000
95459  -51.566  14.567  22.830 0.0000000000
99892  -56.373  20.546  27.930 0.0000000000
99897  -55.994  20.279  27.207 0.0000000000
143177  -53.525  19.482  27.440 0.0000000000
99227  -54.289  19.544  26.777 0.0000000000
98562  -53.290  19.209  26.640 0.0000000000
98575  -52.830  18.729  24.912 0.0000000000
99219  -51.801  19.281  28.734 0.0000000000
98554  -52.110  19.023  27.962 0.0000000000
133748  -50.618  17.878  25.387 0.0000000000
97959  -50.433  17.829  24.393 0.0000000000
126400  -49.607  17.594  23.881 0.0000000000
97967  -49.154  17.359  22.839 0.0000000000
97966  -48.651  17.399  23.907 0.0000000000
97391  -47.119  16.557  23.573 0.0000000000
96780  -46.341  15.919  23.687 0.0000000000
96128  -47.152  15.396  24.348 0.0000000000
96127  -46.317  15.495  24.321 0.0000000000
96772  -45.623  15.756  24.187 0.0000000000
126194  -45.107  16.250  24.719 0.0000000000
96771  -45.050  15.935  24.410 0.0000000000
96770  -44.560  16.013  24.830 0.0000000000
97371  -44.055  16.027  25.452 0.0000000000
97364  -47.168  16.714  27.206 0.0000000000
97351  -46.649  16.639  28.067 0.0000000000
124867  -44.872  16.447  27.292 0.0000000000
97361  -43.315  16.146  26.893 0.0000000000
100511  -48.188  21.882  31.385 0.0000000000
99842  -48.706  21.131  31.651 0.0000000000
99840  -46.899  20.767  31.565 0.0000000000
93948  -44.196  11.419  39.501 0.0000000000
93959  -44.623  11.154  38.669 0.0000000000
94682  -45.528  11.916  38.662 0.0000000000
101700  -52.789  23.402  41.931 0.0000000000
130048  -53.019  23.672  39.999 0.0000000000
101739  -53.979  23.794  38.567 0.0000000000
102297  -53.510  24.650  39.246 0.0000000000
102920  -53.616  25.236  38.914 0.0000000000
128076  -53.579  25.882  38.435 0.0000000000
93162  -49.684  10.185  44.579 0.0000000000
92349  -49.048  9.771  44.171 0.0000000000
92368  -48.451  9.363  43.758 0.0000000000
92348  -48.239  9.810  44.402 0.0000000000
93159  -47.119  10.354  45.179 0.0000000000
148323  -46.449  10.585  45.526 0.0000000000
96624  -39.287  16.054  42.459 0.0000000000
95996  -39.046  15.478  42.730 0.0000000000
92469  -53.915  10.274  32.176 0.0000000000
130618  -54.069  10.014  31.801 0.0000000000
92484  -54.016  9.577  31.145 0.0000000000
91646  -53.573  9.541  31.098 0.0000000000
92512  -49.500  9.791  27.475 0.0000000000
92521  -49.896  9.671  26.697 0.0000000000
92522  -50.331  9.548  25.955 0.0000000000
92529  -50.637  9.474  25.308 0.0000000000
92538  -50.828  9.912  24.757 0.0000000000
93337  -51.310  10.536  24.270 0.0000000000
94057  -51.632  11.455  24.494 0.0000000000
97232  -50.577  17.056  41.534 0.0000000000
148961  -50.800  16.443  40.465 0.0000000000
145610  -51.215  17.333  41.320 0.0000000000
97847  -51.779  17.164  39.372 0.0000000000
97864  -51.872  17.282  38.537 0.0000000000
99204  -58.232  19.687  30.331 0.0000000000
99203  -57.524  19.373  30.415 0.0000000000
99214  -57.718  19.371  29.692 0.0000000000
98555  -57.395  18.917  28.214 0.0000000000
97941  -56.792  18.426  27.817 0.0000000000
97946  -56.257  17.799  26.771 0.0000000000
126180  -55.547  18.437  24.316 0.0000000000
98593  -55.014  18.465  23.804 0.0000000000
98577  -56.143  19.165  24.659 0.0000000000
99242  -55.933  19.485  24.590 0.0000000000
99241  -55.418  19.564  24.856 0.0000000000
99864  -50.898  20.424  30.720 0.0000000000
98535  -49.341  19.015  30.711 0.0000000000
99185  -48.767  19.470  31.254 0.0000000000
89854  -47.519  6.504  36.337 0.0000000000
124317  -47.911  6.616  34.987 0.0000000000
89864  -47.339  6.725  35.566 0.0000000000
90732  -47.285  7.088  34.818 0.0000000000
90740  -47.420  7.402  34.117 0.0000000000
93254  -45.906  10.181  34.966 0.0000000000
128945  -46.283  9.984  34.079 0.0000000000
93274  -47.313  10.631  31.899 0.0000000000
93288  -47.677  10.546  31.229 0.0000000000
94005  -47.623  11.325  31.449 0.0000000000
143565  -55.020  19.748  43.325 0.0000000000
99066  -55.387  20.041  43.615 0.0000000000
99075  -55.785  19.864  42.978 0.0000000000
99093  -56.779  19.780  41.024 0.0000000000
100467  -55.890  20.986  38.738 0.0000000000
99796  -57.121  20.362  39.280 0.0000000000
100468  -56.948  20.625  38.196 0.0000000000
100475  -57.468  20.597  37.457 0.0000000000
99816  -58.238  20.273  36.477 0.0000000000
99821  -58.526  20.243  34.794 0.0000000000
100487  -58.338  20.783  34.952 0.0000000000
100486  -58.126  21.311  34.158 0.0000000000
100490  -58.146  21.373  33.127 0.0000000000
100501  -57.601  21.673  31.933 0.0000000000
100489  -57.643  21.777  32.760 0.0000000000
101153  -56.811  22.141  33.264 0.0000000000
101152  -55.696  22.167  33.382 0.0000000000
134647  -53.691  22.667  36.432 0.0000000000
125108  -53.785  22.218  35.275 0.0000000000
124833  -52.863  22.273  35.478 0.0000000000
101149  -52.532  21.978  33.751 0.0000000000
146868  -52.428  21.967  33.052 0.0000000000
125381  -51.596  22.261  34.033 0.0000000000
124508  -50.713  22.751  34.179 0.0000000000
144950  -51.295  4.609  21.466 0.0000000000
126835  -45.233  16.469  40.475 0.0000000000
97239  -45.803  16.395  40.923 0.0000000000
97249  -45.819  16.555  39.892 0.0000000000
97266  -45.987  16.786  38.936 0.0000000000
98470  -45.738  18.547  37.428 0.0000000000
98471  -46.495  18.786  37.526 0.0000000000
98472  -47.229  18.987  37.704 0.0000000000
98453  -48.469  18.444  38.638 0.0000000000
98454  -49.142  18.621  39.085 0.0000000000
99107  -48.856  19.318  38.580 0.0000000000
99795  -49.439  19.884  39.031 0.0000000000
101100  -46.895  22.592  40.759 0.0000000000
101101  -47.682  22.547  40.713 0.0000000000
127430  -47.727  23.005  41.835 0.0000000000
101067  -48.733  22.982  42.082 0.0000000000
127201  -49.898  23.083  43.129 0.0000000000
147264  -50.562  23.007  43.635 0.0000000000
136019  -56.103  9.180  34.155 0.0000000000
93266  -54.958  11.097  33.467 0.0000000000
90703  -53.414  7.769  39.374 0.0000000000
149907  -53.096  7.575  38.951 0.0000000000
90718  -53.319  7.956  37.791 0.0000000000
90708  -52.057  7.246  38.711 0.0000000000
89839  -51.404  6.974  38.513 0.0000000000
89838  -50.660  6.693  38.310 0.0000000000
89848  -50.436  6.640  37.485 0.0000000000
89826  -49.200  6.644  39.298 0.0000000000
89825  -48.325  6.613  39.352 0.0000000000
90671  -46.352  7.722  41.642 0.0000000000
142070  -44.565  8.630  42.516 0.0000000000
126176  -44.580  8.301  41.842 0.0000000000
91541  -43.445  8.783  41.291 0.0000000000
91557  -43.141  9.089  40.504 0.0000000000
92393  -42.748  9.913  41.619 0.0000000000
95945  -42.268  15.220  48.599 0.0000000000
95933  -42.278  14.594  49.154 0.0000000000
128691  -42.583  15.411  49.363 0.0000000000
96568  -43.473  16.318  50.139 0.0000000000
97164  -44.242  16.681  49.883 0.0000000000
96551  -44.871  16.476  50.870 0.0000000000
96569  -44.472  16.487  49.853 0.0000000000
95935  -44.364  14.848  48.988 0.0000000000
94544  -44.004  13.104  48.239 0.0000000000
95240  -43.881  14.126  48.302 0.0000000000
95946  -43.651  14.586  47.526 0.0000000000
148884  -43.504  14.864  46.822 0.0000000000
147398  -44.101  16.886  43.730 0.0000000000
96620  -44.362  16.572  43.108 0.0000000000
97218  -44.438  16.824  42.641 0.0000000000
139528  -43.502  16.814  41.908 0.0000000000
88119  -52.733  4.061  28.177 0.0000000000
128404  -51.480  7.581  30.598 0.0000000000
90796  -51.667  7.601  29.724 0.0000000000
134957  -52.732  8.067  28.667 0.0000000000
144766  -53.963  8.085  26.150 0.0000000000
90839  -54.345  8.350  26.676 0.0000000000
91710  -55.928  8.234  26.568 0.0000000000
89952  -55.790  7.299  26.507 0.0000000000
89048  -54.227  5.764  24.405 0.0000000000
90877  -56.122  7.665  21.420 0.0000000000
90887  -56.410  7.453  20.805 0.0000000000
90896  -56.023  7.548  20.392 0.0000000000
90904  -55.255  8.300  19.740 0.0000000000
91760  -55.131  9.184  19.308 0.0000000000
92582  -54.961  9.574  18.935 0.0000000000
96022  -47.836  14.604  40.772 0.0000000000
95350  -47.392  13.922  40.066 0.0000000000
95356  -47.963  13.796  39.305 0.0000000000
95359  -48.335  13.715  38.569 0.0000000000
95367  -48.487  13.641  37.747 0.0000000000
96699  -50.309  15.708  36.230 0.0000000000
96046  -49.351  14.737  36.030 0.0000000000
96704  -49.787  15.312  35.659 0.0000000000
131073  -49.341  14.960  34.038 0.0000000000
96054  -48.724  14.309  32.738 0.0000000000
96052  -49.213  14.792  33.078 0.0000000000
147451  -54.421  19.010  37.876 0.0000000000
98474  -53.768  18.677  37.973 0.0000000000
128741  -54.345  18.933  37.315 0.0000000000
98483  -53.909  18.658  35.774 0.0000000000
97923  -54.777  17.755  30.054 0.0000000000
97922  -53.893  17.435  30.603 0.0000000000
97931  -54.150  17.151  29.771 0.0000000000
97328  -53.233  16.789  30.303 0.0000000000
97341  -52.733  16.300  29.650 0.0000000000
96740  -51.788  15.746  29.780 0.0000000000
96741  -52.457  15.825  29.157 0.0000000000
96749  -52.652  15.631  28.491 0.0000000000
96096  -52.374  14.738  27.349 0.0000000000
95437  -52.301  13.858  26.210 0.0000000000
96108  -52.745  14.480  26.580 0.0000000000
96119  -53.144  14.231  25.854 0.0000000000
96133  -55.500  14.917  23.549 0.0000000000
96140  -55.604  14.468  23.336 0.0000000000
96141  -55.827  14.322  22.771 0.0000000000
95468  -56.517  13.624  21.532 0.0000000000
95481  -56.307  13.005  20.459 0.0000000000
94799  -55.836  12.322  20.039 0.0000000000
95480  -55.589  12.966  20.425 0.0000000000
94798  -55.092  12.231  19.971 0.0000000000
94797  -53.299  11.683  20.127 0.0000000000
94791  -52.756  12.504  21.126 0.0000000000
97406  -52.235  16.749  22.267 0.0000000000
96796  -51.630  16.594  22.276 0.0000000000
96790  -51.052  16.258  22.543 0.0000000000
99891  -55.125  20.286  28.045 0.0000000000
99226  -52.810  19.282  27.674 0.0000000000
97938  -50.515  17.999  27.504 0.0000000000
98559  -51.141  18.400  27.716 0.0000000000
97958  -48.762  17.396  25.122 0.0000000000
97957  -47.915  17.193  24.566 0.0000000000
97383  -47.073  16.772  24.200 0.0000000000
96779  -45.632  15.985  24.026 0.0000000000
146211  -45.824  16.473  24.926 0.0000000000
97373  -45.531  16.480  25.686 0.0000000000
97339  -46.439  16.740  28.996 0.0000000000
97350  -45.227  16.494  28.205 0.0000000000
147049  -44.110  16.442  28.529 0.0000000000
140328  -44.011  16.498  29.177 0.0000000000
91582  -44.525  8.332  37.320 0.0000000000
145442  -45.310  7.923  36.280 0.0000000000
91590  -44.962  8.576  36.478 0.0000000000
92431  -45.075  9.580  36.389 0.0000000000
93229  -44.696  10.526  37.849 0.0000000000
93237  -45.437  10.482  36.397 0.0000000000
139633  -45.481  9.906  35.712 0.0000000000
93245  -45.761  10.648  35.708 0.0000000000
93246  -46.119  11.051  35.196 0.0000000000
93988  -46.499  11.593  34.734 0.0000000000
100412  -54.965  21.305  43.767 0.0000000000
101056  -54.287  22.119  43.845 0.0000000000
100434  -54.725  21.164  41.023 0.0000000000
100446  -53.935  21.797  40.036 0.0000000000
147990  -54.648  21.297  40.022 0.0000000000
100466  -54.934  21.632  38.727 0.0000000000
149686  -56.006  21.877  36.904 0.0000000000
101128  -55.985  22.150  36.332 0.0000000000
101127  -55.393  22.306  36.899 0.0000000000
133647  -54.871  22.524  37.424 0.0000000000
101126  -54.492  22.683  36.853 0.0000000000
101125  -53.567  23.108  36.944 0.0000000000
126495  -52.636  23.401  36.789 0.0000000000
101755  -51.832  23.741  36.570 0.0000000000
97276  -43.171  16.750  37.878 0.0000000000
97860  -44.406  16.943  37.922 0.0000000000
126254  -43.672  17.461  37.558 0.0000000000
140297  -44.203  18.139  37.380 0.0000000000
148122  -42.775  18.590  37.410 0.0000000000
135387  -44.264  18.957  37.443 0.0000000000
91546  -50.503  8.182  41.670 0.0000000000
90674  -49.938  7.597  40.957 0.0000000000
90673  -49.009  7.651  41.223 0.0000000000
91544  -48.689  8.046  41.947 0.0000000000
91532  -47.471  8.412  42.711 0.0000000000
92367  -47.486  9.395  43.962 0.0000000000
91519  -47.009  8.783  43.312 0.0000000000
91518  -46.013  8.632  43.146 0.0000000000
92365  -45.468  9.204  43.762 0.0000000000
92364  -44.556  9.320  43.612 0.0000000000
128433  -43.348  10.242  43.992 0.0000000000
93823  -41.502  11.203  48.791 0.0000000000
93832  -41.258  11.639  48.159 0.0000000000
94561  -41.394  12.545  48.034 0.0000000000
95258  -41.534  13.495  47.791 0.0000000000
95271  -41.342  13.803  46.867 0.0000000000
130722  -41.653  14.457  47.491 0.0000000000
146003  -41.970  15.038  47.947 0.0000000000
125589  -41.455  17.093  42.859 0.0000000000
136225  -39.009  16.027  41.830 0.0000000000
91666  -49.249  8.129  29.280 0.0000000000
90817  -49.851  7.931  28.609 0.0000000000
90826  -50.962  7.719  27.504 0.0000000000
90836  -51.191  7.900  26.749 0.0000000000
91699  -51.355  8.164  25.999 0.0000000000
90846  -53.489  7.847  25.509 0.0000000000
140457  -54.576  7.979  25.195 0.0000000000
90858  -56.543  7.475  24.161 0.0000000000
90869  -56.161  7.709  23.835 0.0000000000
90868  -54.813  7.711  23.173 0.0000000000
91723  -53.732  8.091  22.757 0.0000000000
91731  -53.140  8.658  22.448 0.0000000000
91732  -53.941  8.493  21.873 0.0000000000
92556  -53.338  9.306  21.890 0.0000000000
92557  -54.309  9.246  21.157 0.0000000000
143762  -54.460  10.616  21.293 0.0000000000
96658  -49.400  15.713  41.066 0.0000000000
131158  -49.509  15.219  40.200 0.0000000000
96673  -49.839  15.142  39.244 0.0000000000
135613  -50.420  15.627  38.005 0.0000000000
97267  -50.903  16.281  39.215 0.0000000000
96693  -50.348  15.613  37.130 0.0000000000
97282  -50.753  16.145  36.826 0.0000000000
135544  -50.783  16.283  35.946 0.0000000000
97289  -50.799  16.402  35.016 0.0000000000
99147  -56.262  19.460  35.028 0.0000000000
99146  -55.544  19.315  34.402 0.0000000000
98501  -55.682  19.262  33.322 0.0000000000
98507  -55.467  18.915  32.221 0.0000000000
98537  -55.222  18.305  30.632 0.0000000000
98538  -56.065  18.596  30.339 0.0000000000
97932  -54.815  17.413  29.336 0.0000000000
97356  -54.919  16.859  28.052 0.0000000000
96759  -54.654  16.028  26.918 0.0000000000
97366  -55.084  16.602  27.244 0.0000000000
97376  -55.289  16.441  26.401 0.0000000000
96774  -55.390  15.888  24.803 0.0000000000
97953  -56.054  17.640  25.894 0.0000000000
97385  -55.369  16.587  24.900 0.0000000000
96784  -55.305  15.698  24.217 0.0000000000
97400  -55.195  15.525  23.547 0.0000000000
96799  -54.714  15.208  22.311 0.0000000000
96147  -54.529  14.858  21.989 0.0000000000
97407  -53.944  16.026  22.545 0.0000000000
97988  -53.286  16.881  22.698 0.0000000000
97979  -53.656  17.606  23.133 0.0000000000
97978  -52.897  17.727  22.660 0.0000000000
98600  -52.165  17.664  22.438 0.0000000000
98589  -51.862  18.044  22.891 0.0000000000
99866  -52.694  20.753  30.298 0.0000000000
124379  -53.047  20.530  29.758 0.0000000000
99880  -52.382  20.287  29.766 0.0000000000
98545  -51.184  18.978  29.034 0.0000000000
99202  -51.156  19.934  30.149 0.0000000000
98552  -50.711  18.397  28.450 0.0000000000
97937  -49.778  17.797  28.298 0.0000000000
97944  -48.865  17.403  27.822 0.0000000000
97353  -48.036  17.105  27.485 0.0000000000
97936  -48.253  17.280  28.215 0.0000000000
97935  -48.009  17.350  28.863 0.0000000000
97927  -46.845  17.167  29.660 0.0000000000
97919  -46.430  17.326  30.324 0.0000000000
90742  -51.338  7.599  34.468 0.0000000000
90754  -51.286  7.575  33.408 0.0000000000
90753  -50.480  7.103  34.144 0.0000000000
129216  -50.482  7.112  33.276 0.0000000000
89889  -49.971  6.956  32.719 0.0000000000
89872  -48.465  6.645  34.345 0.0000000000
89888  -49.131  6.846  33.038 0.0000000000
124449  -50.226  7.170  31.855 0.0000000000
90781  -49.391  7.357  31.219 0.0000000000
90793  -48.948  7.778  30.476 0.0000000000
90730  -45.801  7.796  35.738 0.0000000000
91598  -46.197  7.996  35.037 0.0000000000
90750  -47.139  7.928  33.837 0.0000000000
92452  -46.494  9.176  33.957 0.0000000000
91616  -47.211  8.369  33.353 0.0000000000
91628  -47.526  8.196  32.837 0.0000000000
91665  -48.845  8.295  29.897 0.0000000000
91677  -48.791  8.789  29.290 0.0000000000
92504  -48.878  9.487  28.723 0.0000000000
93297  -48.010  10.397  30.557 0.0000000000
93304  -48.640  10.135  29.154 0.0000000000
93310  -48.986  10.385  28.585 0.0000000000
94030  -49.295  11.231  28.477 0.0000000000
94745  -49.640  12.058  28.309 0.0000000000
98424  -52.077  18.924  42.334 0.0000000000
134096  -52.309  18.141  41.283 0.0000000000
98432  -52.880  18.613  41.671 0.0000000000
99092  -54.851  19.316  41.415 0.0000000000
98440  -54.674  19.180  40.280 0.0000000000
98457  -54.565  19.102  39.230 0.0000000000
99127  -55.274  19.286  37.068 0.0000000000
99135  -56.331  19.398  36.882 0.0000000000
99755  -55.650  20.561  42.988 0.0000000000
149585  -56.518  20.217  41.844 0.0000000000
99094  -57.176  19.853  40.422 0.0000000000
135517  -57.491  20.079  39.522 0.0000000000
99095  -57.388  19.993  39.960 0.0000000000
99102  -57.232  19.752  39.625 0.0000000000
127605  -56.730  19.439  37.596 0.0000000000
99141  -56.267  19.439  35.930 0.0000000000
99148  -57.122  19.573  34.672 0.0000000000
99157  -57.278  19.604  33.712 0.0000000000
99166  -58.033  19.731  32.195 0.0000000000
99159  -58.484  20.057  33.374 0.0000000000
99167  -58.474  20.055  32.530 0.0000000000
99205  -58.633  20.007  30.243 0.0000000000
99216  -58.656  20.117  29.601 0.0000000000
99894  -58.258  20.472  28.392 0.0000000000
99899  -57.684  20.320  26.949 0.0000000000
99883  -57.896  20.930  28.776 0.0000000000
137117  -57.203  20.781  28.377 0.0000000000
148660  -56.996  21.150  29.459 0.0000000000
100520  -57.396  21.565  31.019 0.0000000000
130319  -56.838  21.459  30.370 0.0000000000
100548  -55.703  20.938  29.367 0.0000000000
99868  -54.672  21.055  29.982 0.0000000000
128655  -54.071  21.341  30.775 0.0000000000
101134  -55.883  22.287  35.546 0.0000000000
147733  -55.801  22.308  34.803 0.0000000000
101141  -54.215  22.062  34.425 0.0000000000
101151  -54.621  21.975  33.542 0.0000000000
101161  -55.029  21.901  32.687 0.0000000000
100498  -54.302  21.752  32.053 0.0000000000
100529  -53.098  21.237  30.844 0.0000000000
100516  -51.784  21.366  31.260 0.0000000000
100496  -51.657  21.722  31.797 0.0000000000
100515  -51.132  21.477  31.394 0.0000000000
100514  -50.423  21.654  31.557 0.0000000000
95344  -45.243  14.022  41.309 0.0000000000
95348  -45.600  13.513  40.625 0.0000000000
124397  -46.289  16.173  41.272 0.0000000000
96011  -47.535  15.039  41.287 0.0000000000
96640  -47.949  15.506  41.233 0.0000000000
96012  -48.240  15.148  41.079 0.0000000000
96641  -48.654  15.738  41.234 0.0000000000
97844  -45.240  16.917  38.208 0.0000000000
97833  -46.661  17.033  38.846 0.0000000000
97862  -46.357  17.967  37.676 0.0000000000
97251  -47.581  16.772  40.031 0.0000000000
97242  -48.251  16.564  40.761 0.0000000000
97231  -48.687  16.185  41.313 0.0000000000
96642  -49.385  16.319  41.312 0.0000000000
97821  -49.816  16.986  41.544 0.0000000000
98436  -49.906  18.008  41.129 0.0000000000
97822  -50.354  17.387  41.639 0.0000000000
131845  -50.589  17.795  41.771 0.0000000000
98429  -50.952  18.174  41.925 0.0000000000
99083  -51.589  18.874  42.101 0.0000000000
100465  -48.333  21.017  38.918 0.0000000000
100445  -49.498  21.420  39.966 0.0000000000
99770  -51.033  20.340  41.012 0.0000000000
99771  -51.410  19.517  41.724 0.0000000000
99072  -52.324  19.599  42.643 0.0000000000
99754  -52.858  20.077  43.490 0.0000000000
100409  -51.867  21.580  43.418 0.0000000000
100410  -52.610  20.948  43.903 0.0000000000
99742  -53.442  20.539  44.392 0.0000000000
99728  -53.940  21.034  45.196 0.0000000000
100387  -54.177  21.572  45.458 0.0000000000
100382  -54.131  21.852  45.498 0.0000000000
101030  -52.459  23.122  45.677 0.0000000000
90743  -55.519  8.241  34.076 0.0000000000
90756  -54.913  8.328  33.613 0.0000000000
90755  -54.535  8.474  32.995 0.0000000000
92470  -54.145  10.323  32.495 0.0000000000
92454  -53.068  9.766  33.443 0.0000000000
92441  -54.403  10.606  35.172 0.0000000000
92440  -53.809  10.292  34.741 0.0000000000
91583  -53.092  8.270  36.923 0.0000000000
91592  -52.906  8.683  35.989 0.0000000000
91601  -53.285  9.425  35.286 0.0000000000
91600  -52.682  8.867  35.034 0.0000000000
91599  -52.040  8.197  34.776 0.0000000000
90741  -50.715  7.187  35.148 0.0000000000
89867  -50.178  6.769  35.760 0.0000000000
134224  -48.998  6.445  36.635 0.0000000000
89847  -49.577  6.483  37.194 0.0000000000
89846  -48.670  6.429  37.233 0.0000000000
132283  -48.316  6.426  36.505 0.0000000000
89844  -46.911  6.500  36.948 0.0000000000
89843  -46.283  6.569  37.541 0.0000000000
90715  -45.415  6.959  37.381 0.0000000000
90689  -48.459  7.303  40.647 0.0000000000
89816  -46.993  6.982  40.033 0.0000000000
90687  -46.527  7.359  40.785 0.0000000000
89823  -46.529  6.645  39.337 0.0000000000
89822  -45.649  6.723  39.070 0.0000000000
90707  -45.104  6.993  38.331 0.0000000000
90714  -44.684  7.539  37.738 0.0000000000
91576  -44.231  8.226  38.137 0.0000000000
91575  -43.837  8.907  38.537 0.0000000000
92419  -43.560  9.693  38.992 0.0000000000
93215  -43.807  10.634  39.197 0.0000000000
93941  -43.825  11.802  40.184 0.0000000000
93850  -48.328  12.007  46.916 0.0000000000
94521  -47.496  12.552  51.148 0.0000000000
139015  -46.845  13.394  51.738 0.0000000000
95890  -46.609  15.373  52.678 0.0000000000
94531  -42.023  12.182  49.682 0.0000000000
94532  -42.431  12.668  50.204 0.0000000000
143141  -43.435  13.248  51.022 0.0000000000
95897  -42.871  14.439  50.586 0.0000000000
95209  -43.246  13.877  51.083 0.0000000000
95210  -43.980  13.543  51.383 0.0000000000
95198  -44.785  14.482  51.883 0.0000000000
95889  -45.619  15.437  52.446 0.0000000000
95877  -47.180  15.860  52.880 0.0000000000
96540  -46.563  16.289  52.433 0.0000000000
95901  -46.911  15.311  51.178 0.0000000000
95918  -47.309  14.578  50.347 0.0000000000
95916  -45.445  14.933  50.319 0.0000000000
95917  -46.349  14.636  50.401 0.0000000000
95223  -46.757  13.915  49.726 0.0000000000
95244  -47.297  13.461  48.972 0.0000000000
94566  -47.131  12.415  47.647 0.0000000000
93837  -47.383  11.933  46.999 0.0000000000
93849  -46.783  11.409  46.519 0.0000000000
125690  -45.924  11.438  46.655 0.0000000000
93874  -45.331  11.031  46.097 0.0000000000
93833  -44.295  11.990  47.222 0.0000000000
128029  -44.010  11.606  46.635 0.0000000000
93873  -44.378  11.111  46.110 0.0000000000
93137  -43.837  10.804  45.407 0.0000000000
93156  -43.415  10.676  44.695 0.0000000000
93155  -42.785  11.012  44.234 0.0000000000
142267  -43.729  17.323  46.612 0.0000000000
95955  -43.570  15.520  46.411 0.0000000000
95289  -43.229  14.435  46.097 0.0000000000
95965  -43.446  15.569  45.555 0.0000000000
95288  -42.777  13.607  45.544 0.0000000000
94618  -42.553  12.861  45.048 0.0000000000
126622  -42.474  11.971  44.472 0.0000000000
93907  -42.492  11.430  43.542 0.0000000000
95343  -44.399  13.766  41.516 0.0000000000
96628  -45.521  16.001  41.983 0.0000000000
97227  -45.003  16.528  41.340 0.0000000000
139902  -44.540  16.719  41.999 0.0000000000
97247  -43.862  16.149  39.493 0.0000000000
97264  -43.562  16.357  38.554 0.0000000000
136025  -41.750  16.680  42.082 0.0000000000
97237  -42.146  16.210  41.280 0.0000000000
97263  -42.792  16.282  38.415 0.0000000000
97275  -42.385  16.675  37.846 0.0000000000
97859  -41.952  17.193  37.542 0.0000000000
138872  -41.558  17.838  37.406 0.0000000000
97857  -40.220  17.027  37.543 0.0000000000
138873  -40.677  17.877  37.407 0.0000000000
86371  -52.262  2.282  27.148 0.0000000000
86384  -52.024  2.513  26.273 0.0000000000
87220  -51.845  2.901  25.443 0.0000000000
139818  -52.086  3.624  25.195 0.0000000000
91657  -54.035  9.353  30.294 0.0000000000
130356  -53.364  9.173  30.497 0.0000000000
143928  -51.191  7.546  28.605 0.0000000000
146384  -53.571  8.559  28.438 0.0000000000
91690  -54.718  8.631  27.470 0.0000000000
89936  -55.210  8.136  28.319 0.0000000000
89935  -54.867  7.248  28.478 0.0000000000
89014  -53.734  5.735  28.117 0.0000000000
89028  -53.980  5.813  26.391 0.0000000000
87219  -51.792  3.285  24.741 0.0000000000
87231  -52.146  3.923  24.378 0.0000000000
89047  -53.316  5.228  23.622 0.0000000000
88159  -52.661  4.782  22.738 0.0000000000
89072  -52.624  5.619  21.653 0.0000000000
90859  -57.062  7.154  23.288 0.0000000000
89982  -57.264  6.898  22.502 0.0000000000
89057  -56.585  6.479  22.240 0.0000000000
89999  -57.300  6.990  21.344 0.0000000000
89066  -56.274  6.429  21.300 0.0000000000
89065  -55.380  6.061  21.744 0.0000000000
89073  -54.365  5.967  21.383 0.0000000000
129350  -52.831  6.150  21.433 0.0000000000
90886  -52.952  6.868  21.030 0.0000000000
95353  -45.920  13.024  39.897 0.0000000000
94672  -46.158  12.595  39.113 0.0000000000
94683  -46.309  12.288  38.412 0.0000000000
95355  -47.368  13.399  39.242 0.0000000000
94673  -46.985  12.794  38.677 0.0000000000
94688  -46.798  12.290  37.747 0.0000000000
94691  -46.864  12.196  36.855 0.0000000000
94694  -46.860  12.246  36.028 0.0000000000
94697  -46.847  12.240  35.154 0.0000000000
96030  -49.273  14.649  39.335 0.0000000000
96031  -49.011  14.200  38.416 0.0000000000
95370  -48.436  13.636  36.823 0.0000000000
96043  -48.889  14.202  36.424 0.0000000000
95375  -47.798  13.342  35.294 0.0000000000
94698  -47.341  12.778  34.718 0.0000000000
94702  -47.691  12.863  32.715 0.0000000000
94712  -48.353  12.896  31.234 0.0000000000
95388  -48.596  13.660  31.611 0.0000000000
95396  -48.893  13.548  30.824 0.0000000000
94721  -48.764  12.758  30.349 0.0000000000
94731  -49.238  12.649  29.528 0.0000000000
141944  -49.576  12.555  28.840 0.0000000000
98438  -52.663  18.068  40.326 0.0000000000
97848  -52.385  17.673  38.921 0.0000000000
97865  -52.422  17.735  38.108 0.0000000000
98473  -52.980  18.228  37.659 0.0000000000
97868  -52.325  17.684  37.210 0.0000000000
97872  -51.802  17.311  36.421 0.0000000000
97294  -51.404  16.937  34.716 0.0000000000
98500  -54.840  18.915  33.788 0.0000000000
131453  -54.204  18.666  34.128 0.0000000000
98498  -53.414  18.289  34.091 0.0000000000
97908  -53.735  17.734  31.426 0.0000000000
97883  -53.032  17.871  33.014 0.0000000000
97882  -52.713  17.802  33.884 0.0000000000
97889  -52.160  17.421  33.371 0.0000000000
136053  -51.585  16.885  32.820 0.0000000000
97296  -50.897  16.440  33.165 0.0000000000
96725  -50.726  15.887  31.631 0.0000000000
96732  -50.449  15.394  30.919 0.0000000000
96068  -50.234  14.935  30.363 0.0000000000
96076  -51.124  15.081  29.336 0.0000000000
96075  -50.437  14.708  29.723 0.0000000000
95416  -50.361  13.734  28.648 0.0000000000
138014  -50.496  12.887  27.528 0.0000000000
137445  -50.653  12.497  26.880 0.0000000000
94765  -52.155  12.342  24.685 0.0000000000
142401  -53.708  11.374  22.389 0.0000000000
96110  -54.644  15.201  25.753 0.0000000000
96131  -54.638  14.364  24.612 0.0000000000
95460  -55.834  13.982  22.988 0.0000000000
94767  -54.900  13.442  23.372 0.0000000000
94781  -55.646  12.499  22.040 0.0000000000
144615  -55.432  11.116  20.663 0.0000000000
93375  -55.298  10.458  19.441 0.0000000000
138355  -54.872  9.915  18.828 0.0000000000
94107  -55.157  11.041  19.331 0.0000000000
93384  -54.682  10.279  18.894 0.0000000000
92580  -53.473  9.739  18.894 0.0000000000
92579  -52.179  9.708  19.141 0.0000000000
96146  -53.268  14.359  22.063 0.0000000000
124331  -52.403  14.494  22.439 0.0000000000
95465  -51.867  13.659  22.518 0.0000000000
99898  -56.894  20.411  26.917 0.0000000000
99229  -56.350  20.077  26.190 0.0000000000
99234  -55.352  19.711  25.927 0.0000000000
99233  -54.373  19.405  25.714 0.0000000000
97969  -51.119  18.048  23.680 0.0000000000
99220  -52.490  19.514  28.492 0.0000000000
98561  -52.368  18.875  27.090 0.0000000000
98566  -51.137  18.267  26.933 0.0000000000
98567  -51.831  18.497  26.540 0.0000000000
98574  -51.954  18.431  25.471 0.0000000000
97975  -49.313  17.047  22.263 0.0000000000
97396  -48.579  16.998  22.467 0.0000000000
96787  -48.016  16.479  23.035 0.0000000000
97395  -47.897  16.824  23.030 0.0000000000
96118  -47.775  14.689  25.076 0.0000000000
96115  -45.185  15.403  24.760 0.0000000000
124866  -45.700  16.502  27.603 0.0000000000
97362  -45.134  16.459  26.521 0.0000000000
97360  -42.610  15.996  27.261 0.0000000000
102355  -51.344  24.845  36.249 0.0000000000
101764  -50.099  23.414  34.597 0.0000000000
145346  -49.965  23.168  33.665 0.0000000000
101157  -49.922  22.917  32.639 0.0000000000
139745  -49.580  22.767  32.006 0.0000000000
101171  -49.387  22.378  31.660 0.0000000000
144031  -49.387  21.265  31.578 0.0000000000
131326  -48.297  20.290  31.629 0.0000000000
99184  -47.760  19.457  31.513 0.0000000000
130866  -47.359  20.146  31.681 0.0000000000
139063  -47.297  18.781  31.355 0.0000000000
98523  -46.568  18.359  31.254 0.0000000000
89817  -47.943  6.944  40.018 0.0000000000
89833  -45.815  6.626  38.197 0.0000000000
89849  -51.183  6.912  37.691 0.0000000000
89855  -48.842  6.439  35.963 0.0000000000
89865  -48.659  6.491  35.184 0.0000000000
89879  -49.185  6.657  33.894 0.0000000000
89983  -57.310  7.151  22.426 0.0000000000
89984  -57.436  7.068  21.999 0.0000000000
89990  -57.140  6.744  21.643 0.0000000000
90000  -57.413  7.032  21.733 0.0000000000
90006  -55.459  7.366  20.163 0.0000000000
90670  -45.696  7.516  41.082 0.0000000000
90685  -44.312  7.848  40.458 0.0000000000
90709  -52.730  7.514  38.374 0.0000000000
90710  -53.498  7.823  38.634 0.0000000000
90716  -51.930  7.241  37.926 0.0000000000
90723  -45.594  7.352  36.514 0.0000000000
90734  -52.177  8.130  35.656 0.0000000000
90739  -46.776  7.800  34.494 0.0000000000
90762  -48.582  7.351  32.415 0.0000000000
90779  -48.231  7.815  31.902 0.0000000000
90783  -52.144  7.988  31.011 0.0000000000
90805  -49.274  7.820  29.878 0.0000000000
90820  -52.809  8.003  27.921 0.0000000000
90829  -53.837  8.351  27.106 0.0000000000
90830  -55.850  8.119  27.096 0.0000000000
90838  -53.240  7.950  26.391 0.0000000000
90840  -56.060  8.064  26.640 0.0000000000
90856  -55.047  7.812  24.444 0.0000000000
90870  -57.063  7.398  23.069 0.0000000000
90878  -57.034  7.453  21.692 0.0000000000
90888  -57.254  7.098  21.373 0.0000000000
91530  -45.312  8.377  42.476 0.0000000000
91531  -46.153  8.145  42.353 0.0000000000
91533  -48.331  8.456  42.625 0.0000000000
91542  -44.096  8.222  41.165 0.0000000000
91558  -43.839  8.220  39.791 0.0000000000
91570  -54.198  8.202  39.133 0.0000000000
91615  -46.787  8.453  33.920 0.0000000000
91629  -52.560  8.996  32.310 0.0000000000
91630  -54.381  9.655  32.305 0.0000000000
91668  -54.243  9.088  29.497 0.0000000000
91689  -50.204  8.125  27.780 0.0000000000
91701  -55.733  8.294  27.061 0.0000000000
91716  -51.806  8.598  24.162 0.0000000000
91759  -54.800  9.097  19.136 0.0000000000
92344  -44.104  9.722  44.067 0.0000000000
92394  -43.121  9.396  41.840 0.0000000000
92413  -43.220  9.409  39.797 0.0000000000
92432  -53.861  9.691  35.739 0.0000000000
92433  -54.596  9.919  36.171 0.0000000000
92447  -56.332  10.919  33.873 0.0000000000
92453  -46.895  8.956  33.428 0.0000000000
92456  -54.438  10.689  33.148 0.0000000000
92457  -55.024  10.739  33.386 0.0000000000
92483  -53.908  9.952  31.614 0.0000000000
92581  -54.492  9.630  18.855 0.0000000000
93124  -46.204  10.985  46.028 0.0000000000
93138  -44.773  10.602  45.487 0.0000000000
93160  -48.045  10.300  45.041 0.0000000000
93174  -42.988  10.113  43.098 0.0000000000
93247  -54.450  11.047  34.233 0.0000000000
93298  -48.362  10.288  29.820 0.0000000000
93311  -49.410  10.567  27.896 0.0000000000
93330  -50.949  10.854  24.996 0.0000000000
93351  -53.829  9.993  21.483 0.0000000000
93363  -55.483  10.592  19.844 0.0000000000
93364  -55.897  11.407  20.059 0.0000000000
93805  -41.902  11.461  49.428 0.0000000000
93836  -46.533  11.897  47.154 0.0000000000
93848  -44.950  11.551  46.785 0.0000000000
93895  -43.046  11.298  45.067 0.0000000000
93966  -45.759  11.411  37.339 0.0000000000
93973  -46.391  11.741  36.359 0.0000000000
94067  -52.340  11.028  23.251 0.0000000000
94098  -55.263  11.783  19.643 0.0000000000
94516  -43.015  12.992  50.748 0.0000000000
94562  -43.805  12.610  47.524 0.0000000000
94564  -45.339  12.330  47.914 0.0000000000
94581  -43.326  12.935  46.942 0.0000000000
94746  -50.128  12.241  27.613 0.0000000000
94766  -53.160  12.807  24.144 0.0000000000
94783  -56.865  13.277  21.021 0.0000000000
94794  -56.878  12.905  20.788 0.0000000000
94800  -56.278  12.404  20.251 0.0000000000
94805  -55.797  11.766  19.814 0.0000000000
95199  -46.865  14.412  52.395 0.0000000000
95220  -42.296  13.331  50.006 0.0000000000
95241  -44.443  13.679  48.879 0.0000000000
95376  -48.297  13.891  34.938 0.0000000000
95381  -47.867  13.380  33.331 0.0000000000
95436  -51.494  13.403  26.551 0.0000000000
95473  -56.569  13.484  20.967 0.0000000000
95482  -56.753  12.976  20.604 0.0000000000
95875  -45.576  16.261  52.431 0.0000000000
95876  -46.393  16.199  52.777 0.0000000000
95899  -45.131  16.079  50.629 0.0000000000
95914  -42.519  14.558  49.850 0.0000000000
95934  -44.047  15.400  48.171 0.0000000000
95964  -43.025  14.444  45.337 0.0000000000
95990  -43.802  15.807  43.619 0.0000000000
96055  -49.155  14.652  32.404 0.0000000000
96060  -48.845  14.267  32.010 0.0000000000
96084  -50.660  14.440  28.984 0.0000000000
96109  -53.685  14.832  26.206 0.0000000000
96149  -56.205  14.205  22.074 0.0000000000
96525  -45.516  16.505  52.263 0.0000000000
96527  -46.797  16.061  52.824 0.0000000000
96537  -44.407  16.308  51.425 0.0000000000
96538  -44.859  16.277  52.091 0.0000000000
96539  -45.864  16.545  52.177 0.0000000000
96554  -47.327  15.891  51.951 0.0000000000
96567  -43.056  16.333  49.480 0.0000000000
96597  -43.811  16.706  46.317 0.0000000000
96659  -50.008  15.782  40.701 0.0000000000
96698  -49.846  15.195  36.600 0.0000000000
96766  -55.389  16.215  25.511 0.0000000000
96788  -48.407  16.844  22.590 0.0000000000
96800  -55.552  14.762  22.481 0.0000000000
97146  -45.080  16.532  51.907 0.0000000000
97155  -45.278  16.531  51.754 0.0000000000
97268  -51.387  16.720  38.896 0.0000000000
97382  -45.741  16.234  24.148 0.0000000000
97397  -50.489  16.849  22.144 0.0000000000
97753  -43.925  17.213  48.745 0.0000000000
97764  -43.560  17.367  48.120 0.0000000000
97765  -43.998  17.272  48.098 0.0000000000
97773  -43.783  17.273  47.521 0.0000000000
97836  -49.393  17.738  40.532 0.0000000000
97947  -56.843  18.451  26.895 0.0000000000
97960  -51.232  18.153  24.877 0.0000000000
97976  -50.184  17.335  22.357 0.0000000000
97987  -52.517  17.161  22.372 0.0000000000
98428  -50.184  17.601  41.611 0.0000000000
98431  -52.067  18.490  41.987 0.0000000000
98484  -54.678  19.050  35.577 0.0000000000
98490  -53.296  18.324  35.079 0.0000000000
98499  -54.052  18.466  33.200 0.0000000000
98539  -56.884  18.977  29.970 0.0000000000
98556  -58.101  19.616  27.750 0.0000000000
98584  -53.256  18.645  23.794 0.0000000000
98585  -55.007  18.979  23.768 0.0000000000
98590  -52.659  18.036  22.712 0.0000000000
99065  -54.667  19.958  43.911 0.0000000000
99076  -56.280  20.002  42.503 0.0000000000
99084  -53.782  19.119  42.060 0.0000000000
99085  -56.674  20.044  41.609 0.0000000000
99086  -57.133  19.952  40.954 0.0000000000
99091  -50.860  19.156  41.311 0.0000000000
99111  -57.334  19.689  38.775 0.0000000000
99112  -57.604  19.986  39.195 0.0000000000
99128  -56.499  19.453  38.241 0.0000000000
99131  -58.287  19.938  36.932 0.0000000000
99137  -58.027  19.712  36.758 0.0000000000
99142  -57.259  19.522  36.286 0.0000000000
99149  -58.097  19.793  34.248 0.0000000000
99150  -58.558  20.070  34.174 0.0000000000
99156  -56.374  19.498  34.079 0.0000000000
99164  -56.281  19.166  31.758 0.0000000000
99223  -58.529  20.480  29.319 0.0000000000
99236  -57.127  19.820  25.891 0.0000000000
99729  -54.637  21.076  45.103 0.0000000000
99766  -56.299  20.186  42.405 0.0000000000
99773  -56.736  20.260  41.147 0.0000000000
99778  -49.091  20.819  39.222 0.0000000000
99782  -57.235  20.106  40.261 0.0000000000
99797  -57.667  20.104  38.821 0.0000000000
99819  -58.444  20.229  35.587 0.0000000000
99828  -58.609  20.460  32.103 0.0000000000
99847  -58.652  20.293  30.858 0.0000000000
99882  -56.383  20.798  28.773 0.0000000000
99884  -58.263  20.816  29.198 0.0000000000
99893  -57.850  20.608  27.864 0.0000000000
99900  -58.123  20.320  27.486 0.0000000000
99903  -57.191  20.148  26.193 0.0000000000
100381  -53.788  22.019  45.625 0.0000000000
100386  -53.423  21.857  45.537 0.0000000000
100395  -53.015  21.279  44.880 0.0000000000
100396  -54.852  21.220  44.783 0.0000000000
100447  -55.236  21.138  39.492 0.0000000000
100478  -57.802  20.574  36.878 0.0000000000
100483  -58.158  20.734  35.714 0.0000000000
100502  -58.144  21.330  32.246 0.0000000000
100519  -56.239  21.664  30.977 0.0000000000
101031  -53.215  22.522  45.702 0.0000000000
101132  -53.434  22.418  35.931 0.0000000000
101135  -56.593  21.990  35.792 0.0000000000
101144  -57.420  21.791  34.573 0.0000000000
125463  -54.937  12.850  22.774 0.0000000000
125651  -44.015  16.569  50.525 0.0000000000
128524  -57.257  19.585  32.796 0.0000000000
128920  -42.451  13.896  50.126 0.0000000000
129499  -56.209  19.784  25.243 0.0000000000
130088  -48.514  8.890  29.910 0.0000000000
131980  -54.489  19.064  38.374 0.0000000000
132037  -53.057  16.471  22.364 0.0000000000
132425  -58.497  19.928  30.853 0.0000000000
132890  -48.213  6.408  37.933 0.0000000000
134169  -54.683  9.264  33.177 0.0000000000
135547  -46.266  6.547  38.714 0.0000000000
136055  -46.731  8.391  42.744 0.0000000000
137194  -54.347  9.943  18.753 0.0000000000
137734  -51.151  16.512  37.465 0.0000000000
138019  -44.431  9.766  37.672 0.0000000000
138676  -47.872  12.430  47.459 0.0000000000
138703  -53.791  10.442  32.776 0.0000000000
139741  -46.024  18.816  31.460 0.0000000000
140220  -49.212  7.313  40.558 0.0000000000
140271  -49.889  6.490  38.109 0.0000000000
141529  -50.731  8.398  26.349 0.0000000000
142074  -53.568  18.538  37.304 0.0000000000
142321  -50.999  16.761  40.847 0.0000000000
143752  -58.510  20.655  34.130 0.0000000000
143850  -56.181  7.946  25.773 0.0000000000
143970  -54.275  11.806  19.817 0.0000000000
144073  -58.458  20.986  33.460 0.0000000000
144452  -49.869  15.571  34.005 0.0000000000
144634  -44.115  17.200  48.422 0.0000000000
145555  -56.875  7.549  22.291 0.0000000000
145755  -46.936  11.993  33.523 0.0000000000
145927  -55.527  18.190  29.897 0.0000000000
146061  -48.426  13.788  32.353 0.0000000000
146066  -58.626  20.516  31.420 0.0000000000
146153  -58.377  20.098  27.645 0.0000000000
147258  -57.261  19.988  40.574 0.0000000000
147341  -53.936  13.146  23.763 0.0000000000
148320  -55.774  19.384  38.057 0.0000000000
148351  -51.051  12.944  26.644 0.0000000000
148946  -43.950  8.491  41.614 0.0000000000
149012  -44.960  7.117  39.048 0.0000000000
149709  -53.449  10.172  33.036 0.0000000000
149820  -58.268  19.917  27.213 0.0000000000
150021  -53.397  9.195  35.894 0.0000000000
150078  -43.201  15.123  50.755 0.0000000000
