#!ascii label  , from subject sub-v1s2x0051483_ses-1 vox2ras=TkReg
702
54809  27.147  -29.081  84.036 0.0000000000
71301  43.417  -13.726  64.750 0.0000000000
75604  51.807  -9.004  63.785 0.0000000000
68043  41.583  -17.062  75.522 0.0000000000
138414  31.965  -30.709  79.013 0.0000000000
49827  29.900  -32.260  82.439 0.0000000000
130653  47.475  -9.964  64.769 0.0000000000
74484  46.357  -10.271  69.640 0.0000000000
64871  37.284  -20.091  76.745 0.0000000000
55815  35.361  -27.769  79.995 0.0000000000
76732  57.928  -8.522  55.757 0.0000000000
75664  52.020  -9.395  59.609 0.0000000000
65938  39.227  -18.335  71.805 0.0000000000
138186  42.128  -12.734  71.508 0.0000000000
53814  28.987  -30.443  82.120 0.0000000000
52812  28.330  -30.999  83.360 0.0000000000
72410  45.715  -12.476  65.584 0.0000000000
74512  47.184  -8.914  67.885 0.0000000000
73409  44.623  -11.499  68.032 0.0000000000
60482  39.165  -24.117  75.237 0.0000000000
52844  33.837  -31.069  81.535 0.0000000000
54842  34.223  -29.048  79.674 0.0000000000
52857  35.841  -30.571  80.730 0.0000000000
77664  56.197  -7.318  56.058 0.0000000000
74672  57.515  -10.861  56.437 0.0000000000
75686  55.151  -9.442  56.767 0.0000000000
141253  49.142  -9.056  61.638 0.0000000000
75681  50.046  -9.972  59.291 0.0000000000
75634  51.754  -8.757  61.803 0.0000000000
73519  53.204  -11.279  60.928 0.0000000000
73505  52.472  -11.631  62.263 0.0000000000
66916  39.814  -18.142  76.433 0.0000000000
65923  37.619  -18.788  74.402 0.0000000000
69112  40.466  -15.978  74.946 0.0000000000
69142  40.420  -15.350  71.879 0.0000000000
70136  41.871  -14.726  74.495 0.0000000000
72324  43.790  -13.188  72.977 0.0000000000
141473  43.713  -16.189  73.456 0.0000000000
52846  31.964  -31.022  81.793 0.0000000000
73491  47.110  -10.767  62.029 0.0000000000
76623  49.692  -7.733  64.689 0.0000000000
142213  49.427  -8.247  66.632 0.0000000000
73393  48.454  -11.130  68.461 0.0000000000
61583  35.098  -23.426  78.453 0.0000000000
61598  36.393  -22.316  77.664 0.0000000000
63867  39.646  -20.729  76.610 0.0000000000
63877  41.808  -20.598  75.423 0.0000000000
64906  43.139  -19.426  73.441 0.0000000000
58052  34.014  -25.035  78.131 0.0000000000
56870  36.247  -26.900  79.109 0.0000000000
75716  58.591  -9.771  54.603 0.0000000000
76713  53.227  -8.970  57.127 0.0000000000
139165  53.813  -11.503  58.526 0.0000000000
70296  54.564  -14.503  59.652 0.0000000000
72373  42.676  -12.696  68.617 0.0000000000
73369  44.448  -11.372  70.469 0.0000000000
71216  45.778  -13.231  70.803 0.0000000000
52814  27.222  -30.426  83.969 0.0000000000
52813  27.737  -30.678  83.726 0.0000000000
51857  27.659  -30.981  83.815 0.0000000000
71292  44.475  -13.075  65.669 0.0000000000
72397  45.496  -12.266  66.329 0.0000000000
72399  43.883  -12.724  66.977 0.0000000000
52843  34.831  -30.642  81.210 0.0000000000
122679  54.677  -8.132  55.812 0.0000000000
76721  55.734  -7.733  56.279 0.0000000000
76722  54.902  -8.253  56.432 0.0000000000
76653  50.934  -8.268  63.279 0.0000000000
76683  50.594  -8.874  61.588 0.0000000000
76651  51.882  -8.611  62.583 0.0000000000
74617  52.428  -9.806  62.483 0.0000000000
66930  40.845  -17.797  76.067 0.0000000000
127833  40.062  -17.236  76.031 0.0000000000
139786  41.055  -16.355  75.729 0.0000000000
69111  40.930  -15.538  75.064 0.0000000000
128887  42.001  -15.706  75.080 0.0000000000
69110  43.077  -15.530  74.258 0.0000000000
66943  42.491  -16.911  74.661 0.0000000000
53813  29.912  -30.849  81.870 0.0000000000
51866  31.164  -31.755  82.358 0.0000000000
50854  31.812  -32.118  82.205 0.0000000000
73474  46.465  -11.779  63.551 0.0000000000
72462  46.089  -12.113  62.095 0.0000000000
73473  47.110  -10.832  63.096 0.0000000000
75619  48.142  -9.245  62.729 0.0000000000
75598  47.991  -9.146  64.836 0.0000000000
77562  49.429  -7.901  65.552 0.0000000000
76587  48.346  -8.285  66.655 0.0000000000
75534  46.808  -9.321  69.017 0.0000000000
126109  48.036  -9.121  68.461 0.0000000000
139908  47.473  -10.313  69.146 0.0000000000
126924  48.300  -12.144  68.418 0.0000000000
129650  47.200  -11.987  69.589 0.0000000000
60450  35.842  -23.808  78.004 0.0000000000
61599  35.793  -22.632  78.017 0.0000000000
60449  36.405  -23.142  77.592 0.0000000000
61636  38.627  -22.480  76.157 0.0000000000
63866  40.507  -20.414  76.381 0.0000000000
125469  34.410  -28.177  79.733 0.0000000000
143303  34.003  -27.551  78.981 0.0000000000
56873  34.289  -26.182  78.863 0.0000000000
58037  34.826  -25.266  78.783 0.0000000000
56861  35.521  -27.233  79.685 0.0000000000
78461  57.367  -6.305  55.180 0.0000000000
76742  58.271  -8.500  55.149 0.0000000000
73549  56.811  -11.523  57.044 0.0000000000
123096  51.236  -9.652  59.184 0.0000000000
74652  49.840  -10.113  58.435 0.0000000000
75691  51.297  -9.639  58.334 0.0000000000
74663  51.323  -9.598  57.311 0.0000000000
75689  52.685  -9.349  57.888 0.0000000000
75676  53.434  -9.592  57.729 0.0000000000
74651  53.193  -10.219  58.887 0.0000000000
143150  53.302  -13.535  60.567 0.0000000000
72480  53.835  -13.279  59.962 0.0000000000
125320  36.291  -20.600  76.742 0.0000000000
64893  36.246  -20.126  75.496 0.0000000000
66971  38.941  -18.160  73.371 0.0000000000
64914  37.050  -19.550  72.785 0.0000000000
71219  41.094  -13.794  71.440 0.0000000000
70187  40.498  -14.501  70.158 0.0000000000
71243  40.937  -13.806  69.540 0.0000000000
123443  41.436  -13.438  68.086 0.0000000000
72363  42.018  -12.827  69.822 0.0000000000
73384  43.309  -12.063  70.039 0.0000000000
73357  43.346  -12.101  71.296 0.0000000000
70158  44.604  -14.908  72.047 0.0000000000
72330  44.583  -13.255  72.050 0.0000000000
70173  45.189  -14.500  71.371 0.0000000000
70186  46.264  -14.434  70.225 0.0000000000
128581  28.632  -30.833  82.977 0.0000000000
50838  29.045  -31.738  82.906 0.0000000000
49828  29.271  -32.348  82.456 0.0000000000
50848  28.265  -32.068  83.020 0.0000000000
143672  46.591  -11.418  65.070 0.0000000000
74530  46.987  -9.767  66.721 0.0000000000
73420  46.256  -10.826  66.684 0.0000000000
74514  45.748  -10.377  68.100 0.0000000000
74499  45.537  -10.290  69.035 0.0000000000
145602  33.030  -30.758  81.139 0.0000000000
52871  32.903  -30.495  79.298 0.0000000000
53830  34.513  -30.219  81.129 0.0000000000
53829  34.934  -29.439  80.889 0.0000000000
54828  35.624  -28.905  80.620 0.0000000000
54827  35.974  -28.623  80.312 0.0000000000
52856  36.182  -30.113  80.174 0.0000000000
77652  56.870  -7.638  56.385 0.0000000000
75696  57.537  -9.747  56.345 0.0000000000
75697  57.025  -8.728  56.617 0.0000000000
74674  56.362  -9.235  56.664 0.0000000000
73550  55.875  -11.580  57.184 0.0000000000
75651  48.148  -9.958  60.245 0.0000000000
75649  49.850  -9.242  61.162 0.0000000000
124678  51.128  -9.333  60.633 0.0000000000
142060  52.091  -9.331  60.356 0.0000000000
74641  52.929  -10.335  60.255 0.0000000000
74630  52.830  -10.385  61.333 0.0000000000
73504  52.864  -11.321  61.839 0.0000000000
65894  38.709  -19.116  76.625 0.0000000000
65917  37.276  -19.204  75.603 0.0000000000
66934  38.464  -18.387  75.939 0.0000000000
66956  39.076  -17.602  75.185 0.0000000000
68077  39.778  -17.055  73.456 0.0000000000
68099  39.902  -16.769  71.687 0.0000000000
136338  40.575  -15.719  73.681 0.0000000000
70161  41.111  -14.501  73.167 0.0000000000
71206  41.992  -13.259  72.856 0.0000000000
72333  42.982  -12.556  72.384 0.0000000000
71180  42.911  -14.080  73.984 0.0000000000
70146  43.825  -14.731  73.416 0.0000000000
68075  44.047  -16.158  72.914 0.0000000000
131019  29.851  -30.442  80.562 0.0000000000
53846  30.848  -30.669  80.341 0.0000000000
123015  32.421  -30.802  81.086 0.0000000000
52832  32.952  -31.395  81.944 0.0000000000
50852  33.088  -32.301  81.915 0.0000000000
130354  48.206  -9.286  61.863 0.0000000000
76655  49.503  -8.264  63.190 0.0000000000
76637  50.605  -7.956  63.935 0.0000000000
135875  50.547  -8.170  65.040 0.0000000000
75561  49.996  -8.638  66.320 0.0000000000
74529  49.838  -10.198  66.689 0.0000000000
75548  48.052  -8.718  67.812 0.0000000000
75546  49.010  -9.366  67.623 0.0000000000
61618  34.109  -23.008  77.417 0.0000000000
62750  35.019  -22.245  78.098 0.0000000000
129199  35.905  -21.299  77.423 0.0000000000
63859  36.897  -20.850  77.149 0.0000000000
61637  37.691  -22.955  76.489 0.0000000000
62760  37.920  -21.279  77.063 0.0000000000
144305  37.815  -20.193  76.923 0.0000000000
140466  39.323  -19.573  76.941 0.0000000000
136022  41.182  -19.144  76.148 0.0000000000
65904  41.641  -18.745  75.627 0.0000000000
64889  42.608  -18.800  74.545 0.0000000000
64900  42.618  -19.684  74.419 0.0000000000
59268  34.353  -24.381  78.445 0.0000000000
59255  35.172  -24.679  78.598 0.0000000000
130172  35.912  -25.753  77.979 0.0000000000
55823  36.433  -28.076  79.499 0.0000000000
121022  36.508  -27.554  77.816 0.0000000000
133827  58.529  -8.131  53.492 0.0000000000
75699  53.389  -8.702  56.419 0.0000000000
138006  53.865  -8.751  57.079 0.0000000000
74662  54.247  -9.652  57.233 0.0000000000
73551  54.668  -11.639  57.608 0.0000000000
73529  53.403  -11.323  59.765 0.0000000000
127477  54.548  -13.436  59.140 0.0000000000
71365  56.058  -13.765  58.626 0.0000000000
122578  36.469  -19.566  74.372 0.0000000000
71266  41.634  -13.539  67.330 0.0000000000
71281  42.328  -13.320  66.917 0.0000000000
72372  43.319  -12.296  68.383 0.0000000000
139520  44.423  -11.115  69.554 0.0000000000
74471  45.031  -10.757  70.093 0.0000000000
73346  44.030  -12.081  71.701 0.0000000000
73355  45.201  -11.867  71.006 0.0000000000
145127  46.287  -12.077  70.390 0.0000000000
71229  46.833  -13.222  69.833 0.0000000000
66969  43.374  -17.894  73.503 0.0000000000
65928  43.580  -17.914  72.802 0.0000000000
53786  27.195  -30.065  84.062 0.0000000000
52802  26.682  -29.852  84.177 0.0000000000
53767  26.621  -29.392  84.208 0.0000000000
71293  43.652  -13.438  65.564 0.0000000000
71279  43.793  -13.018  66.308 0.0000000000
146049  55.121  -8.016  56.205 0.0000000000
76735  54.290  -8.317  56.280 0.0000000000
76636  51.256  -8.253  63.698 0.0000000000
76652  51.412  -8.408  62.964 0.0000000000
76635  51.878  -8.676  63.199 0.0000000000
75617  52.284  -9.143  62.860 0.0000000000
142808  52.120  -9.294  63.321 0.0000000000
125424  41.187  -17.272  75.821 0.0000000000
136344  40.888  -17.061  75.942 0.0000000000
137775  41.246  -16.790  75.739 0.0000000000
69097  41.470  -15.727  75.271 0.0000000000
68053  41.642  -16.334  75.388 0.0000000000
68052  42.250  -16.147  74.938 0.0000000000
138128  41.973  -16.765  75.144 0.0000000000
51867  30.508  -31.708  82.552 0.0000000000
52824  30.640  -31.582  82.364 0.0000000000
50845  30.371  -32.011  82.570 0.0000000000
49835  30.469  -32.427  82.126 0.0000000000
125977  46.866  -11.130  63.975 0.0000000000
74571  47.305  -10.415  63.980 0.0000000000
136871  47.774  -9.561  64.051 0.0000000000
75581  48.181  -8.700  65.705 0.0000000000
139323  47.666  -9.431  65.417 0.0000000000
75518  46.799  -9.862  69.274 0.0000000000
75533  47.358  -9.618  68.992 0.0000000000
74483  46.972  -10.289  69.415 0.0000000000
73381  47.251  -11.080  69.526 0.0000000000
59267  35.906  -24.747  77.916 0.0000000000
59279  36.288  -24.018  77.382 0.0000000000
55816  34.810  -27.714  79.845 0.0000000000
55825  34.308  -27.519  79.422 0.0000000000
56863  34.529  -26.882  79.349 0.0000000000
56862  34.725  -26.999  79.707 0.0000000000
77662  57.468  -6.710  55.663 0.0000000000
77661  57.852  -6.411  55.205 0.0000000000
76731  57.898  -7.361  55.537 0.0000000000
77674  58.226  -7.200  54.956 0.0000000000
75679  51.781  -9.490  58.970 0.0000000000
75690  51.960  -9.444  58.083 0.0000000000
75678  52.298  -9.441  58.764 0.0000000000
75677  52.816  -9.527  58.395 0.0000000000
75663  52.500  -9.666  59.575 0.0000000000
71340  53.018  -13.301  60.958 0.0000000000
70284  53.398  -13.919  60.280 0.0000000000
64872  36.723  -20.370  76.751 0.0000000000
64882  36.541  -20.197  76.248 0.0000000000
64892  36.796  -19.755  75.745 0.0000000000
66982  39.074  -18.335  72.587 0.0000000000
65951  38.808  -18.805  71.266 0.0000000000
71218  41.777  -13.220  71.964 0.0000000000
71232  40.994  -13.782  70.537 0.0000000000
71231  41.574  -13.223  71.055 0.0000000000
71242  41.517  -13.265  70.162 0.0000000000
72352  42.078  -12.716  70.731 0.0000000000
72351  42.717  -12.418  70.381 0.0000000000
72343  42.750  -12.360  71.348 0.0000000000
69140  45.151  -15.173  71.261 0.0000000000
134938  45.558  -15.328  70.509 0.0000000000
53784  28.033  -30.006  83.290 0.0000000000
53800  28.515  -30.345  82.764 0.0000000000
52826  28.993  -30.976  82.892 0.0000000000
51855  28.734  -31.403  83.069 0.0000000000
50847  28.934  -32.295  82.932 0.0000000000
50839  28.506  -31.643  83.175 0.0000000000
71291  45.168  -13.066  65.054 0.0000000000
71308  45.250  -13.262  63.446 0.0000000000
129687  45.789  -12.613  64.910 0.0000000000
72419  46.117  -12.304  64.348 0.0000000000
72409  46.290  -11.994  65.226 0.0000000000
73435  46.594  -11.009  65.737 0.0000000000
72396  46.106  -11.803  66.080 0.0000000000
72383  45.061  -11.924  67.085 0.0000000000
73421  45.755  -11.530  66.812 0.0000000000
73408  45.388  -11.178  67.578 0.0000000000
73394  45.162  -10.793  68.330 0.0000000000
52858  33.681  -30.554  81.069 0.0000000000
51882  35.295  -31.036  81.105 0.0000000000
52842  35.535  -30.109  80.930 0.0000000000
53828  35.420  -29.394  80.894 0.0000000000
53827  35.804  -29.352  80.621 0.0000000000
76734  55.566  -7.634  55.985 0.0000000000
77676  56.202  -7.212  55.560 0.0000000000
77663  56.817  -6.890  55.893 0.0000000000
145799  56.367  -7.362  56.226 0.0000000000
75698  55.328  -8.435  56.545 0.0000000000
74661  56.063  -10.484  56.780 0.0000000000
75650  48.924  -9.577  60.662 0.0000000000
75648  51.172  -8.854  61.511 0.0000000000
129328  51.635  -9.201  60.836 0.0000000000
75647  52.115  -9.203  61.293 0.0000000000
75646  52.498  -9.675  60.779 0.0000000000
75632  52.491  -9.671  61.726 0.0000000000
73486  52.448  -10.752  62.521 0.0000000000
74616  52.628  -10.385  62.058 0.0000000000
71328  52.864  -12.401  61.608 0.0000000000
72458  52.431  -12.160  61.939 0.0000000000
124020  39.394  -18.656  76.627 0.0000000000
65906  38.557  -18.735  76.261 0.0000000000
66933  38.938  -17.980  75.994 0.0000000000
68055  40.111  -16.788  75.785 0.0000000000
68056  39.565  -17.284  75.659 0.0000000000
68067  39.928  -16.707  75.176 0.0000000000
66955  39.531  -17.173  74.353 0.0000000000
69122  40.148  -16.294  74.206 0.0000000000
68076  40.214  -16.303  73.137 0.0000000000
70137  41.335  -14.906  74.456 0.0000000000
70149  40.964  -15.022  73.784 0.0000000000
142603  41.406  -14.451  73.834 0.0000000000
70148  41.672  -13.951  73.365 0.0000000000
71193  42.206  -13.684  73.453 0.0000000000
71181  42.332  -14.171  73.992 0.0000000000
68066  43.266  -16.117  74.000 0.0000000000
70134  43.137  -14.799  74.134 0.0000000000
70133  43.539  -15.469  73.784 0.0000000000
69120  44.000  -15.531  73.184 0.0000000000
54829  28.582  -29.961  81.676 0.0000000000
53847  28.901  -30.029  80.691 0.0000000000
53833  29.437  -30.402  81.342 0.0000000000
52847  30.931  -31.119  81.722 0.0000000000
53832  30.400  -30.740  81.163 0.0000000000
53831  31.458  -30.890  81.059 0.0000000000
52833  32.290  -31.416  82.044 0.0000000000
73508  46.593  -11.442  61.631 0.0000000000
74619  47.100  -10.703  61.106 0.0000000000
74618  47.642  -10.013  61.454 0.0000000000
75618  48.669  -8.665  63.268 0.0000000000
76639  49.203  -8.122  63.941 0.0000000000
76638  49.985  -7.853  63.960 0.0000000000
77577  50.249  -7.702  64.531 0.0000000000
140361  50.270  -7.755  64.806 0.0000000000
77578  49.995  -7.643  64.998 0.0000000000
77549  49.401  -8.020  66.081 0.0000000000
77548  49.979  -8.119  66.137 0.0000000000
74528  50.167  -9.371  66.246 0.0000000000
75562  49.613  -9.166  66.940 0.0000000000
75563  47.816  -8.709  67.201 0.0000000000
74497  48.070  -10.028  68.667 0.0000000000
75532  48.484  -9.440  68.140 0.0000000000
74496  48.743  -10.199  67.963 0.0000000000
74511  49.398  -10.185  67.351 0.0000000000
73406  48.988  -11.080  67.618 0.0000000000
60453  34.312  -23.573  78.152 0.0000000000
139536  34.599  -22.825  78.004 0.0000000000
60461  34.868  -23.056  78.346 0.0000000000
62748  35.988  -21.999  77.786 0.0000000000
62747  36.603  -21.470  77.391 0.0000000000
63852  36.298  -21.263  77.401 0.0000000000
60470  37.405  -23.864  76.021 0.0000000000
60469  38.376  -23.493  75.791 0.0000000000
62769  39.363  -21.674  76.250 0.0000000000
62770  38.480  -21.660  76.662 0.0000000000
62759  38.781  -20.991  76.906 0.0000000000
135840  38.090  -20.506  77.023 0.0000000000
64869  38.580  -19.743  76.867 0.0000000000
62767  41.208  -20.988  75.847 0.0000000000
64880  40.570  -19.528  76.582 0.0000000000
63865  41.239  -20.058  76.071 0.0000000000
64891  41.766  -19.658  75.590 0.0000000000
64890  42.190  -19.232  75.063 0.0000000000
63876  42.249  -20.165  74.934 0.0000000000
53860  33.703  -29.844  79.260 0.0000000000
53874  33.137  -30.146  78.515 0.0000000000
53873  33.450  -29.589  78.331 0.0000000000
58071  33.711  -25.821  77.681 0.0000000000
143062  33.743  -25.326  77.405 0.0000000000
59280  33.851  -24.638  77.454 0.0000000000
143164  33.901  -24.259  77.812 0.0000000000
122300  35.610  -26.193  79.028 0.0000000000
58036  35.314  -25.563  78.846 0.0000000000
58035  35.524  -25.445  78.673 0.0000000000
58051  35.723  -25.354  78.393 0.0000000000
56879  35.826  -26.045  78.735 0.0000000000
54833  36.171  -28.007  79.931 0.0000000000
76752  58.446  -8.385  54.401 0.0000000000
75724  58.711  -9.593  53.768 0.0000000000
74697  58.836  -10.466  53.800 0.0000000000
74653  49.246  -10.148  59.116 0.0000000000
74642  48.340  -10.308  58.869 0.0000000000
126330  52.287  -9.262  57.307 0.0000000000
75701  51.766  -9.414  56.664 0.0000000000
75700  52.516  -9.106  56.573 0.0000000000
76723  54.048  -8.522  56.747 0.0000000000
74650  53.873  -10.500  57.710 0.0000000000
71353  54.433  -13.987  59.583 0.0000000000
141465  55.266  -13.878  59.094 0.0000000000
70295  55.269  -14.266  59.239 0.0000000000
65916  37.754  -18.760  75.218 0.0000000000
137282  37.040  -19.133  74.843 0.0000000000
69143  40.006  -16.038  71.343 0.0000000000
70201  40.308  -14.571  69.278 0.0000000000
72374  41.908  -13.055  68.861 0.0000000000
144388  42.135  -13.241  67.476 0.0000000000
71265  42.724  -12.916  67.727 0.0000000000
72385  43.531  -12.559  67.622 0.0000000000
73370  43.800  -11.704  70.507 0.0000000000
73383  43.886  -11.552  69.759 0.0000000000
74472  44.460  -11.143  70.026 0.0000000000
72325  43.159  -13.024  72.982 0.0000000000
72332  43.671  -12.581  72.397 0.0000000000
71217  45.169  -13.671  71.426 0.0000000000
72342  45.086  -12.704  71.419 0.0000000000
72341  45.803  -12.346  70.714 0.0000000000
72350  46.441  -12.709  70.296 0.0000000000
71230  46.360  -13.646  70.320 0.0000000000
70200  46.616  -14.744  69.593 0.0000000000
64899  43.022  -19.210  74.010 0.0000000000
65921  43.028  -18.368  74.083 0.0000000000
141468  43.251  -18.764  73.668 0.0000000000
130951  28.113  -30.212  83.421 0.0000000000
51856  28.152  -31.194  83.502 0.0000000000
123776  44.860  -13.523  64.179 0.0000000000
72411  45.136  -12.727  65.817 0.0000000000
72398  44.625  -12.618  66.517 0.0000000000
72384  44.282  -12.253  67.394 0.0000000000
124667  33.756  -32.128  81.723 0.0000000000
51883  34.355  -31.530  81.477 0.0000000000
51892  35.045  -31.853  81.042 0.0000000000
145595  54.486  -8.589  56.701 0.0000000000
124467  50.560  -8.386  62.743 0.0000000000
76671  50.199  -8.684  61.973 0.0000000000
76670  51.015  -8.477  62.399 0.0000000000
76669  51.435  -8.517  62.358 0.0000000000
75633  52.247  -9.060  62.163 0.0000000000
74599  52.176  -10.061  63.057 0.0000000000
66915  40.307  -18.097  76.404 0.0000000000
66932  39.694  -17.787  76.173 0.0000000000
66931  40.330  -17.530  76.148 0.0000000000
68044  40.536  -16.837  75.939 0.0000000000
69099  40.552  -16.146  75.457 0.0000000000
69098  40.993  -15.828  75.476 0.0000000000
70127  41.412  -15.296  74.974 0.0000000000
70126  41.970  -15.142  74.943 0.0000000000
70135  42.430  -14.638  74.426 0.0000000000
69096  42.529  -15.384  74.649 0.0000000000
68051  42.793  -16.094  74.486 0.0000000000
128503  42.974  -16.678  74.188 0.0000000000
52835  30.332  -31.294  82.225 0.0000000000
52834  31.350  -31.514  82.105 0.0000000000
51876  31.894  -31.755  82.296 0.0000000000
72447  46.129  -12.196  62.870 0.0000000000
73492  46.593  -11.553  62.547 0.0000000000
74602  47.612  -9.984  62.378 0.0000000000
74587  47.656  -9.892  63.263 0.0000000000
75606  48.088  -9.208  63.458 0.0000000000
136257  48.973  -8.015  64.583 0.0000000000
76624  49.023  -7.813  64.925 0.0000000000
75597  48.597  -8.356  65.062 0.0000000000
76605  48.900  -8.002  65.950 0.0000000000
76586  48.885  -8.017  66.803 0.0000000000
75549  46.779  -9.113  68.495 0.0000000000
124511  47.351  -9.034  68.515 0.0000000000
74482  47.825  -10.829  69.036 0.0000000000
73380  47.728  -11.781  69.046 0.0000000000
72361  47.338  -12.738  69.388 0.0000000000
60435  35.409  -24.030  78.322 0.0000000000
60451  35.484  -23.294  78.243 0.0000000000
61617  37.066  -22.562  77.211 0.0000000000
62768  40.362  -21.314  76.078 0.0000000000
62777  41.056  -21.849  75.474 0.0000000000
133700  33.886  -29.210  78.849 0.0000000000
127088  34.024  -28.257  79.065 0.0000000000
55831  33.761  -27.635  78.281 0.0000000000
56880  33.786  -26.535  78.116 0.0000000000
132625  34.064  -25.730  78.370 0.0000000000
58038  34.381  -25.257  78.691 0.0000000000
56872  34.659  -26.135  79.051 0.0000000000
56871  35.228  -26.320  79.210 0.0000000000
133053  35.644  -26.865  79.377 0.0000000000
73564  57.354  -11.471  56.755 0.0000000000
75680  50.665  -9.901  58.813 0.0000000000
142675  50.557  -9.928  57.851 0.0000000000
75688  53.289  -9.217  57.460 0.0000000000
124435  53.199  -12.129  61.255 0.0000000000
72481  53.467  -12.316  60.439 0.0000000000
72469  53.367  -13.045  60.824 0.0000000000
71339  53.641  -13.680  60.150 0.0000000000
141459  35.821  -21.017  76.978 0.0000000000
65922  38.289  -18.491  73.870 0.0000000000
65931  37.498  -19.039  73.439 0.0000000000
65930  38.419  -18.767  72.983 0.0000000000
65940  37.809  -19.284  72.442 0.0000000000
70174  40.716  -14.541  71.654 0.0000000000
69153  40.242  -15.160  70.895 0.0000000000
132453  40.674  -14.354  70.923 0.0000000000
127774  40.622  -14.097  68.671 0.0000000000
71253  40.878  -13.816  68.165 0.0000000000
142216  41.230  -13.503  68.743 0.0000000000
72362  42.669  -12.526  69.481 0.0000000000
73371  43.246  -12.120  70.775 0.0000000000
70159  44.276  -14.354  72.735 0.0000000000
71204  44.262  -13.582  72.674 0.0000000000
71203  44.652  -14.067  72.061 0.0000000000
70172  45.738  -14.098  70.765 0.0000000000
69152  45.686  -14.800  70.673 0.0000000000
53799  29.367  -30.907  82.496 0.0000000000
52825  29.758  -31.341  82.622 0.0000000000
51868  29.584  -31.622  82.731 0.0000000000
50846  29.534  -31.992  82.719 0.0000000000
49829  28.704  -32.304  82.649 0.0000000000
50840  27.958  -31.516  83.515 0.0000000000
72432  45.852  -12.579  63.521 0.0000000000
73455  46.548  -11.622  64.497 0.0000000000
73454  46.912  -10.826  64.793 0.0000000000
74549  47.222  -10.076  65.612 0.0000000000
74513  46.401  -9.850  67.707 0.0000000000
73407  45.890  -10.772  67.329 0.0000000000
74498  46.267  -9.736  68.653 0.0000000000
75519  46.253  -9.896  69.271 0.0000000000
59278  36.474  -25.224  76.249 0.0000000000
52859  32.967  -30.612  80.440 0.0000000000
52870  33.537  -30.243  80.100 0.0000000000
53845  34.242  -29.729  80.447 0.0000000000
54836  34.785  -28.706  80.302 0.0000000000
54835  35.313  -28.849  80.609 0.0000000000
54834  35.553  -28.414  80.332 0.0000000000
55814  35.785  -27.906  80.050 0.0000000000
53844  36.248  -29.312  80.213 0.0000000000
52855  36.505  -29.696  79.593 0.0000000000
76733  57.425  -7.468  56.042 0.0000000000
76720  57.470  -8.577  56.247 0.0000000000
124431  57.211  -9.820  56.653 0.0000000000
129641  56.292  -7.968  56.500 0.0000000000
74673  57.042  -10.578  56.747 0.0000000000
74643  47.889  -10.301  59.479 0.0000000000
75668  48.694  -10.050  59.783 0.0000000000
75667  49.710  -9.691  60.112 0.0000000000
132029  50.536  -9.308  60.849 0.0000000000
75666  50.700  -9.628  59.844 0.0000000000
75665  51.497  -9.448  59.900 0.0000000000
65895  37.923  -19.451  76.465 0.0000000000
64881  37.194  -19.728  76.268 0.0000000000
65907  37.901  -19.044  76.044 0.0000000000
141799  37.976  -18.752  75.712 0.0000000000
66946  38.413  -18.251  75.551 0.0000000000
68045  39.601  -17.482  75.921 0.0000000000
66945  39.008  -17.819  75.789 0.0000000000
66957  38.318  -18.289  74.804 0.0000000000
131444  38.885  -17.857  74.219 0.0000000000
66981  39.501  -17.752  72.971 0.0000000000
136353  39.527  -17.864  72.270 0.0000000000
66987  39.649  -17.585  71.528 0.0000000000
68089  39.845  -17.107  72.462 0.0000000000
68088  40.201  -16.187  72.214 0.0000000000
136287  40.632  -15.407  72.885 0.0000000000
69121  40.782  -15.538  74.421 0.0000000000
131843  40.791  -14.717  72.405 0.0000000000
70160  41.288  -13.927  72.450 0.0000000000
72334  42.486  -12.667  72.214 0.0000000000
71205  42.570  -13.055  72.917 0.0000000000
71191  43.305  -13.603  73.444 0.0000000000
70147  43.403  -14.187  73.683 0.0000000000
71190  43.859  -13.887  73.225 0.0000000000
138740  44.226  -15.018  72.782 0.0000000000
69130  44.291  -15.617  72.511 0.0000000000
52872  31.147  -30.650  79.358 0.0000000000
52860  32.004  -30.719  80.058 0.0000000000
52845  32.924  -30.970  81.705 0.0000000000
142520  32.589  -31.669  82.125 0.0000000000
51884  33.319  -31.704  81.966 0.0000000000
75635  48.214  -9.492  60.999 0.0000000000
123723  48.873  -8.720  62.451 0.0000000000
76672  49.802  -8.475  62.501 0.0000000000
76654  50.327  -8.197  63.329 0.0000000000
76621  51.186  -8.472  64.370 0.0000000000
75596  50.954  -8.864  64.983 0.0000000000
77561  49.748  -7.888  65.430 0.0000000000
76585  50.058  -8.207  65.846 0.0000000000
134246  47.689  -9.134  66.244 0.0000000000
76566  48.436  -8.310  67.250 0.0000000000
76565  48.751  -8.365  67.323 0.0000000000
75547  48.548  -8.910  67.770 0.0000000000
76564  49.076  -8.682  67.321 0.0000000000
61639  33.975  -22.937  76.500 0.0000000000
125762  34.770  -21.879  76.778 0.0000000000
61600  35.402  -22.625  78.166 0.0000000000
62749  35.654  -21.823  77.792 0.0000000000
62762  35.275  -21.614  77.421 0.0000000000
63861  36.328  -20.857  77.125 0.0000000000
63860  36.792  -20.662  77.054 0.0000000000
125685  37.323  -20.401  76.930 0.0000000000
134507  36.674  -24.309  76.555 0.0000000000
60460  36.942  -23.438  76.910 0.0000000000
61616  37.847  -22.095  76.909 0.0000000000
62761  37.158  -21.726  77.287 0.0000000000
129514  37.290  -20.990  77.148 0.0000000000
139982  37.418  -20.555  77.015 0.0000000000
64870  37.915  -19.842  76.773 0.0000000000
133356  39.308  -19.088  76.859 0.0000000000
65893  40.012  -18.695  76.793 0.0000000000
63857  39.845  -19.909  76.827 0.0000000000
64868  39.928  -19.173  76.909 0.0000000000
65905  40.565  -18.643  76.489 0.0000000000
128541  41.139  -18.394  76.030 0.0000000000
66929  41.499  -17.841  75.665 0.0000000000
66944  41.990  -17.465  75.128 0.0000000000
65915  42.066  -18.321  75.128 0.0000000000
63886  42.825  -20.000  73.786 0.0000000000
63887  42.531  -20.564  74.238 0.0000000000
62785  42.569  -20.797  73.595 0.0000000000
54848  33.663  -28.768  78.216 0.0000000000
60471  33.901  -23.876  77.502 0.0000000000
60452  34.683  -23.835  78.478 0.0000000000
59256  34.613  -24.553  78.586 0.0000000000
144580  35.090  -24.705  78.823 0.0000000000
60436  35.182  -23.884  78.436 0.0000000000
59254  35.515  -24.707  78.301 0.0000000000
56860  35.919  -27.431  79.692 0.0000000000
56869  36.357  -27.507  79.009 0.0000000000
56878  36.081  -26.744  78.526 0.0000000000
75737  58.838  -9.660  52.951 0.0000000000
75687  54.218  -8.959  57.057 0.0000000000
134656  54.870  -10.575  56.968 0.0000000000
72502  55.740  -12.567  57.850 0.0000000000
73528  53.858  -12.490  59.355 0.0000000000
124323  54.601  -12.604  58.423 0.0000000000
72492  55.550  -13.388  58.543 0.0000000000
70310  55.851  -14.313  58.841 0.0000000000
71294  42.803  -13.661  65.482 0.0000000000
64901  36.621  -19.600  75.119 0.0000000000
71267  40.925  -13.856  67.481 0.0000000000
133079  41.701  -13.757  66.401 0.0000000000
138377  42.345  -13.634  66.141 0.0000000000
121291  43.004  -13.374  66.254 0.0000000000
71280  43.179  -12.968  66.956 0.0000000000
73410  43.911  -12.017  68.079 0.0000000000
73397  43.310  -12.119  69.212 0.0000000000
73396  43.999  -11.602  68.895 0.0000000000
73395  44.739  -10.905  68.973 0.0000000000
73382  44.959  -10.629  69.669 0.0000000000
74485  45.631  -10.340  69.677 0.0000000000
74470  45.759  -10.659  70.118 0.0000000000
126122  42.974  -12.261  71.900 0.0000000000
73347  43.412  -12.182  71.822 0.0000000000
73356  43.889  -11.840  71.132 0.0000000000
72331  44.334  -12.552  72.007 0.0000000000
141511  44.615  -12.113  71.492 0.0000000000
125832  44.525  -11.720  71.047 0.0000000000
73368  45.138  -11.219  70.553 0.0000000000
73367  45.942  -11.504  70.407 0.0000000000
74469  46.505  -10.879  69.846 0.0000000000
73366  46.685  -11.807  69.998 0.0000000000
72349  46.903  -12.518  69.809 0.0000000000
71241  47.225  -13.623  69.395 0.0000000000
70185  46.750  -14.012  69.804 0.0000000000
65914  42.514  -17.894  74.596 0.0000000000
123602  42.975  -17.449  74.121 0.0000000000
66954  43.342  -16.886  73.694 0.0000000000
65929  43.388  -18.728  73.132 0.0000000000
66968  43.776  -16.986  73.019 0.0000000000
66980  43.765  -17.239  72.453 0.0000000000
52841  35.956  -29.899  80.603 0.0000000000
55824  36.189  -27.582  79.566 0.0000000000
60437  35.180  -24.095  78.737 0.0000000000
63858  39.042  -20.202  76.975 0.0000000000
65924  36.958  -19.143  74.130 0.0000000000
66917  39.208  -18.396  76.390 0.0000000000
66970  39.350  -17.615  73.656 0.0000000000
68054  40.643  -16.319  75.743 0.0000000000
71192  42.736  -13.591  73.477 0.0000000000
71252  41.508  -13.273  69.392 0.0000000000
71302  42.475  -13.828  64.629 0.0000000000
72386  42.026  -13.154  68.017 0.0000000000
72420  45.536  -12.958  64.257 0.0000000000
74583  51.961  -9.744  63.516 0.0000000000
75605  48.418  -8.698  64.136 0.0000000000
76622  50.693  -7.924  64.391 0.0000000000
77560  50.043  -7.881  65.278 0.0000000000
77579  49.688  -7.744  65.179 0.0000000000
122211  34.069  -26.976  78.955 0.0000000000
124935  35.977  -23.006  77.982 0.0000000000
128739  35.242  -28.278  80.252 0.0000000000
132500  41.800  -14.301  73.969 0.0000000000
132550  35.100  -29.932  81.077 0.0000000000
132731  34.699  -22.311  77.508 0.0000000000
141275  44.194  -12.952  72.554 0.0000000000
145441  51.798  -9.360  60.159 0.0000000000
