#!ascii label  , from subject sub-v1s2x0051483_ses-1 vox2ras=TkReg
1551
134463  22.666  -62.941  24.979 0.8999999762
22234  22.963  -63.331  24.292 0.8000000119
22251  23.287  -63.481  23.539 0.8000000119
20498  22.183  -65.110  23.602 0.6999999881
20511  21.954  -65.330  22.746 0.8000000119
23118  22.152  -62.433  25.516 0.8999999762
129475  23.544  -62.885  23.331 1.0000000000
142531  23.541  -63.374  22.931 1.0000000000
21378  23.233  -64.158  22.828 0.8999999762
125845  22.634  -64.811  23.062 0.8000000119
21389  22.613  -64.904  21.407 0.8000000119
21379  22.673  -64.890  22.290 0.8999999762
20528  21.814  -65.350  21.850 0.8000000119
21411  21.387  -65.259  20.228 0.6999999881
20551  19.891  -65.453  20.419 0.6999999881
24031  22.129  -61.727  25.142 0.8000000119
23137  22.592  -62.131  24.865 0.8999999762
24052  22.477  -61.396  24.589 0.8999999762
24053  21.757  -61.178  24.835 0.8999999762
24055  19.831  -61.045  24.950 0.8999999762
22233  23.287  -62.717  23.927 0.8999999762
23173  23.822  -62.699  22.690 1.0000000000
21388  23.267  -64.300  21.840 0.8999999762
133757  23.753  -62.951  20.938 1.0000000000
140674  23.415  -63.622  20.689 0.8999999762
21410  22.447  -64.827  20.560 0.8999999762
20550  21.837  -65.261  21.045 0.8000000119
20571  20.508  -65.269  19.445 0.6999999881
24051  23.017  -60.865  23.999 0.8999999762
24991  22.156  -60.670  24.248 0.8999999762
24992  21.226  -60.545  24.329 0.8999999762
138532  20.170  -60.494  24.190 0.8999999762
23136  23.087  -61.849  24.233 0.8999999762
23154  23.625  -62.112  23.477 0.8999999762
23189  23.911  -62.873  21.767 1.0000000000
135193  22.220  -64.720  19.880 0.8000000119
20582  20.831  -64.850  18.708 0.8000000119
21443  20.162  -64.618  18.139 0.8000000119
21444  18.969  -64.832  18.182 0.8000000119
21455  18.139  -64.368  17.579 0.8000000119
25009  21.634  -59.988  23.828 0.8999999762
25010  20.738  -59.969  23.778 0.8999999762
140138  20.037  -59.955  23.559 0.8999999762
121942  23.453  -60.031  23.411 0.8999999762
25883  20.347  -59.386  23.310 0.8999999762
25884  19.572  -59.493  23.065 0.8000000119
25012  18.556  -60.390  23.565 0.8000000119
138236  23.466  -61.382  23.748 0.8999999762
26816  20.028  -58.892  22.877 0.6999999881
136247  18.948  -59.900  23.131 0.6999999881
25885  18.341  -59.932  22.848 0.6999999881
24088  24.268  -61.316  22.553 0.8999999762
26832  18.629  -58.766  22.375 0.6999999881
26833  17.475  -59.176  22.179 0.6999999881
27862  17.827  -57.821  22.156 0.6000000238
23172  24.175  -62.096  22.133 1.0000000000
23188  24.113  -62.188  21.255 1.0000000000
22288  23.320  -63.026  20.182 1.0000000000
22289  22.944  -64.096  20.112 0.8999999762
136993  23.781  -62.242  20.533 1.0000000000
142571  22.969  -62.650  19.637 0.8999999762
22304  22.729  -63.345  19.540 0.8000000119
21431  22.289  -64.176  19.359 0.8000000119
139209  20.942  -64.312  18.244 0.8000000119
22317  20.457  -63.936  17.747 0.8000000119
21454  19.438  -64.179  17.603 0.8000000119
22328  18.559  -63.535  17.188 0.8000000119
142676  19.033  -62.781  17.084 0.8000000119
23245  16.745  -62.747  16.254 0.8000000119
25008  22.562  -60.033  23.726 0.8999999762
25880  22.950  -59.246  23.385 0.8999999762
25881  22.048  -59.263  23.489 0.8999999762
25882  21.147  -59.295  23.456 0.8999999762
26815  20.683  -58.719  23.015 0.8999999762
135663  23.600  -60.813  23.532 0.8999999762
25899  19.368  -58.623  22.505 0.6999999881
25007  24.121  -60.518  23.051 0.8999999762
27860  19.566  -57.612  22.326 0.6000000238
27861  18.633  -57.915  22.231 0.6000000238
25026  24.610  -60.528  22.168 1.0000000000
28877  17.126  -57.273  22.056 0.5000000000
24101  24.421  -61.398  21.662 1.0000000000
28892  16.689  -56.244  21.807 0.5000000000
25051  24.492  -60.502  20.325 1.0000000000
24112  24.240  -61.419  20.726 1.0000000000
24113  23.804  -61.683  20.153 1.0000000000
23211  23.403  -62.184  19.906 1.0000000000
23225  22.469  -62.647  19.155 0.8999999762
22316  21.303  -63.468  18.186 0.8000000119
24140  22.245  -61.894  18.923 0.8999999762
23226  21.816  -62.577  18.551 0.8000000119
22326  20.592  -63.148  17.647 0.8000000119
24141  21.438  -61.626  18.368 0.8999999762
24152  20.614  -61.745  17.827 0.8000000119
24142  20.655  -61.009  17.988 0.8999999762
23237  18.762  -61.923  17.062 0.8000000119
24155  17.450  -61.011  16.403 0.8000000119
25106  17.400  -60.270  16.125 0.8000000119
24165  16.992  -61.304  16.018 0.8000000119
26814  21.544  -58.478  23.085 0.8999999762
25879  23.742  -59.048  23.034 0.8999999762
26830  20.879  -58.089  22.710 0.6999999881
26831  20.183  -58.225  22.579 0.8000000119
122313  24.422  -59.924  22.663 0.8999999762
126581  18.878  -56.930  22.245 0.6000000238
130429  18.061  -57.102  22.164 0.6000000238
141619  18.316  -56.383  22.181 0.6000000238
29946  17.593  -56.356  22.069 0.5000000000
25038  24.685  -60.676  21.198 1.0000000000
25929  24.864  -59.662  20.169 1.0000000000
25052  23.992  -61.120  20.065 1.0000000000
126271  23.733  -60.488  19.616 1.0000000000
24129  23.358  -61.389  19.668 1.0000000000
131074  22.123  -61.094  18.839 0.8999999762
25071  24.354  -59.953  19.777 1.0000000000
25945  23.017  -59.965  19.034 0.8999999762
25072  22.842  -60.762  19.214 0.8999999762
25087  21.396  -60.646  18.414 0.8999999762
25086  22.185  -60.259  18.721 0.8999999762
25963  21.311  -59.673  18.315 0.8999999762
25096  19.706  -59.909  17.682 0.8999999762
25097  19.034  -60.430  17.407 0.8999999762
26889  21.612  -58.790  18.265 0.8999999762
25964  20.375  -59.553  17.923 0.8999999762
25098  17.984  -60.234  16.758 0.8999999762
26901  19.844  -58.246  17.513 0.8999999762
26812  23.182  -58.583  23.132 0.8999999762
26813  22.481  -58.556  23.199 0.8999999762
27839  22.160  -57.855  22.899 0.8999999762
27858  21.392  -57.612  22.709 1.0000000000
27859  20.512  -57.350  22.484 0.8000000119
27837  23.680  -58.131  22.912 0.8999999762
25898  24.811  -59.650  22.154 0.8999999762
125237  24.405  -59.234  22.658 0.8999999762
28876  19.751  -56.579  22.356 0.6999999881
29945  18.944  -56.029  22.286 0.6999999881
139647  24.928  -60.066  21.556 1.0000000000
29962  17.294  -55.677  21.874 0.5000000000
29963  16.763  -55.439  21.597 0.5000000000
25915  25.012  -59.954  20.866 1.0000000000
26871  25.336  -58.156  19.577 1.0000000000
25943  24.506  -59.297  19.581 1.0000000000
25944  23.787  -59.634  19.330 1.0000000000
26872  24.657  -58.588  19.273 1.0000000000
27894  24.828  -57.876  18.843 1.0000000000
26887  23.364  -58.604  18.629 0.8999999762
25962  22.321  -59.421  18.611 0.8999999762
27910  21.974  -58.046  17.991 0.8999999762
25996  23.389  -59.556  15.592 0.6999999881
26922  22.519  -58.818  15.330 0.8000000119
25997  21.546  -59.278  15.349 0.8000000119
26942  20.960  -58.084  14.873 0.8000000119
26829  24.366  -58.407  22.653 0.8999999762
27856  23.362  -57.266  22.717 1.0000000000
140425  22.611  -57.395  22.765 1.0000000000
129467  21.979  -57.106  22.699 1.0000000000
28875  21.219  -56.796  22.585 0.6999999881
145688  20.545  -56.514  22.460 0.6999999881
25897  24.974  -58.730  22.155 0.8999999762
27854  24.978  -57.803  22.309 0.8999999762
29944  20.237  -55.855  22.429 0.6999999881
29961  18.117  -55.547  22.041 0.6000000238
25928  25.247  -59.164  20.650 1.0000000000
25914  25.155  -59.367  21.460 0.8999999762
144163  25.258  -58.174  21.967 0.8999999762
31965  17.663  -54.069  21.353 0.4000000060
25942  25.127  -58.923  19.898 1.0000000000
27909  23.094  -57.941  18.200 1.0000000000
27908  24.074  -57.547  18.263 1.0000000000
27962  19.498  -57.385  15.161 0.8999999762
127662  25.760  -58.847  13.388 0.6000000238
26921  23.976  -58.796  15.255 0.6000000238
26939  24.403  -58.066  14.713 0.8000000119
27959  22.248  -57.537  14.567 0.8000000119
26924  20.816  -58.839  15.169 0.8999999762
26944  19.410  -58.225  15.307 0.8999999762
124169  24.830  -56.968  22.349 0.8999999762
27855  24.273  -57.545  22.638 0.8999999762
29943  21.018  -55.988  22.497 0.8000000119
30966  19.894  -55.250  22.325 0.6999999881
122581  19.154  -54.128  21.640 0.6000000238
31964  18.349  -53.658  21.304 0.4000000060
125226  25.755  -57.710  20.942 1.0000000000
26848  25.414  -58.481  21.345 0.8999999762
27884  25.806  -57.631  20.075 1.0000000000
27893  25.609  -57.300  19.201 1.0000000000
27907  24.913  -57.117  18.379 1.0000000000
28947  24.899  -56.442  17.874 1.0000000000
139497  24.296  -56.276  17.485 1.0000000000
28966  18.775  -57.227  15.922 0.8999999762
30041  19.447  -55.587  15.200 0.8999999762
27946  18.962  -57.123  15.632 0.8999999762
28989  20.700  -56.619  14.247 0.8999999762
126780  19.891  -56.717  14.721 0.8999999762
144203  27.496  -57.144  12.414 0.6000000238
26966  26.815  -58.850  12.199 0.6000000238
26938  25.389  -58.116  13.903 0.6000000238
27957  24.585  -57.363  14.203 0.8000000119
27958  23.427  -57.430  14.548 0.8000000119
27960  21.268  -57.433  14.514 0.8999999762
28873  23.260  -56.374  22.549 0.8999999762
28874  21.887  -56.246  22.570 0.6999999881
29940  23.865  -55.825  22.393 0.8999999762
134933  22.603  -56.110  22.539 0.8999999762
30965  20.692  -55.109  22.316 0.6000000238
132137  25.294  -57.165  22.045 1.0000000000
28891  25.304  -56.508  21.990 1.0000000000
30984  20.703  -54.210  21.905 0.6000000238
30985  19.916  -54.557  22.051 0.6000000238
125641  25.446  -57.699  21.737 1.0000000000
28890  26.335  -56.235  20.932 1.0000000000
27892  26.111  -57.032  19.850 1.0000000000
28932  25.654  -56.503  18.495 1.0000000000
28946  25.411  -56.012  17.867 1.0000000000
30011  23.946  -55.846  17.057 1.0000000000
28948  23.588  -56.444  17.355 1.0000000000
28962  23.073  -55.941  16.829 1.0000000000
28963  21.921  -55.925  16.619 1.0000000000
28964  20.781  -56.156  16.567 0.8999999762
28950  21.576  -56.670  17.165 0.8999999762
27935  19.067  -56.671  16.056 0.8999999762
28990  19.297  -56.269  15.099 0.8999999762
29001  21.398  -56.096  13.830 0.8999999762
31055  28.249  -55.066  15.489 0.6000000238
28997  27.528  -56.919  13.321 0.6000000238
139116  27.024  -57.596  11.725 0.6000000238
26955  26.203  -58.360  12.626 0.6000000238
140216  23.708  -56.896  14.233 0.8000000119
29000  22.347  -56.237  13.857 0.8000000119
28871  24.739  -56.100  22.225 0.8999999762
29941  23.008  -55.616  22.413 0.6999999881
135216  21.559  -55.439  22.392 0.6000000238
30964  21.567  -54.633  22.123 0.6000000238
143546  25.271  -56.013  21.957 0.8999999762
31962  20.702  -53.542  21.514 0.6000000238
31963  19.998  -53.729  21.586 0.5000000000
27874  25.745  -56.893  21.452 1.0000000000
28906  26.456  -56.435  20.098 1.0000000000
28920  26.195  -56.557  19.334 1.0000000000
28931  26.292  -56.074  18.805 1.0000000000
29999  26.003  -55.804  18.174 1.0000000000
30009  25.595  -55.430  17.557 1.0000000000
31031  25.862  -54.729  17.228 1.0000000000
30023  25.105  -55.043  16.940 1.0000000000
121474  23.880  -54.865  16.340 1.0000000000
130221  22.654  -55.296  16.337 1.0000000000
30038  21.581  -55.129  16.031 1.0000000000
31058  19.967  -54.325  15.277 0.8999999762
30040  19.671  -55.129  15.431 0.8999999762
30056  19.450  -55.240  14.707 0.8999999762
30073  20.478  -54.852  13.741 0.8999999762
31071  27.931  -54.662  14.777 0.6000000238
132655  27.531  -56.590  12.217 0.6000000238
29011  26.805  -56.989  11.648 0.6000000238
29012  26.451  -56.183  11.680 0.6999999881
123300  24.326  -55.960  13.555 0.6999999881
28999  23.407  -56.341  13.954 0.6999999881
30072  21.955  -55.539  13.573 0.8000000119
140797  21.156  -55.405  13.656 0.8999999762
31054  29.317  -54.191  15.896 0.6000000238
30070  24.200  -55.203  13.260 0.6999999881
30071  23.070  -55.574  13.574 0.8000000119
127489  22.373  -55.016  13.355 0.8999999762
30982  22.204  -54.007  21.824 0.6999999881
30983  21.368  -53.785  21.683 0.6000000238
29939  25.223  -55.504  21.943 0.8999999762
30961  24.463  -55.237  22.135 0.8000000119
30962  23.540  -54.999  22.181 0.6999999881
29960  25.767  -55.927  21.589 0.8999999762
30980  25.807  -55.007  21.615 0.8000000119
29974  26.783  -55.689  20.351 1.0000000000
29959  26.501  -55.253  21.102 0.8000000119
30999  27.098  -54.928  20.471 0.8999999762
29986  26.710  -55.828  19.467 1.0000000000
29998  26.587  -55.482  18.628 1.0000000000
31021  26.868  -54.794  18.358 1.0000000000
31030  26.577  -54.407  17.619 1.0000000000
31040  26.188  -53.979  16.915 1.0000000000
31041  25.363  -54.292  16.603 1.0000000000
31042  24.521  -54.592  16.418 1.0000000000
31043  23.247  -54.851  16.176 1.0000000000
31056  22.386  -54.517  15.775 1.0000000000
31057  21.022  -54.391  15.541 0.8999999762
32055  19.846  -53.757  14.882 0.8999999762
126053  19.664  -54.460  14.821 0.8999999762
140459  19.843  -53.642  13.885 0.8999999762
30081  27.395  -56.122  11.556 0.6000000238
30069  25.405  -55.774  12.729 0.6999999881
32065  21.366  -53.742  13.179 0.8999999762
32025  31.142  -53.485  15.372 0.6000000238
32028  28.605  -54.196  15.358 0.6000000238
31094  25.049  -54.831  12.628 0.6999999881
31095  23.330  -54.079  12.967 0.6999999881
128389  23.142  -54.171  21.890 0.6999999881
132254  25.091  -54.719  21.877 0.8000000119
30981  24.211  -54.306  21.891 0.8000000119
31959  23.653  -53.476  21.659 0.6999999881
127480  26.394  -54.382  21.341 0.6999999881
123955  25.683  -54.198  21.642 0.8000000119
30979  26.907  -54.491  20.974 0.6999999881
125897  27.366  -54.165  20.529 0.6999999881
31993  27.742  -53.788  19.290 0.8000000119
32004  27.567  -53.684  18.379 0.8000000119
31029  27.134  -54.189  18.084 0.8000000119
142346  27.050  -53.533  17.395 0.8999999762
32018  24.709  -53.845  16.058 1.0000000000
32031  23.280  -53.455  15.355 1.0000000000
127319  22.683  -53.809  15.439 1.0000000000
32029  24.899  -53.186  15.726 1.0000000000
32030  24.120  -53.363  15.514 1.0000000000
32032  21.624  -53.768  15.251 1.0000000000
32053  20.914  -53.082  14.717 1.0000000000
32033  20.404  -53.699  15.088 0.8999999762
32054  20.055  -53.188  14.580 0.8999999762
126570  19.839  -53.500  14.433 0.8999999762
32996  19.764  -53.179  14.026 0.8999999762
32050  28.005  -53.959  14.327 0.6000000238
31072  27.545  -54.858  13.629 0.6000000238
30090  27.251  -55.684  11.225 0.6000000238
31104  26.593  -54.916  11.174 0.6999999881
32066  20.627  -53.209  13.297 0.8999999762
32077  24.991  -53.452  12.006 0.6999999881
123077  24.481  -54.082  12.534 0.6999999881
32079  22.338  -53.489  12.865 0.8999999762
33016  22.375  -52.647  12.529 0.8999999762
146492  24.997  -54.027  21.733 0.6999999881
31958  24.532  -53.477  21.676 0.6000000238
31961  21.916  -53.251  21.437 0.6000000238
31956  26.244  -53.592  21.516 0.6999999881
32904  24.810  -52.846  21.603 0.6000000238
31955  27.019  -53.695  21.147 0.6999999881
31980  27.661  -53.391  20.579 0.6999999881
128044  27.762  -53.838  20.018 0.6999999881
137968  28.206  -52.360  18.494 0.8000000119
136537  27.425  -52.609  17.196 0.8000000119
32016  26.875  -52.849  16.768 0.8000000119
32967  25.620  -53.416  16.260 1.0000000000
32966  26.251  -52.601  16.210 0.8000000119
32976  24.497  -52.556  15.250 1.0000000000
32051  23.457  -52.809  15.011 1.0000000000
32052  22.296  -53.099  14.895 1.0000000000
32991  23.683  -52.027  14.691 1.0000000000
33993  21.593  -51.496  14.139 1.0000000000
137217  20.960  -50.937  13.690 1.0000000000
33994  20.529  -51.566  13.907 1.0000000000
33995  20.145  -52.089  13.828 0.8999999762
31092  27.430  -55.250  11.530 0.6000000238
33005  20.370  -52.537  13.358 0.8999999762
32047  30.447  -52.817  15.090 0.6000000238
124614  28.248  -53.162  13.722 0.6000000238
31102  27.193  -54.733  10.996 0.6999999881
33017  20.614  -51.866  12.941 0.8999999762
125020  26.682  -54.310  10.926 0.6999999881
33014  24.386  -52.820  12.002 0.6999999881
130220  23.673  -52.072  21.271 0.5000000000
140899  26.021  -52.927  21.609 0.6000000238
132410  25.400  -51.873  21.542 0.5000000000
125319  26.708  -52.909  21.430 0.6999999881
32922  27.402  -52.829  21.088 0.6999999881
32921  27.958  -52.576  20.588 0.6999999881
130840  28.274  -52.539  19.273 0.6999999881
32949  27.772  -52.938  17.960 0.8000000119
32959  27.962  -52.146  17.675 0.8000000119
127735  27.616  -51.951  17.041 0.8000000119
32965  27.039  -52.108  16.519 0.8000000119
33966  27.441  -51.358  16.678 0.8000000119
33967  26.821  -51.313  16.131 0.8000000119
32974  25.812  -51.959  15.646 0.8999999762
33977  25.147  -52.044  15.303 1.0000000000
129055  26.439  -51.861  16.008 0.8000000119
33976  25.334  -51.272  15.133 0.8999999762
33991  24.543  -51.715  14.852 1.0000000000
129669  23.821  -51.336  14.453 1.0000000000
33992  22.840  -51.396  14.262 1.0000000000
35043  20.521  -50.108  13.326 1.0000000000
34007  20.447  -51.250  13.357 0.8999999762
33018  20.277  -51.857  13.451 0.8999999762
34019  20.334  -50.984  12.947 0.8999999762
142131  20.972  -51.098  12.442 0.8999999762
32990  28.994  -52.546  14.199 0.6000000238
32063  27.817  -53.020  12.481 0.6000000238
32091  26.069  -53.564  11.167 0.6999999881
33015  23.455  -52.399  12.144 0.8000000119
34018  22.298  -51.798  12.206 0.8999999762
32988  30.816  -52.200  14.797 0.6000000238
33027  27.230  -52.812  10.935 0.6999999881
32092  25.351  -52.778  11.510 0.6999999881
139228  23.487  -51.595  11.795 0.8000000119
34034  22.304  -50.924  11.864 0.8999999762
33030  24.482  -52.172  11.682 0.6999999881
32903  25.416  -52.545  21.595 0.5000000000
33900  24.941  -51.269  21.429 0.5000000000
32901  27.104  -52.177  21.387 0.6999999881
33899  25.834  -51.324  21.565 0.5000000000
33917  28.148  -51.654  20.701 0.6999999881
32900  27.689  -52.163  21.058 0.6999999881
33934  28.580  -51.316  19.962 0.6999999881
34983  28.762  -50.533  18.337 0.6999999881
33958  28.440  -51.458  18.195 0.6999999881
33959  27.985  -51.394  17.330 0.8000000119
34998  27.823  -50.662  16.910 0.8000000119
35007  27.180  -50.607  16.314 0.8000000119
132253  26.242  -50.020  15.493 0.8000000119
35015  25.131  -50.360  14.782 0.8999999762
129976  24.447  -50.898  14.543 1.0000000000
35030  23.233  -50.533  14.035 1.0000000000
34005  21.803  -50.704  13.798 1.0000000000
35912  26.817  -49.780  15.937 0.8000000119
35923  25.674  -49.799  15.086 0.8000000119
35029  24.249  -50.009  14.251 0.8999999762
35042  21.783  -49.741  13.556 1.0000000000
35952  23.135  -49.461  13.728 0.8999999762
35954  20.644  -49.161  13.006 1.0000000000
35955  20.061  -49.671  12.686 1.0000000000
35968  20.043  -49.405  12.612 1.0000000000
35072  21.156  -50.081  12.035 0.8999999762
140284  27.457  -53.191  11.444 0.6999999881
35984  20.531  -49.392  12.244 0.8999999762
33013  28.160  -52.261  12.382 0.6000000238
35071  22.852  -49.394  11.371 0.8999999762
34016  27.962  -51.799  11.979 0.6999999881
33028  26.877  -52.406  10.803 0.6999999881
34031  26.218  -51.851  10.954 0.6999999881
127120  24.793  -50.689  11.236 0.6999999881
35070  23.831  -50.005  11.235 0.8000000119
127448  25.780  -50.923  11.151 0.6999999881
35981  23.666  -49.213  11.181 0.8000000119
35982  22.396  -48.589  11.241 0.8999999762
140879  24.764  -49.985  11.170 0.6999999881
32902  26.200  -52.169  21.567 0.6000000238
33918  27.956  -50.950  21.091 0.6999999881
33897  27.547  -51.508  21.265 0.5000000000
34970  28.833  -50.352  19.836 0.6999999881
34951  28.392  -50.726  20.585 0.6999999881
142427  28.964  -50.280  19.014 0.6999999881
35881  28.975  -49.546  19.997 0.6999999881
34982  29.115  -49.771  18.493 0.6999999881
35901  29.194  -49.150  17.913 0.6999999881
134682  28.385  -50.680  17.591 0.6999999881
34997  28.226  -49.960  17.111 0.8000000119
35006  27.569  -49.890  16.523 0.8000000119
35910  27.983  -49.246  16.704 0.8000000119
35911  27.344  -49.034  16.188 0.8000000119
36733  27.598  -48.283  16.235 0.8000000119
36743  26.929  -48.290  15.764 0.8000000119
36745  25.584  -48.992  14.893 0.8000000119
35937  24.178  -49.131  13.978 0.8999999762
36773  23.148  -48.529  13.450 0.8999999762
35953  21.750  -48.759  13.167 1.0000000000
37653  26.518  -47.568  15.353 0.8000000119
37654  25.823  -47.602  14.863 0.8000000119
36776  20.451  -49.005  12.392 1.0000000000
36775  20.745  -48.267  12.465 1.0000000000
33003  29.355  -51.713  13.539 0.6000000238
36790  20.749  -47.857  11.900 1.0000000000
34017  27.343  -52.070  11.241 0.6999999881
34030  26.695  -51.651  11.133 0.6999999881
35983  21.435  -49.127  11.677 0.8999999762
36805  21.095  -47.990  11.483 1.0000000000
35069  26.091  -50.462  11.483 0.6999999881
35979  25.874  -49.745  11.804 0.8000000119
121042  24.362  -49.066  11.214 0.8000000119
34969  29.164  -49.656  19.303 0.6999999881
35891  29.470  -48.913  18.758 0.6999999881
35902  28.596  -49.247  17.261 0.6999999881
36724  28.992  -48.614  17.334 0.6999999881
36732  28.306  -48.521  16.740 0.8000000119
141051  27.800  -48.770  16.474 0.8000000119
37652  27.271  -47.542  15.809 0.8000000119
37638  28.074  -47.646  16.325 0.8000000119
37667  24.744  -47.779  14.083 0.8999999762
36759  24.158  -48.384  13.798 0.8999999762
145863  25.357  -47.641  14.505 0.8000000119
37681  24.340  -46.860  13.538 0.8999999762
36774  21.895  -47.891  12.659 0.8999999762
35041  29.298  -51.061  12.832 0.6000000238
38589  23.963  -45.951  12.940 0.8999999762
137853  23.382  -46.682  12.810 0.8999999762
37698  21.340  -47.059  11.499 1.0000000000
35028  30.803  -50.693  14.053 0.6000000238
37710  21.304  -47.057  11.123 0.8999999762
140707  27.147  -49.789  12.774 0.6999999881
37709  22.173  -46.978  10.599 0.8999999762
123558  25.275  -48.875  11.734 0.8000000119
36802  24.152  -48.066  11.120 0.8999999762
129389  22.984  -47.648  10.688 0.8000000119
35861  29.264  -48.936  19.702 0.6999999881
36711  29.747  -47.970  18.826 0.6999999881
123709  29.569  -48.219  17.907 0.6999999881
36731  29.034  -47.802  16.948 0.6999999881
127244  29.757  -47.317  17.503 0.6999999881
37665  26.138  -46.849  14.837 0.8000000119
37666  25.306  -46.973  14.303 0.8000000119
38576  25.734  -46.040  14.291 0.8000000119
37697  22.087  -46.926  12.216 0.8999999762
35052  28.403  -51.131  12.337 0.6000000238
38588  24.895  -46.006  13.674 0.8000000119
39465  24.531  -45.133  13.031 0.8999999762
39476  22.762  -45.462  11.596 0.8999999762
38611  22.022  -46.242  11.513 0.8999999762
35039  30.335  -50.348  13.632 0.6000000238
141220  27.768  -50.481  12.522 0.6999999881
38636  22.110  -45.896  10.823 0.8999999762
35951  26.417  -49.464  12.500 0.6999999881
37708  23.478  -46.933  10.670 0.8000000119
138800  26.116  -48.624  12.477 0.6999999881
146114  24.583  -47.267  11.226 0.8000000119
37630  30.190  -46.742  17.862 0.6999999881
38566  26.869  -46.793  15.347 0.8000000119
38575  26.486  -46.091  14.788 0.8000000119
38574  26.801  -45.537  14.686 0.8000000119
39464  25.350  -45.125  13.674 0.8000000119
38609  23.662  -45.085  12.291 0.8999999762
128024  23.364  -44.880  11.631 0.8999999762
35947  30.084  -49.706  13.579 0.6000000238
39495  22.872  -45.098  11.190 0.8999999762
35948  29.138  -49.631  13.449 0.6999999881
36771  28.621  -48.703  13.638 0.6999999881
39494  23.799  -44.819  10.881 0.8999999762
37680  26.804  -48.146  13.002 0.6999999881
37695  26.138  -47.606  12.308 0.8000000119
37707  24.525  -46.314  10.929 0.8000000119
37694  26.922  -47.225  12.617 0.6999999881
37696  25.393  -46.935  11.583 0.8000000119
38607  27.103  -46.306  12.042 0.8000000119
37601  30.174  -46.704  18.504 0.6999999881
38525  30.340  -46.124  18.218 0.6000000238
130044  31.428  -49.036  13.992 0.6000000238
39463  25.926  -44.396  13.566 0.8000000119
40378  25.178  -44.286  12.262 0.8999999762
40380  23.567  -44.690  11.301 0.8999999762
36769  31.000  -48.406  13.857 0.6000000238
40395  25.366  -44.505  11.679 0.8999999762
36772  27.603  -48.504  13.430 0.8000000119
38628  24.443  -45.337  10.828 0.8999999762
38627  25.410  -45.695  11.182 0.8000000119
37693  27.860  -46.925  12.811 0.6999999881
38608  26.245  -46.589  11.873 0.8000000119
38626  26.438  -45.576  11.435 0.8000000119
130328  30.267  -48.146  13.765 0.6999999881
41235  25.643  -44.117  12.903 0.8000000119
37677  30.181  -47.258  13.478 0.5000000000
37678  29.287  -47.787  13.610 0.6000000238
38585  30.145  -46.669  13.060 0.6000000238
37679  28.220  -47.772  13.484 0.6999999881
39492  25.842  -44.868  11.328 0.8000000119
38586  29.439  -46.857  13.208 0.6000000238
38606  28.750  -46.522  12.583 0.6000000238
125959  27.993  -46.054  11.964 0.6999999881
38624  28.052  -45.434  11.274 0.8000000119
39475  28.854  -45.857  11.685 0.6000000238
142835  25.912  -44.027  12.653 0.8000000119
41266  26.860  -44.015  11.876 0.8000000119
40394  26.385  -44.477  11.599 0.8999999762
38603  31.394  -46.459  12.709 0.6000000238
39490  28.528  -44.970  10.900 0.8000000119
39491  26.799  -44.850  11.198 0.8000000119
40393  27.228  -44.339  11.303 0.8000000119
143898  29.261  -45.503  11.131 0.6000000238
41249  27.321  -43.629  12.379 0.8000000119
38623  31.340  -46.186  12.001 0.6000000238
39488  30.581  -46.066  11.450 0.6000000238
124164  27.625  -44.813  11.033 0.8000000119
39489  29.779  -46.000  11.682 0.6000000238
40391  29.812  -44.763  10.429 0.6999999881
40392  28.016  -44.194  11.056 0.8000000119
130078  30.383  -45.422  10.242 0.6000000238
41290  30.763  -43.954  9.184 0.6999999881
39506  31.447  -46.019  10.230 0.6000000238
39507  30.746  -45.892  10.575 0.6000000238
42095  29.028  -42.922  11.837 0.8000000119
41264  28.491  -43.520  11.459 0.8000000119
128843  32.054  -46.080  11.576 0.6000000238
39485  32.779  -45.884  11.067 0.5000000000
41278  29.829  -43.646  10.503 0.8000000119
39505  32.241  -45.994  10.003 0.6000000238
39487  31.319  -46.076  11.098 0.6000000238
41277  30.270  -43.190  9.896 0.6000000238
39520  32.884  -45.698  8.909 0.5000000000
39522  31.654  -46.068  9.330 0.6000000238
39533  31.423  -45.845  8.940 0.6000000238
40418  31.024  -45.187  9.048 0.6000000238
39532  31.775  -46.081  8.364 0.6000000238
40430  31.330  -45.615  8.215 0.6000000238
131409  31.018  -44.676  8.320 0.6000000238
42105  29.676  -42.437  11.445 0.8000000119
41263  29.243  -43.054  11.183 0.8000000119
42111  30.173  -41.853  10.944 0.8000000119
145923  30.372  -41.642  10.492 0.6999999881
127417  30.227  -42.098  10.190 0.6999999881
39521  32.169  -46.153  9.005 0.6000000238
134475  30.738  -43.491  8.551 0.6000000238
129906  30.472  -42.810  9.375 0.6000000238
39543  31.879  -46.018  7.672 0.5000000000
40429  31.523  -45.715  7.533 0.5000000000
40443  31.006  -45.200  7.361 0.6000000238
41300  30.404  -44.247  7.207 0.6000000238
40442  31.760  -45.527  6.926 0.5000000000
42128  30.463  -42.456  8.801 0.6000000238
42120  30.358  -42.008  9.545 0.6000000238
42129  30.006  -42.109  8.154 0.6000000238
40457  31.255  -44.805  6.223 0.5000000000
41321  30.127  -44.205  6.364 0.6000000238
138197  29.922  -43.994  6.581 0.6000000238
42138  30.334  -43.101  7.839 0.6000000238
41320  30.522  -44.362  6.027 0.6000000238
40466  31.145  -44.106  5.669 0.5000000000
41334  30.602  -43.666  5.579 0.5000000000
42160  30.898  -42.918  5.108 0.4000000060
42161  29.784  -43.212  5.513 0.5000000000
124322  30.396  -41.426  10.051 0.6000000238
42939  30.238  -41.481  9.157 0.6000000238
41308  29.701  -43.617  6.838 0.6000000238
42139  29.436  -42.799  7.127 0.6000000238
42948  29.683  -41.193  8.379 0.6000000238
41322  29.592  -43.672  6.231 0.6000000238
42148  27.776  -43.109  6.000 0.6000000238
41335  29.850  -43.807  5.940 0.5000000000
42162  28.839  -43.249  5.834 0.6000000238
42984  28.660  -42.796  5.368 0.5000000000
42982  30.990  -42.190  5.182 0.4000000060
128976  29.678  -42.020  5.022 0.4000000060
42140  28.405  -42.543  6.428 0.6000000238
146510  29.049  -40.999  7.693 0.5000000000
43848  29.335  -40.387  8.384 0.5000000000
43840  29.985  -40.549  9.163 0.5000000000
43864  28.176  -41.566  6.798 0.5000000000
42149  27.768  -43.087  5.818 0.6000000238
43889  28.865  -41.661  4.910 0.4000000060
44907  29.642  -39.899  8.840 0.4000000060
42971  26.942  -42.700  6.241 0.6000000238
143881  27.067  -41.823  6.465 0.5000000000
43891  26.198  -42.448  5.490 0.4000000060
42972  26.828  -43.101  5.895 0.6000000238
124766  26.228  -42.790  5.761 0.6000000238
140429  27.401  -40.937  6.807 0.4000000060
43890  27.412  -41.520  4.931 0.4000000060
44963  25.825  -41.430  5.289 0.4000000060
43865  26.673  -40.505  6.741 0.4000000060
43892  25.588  -42.193  5.906 0.4000000060
43879  25.903  -41.908  6.274 0.4000000060
44962  28.900  -40.413  5.039 0.4000000060
44964  24.860  -41.105  5.815 0.4000000060
45889  29.268  -38.759  8.358 0.4000000060
45905  27.702  -38.914  7.719 0.4000000060
44932  25.608  -40.523  6.448 0.4000000060
45941  26.667  -39.807  4.740 0.4000000060
45942  25.384  -40.397  5.316 0.4000000060
45943  24.835  -39.784  5.606 0.4000000060
44965  24.665  -40.453  5.911 0.4000000060
45904  28.654  -38.414  7.859 0.4000000060
46857  27.885  -38.182  7.403 0.4000000060
46858  26.905  -38.729  7.193 0.4000000060
45956  25.868  -39.118  4.893 0.3000000119
45923  25.172  -38.961  6.337 0.4000000060
45906  25.849  -39.395  6.639 0.4000000060
125636  28.844  -37.648  7.370 0.4000000060
46875  27.131  -37.960  6.865 0.4000000060
26925  19.847  -59.036  15.221 0.8999999762
135289  18.804  -58.655  15.520 0.8999999762
25999  19.009  -59.394  15.352 0.8999999762
26000  17.987  -59.304  15.819 0.8999999762
27922  23.332  -57.133  17.730 1.0000000000
27921  24.200  -56.852  17.816 1.0000000000
127515  18.665  -59.619  17.214 0.8999999762
26900  20.925  -58.149  17.796 0.8999999762
27924  21.254  -57.397  17.536 0.8999999762
28949  22.647  -56.567  17.247 1.0000000000
131134  18.489  -58.949  16.977 0.8999999762
26890  20.608  -58.905  17.939 0.8999999762
133592  20.166  -57.499  17.347 0.8999999762
27923  22.324  -57.297  17.654 1.0000000000
141422  18.211  -58.276  16.112 0.8999999762
28951  20.482  -56.803  17.019 0.8999999762
43849  28.503  -40.456  7.597 0.4000000060
44915  28.950  -39.628  8.302 0.4000000060
44914  29.797  -39.249  8.780 0.4000000060
140003  22.933  -62.593  24.471 0.8999999762
22266  23.616  -63.533  22.244 1.0000000000
24054  20.832  -61.051  24.940 0.8999999762
24089  24.018  -61.927  22.852 1.0000000000
21442  21.595  -64.254  18.725 0.8000000119
125340  24.048  -59.737  23.021 0.8999999762
24130  22.676  -61.428  19.245 0.8999999762
23236  20.000  -62.409  17.434 0.8000000119
130814  17.742  -61.613  16.698 0.8000000119
24153  19.656  -61.298  17.526 0.8999999762
24154  18.346  -61.038  17.052 0.8000000119
25976  17.895  -59.377  16.446 0.8999999762
25985  17.467  -59.990  15.978 0.8000000119
125170  19.185  -57.682  16.938 0.8999999762
27838  22.926  -57.962  22.966 0.8999999762
30967  19.112  -55.086  22.146 0.6000000238
30986  18.288  -54.549  21.715 0.4000000060
26886  24.008  -58.266  18.687 1.0000000000
25121  21.743  -60.076  15.531 0.6999999881
28988  21.761  -56.839  14.126 0.8000000119
28872  24.088  -56.677  22.527 0.8999999762
27947  18.585  -57.621  15.946 0.8999999762
26011  25.255  -58.933  14.552 0.6000000238
26943  20.158  -58.199  15.010 0.8999999762
144676  21.970  -55.118  22.307 0.6999999881
27936  18.804  -57.368  16.247 0.8999999762
133059  19.815  -55.898  14.446 0.8999999762
29002  20.507  -55.679  13.932 0.8999999762
27973  25.543  -57.322  13.216 0.6999999881
134118  25.227  -56.466  13.250 0.6999999881
30039  20.449  -55.014  15.735 0.8999999762
30026  20.028  -55.653  15.979 0.8999999762
27925  19.491  -57.015  16.678 0.8999999762
30055  19.858  -55.054  14.213 0.8999999762
124998  21.150  -53.097  21.280 0.5000000000
29973  27.104  -55.251  19.844 1.0000000000
32068  19.719  -53.894  14.250 0.8999999762
31013  27.437  -54.528  19.737 0.8000000119
31020  27.372  -54.379  18.828 0.8999999762
31093  25.753  -54.349  11.695 0.6999999881
32080  21.189  -52.819  12.852 0.8999999762
32078  23.637  -53.275  12.509 0.8000000119
31960  22.752  -53.384  21.569 0.6000000238
129928  24.079  -52.778  21.505 0.6000000238
31979  28.091  -53.109  19.832 0.6999999881
32003  28.003  -53.094  18.864 0.6999999881
32975  25.398  -52.646  15.704 1.0000000000
132163  21.405  -52.047  12.573 0.8999999762
133177  24.615  -52.093  21.454 0.6000000238
33902  22.882  -52.086  21.075 0.5000000000
32937  28.368  -52.207  19.974 0.6999999881
33901  24.050  -51.328  21.245 0.5000000000
33946  28.726  -50.988  19.093 0.6999999881
35054  20.141  -50.051  12.707 0.8999999762
33898  26.741  -51.411  21.520 0.6000000238
34931  26.282  -50.651  21.535 0.5000000000
135256  24.995  -49.516  14.535 0.8999999762
36744  26.157  -48.410  15.284 0.8000000119
36804  22.086  -47.683  10.939 0.8999999762
34952  28.003  -50.185  21.066 0.6999999881
34996  28.770  -49.913  17.780 0.6999999881
36758  24.889  -48.686  14.338 0.8999999762
134037  23.441  -47.592  13.225 0.8999999762
144436  25.896  -49.177  12.209 0.8000000119
36788  25.283  -47.919  11.821 0.8000000119
133650  27.881  -46.062  15.386 0.8000000119
134668  23.620  -45.779  10.651 0.8999999762
37617  29.986  -47.374  18.286 0.6999999881
144478  24.362  -44.705  12.527 0.8999999762
37602  29.945  -47.078  19.079 0.6000000238
41267  26.043  -44.167  12.129 0.8999999762
121392  29.270  -45.063  10.697 0.6999999881
39508  29.938  -45.614  10.853 0.6000000238
41279  29.011  -44.119  10.876 0.8000000119
42112  29.824  -42.542  10.704 0.6999999881
40458  30.644  -44.833  6.576 0.6000000238
42959  29.175  -41.855  7.363 0.6000000238
45890  28.432  -39.061  8.129 0.4000000060
44916  27.799  -39.772  7.543 0.4000000060
46839  29.694  -37.925  7.919 0.4000000060
45958  24.842  -38.757  5.542 0.4000000060
26927  18.263  -58.254  15.992 0.8999999762
17656  18.463  -68.214  26.466 0.4000000060
17626  18.357  -68.248  28.344 0.4000000060
17627  17.599  -68.616  28.739 0.4000000060
18630  18.884  -67.638  26.002 0.4000000060
123824  19.042  -67.784  27.962 0.4000000060
17607  17.880  -67.824  29.182 0.4000000060
18645  19.376  -67.187  25.568 0.3000000119
19592  19.383  -66.557  24.372 0.4000000060
20501  19.365  -66.021  23.118 0.4000000060
20514  19.067  -65.916  22.384 0.4000000060
19640  18.796  -65.959  21.686 0.4000000060
18601  19.194  -67.032  28.395 0.5000000000
18587  18.092  -67.020  29.389 0.4000000060
18611  20.188  -66.874  26.852 0.4000000060
18612  19.717  -67.159  27.531 0.4000000060
19591  20.299  -66.378  24.732 0.5000000000
19606  19.785  -66.166  23.876 0.4000000060
140177  19.525  -65.748  22.761 0.4000000060
145246  18.950  -65.795  21.745 0.5000000000
20552  18.856  -65.658  20.462 0.5000000000
20573  18.565  -65.724  19.790 0.6000000238
20574  18.280  -65.882  19.268 0.5000000000
19679  17.940  -66.035  18.600 0.6000000238
19694  17.597  -65.825  17.658 0.4000000060
19511  19.074  -66.210  28.793 0.5000000000
20395  18.556  -65.558  28.965 0.5000000000
20396  17.772  -65.716  29.250 0.5000000000
20411  17.201  -65.268  28.966 0.5000000000
19560  20.615  -66.334  26.543 0.6000000238
19528  19.690  -66.394  28.197 0.6000000238
20465  20.611  -66.420  25.636 0.5000000000
20448  21.263  -65.652  26.124 0.6000000238
20500  20.056  -65.808  23.333 0.5000000000
126661  20.147  -65.633  22.803 0.4000000060
20513  19.602  -65.606  22.137 0.6000000238
20530  19.254  -65.612  21.254 0.6000000238
20572  19.206  -65.423  19.689 0.6000000238
20584  18.490  -65.436  18.941 0.6000000238
21445  17.907  -65.082  18.014 0.6000000238
21456  17.347  -64.624  17.348 0.6000000238
20585  17.929  -65.620  18.294 0.6000000238
20596  16.808  -64.921  16.669 0.6000000238
20609  16.929  -65.083  16.149 0.6000000238
20409  19.270  -65.496  28.627 0.5000000000
20410  18.870  -64.924  28.633 0.5000000000
21262  18.024  -64.930  28.802 0.5000000000
21273  17.250  -64.663  28.431 0.5000000000
20449  20.806  -65.752  26.953 0.6000000238
20429  20.512  -65.388  27.546 0.6000000238
138029  21.033  -66.083  25.161 0.6000000238
122535  21.743  -64.893  25.733 0.6000000238
20499  21.166  -65.603  23.337 0.5000000000
20464  21.537  -65.488  25.092 0.6000000238
20512  20.887  -65.530  22.371 0.6000000238
20529  20.641  -65.464  21.333 0.6000000238
20583  19.754  -65.143  18.788 0.6000000238
21457  16.848  -64.424  16.805 0.6000000238
144843  16.950  -63.769  15.783 0.6999999881
21272  18.534  -64.474  28.395 0.6000000238
22160  17.907  -64.272  28.189 0.5000000000
22179  17.123  -64.049  27.810 0.5000000000
20428  21.076  -65.061  27.017 0.6000000238
21294  20.557  -64.599  27.546 0.6000000238
22157  19.876  -64.294  27.902 0.6000000238
22194  17.108  -63.379  27.164 0.5000000000
21293  21.077  -64.178  27.082 0.6000000238
23246  16.577  -62.874  15.868 0.6999999881
22176  19.792  -63.583  27.592 0.6000000238
22159  18.628  -63.912  27.925 0.6000000238
22178  17.856  -63.663  27.624 0.6000000238
22175  20.438  -63.854  27.449 0.6000000238
144487  18.452  -63.363  27.465 0.6000000238
23075  17.924  -63.057  27.098 0.6000000238
23097  17.319  -62.701  26.481 0.6000000238
22195  16.385  -63.091  26.544 0.6000000238
22193  20.859  -63.369  27.013 0.6000000238
23099  15.774  -62.824  25.807 0.5000000000
21316  21.522  -64.586  26.424 0.6000000238
23261  16.895  -62.413  15.712 0.6999999881
23072  20.246  -63.254  27.266 0.6000000238
132177  18.110  -62.589  26.643 0.6000000238
23093  21.236  -62.838  26.519 0.6000000238
23094  20.355  -62.660  26.788 0.6000000238
23095  19.433  -62.400  26.673 0.6000000238
23120  17.934  -62.180  26.106 0.6000000238
23098  16.585  -62.561  25.952 0.6000000238
132739  21.481  -63.657  26.532 0.6000000238
24036  17.251  -61.613  25.079 0.6000000238
21333  21.978  -64.008  25.773 0.6000000238
21366  22.823  -64.269  23.820 0.6000000238
24166  16.919  -61.769  15.831 0.6999999881
135328  18.497  -60.709  15.395 0.6999999881
22216  21.886  -63.089  26.053 0.6000000238
24014  19.220  -61.929  26.164 0.6999999881
24034  18.570  -61.711  25.723 0.6999999881
22215  22.312  -63.270  25.491 0.6000000238
25124  18.731  -60.044  15.378 0.6999999881
24013  19.981  -61.985  26.222 0.6999999881
138753  21.545  -62.425  25.993 0.6999999881
23119  20.860  -62.161  26.161 0.6999999881
24033  19.482  -61.538  25.623 0.6999999881
24056  18.908  -61.168  25.009 0.6999999881
24035  17.794  -61.778  25.558 0.6000000238
121024  18.075  -61.383  25.029 0.6999999881
24994  18.359  -60.878  24.358 0.6000000238
141738  17.575  -61.144  24.409 0.5000000000
25122  20.779  -59.822  15.277 0.8000000119
24032  21.439  -61.739  25.528 0.6999999881
142748  20.425  -61.549  25.607 0.6999999881
24993  19.200  -60.676  24.266 0.6999999881
24074  16.335  -61.258  23.598 0.5000000000
146063  17.875  -60.703  23.835 0.6000000238
25013  17.682  -60.428  23.105 0.6000000238
39457  26.138  -45.263  14.276 0.6999999881
37637  28.638  -47.037  16.337 0.6999999881
37651  27.744  -46.783  15.767 0.6999999881
38565  27.178  -46.099  15.193 0.6999999881
37636  29.433  -46.983  16.779 0.6000000238
38550  29.781  -46.359  16.490 0.6000000238
39456  27.539  -45.408  14.815 0.6999999881
40356  27.555  -44.616  14.204 0.6999999881
41234  26.231  -43.883  13.111 0.6999999881
38541  30.023  -46.621  17.150 0.6000000238
38563  29.338  -46.080  15.846 0.6000000238
38564  28.540  -46.379  15.797 0.6999999881
39455  28.230  -45.038  14.626 0.6999999881
146327  30.544  -45.658  17.213 0.6000000238
126415  27.670  -43.977  13.603 0.6999999881
40366  26.812  -44.180  13.646 0.6999999881
41248  28.229  -43.332  12.234 0.6999999881
39443  30.174  -45.724  16.111 0.6000000238
40342  29.973  -44.986  14.986 0.6000000238
39454  29.065  -45.055  14.756 0.6999999881
40355  28.506  -44.424  14.115 0.6999999881
40365  28.483  -43.750  13.459 0.6999999881
128370  28.551  -43.326  12.928 0.6999999881
41247  29.063  -43.011  12.518 0.6999999881
39432  30.617  -45.404  16.711 0.6000000238
40328  30.737  -45.054  16.108 0.6000000238
40341  30.716  -44.761  15.413 0.5000000000
40353  30.457  -44.489  14.645 0.6000000238
40363  30.032  -44.067  13.908 0.5000000000
41231  29.351  -43.475  13.254 0.6999999881
42093  30.498  -42.396  12.330 0.6999999881
42094  29.624  -42.487  12.095 0.6999999881
127374  30.162  -38.845  5.467 0.3000000119
140686  29.183  -39.374  5.118 0.3000000119
129276  27.741  -40.224  4.788 0.3000000119
17641  17.954  -68.916  27.811 0.4000000060
16721  17.240  -69.352  28.229 0.3000000119
17628  16.824  -68.968  29.104 0.4000000060
17675  18.105  -67.909  25.521 0.3000000119
17608  17.076  -68.155  29.564 0.4000000060
19593  18.697  -66.901  24.221 0.4000000060
18588  17.290  -67.302  29.671 0.4000000060
124479  19.158  -66.313  22.960 0.4000000060
19619  19.002  -66.215  22.332 0.4000000060
129279  19.136  -66.542  21.596 0.4000000060
19656  18.551  -65.913  20.192 0.5000000000
18760  18.439  -66.706  18.487 0.4000000060
20397  16.980  -65.960  29.393 0.4000000060
20608  17.463  -65.680  16.027 0.5000000000
21275  16.050  -65.102  28.283 0.5000000000
130979  17.559  -64.420  15.636 0.6000000238
21295  16.513  -64.554  28.018 0.5000000000
22180  16.083  -63.892  27.257 0.5000000000
22350  17.591  -63.615  15.587 0.6000000238
22217  14.896  -63.273  25.655 0.4000000060
131993  17.691  -61.987  15.506 0.6999999881
23138  16.230  -62.142  25.078 0.5000000000
25123  19.468  -60.732  15.287 0.6999999881
24057  16.752  -61.433  24.377 0.5000000000
128937  20.409  -60.690  15.306 0.8000000119
24090  15.915  -61.114  22.772 0.5000000000
25014  16.793  -60.718  23.018 0.6000000238
126673  28.538  -49.831  20.522 0.6000000238
35862  28.721  -48.861  20.411 0.6000000238
38540  30.366  -46.124  17.505 0.6000000238
39422  31.072  -44.693  16.786 0.5000000000
40340  31.268  -44.221  15.124 0.5000000000
41222  31.745  -43.557  14.782 0.5000000000
41229  31.465  -43.319  13.869 0.5000000000
42080  31.022  -42.889  13.044 0.5000000000
144485  30.914  -41.977  11.931 0.5000000000
42928  30.873  -41.584  11.285 0.5000000000
46891  30.459  -38.053  5.122 0.3000000119
45939  29.503  -38.408  4.871 0.3000000119
45940  28.228  -39.071  4.684 0.3000000119
21354  22.523  -63.901  24.872 0.6000000238
21355  22.057  -64.735  25.057 0.6000000238
20485  21.744  -65.339  24.270 0.6000000238
22329  17.255  -63.726  16.858 0.6999999881
122610  16.616  -62.178  15.922 0.6999999881
25125  17.753  -60.261  15.698 0.6999999881
42933  30.648  -41.368  10.630 0.6000000238
25998  19.785  -59.963  15.289 0.8000000119
128938  21.244  -60.725  15.418 0.6999999881
39445  28.576  -45.651  15.236 0.6999999881
18613  19.169  -67.844  27.023 0.4000000060
18629  19.663  -67.334  26.529 0.4000000060
19574  19.075  -66.921  24.796 0.3000000119
19561  20.128  -66.876  26.065 0.5000000000
19513  17.529  -66.493  29.513 0.5000000000
19655  18.693  -66.147  20.758 0.3000000119
144662  17.673  -66.286  16.985 0.4000000060
20398  16.165  -66.239  29.284 0.5000000000
24073  17.175  -60.927  23.731 0.6000000238
41232  27.828  -43.483  13.004 0.6999999881
39444  29.591  -45.494  15.397 0.6999999881
138325  30.292  -45.243  15.588 0.6000000238
40354  29.528  -44.532  14.354 0.6999999881
40364  29.163  -44.064  13.792 0.6999999881
41246  29.948  -42.893  12.773 0.6999999881
40327  31.259  -44.427  15.975 0.5000000000
41223  30.997  -43.967  14.238 0.5000000000
41230  30.493  -43.474  13.470 0.5000000000
42104  30.213  -42.075  11.663 0.6999999881
124196  31.460  -44.030  16.486 0.5000000000
42079  31.971  -42.691  13.500 0.5000000000
42927  31.696  -41.284  11.302 0.5000000000
24177  20.046  -61.451  15.280 0.6000000238
24176  20.855  -61.434  15.335 0.6000000238
129415  24.128  -61.289  15.570 0.5000000000
24175  21.729  -61.501  15.571 0.6000000238
127822  22.217  -60.845  15.715 0.6000000238
25144  26.290  -60.740  12.893 0.5000000000
138574  25.166  -60.725  14.923 0.5000000000
25120  22.770  -60.208  15.765 0.6000000238
26834  16.700  -59.042  21.802 0.5000000000
143803  22.326  -59.574  15.560 0.6000000238
26029  27.114  -59.378  12.346 0.5000000000
25134  25.819  -60.328  13.689 0.5000000000
123970  27.508  -58.282  13.986 0.5000000000
27863  17.276  -58.322  22.065 0.4000000060
27875  16.434  -58.082  21.731 0.4000000060
28893  16.148  -57.108  21.645 0.4000000060
126910  26.373  -59.968  12.703 0.5000000000
27945  27.540  -57.698  14.952 0.5000000000
26964  27.284  -58.142  12.214 0.5000000000
30036  27.908  -55.860  15.421 0.5000000000
27956  27.512  -57.663  13.714 0.5000000000
29964  16.093  -55.644  21.280 0.4000000060
142937  20.306  -52.922  21.100 0.4000000060
138118  19.222  -53.142  21.142 0.4000000060
34932  24.431  -50.463  21.190 0.4000000060
32906  22.420  -52.664  21.250 0.4000000060
32907  21.651  -52.562  21.071 0.4000000060
33903  22.151  -52.024  20.877 0.4000000060
141190  20.984  -52.529  20.897 0.4000000060
33920  22.037  -51.379  20.533 0.4000000060
32923  21.338  -51.875  20.604 0.4000000060
32924  20.463  -52.123  20.583 0.4000000060
32925  19.617  -52.363  20.627 0.4000000060
33919  23.232  -51.442  20.969 0.4000000060
34933  23.535  -50.713  20.893 0.4000000060
35842  25.105  -49.841  21.318 0.4000000060
35843  23.776  -50.049  20.824 0.4000000060
34953  23.076  -50.109  20.555 0.4000000060
124740  22.690  -50.893  20.578 0.4000000060
34954  22.303  -50.193  20.243 0.4000000060
35866  21.817  -49.628  19.898 0.4000000060
34956  20.816  -50.608  19.874 0.4000000060
33921  20.653  -51.355  20.223 0.4000000060
34930  27.263  -50.616  21.410 0.4000000060
138945  25.003  -49.184  21.183 0.4000000060
35864  24.337  -49.517  20.938 0.4000000060
36681  23.964  -48.925  20.656 0.4000000060
35839  27.328  -49.654  21.296 0.4000000060
136056  26.532  -49.918  21.447 0.4000000060
35841  25.785  -49.330  21.337 0.4000000060
121220  24.020  -48.237  20.571 0.4000000060
36682  23.335  -48.692  20.425 0.4000000060
35865  23.521  -49.441  20.600 0.4000000060
122344  22.653  -49.338  20.249 0.4000000060
36683  22.612  -48.426  20.106 0.4000000060
35863  28.054  -49.271  20.970 0.5000000000
36661  27.183  -48.694  21.124 0.5000000000
35840  26.608  -49.229  21.313 0.4000000060
37555  25.681  -47.854  20.993 0.4000000060
37582  24.805  -47.955  20.815 0.4000000060
36680  28.045  -48.343  20.891 0.5000000000
37554  26.580  -47.889  21.037 0.4000000060
121068  25.152  -47.063  20.722 0.4000000060
37553  27.355  -47.914  20.970 0.4000000060
37580  27.005  -47.186  20.934 0.4000000060
37581  26.117  -47.115  20.965 0.4000000060
38489  25.751  -46.492  20.776 0.4000000060
121964  25.124  -46.170  20.584 0.4000000060
39363  27.432  -45.666  20.393 0.4000000060
40268  27.148  -44.887  20.202 0.4000000060
39364  26.595  -45.511  20.477 0.4000000060
140904  25.881  -45.200  20.441 0.4000000060
41148  25.915  -43.957  19.989 0.4000000060
37577  29.220  -48.175  20.027 0.5000000000
38486  28.461  -46.930  20.417 0.5000000000
39362  28.271  -46.012  20.283 0.4000000060
40292  26.814  -44.102  19.925 0.4000000060
40269  26.305  -44.698  20.244 0.4000000060
41165  25.548  -43.304  19.564 0.3000000119
36697  29.498  -48.345  19.403 0.5000000000
38487  27.525  -46.503  20.629 0.5000000000
38488  26.549  -46.359  20.756 0.4000000060
124859  25.202  -45.378  20.460 0.4000000060
144693  27.026  -45.996  20.588 0.4000000060
142627  29.116  -46.425  19.963 0.5000000000
40291  27.704  -44.325  19.831 0.4000000060
41163  27.363  -43.516  19.508 0.4000000060
38512  29.663  -46.482  19.455 0.5000000000
39391  28.872  -45.469  19.886 0.5000000000
40267  28.017  -45.146  20.089 0.4000000060
41164  26.439  -43.355  19.560 0.3000000119
42006  26.000  -42.704  19.153 0.3000000119
42007  25.159  -42.766  19.132 0.3000000119
39390  29.551  -45.771  19.485 0.5000000000
38511  30.056  -46.138  18.933 0.4000000060
141437  30.322  -45.532  18.511 0.5000000000
42003  28.823  -43.247  18.991 0.3000000119
41162  28.274  -43.768  19.432 0.4000000060
42005  26.993  -42.688  19.052 0.3000000119
42022  25.513  -42.203  18.694 0.3000000119
42023  24.662  -42.315  18.689 0.3000000119
40289  29.408  -44.911  19.440 0.3000000119
39406  30.001  -45.240  18.996 0.4000000060
40304  30.466  -44.754  18.364 0.4000000060
127951  30.776  -44.146  17.887 0.4000000060
39423  30.742  -45.181  17.231 0.4000000060
42019  28.474  -42.518  18.612 0.3000000119
42004  27.944  -42.988  19.089 0.3000000119
42021  26.346  -42.134  18.641 0.3000000119
42842  25.867  -41.629  18.270 0.3000000119
42855  24.563  -41.123  17.834 0.3000000119
42844  24.137  -41.770  18.262 0.3000000119
41161  29.158  -44.055  19.282 0.3000000119
42854  25.447  -41.118  17.827 0.3000000119
42843  25.034  -41.674  18.288 0.3000000119
43745  24.161  -40.504  17.426 0.3000000119
40305  29.897  -44.390  18.923 0.3000000119
41176  30.352  -43.873  18.396 0.3000000119
41185  31.260  -43.941  17.237 0.4000000060
41212  31.775  -43.657  15.775 0.4000000060
42070  32.199  -42.920  14.394 0.4000000060
42856  23.544  -41.151  17.768 0.3000000119
42018  29.353  -42.754  18.514 0.3000000119
41177  29.659  -43.550  18.767 0.3000000119
42017  30.175  -43.056  18.283 0.3000000119
41186  30.804  -43.447  17.817 0.3000000119
41200  31.688  -43.373  16.560 0.3000000119
41199  32.173  -42.900  15.982 0.4000000060
133068  32.248  -42.061  16.032 0.3000000119
42058  32.445  -42.423  15.500 0.4000000060
41221  32.244  -42.994  15.251 0.4000000060
42091  32.548  -42.112  13.190 0.4000000060
42913  32.437  -41.678  12.452 0.4000000060
42092  31.609  -42.269  12.569 0.4000000060
42914  31.654  -41.681  11.865 0.4000000060
42028  30.640  -42.610  17.728 0.3000000119
42877  32.731  -41.688  15.344 0.3000000119
42894  33.009  -41.733  14.540 0.3000000119
132227  32.989  -41.538  13.032 0.4000000060
42926  32.387  -41.196  11.744 0.4000000060
43826  32.178  -40.753  11.023 0.4000000060
42932  31.317  -41.030  10.739 0.4000000060
43833  30.792  -40.817  10.239 0.5000000000
43797  33.511  -40.368  13.852 0.3000000119
42902  33.358  -41.009  13.396 0.3000000119
42912  33.113  -40.926  12.484 0.4000000060
43825  32.905  -40.447  11.637 0.4000000060
43831  32.734  -40.004  10.888 0.3000000119
43832  31.746  -40.209  10.218 0.4000000060
140495  31.180  -39.565  9.535 0.3000000119
43839  30.679  -40.285  9.738 0.3000000119
132244  30.371  -40.892  9.720 0.4000000060
44906  30.260  -39.743  9.271 0.3000000119
43772  33.048  -40.614  15.018 0.3000000119
44858  33.594  -39.648  13.465 0.3000000119
43811  33.578  -40.264  13.059 0.3000000119
43824  33.453  -39.967  12.305 0.3000000119
44890  33.315  -39.619  11.567 0.3000000119
44897  33.248  -39.151  10.897 0.3000000119
45867  32.981  -38.831  10.094 0.3000000119
44905  32.148  -39.281  9.745 0.3000000119
45879  30.667  -39.014  9.035 0.3000000119
45878  31.601  -38.804  9.212 0.3000000119
44849  33.286  -39.638  14.289 0.3000000119
129170  33.669  -39.546  12.839 0.3000000119
45859  33.572  -38.561  11.430 0.3000000119
45866  33.449  -38.277  10.656 0.3000000119
45876  33.243  -37.998  9.836 0.3000000119
45877  32.522  -38.487  9.435 0.3000000119
45886  32.015  -38.116  8.836 0.3000000119
45887  31.118  -38.349  8.661 0.3000000119
45888  30.202  -38.510  8.511 0.3000000119
47764  29.782  -37.053  7.212 0.3000000119
37578  28.624  -47.861  20.477 0.5000000000
24178  18.880  -61.517  15.328 0.6000000238
131717  20.547  -62.154  15.301 0.5000000000
131712  21.343  -62.160  15.407 0.5000000000
24173  24.106  -62.203  15.507 0.5000000000
138416  22.182  -62.196  15.641 0.5000000000
26020  27.386  -59.742  12.774 0.5000000000
24199  26.159  -61.535  13.122 0.5000000000
24189  24.907  -61.702  14.953 0.5000000000
25901  17.658  -59.891  22.480 0.6000000238
25902  16.851  -59.884  22.056 0.5000000000
25039  16.105  -60.344  21.767 0.5000000000
25917  15.224  -59.676  20.809 0.5000000000
26850  15.059  -58.818  20.674 0.4000000060
130940  15.478  -57.905  21.135 0.4000000060
28894  15.373  -56.890  21.036 0.4000000060
133854  15.395  -56.042  20.781 0.4000000060
31982  17.511  -53.348  20.814 0.3000000119
31981  18.291  -52.917  20.809 0.3000000119
126613  18.844  -52.494  20.610 0.4000000060
33922  19.832  -51.604  20.213 0.4000000060
34971  20.980  -49.775  19.604 0.4000000060
122778  24.125  -47.328  20.494 0.4000000060
35882  21.963  -48.876  19.831 0.4000000060
37604  21.307  -47.763  19.296 0.4000000060
37583  23.271  -47.802  20.298 0.4000000060
38490  24.476  -46.561  20.493 0.4000000060
38492  22.813  -47.024  20.101 0.4000000060
40270  25.470  -44.627  20.269 0.4000000060
41149  24.939  -43.900  19.937 0.4000000060
39366  24.319  -45.726  20.367 0.4000000060
40271  24.600  -44.777  20.235 0.4000000060
136041  24.852  -43.266  19.467 0.3000000119
42024  23.700  -42.540  18.671 0.3000000119
26920  27.533  -58.624  14.795 0.5000000000
30988  16.878  -54.076  21.048 0.4000000060
36699  21.327  -48.535  19.446 0.4000000060
38491  23.638  -46.517  20.317 0.4000000060
143372  23.460  -47.166  20.323 0.4000000060
29975  16.405  -54.849  21.152 0.4000000060
25995  24.702  -59.680  15.284 0.5000000000
133782  25.392  -50.594  21.450 0.4000000060
127392  29.536  -47.655  19.559 0.5000000000
122188  30.574  -45.447  17.837 0.5000000000
144622  25.816  -50.060  21.446 0.4000000060
134237  29.505  -46.996  19.661 0.5000000000
24174  22.973  -61.684  15.788 0.6000000238
143073  25.365  -61.385  14.494 0.5000000000
24198  26.862  -61.155  12.412 0.5000000000
139080  21.404  -51.060  20.246 0.4000000060
34955  21.555  -50.345  20.020 0.4000000060
36662  26.182  -48.583  21.198 0.4000000060
37584  22.531  -47.745  19.993 0.4000000060
144011  21.384  -49.171  19.596 0.4000000060
37579  27.870  -47.450  20.784 0.5000000000
38485  29.134  -47.345  20.082 0.5000000000
40290  28.595  -44.603  19.696 0.4000000060
40315  30.827  -44.687  17.564 0.4000000060
42069  32.644  -42.389  14.865 0.4000000060
42078  32.674  -42.318  14.038 0.4000000060
42876  33.128  -41.089  14.888 0.3000000119
42893  33.315  -41.080  14.198 0.3000000119
44898  32.618  -39.524  10.332 0.3000000119
43789  33.252  -40.481  14.582 0.3000000119
144150  33.474  -39.091  13.679 0.3000000119
44876  33.664  -38.992  12.182 0.3000000119
142826  33.634  -37.785  11.282 0.3000000119
46838  30.678  -37.842  8.179 0.3000000119
36698  21.961  -48.119  19.722 0.4000000060
23122  15.132  -62.768  25.036 0.4000000060
23139  15.228  -62.307  24.268 0.4000000060
24075  15.337  -61.788  23.408 0.3000000119
24058  15.964  -61.722  24.191 0.4000000060
24091  14.902  -61.673  22.390 0.3000000119
134346  18.274  -64.982  15.475 0.5000000000
25029  15.642  -60.959  21.909 0.3000000119
131719  18.465  -64.250  15.432 0.5000000000
131720  19.400  -63.920  15.341 0.5000000000
142182  19.259  -64.939  15.358 0.5000000000
25027  17.132  -60.303  22.560 0.5000000000
23260  18.744  -62.483  15.379 0.5000000000
21479  20.108  -64.306  15.355 0.5000000000
22347  20.656  -63.633  15.381 0.3000000119
131716  19.748  -62.240  15.299 0.5000000000
23259  20.284  -62.894  15.317 0.4000000060
23258  21.031  -62.888  15.358 0.4000000060
134780  22.653  -64.105  15.839 0.3000000119
22346  21.621  -63.715  15.594 0.3000000119
22345  23.473  -63.598  15.598 0.3000000119
138984  22.550  -63.404  15.692 0.3000000119
22360  25.047  -63.311  14.704 0.3000000119
21475  24.472  -63.837  15.192 0.3000000119
23256  23.088  -62.739  15.691 0.4000000060
23257  21.943  -62.852  15.557 0.4000000060
26862  14.433  -58.739  20.121 0.3000000119
128048  26.711  -61.961  12.635 0.4000000060
23279  26.003  -62.320  13.348 0.4000000060
23271  24.939  -62.528  14.815 0.4000000060
27885  14.719  -57.457  20.462 0.3000000119
29976  15.492  -55.091  20.453 0.3000000119
33923  18.977  -51.856  20.181 0.3000000119
33935  20.055  -50.893  19.782 0.3000000119
33936  19.217  -51.112  19.751 0.3000000119
34972  20.224  -50.181  19.422 0.3000000119
34973  19.485  -50.434  19.365 0.3000000119
122166  20.281  -49.465  19.133 0.3000000119
37603  21.997  -47.348  19.690 0.3000000119
38514  21.350  -46.929  19.189 0.3000000119
37618  20.671  -47.393  18.717 0.3000000119
122630  20.009  -47.771  18.351 0.3000000119
39367  23.475  -45.717  20.196 0.3000000119
39368  22.833  -46.108  20.039 0.3000000119
38513  22.083  -46.508  19.665 0.3000000119
39394  21.406  -45.981  19.102 0.3000000119
40272  23.719  -45.002  20.134 0.3000000119
39392  22.908  -45.278  19.927 0.3000000119
39393  22.203  -45.673  19.595 0.3000000119
143465  21.788  -45.385  19.236 0.3000000119
40294  23.161  -44.496  19.669 0.3000000119
40295  22.248  -44.857  19.349 0.3000000119
41166  24.238  -43.524  19.498 0.3000000119
40293  24.015  -44.220  19.848 0.3000000119
41167  23.484  -43.758  19.373 0.3000000119
41168  22.671  -43.995  19.101 0.3000000119
20622  17.622  -65.239  15.733 0.5000000000
24188  25.541  -61.926  14.118 0.4000000060
28907  14.708  -56.589  20.284 0.3000000119
25040  15.261  -60.559  21.165 0.3000000119
25930  14.311  -59.566  19.996 0.3000000119
19515  15.808  -66.995  29.721 0.4000000060
19530  15.295  -66.480  29.085 0.4000000060
20413  15.663  -65.762  28.603 0.4000000060
20431  14.241  -65.551  27.651 0.4000000060
21297  14.397  -64.849  27.258 0.3000000119
20430  15.163  -65.187  27.850 0.4000000060
122552  15.165  -64.436  27.280 0.4000000060
19672  18.396  -66.188  19.561 0.3000000119
21296  15.800  -64.627  27.731 0.4000000060
22197  14.580  -63.778  26.202 0.3000000119
21317  15.149  -63.926  26.800 0.4000000060
22235  13.638  -63.450  24.657 0.3000000119
22218  13.990  -63.639  25.453 0.3000000119
23140  14.300  -62.997  24.289 0.3000000119
22196  15.487  -63.438  26.394 0.4000000060
23123  14.387  -63.261  25.000 0.3000000119
131405  14.404  -66.743  28.753 0.4000000060
20414  14.796  -66.008  28.287 0.4000000060
23155  14.396  -62.576  23.487 0.3000000119
19514  16.697  -66.756  29.692 0.3000000119
22252  13.487  -63.291  23.933 0.3000000119
17640  18.587  -68.383  27.438 0.4000000060
18646  18.514  -67.315  25.003 0.3000000119
19512  18.296  -66.280  29.247 0.4000000060
19529  18.660  -66.788  28.981 0.5000000000
19545  20.293  -66.273  27.429 0.6000000238
19573  19.843  -66.778  25.166 0.3000000119
19607  19.180  -66.469  23.634 0.4000000060
19695  17.224  -65.611  16.700 0.5000000000
20408  19.914  -65.608  28.168 0.6000000238
20412  16.461  -65.535  28.894 0.5000000000
20484  22.321  -64.708  24.342 0.6000000238
20486  20.888  -65.943  24.236 0.5000000000
20595  17.213  -65.148  17.433 0.6000000238
21271  19.168  -64.378  28.248 0.6000000238
21274  16.696  -65.008  28.549 0.5000000000
21409  23.181  -64.309  20.955 0.8999999762
21432  21.551  -64.856  19.343 0.8000000119
21465  16.701  -64.309  16.248 0.6000000238
21466  16.673  -63.478  15.933 0.6999999881
21480  16.917  -64.392  15.872 0.6000000238
22158  19.331  -63.896  27.876 0.6000000238
22177  19.100  -63.387  27.560 0.6000000238
22276  23.582  -63.621  21.393 1.0000000000
22315  22.117  -63.423  18.866 0.8000000119
22327  19.775  -63.369  17.373 0.8000000119
22338  16.686  -63.580  16.224 0.6999999881
22348  19.550  -63.060  15.347 0.5000000000
22349  18.615  -63.358  15.416 0.5000000000
22351  16.779  -63.033  15.784 0.6999999881
23073  19.626  -62.971  27.215 0.6000000238
23074  18.751  -62.824  27.046 0.6000000238
23096  18.659  -62.251  26.409 0.6000000238
23121  17.188  -62.148  25.731 0.6000000238
23212  22.855  -62.035  19.435 0.8999999762
23235  21.033  -62.480  17.942 0.8000000119
23238  17.743  -62.564  16.757 0.8000000119
23247  16.596  -62.958  15.830 0.6999999881
23255  24.218  -63.064  15.306 0.4000000060
23262  16.647  -62.570  15.853 0.6999999881
23270  25.524  -62.791  14.093 0.3000000119
24072  23.890  -61.342  23.256 0.8999999762
24179  17.693  -61.116  15.605 0.6999999881
25011  19.411  -60.199  23.593 0.8999999762
25028  16.441  -60.531  22.328 0.4000000060
25088  20.600  -60.227  18.037 0.8999999762
25107  17.298  -60.769  15.946 0.8000000119
25118  25.439  -59.822  14.508 0.6000000238
25119  23.954  -60.393  15.654 0.5000000000
25143  26.914  -60.360  12.313 0.5000000000
25900  18.850  -59.359  22.691 0.6999999881
25916  16.062  -59.760  21.467 0.3000000119
25961  23.179  -59.212  18.817 0.8999999762
25975  19.487  -59.060  17.528 0.8999999762
25984  17.595  -59.528  16.079 0.8000000119
26010  25.811  -59.532  13.502 0.5000000000
26021  26.942  -59.522  12.229 0.5000000000
26849  15.834  -58.873  21.330 0.5000000000
26861  25.504  -58.371  20.389 1.0000000000
26873  23.923  -58.935  19.050 1.0000000000
26888  22.587  -58.659  18.444 0.8999999762
26902  18.212  -58.599  16.411 0.8999999762
26912  17.921  -58.852  16.125 0.8999999762
26923  21.552  -58.517  15.095 0.8000000119
26926  18.847  -57.839  15.669 0.8999999762
26937  27.503  -59.038  13.560 0.5000000000
26940  23.091  -58.085  14.977 0.8000000119
26941  21.603  -57.941  14.801 0.8000000119
26954  27.306  -58.920  12.515 0.5000000000
26965  27.116  -58.701  12.121 0.5000000000
27857  22.615  -56.754  22.628 0.8999999762
27883  26.074  -57.005  20.574 1.0000000000
27926  18.523  -57.982  16.378 0.8999999762
27937  18.441  -57.783  16.057 0.8999999762
27961  20.413  -57.441  14.713 0.8999999762
27972  27.484  -57.621  12.648 0.6000000238
27978  27.365  -57.309  11.962 0.6000000238
27979  27.181  -57.842  11.903 0.6000000238
27980  26.493  -57.596  12.099 0.6000000238
27987  27.250  -57.019  11.646 0.6000000238
28965  19.761  -56.332  16.343 0.8999999762
28975  27.697  -56.708  15.433 0.5000000000
28976  19.169  -56.518  15.638 0.8999999762
28985  27.526  -57.056  14.426 0.5000000000
28986  24.495  -56.692  13.827 0.8000000119
28987  22.751  -56.889  14.194 0.6999999881
28998  25.994  -56.773  12.305 0.6999999881
29010  27.328  -56.674  11.661 0.6000000238
29021  27.274  -56.354  11.487 0.6000000238
29022  27.130  -56.335  11.377 0.6000000238
29023  26.884  -55.596  11.184 0.6999999881
29942  22.255  -55.566  22.420 0.6999999881
29997  27.086  -55.082  19.152 0.8999999762
30008  26.282  -55.141  17.884 1.0000000000
30010  24.798  -55.752  17.372 1.0000000000
30024  24.322  -55.262  16.757 1.0000000000
30025  23.546  -55.361  16.567 1.0000000000
30027  19.402  -55.946  15.733 0.8999999762
30037  27.562  -56.317  14.491 0.6000000238
30053  27.666  -55.436  14.617 0.6000000238
30054  27.522  -55.965  13.434 0.6000000238
30068  27.542  -55.645  12.319 0.6000000238
30082  26.068  -55.291  11.746 0.6999999881
30963  22.522  -54.862  22.193 0.6999999881
30987  17.334  -54.864  21.603 0.5000000000
31053  30.634  -54.036  15.849 0.6000000238
31073  19.636  -54.565  14.398 0.8999999762
31081  27.521  -54.739  12.403 0.6000000238
31082  23.181  -54.810  13.219 0.6999999881
31083  22.320  -54.321  13.174 0.8999999762
31084  20.451  -53.931  13.548 0.8999999762
31085  19.872  -54.296  13.974 0.8999999762
31103  27.052  -54.939  10.926 0.6999999881
31957  25.401  -53.380  21.654 0.6000000238
32017  26.429  -53.298  16.681 0.8000000119
32026  30.172  -53.450  15.496 0.6000000238
32027  29.331  -53.636  15.458 0.6000000238
32048  29.561  -52.962  14.970 0.6000000238
32049  28.733  -53.371  14.742 0.6000000238
32064  27.639  -53.913  13.105 0.6000000238
32067  20.059  -53.120  13.682 0.8999999762
32075  27.666  -52.496  11.705 0.6999999881
32076  27.449  -54.071  11.703 0.6999999881
32089  27.127  -53.690  10.854 0.6999999881
32090  26.859  -53.627  10.761 0.6999999881
32905  23.234  -52.739  21.385 0.6000000238
32948  28.485  -51.834  19.170 0.6999999881
32987  31.633  -52.412  14.742 0.6000000238
32992  22.562  -52.199  14.550 1.0000000000
32993  21.232  -52.264  14.459 1.0000000000
32994  20.265  -52.447  14.273 0.8999999762
32995  19.902  -52.775  14.126 0.8999999762
33004  28.534  -52.367  13.168 0.6000000238
33006  19.962  -52.529  13.804 0.8999999762
33029  26.413  -52.752  10.874 0.6999999881
33031  24.630  -51.413  11.432 0.6999999881
33975  26.178  -51.278  15.615 0.8999999762
34003  30.063  -51.010  13.565 0.6000000238
34004  28.658  -51.706  12.661 0.6000000238
34006  20.448  -50.784  13.376 1.0000000000
34032  25.499  -51.334  11.193 0.6999999881
34033  23.669  -50.771  11.516 0.8000000119
35008  26.544  -50.604  15.770 0.8000000119
35014  25.870  -50.563  15.305 0.8000000119
35038  30.984  -49.867  13.857 0.6000000238
35040  29.667  -50.398  13.281 0.6000000238
35053  26.722  -50.357  12.099 0.6999999881
35055  20.138  -50.221  12.927 1.0000000000
35068  27.379  -51.258  11.781 0.6999999881
35921  26.700  -48.971  15.711 0.8000000119
35922  26.205  -49.329  15.410 0.8000000119
35949  27.960  -49.547  13.259 0.6999999881
35950  26.911  -49.038  13.126 0.8000000119
35956  20.020  -49.722  12.762 1.0000000000
35967  28.799  -50.454  12.889 0.6000000238
35980  25.169  -49.598  11.377 0.8000000119
36663  25.323  -48.592  21.103 0.4000000060
36664  24.573  -48.728  20.877 0.4000000060
36770  29.650  -48.840  13.726 0.6999999881
36789  21.003  -47.504  12.077 1.0000000000
36803  23.284  -48.388  10.993 0.8999999762
36806  20.537  -48.739  12.101 1.0000000000
37714  22.552  -46.242  10.593 0.8999999762
37715  21.803  -46.498  10.798 0.8999999762
38549  30.292  -46.019  16.835 0.6000000238
38584  30.974  -46.814  13.251 0.5000000000
38587  28.696  -47.118  13.253 0.6999999881
38604  30.540  -46.349  12.432 0.6000000238
38605  29.592  -46.393  12.471 0.6000000238
38610  22.898  -45.996  12.201 0.8999999762
38625  27.319  -45.455  11.366 0.8000000119
38629  21.704  -46.446  11.037 0.8999999762
39365  25.846  -45.834  20.634 0.4000000060
39477  22.219  -45.725  11.097 0.8999999762
39486  31.950  -46.008  10.798 0.6000000238
39493  24.787  -44.808  11.182 0.8999999762
39504  33.205  -45.766  10.240 0.5000000000
39509  23.208  -44.893  10.974 0.8999999762
39510  22.559  -45.354  10.959 0.8999999762
39523  30.977  -45.767  9.723 0.6000000238
39531  32.229  -46.051  8.238 0.6000000238
40357  26.745  -44.841  14.258 0.6999999881
40367  25.001  -44.428  12.851 0.8999999762
40379  24.148  -44.451  12.013 0.8999999762
40396  24.261  -44.537  11.429 0.8999999762
40407  30.460  -44.595  9.768 0.6000000238
40408  23.675  -44.669  11.077 0.8999999762
41233  27.008  -43.696  13.093 0.6999999881
41250  26.534  -43.847  12.560 0.6999999881
41265  27.653  -43.806  11.607 0.8000000119
42147  28.955  -43.133  6.235 0.6000000238
42841  26.566  -41.632  18.206 0.3000000119
42903  33.077  -41.681  13.735 0.4000000060
42983  30.104  -42.538  5.121 0.4000000060
42985  27.366  -42.572  5.318 0.4000000060
43880  24.860  -41.195  6.001 0.4000000060
44950  24.771  -39.951  6.174 0.4000000060
45924  24.743  -38.917  5.969 0.4000000060
45944  24.628  -39.639  5.926 0.4000000060
46856  30.423  -37.374  7.698 0.3000000119
121901  18.184  -59.308  22.432 0.6999999881
122872  23.220  -60.891  15.827 0.6000000238
123164  32.783  -45.796  9.549 0.5000000000
123169  27.488  -58.315  12.982 0.5000000000
123243  18.843  -58.360  17.038 0.8999999762
124791  25.447  -48.191  14.685 0.8000000119
124835  18.015  -58.550  22.251 0.6999999881
125714  16.983  -61.835  16.309 0.8000000119
128825  13.896  -63.036  23.738 0.3000000119
129119  26.284  -43.020  5.903 0.6000000238
129212  19.972  -60.575  17.738 0.8999999762
129343  20.933  -55.569  16.202 0.8999999762
129487  22.152  -58.162  14.954 0.8000000119
129512  18.030  -66.491  17.705 0.4000000060
129639  27.117  -60.074  12.418 0.5000000000
129651  31.188  -45.313  6.877 0.5000000000
130457  20.127  -64.936  27.976 0.6000000238
131159  30.566  -49.002  13.823 0.6000000238
131718  17.637  -62.793  15.529 0.6000000238
131752  27.030  -54.296  10.775 0.6999999881
131817  26.903  -58.212  11.960 0.6000000238
132162  26.984  -53.059  10.642 0.6999999881
132664  25.752  -61.115  13.871 0.5000000000
132715  25.947  -63.012  13.455 0.4000000060
133622  26.737  -39.588  7.111 0.4000000060
133726  26.344  -59.213  12.631 0.5000000000
133764  21.439  -54.707  13.422 0.8999999762
134169  26.543  -50.963  11.452 0.6999999881
134379  19.577  -55.748  22.348 0.6999999881
134667  25.522  -52.018  11.244 0.6999999881
135479  19.574  -64.904  28.347 0.5000000000
135677  18.782  -65.920  21.075 0.5000000000
136373  27.441  -47.702  13.198 0.6999999881
136440  18.568  -67.479  28.742 0.4000000060
138215  22.598  -51.567  20.787 0.4000000060
138551  14.782  -58.199  20.504 0.3000000119
138669  24.050  -54.582  12.999 0.6999999881
139705  25.531  -50.179  11.338 0.8000000119
139843  23.638  -54.186  15.855 1.0000000000
140293  22.902  -45.421  10.759 0.8999999762
141620  15.938  -56.367  21.382 0.4000000060
141882  29.879  -53.942  15.849 0.6000000238
142219  22.561  -50.064  11.560 0.8999999762
144412  19.511  -65.922  28.486 0.5000000000
144761  29.970  -51.543  13.997 0.6000000238
145413  29.156  -46.585  16.252 0.6000000238
145447  20.042  -63.549  15.333 0.4000000060
145962  33.499  -39.076  11.527 0.3000000119
146060  27.278  -43.060  5.722 0.6000000238
146451  22.006  -50.783  20.291 0.4000000060
