#!ascii label  , from subject sub-v1s2x0051459_ses-1 vox2ras=TkReg
516
66740  20.356  -36.936  18.945 0.1428571492
65644  18.816  -37.263  18.589 0.1428571492
67928  19.246  -35.672  17.974 0.1428571492
66756  20.041  -36.136  18.523 0.2857142985
66757  18.992  -36.454  18.281 0.1428571492
66755  20.990  -36.268  18.920 0.1428571492
69038  20.472  -34.577  17.683 0.5714285970
69026  21.114  -35.007  18.270 0.1428571492
69036  22.494  -34.184  17.878 0.2857142985
69025  22.035  -34.856  18.319 0.2857142985
69035  23.210  -33.798  17.798 0.1428571492
147763  24.355  -31.372  16.440 0.2857142985
71058  24.094  -31.963  16.830 0.1428571492
71059  23.201  -32.142  16.597 0.2857142985
74244  25.545  -29.438  15.610 0.2857142985
73204  24.968  -30.919  16.320 0.2857142985
160490  25.720  -28.876  15.325 0.2857142985
75197  25.104  -29.088  15.011 0.2857142985
76217  26.315  -27.096  14.726 0.2857142985
79314  26.197  -24.713  13.146 0.8571428657
77278  25.892  -26.002  13.871 0.4285714328
76198  26.242  -27.779  15.056 0.2857142985
154967  27.518  -23.149  13.256 0.7142857313
80257  27.523  -23.811  13.697 0.7142857313
149360  26.819  -24.137  13.246 0.7142857313
158570  25.834  -25.414  13.339 0.7142857313
82073  28.080  -21.754  13.038 0.8571428657
81158  27.783  -22.513  13.157 0.5714285970
81159  27.220  -22.876  12.680 0.8571428657
80258  27.015  -23.547  12.965 0.7142857313
83978  28.685  -20.003  13.067 0.4285714328
82088  28.334  -21.095  12.974 0.7142857313
81178  27.455  -22.109  12.507 0.8571428657
84890  29.042  -18.216  13.353 0.2857142985
140656  28.409  -18.139  12.713 0.5714285970
83035  28.265  -20.489  12.691 0.8571428657
83990  28.286  -19.701  12.554 0.7142857313
82089  27.740  -21.207  12.368 0.8571428657
85785  29.610  -17.263  13.853 0.1428571492
85786  28.769  -17.443  13.258 0.4285714328
84891  28.380  -18.852  12.588 0.5714285970
87692  29.735  -15.315  13.771 0.1428571492
144717  30.145  -16.679  14.019 0.1428571492
142043  29.359  -16.658  13.670 0.1428571492
83991  27.694  -19.345  11.874 0.8571428657
89780  29.624  -13.282  13.087 0.1428571492
88811  30.120  -13.988  13.535 0.1428571492
88812  29.193  -13.988  13.165 0.1428571492
86696  29.158  -15.964  13.597 0.1428571492
86704  28.106  -15.995  13.126 0.4285714328
86697  28.482  -16.751  13.164 0.5714285970
85787  28.052  -17.609  12.502 0.7142857313
84007  27.020  -19.323  11.084 0.8571428657
143790  28.821  -13.557  12.854 0.1428571492
89781  28.840  -12.841  12.819 0.1428571492
88813  28.325  -14.312  12.855 0.1428571492
87701  27.749  -15.186  12.650 0.5714285970
139264  27.568  -16.887  12.178 0.8571428657
84892  27.869  -18.428  12.125 0.8571428657
85799  27.460  -17.880  11.680 0.8571428657
90690  28.176  -12.624  12.623 0.2857142985
88820  27.428  -14.352  12.311 0.8571428657
86705  27.208  -15.942  12.199 0.8571428657
135708  27.726  -11.550  12.194 0.1428571492
92556  28.179  -11.058  12.090 0.1428571492
132619  27.531  -12.794  12.359 0.4285714328
133094  26.568  -13.508  11.399 0.8571428657
88821  26.726  -14.311  11.647 0.8571428657
146766  26.599  -15.832  11.223 0.8571428657
86717  26.536  -16.715  10.807 0.8571428657
132632  27.281  -12.193  12.141 0.4285714328
87703  26.463  -14.977  11.224 0.8571428657
133427  27.505  -10.945  11.857 0.1428571492
93484  27.307  -10.156  11.348 0.2857142985
132639  27.005  -11.609  11.870 0.5714285970
133037  26.321  -11.825  11.294 0.8571428657
160386  26.757  -12.248  11.724 0.8571428657
132603  26.239  -14.262  10.755 0.8571428657
132638  26.119  -13.311  10.651 0.8571428657
93492  27.625  -9.278  10.878 0.2857142985
132625  26.676  -10.962  11.529 0.5714285970
151403  26.055  -11.100  11.058 0.8571428657
151499  25.954  -12.472  10.598 0.8571428657
151373  25.677  -13.027  9.887 0.8571428657
133895  25.781  -14.595  10.048 0.8571428657
133144  26.333  -10.386  10.975 0.8571428657
151501  25.704  -10.785  10.457 0.8571428657
132968  25.778  -11.630  10.532 0.8571428657
151500  25.206  -11.935  8.932 0.7142857313
151458  25.579  -12.208  9.786 0.7142857313
132604  25.893  -9.940  10.337 0.8571428657
151459  25.380  -10.423  9.592 0.8571428657
151290  25.442  -11.360  9.708 0.8571428657
132950  25.256  -9.770  9.024 0.8571428657
132924  25.083  -11.119  8.853 0.7142857313
94344  26.103  -8.438  9.403 0.7142857313
132608  25.629  -9.079  9.296 0.8571428657
94358  25.603  -8.519  8.790 0.8571428657
94373  25.192  -8.581  8.081 0.8571428657
95198  25.154  -7.948  7.730 0.7142857313
93518  25.231  -9.185  8.506 0.8571428657
97804  28.118  -4.548  7.568 0.1428571492
145966  25.510  -8.055  8.384 0.8571428657
95182  25.623  -7.442  8.250 0.7142857313
96021  25.771  -6.567  8.060 0.7142857313
98657  27.460  -3.378  6.558 0.1428571492
96901  25.741  -5.744  7.629 0.5714285970
97807  25.784  -5.072  7.320 0.5714285970
96920  25.151  -5.587  6.830 0.5714285970
97806  26.311  -4.458  7.291 0.1428571492
99467  27.136  -2.243  5.351 0.1428571492
96921  24.458  -5.471  5.877 0.5714285970
99468  26.256  -2.324  5.353 0.1428571492
100341  26.262  -1.767  4.553 0.1428571492
98659  25.734  -3.691  6.352 0.1428571492
100352  26.054  -1.432  3.567 0.1428571492
97817  25.333  -4.596  6.606 0.5714285970
99469  25.428  -2.619  5.271 0.1428571492
100353  25.098  -1.390  3.503 0.1428571492
99480  24.596  -2.330  4.497 0.1428571492
146215  19.719  -38.240  19.211 0.1428571492
65630  18.817  -38.145  18.976 0.1428571492
143307  20.810  -35.644  18.544 0.2857142985
67926  21.696  -35.636  18.708 0.1428571492
67925  22.621  -35.380  18.674 0.2857142985
71042  24.285  -32.660  17.304 0.2857142985
150077  23.617  -32.537  17.064 0.1428571492
76218  25.662  -27.551  14.483 0.2857142985
75196  25.516  -28.339  14.842 0.2857142985
78299  26.439  -25.293  13.798 0.4285714328
77267  25.773  -26.827  14.172 0.5714285970
84879  28.955  -19.247  13.246 0.1428571492
82109  27.249  -20.940  11.576 0.8571428657
86706  26.941  -16.552  11.516 0.8571428657
132626  26.704  -9.588  10.694 0.8571428657
95181  26.270  -7.153  8.718 0.8571428657
96900  26.516  -5.119  7.894 0.2857142985
151762  26.176  -3.964  6.835 0.1428571492
99460  26.917  -2.751  6.063 0.1428571492
100376  26.676  -1.229  2.178 0.1428571492
64540  19.321  -38.883  19.404 0.1428571492
70043  22.699  -33.436  17.422 0.2857142985
69037  21.480  -34.357  17.788 0.4285714328
70045  20.850  -33.898  17.184 0.2857142985
71043  22.931  -32.775  17.031 0.1428571492
72128  25.682  -31.322  16.789 0.2857142985
73225  25.280  -30.117  15.992 0.2857142985
73226  24.470  -30.441  15.720 0.2857142985
73205  24.219  -30.977  16.059 0.2857142985
87691  30.296  -15.042  13.862 0.1428571492
89779  30.621  -13.322  13.175 0.1428571492
90684  28.757  -12.140  12.546 0.1428571492
132630  27.960  -12.094  12.487 0.2857142985
91634  28.489  -11.542  12.302 0.1428571492
132612  27.133  -13.560  12.078 0.8571428657
85800  26.937  -17.333  11.239 0.8571428657
84908  26.826  -18.353  10.877 1.0000000000
93483  28.278  -9.722  11.301 0.1428571492
93491  28.404  -9.073  10.883 0.1428571492
94333  28.006  -8.434  10.490 0.2857142985
132875  25.284  -12.748  9.045 0.8571428657
94334  27.072  -8.806  10.341 0.5714285970
95169  26.678  -7.741  9.389 0.5714285970
96009  27.048  -6.929  9.086 0.5714285970
96887  27.045  -5.693  8.367 0.2857142985
96899  27.538  -5.035  8.079 0.2857142985
97805  27.234  -4.438  7.566 0.1428571492
98650  26.983  -3.857  7.057 0.1428571492
98673  24.410  -3.758  5.236 0.2857142985
137423  24.773  -3.015  5.145 0.1428571492
99470  24.015  -2.958  4.582 0.1428571492
100354  24.198  -1.434  3.538 0.1428571492
99481  23.698  -2.130  3.729 0.1428571492
100365  24.970  -1.075  2.645 0.1428571492
94342  27.329  -8.107  9.941 0.4285714328
95168  27.531  -7.411  9.592 0.4285714328
96008  27.900  -6.763  9.224 0.4285714328
96019  27.475  -6.271  8.740 0.4285714328
96020  26.622  -6.404  8.555 0.5714285970
65629  19.664  -37.550  18.925 0.1428571492
67927  20.204  -35.300  18.125 0.4285714328
70044  21.830  -33.681  17.342 0.1428571492
79325  26.367  -23.986  12.659 0.7142857313
87693  28.766  -15.178  13.383 0.2857142985
86695  29.796  -16.192  13.762 0.1428571492
89785  27.983  -13.425  12.646 0.5714285970
87702  26.918  -15.132  11.930 0.8571428657
133126  26.903  -12.850  11.868 0.8571428657
133090  26.431  -12.711  11.273 0.8571428657
133078  25.734  -13.860  9.998 0.8571428657
93502  26.180  -9.097  10.015 0.8571428657
149240  25.619  -9.633  9.713 0.8571428657
98649  27.806  -3.943  7.108 0.1428571492
99478  27.986  -2.107  4.265 0.1428571492
98660  25.043  -4.024  5.968 0.4285714328
99461  26.070  -2.947  5.982 0.1428571492
100351  27.145  -1.608  3.672 0.1428571492
99479  27.180  -1.808  4.536 0.1428571492
98658  26.583  -3.408  6.518 0.1428571492
98672  25.256  -3.332  5.742 0.1428571492
100342  25.358  -1.920  4.484 0.1428571492
72112  24.788  -32.197  17.150 0.1428571492
94343  26.672  -8.445  9.818 0.5714285970
148030  24.765  -29.760  15.335 0.5714285970
73227  23.153  -30.667  14.985 0.5714285970
73245  22.440  -30.623  14.423 0.5714285970
73246  21.520  -30.900  14.166 0.2857142985
74266  23.507  -29.645  14.234 0.5714285970
74267  22.640  -29.983  13.757 0.5714285970
72168  21.029  -31.469  14.712 0.4285714328
73244  23.133  -30.206  14.479 0.5714285970
139231  20.500  -30.953  13.951 0.2857142985
74268  21.907  -30.458  13.715 0.4285714328
76219  25.010  -27.990  14.133 0.4285714328
75235  24.298  -28.285  13.720 0.5714285970
157433  23.169  -29.303  13.476 0.5714285970
75237  22.770  -28.963  12.720 0.4285714328
154730  24.628  -27.724  13.572 0.5714285970
76238  23.984  -27.818  12.966 0.5714285970
75236  23.562  -28.606  13.214 0.4285714328
76237  24.654  -27.200  13.189 0.7142857313
76257  24.138  -27.133  12.505 0.4285714328
77280  24.693  -26.552  12.757 0.4285714328
74285  21.694  -30.015  12.988 0.4285714328
73263  21.084  -30.523  13.450 0.2857142985
73264  19.997  -30.264  13.439 0.2857142985
77279  25.254  -26.643  13.486 0.7142857313
78311  25.455  -25.223  12.661 0.7142857313
78325  24.323  -25.385  11.296 0.4285714328
79336  25.224  -24.279  11.503 0.7142857313
79337  24.631  -24.746  11.167 0.5714285970
79356  24.595  -24.136  10.594 0.7142857313
79327  25.025  -25.002  11.848 0.7142857313
80284  26.187  -23.042  11.568 0.7142857313
81193  25.702  -22.745  10.827 0.7142857313
81203  25.230  -22.478  10.032 0.7142857313
80299  24.947  -23.265  10.275 0.4285714328
81217  24.710  -22.178  9.381 0.4285714328
80272  26.602  -23.301  12.297 0.5714285970
80273  25.919  -23.768  11.922 0.5714285970
81179  26.833  -22.554  12.026 0.5714285970
81192  26.407  -22.238  11.324 0.5714285970
82111  25.957  -21.931  10.583 0.7142857313
82127  26.135  -20.982  10.428 0.7142857313
83064  25.971  -20.207  10.136 0.7142857313
82128  25.414  -21.657  9.863 0.7142857313
83078  25.397  -20.796  9.597 0.5714285970
141424  25.528  -19.867  9.481 0.5714285970
83036  27.728  -20.302  12.068 0.7142857313
82110  26.620  -21.425  11.120 0.5714285970
144420  26.771  -20.718  11.043 0.7142857313
84016  26.281  -19.322  10.287 0.8571428657
82148  24.886  -21.483  9.285 0.4285714328
84024  25.781  -19.039  9.609 0.7142857313
84919  26.182  -18.386  10.009 0.7142857313
84031  25.285  -19.225  8.896 0.5714285970
84928  25.612  -18.435  9.234 0.7142857313
83051  27.183  -20.125  11.387 0.5714285970
85809  25.933  -17.656  9.612 0.7142857313
85819  25.394  -17.790  8.769 0.5714285970
148218  25.127  -17.126  8.310 0.2857142985
84907  27.388  -18.669  11.493 0.7142857313
85808  26.434  -17.550  10.428 0.7142857313
87725  25.466  -15.625  9.006 0.7142857313
86718  26.090  -16.841  10.040 0.8571428657
86738  25.356  -16.298  8.739 0.5714285970
87724  25.639  -15.154  9.559 0.8571428657
133221  25.292  -15.002  8.736 0.7142857313
147911  26.231  -16.144  10.428 0.8571428657
87713  26.079  -15.291  10.432 0.8571428657
151502  25.480  -14.391  9.326 0.8571428657
153886  25.368  -13.577  9.165 0.8571428657
155682  25.059  -10.430  8.720 0.7142857313
151391  24.819  -10.840  7.988 0.7142857313
92602  24.940  -9.973  8.032 0.5714285970
133248  24.559  -11.319  7.077 0.7142857313
93527  24.890  -9.240  7.645 0.8571428657
94374  24.810  -8.604  7.205 0.7142857313
155269  24.704  -9.804  7.170 0.7142857313
94382  24.443  -8.709  6.103 0.7142857313
95212  24.166  -8.108  5.409 0.7142857313
94388  23.900  -8.852  5.157 0.5714285970
95199  24.698  -7.928  6.718 0.7142857313
94389  23.339  -8.834  4.807 0.5714285970
95219  23.419  -8.323  4.516 0.5714285970
96054  23.657  -7.496  4.582 0.5714285970
95220  22.932  -7.805  3.940 0.5714285970
150861  23.093  -8.378  4.367 0.4285714328
94383  22.448  -8.933  5.611 0.5714285970
94390  23.072  -8.875  4.782 0.4285714328
96063  22.576  -7.431  3.961 0.5714285970
95221  22.825  -8.175  4.466 0.5714285970
147158  23.757  -6.464  4.708 0.5714285970
95200  22.010  -8.104  6.149 0.4285714328
93537  21.926  -9.564  6.231 0.4285714328
95214  21.753  -7.274  6.342 0.4285714328
79313  26.990  -24.627  13.771 0.2857142985
82090  27.080  -21.748  11.797 0.5714285970
95201  21.376  -7.706  7.409 0.2857142985
153834  22.633  -31.036  14.988 0.5714285970
148002  21.802  -31.678  15.386 0.5714285970
74265  24.315  -29.377  14.652 0.2857142985
73228  22.018  -31.232  14.795 0.5714285970
75217  24.686  -28.663  14.401 0.2857142985
74284  22.455  -29.554  13.029 0.4285714328
75257  23.166  -28.283  12.407 0.4285714328
147528  20.770  -30.054  12.945 0.2857142985
75238  21.879  -29.314  12.412 0.2857142985
145825  24.697  -25.833  12.159 0.5714285970
78326  23.604  -25.584  10.745 0.2857142985
86728  25.610  -16.950  9.220 0.7142857313
151460  24.832  -11.652  8.035 0.7142857313
151374  24.836  -12.472  8.147 0.7142857313
93536  24.248  -9.424  5.744 0.7142857313
93544  23.332  -9.348  5.092 0.5714285970
96037  25.116  -7.204  7.422 0.5714285970
96038  24.451  -7.143  6.173 0.5714285970
153497  25.101  -6.397  7.113 0.5714285970
157475  24.153  -6.847  5.336 0.5714285970
76258  23.439  -27.513  12.085 0.4285714328
79326  25.678  -24.475  12.323 0.5714285970
78300  25.299  -25.937  13.063 0.5714285970
151295  24.880  -13.281  8.312 0.7142857313
74245  23.868  -30.121  15.000 0.5714285970
153891  23.910  -28.957  13.976 0.5714285970
71075  20.977  -32.068  15.409 0.5714285970
75258  22.215  -28.534  11.966 0.4285714328
77293  24.120  -26.588  12.059 0.4285714328
77313  23.903  -26.095  11.408 0.4285714328
79338  24.034  -24.954  10.551 0.2857142985
80285  25.428  -23.534  11.128 0.7142857313
83063  26.588  -20.112  10.719 0.5714285970
83092  24.906  -20.072  8.553 0.2857142985
85827  25.012  -17.997  7.740 0.2857142985
87714  25.788  -16.038  9.651 0.8571428657
93528  24.608  -9.297  6.694 0.7142857313
155793  23.087  -7.130  3.825 0.7142857313
95213  22.273  -7.363  4.979 0.5714285970
152459  22.772  -27.963  11.843 0.4285714328
67937  19.466  -34.933  17.528 0.4285714328
74243  26.225  -29.078  15.726 0.1428571492
147035  26.239  -28.457  15.388 0.1428571492
77266  26.428  -26.397  14.486 0.1428571492
78285  26.604  -25.781  14.284 0.1428571492
75195  26.869  -28.699  15.778 0.1428571492
77265  27.222  -26.042  14.794 0.1428571492
148074  26.944  -28.039  15.458 0.1428571492
78284  27.158  -25.273  14.316 0.1428571492
80256  28.115  -23.025  13.734 0.2857142985
82072  28.801  -21.393  13.591 0.1428571492
160566  23.725  -1.085  3.068 0.1428571492
133072  24.992  -14.186  8.373 0.4285714328
101194  23.427  -1.079  3.417 0.1428571492
132601  24.504  -12.162  7.164 0.4285714328
91669  24.174  -11.807  6.303 0.4285714328
97854  21.764  -4.386  3.175 0.2857142985
96939  22.167  -6.004  3.452 0.2857142985
147536  23.091  -5.293  3.796 0.2857142985
133000  23.026  -12.579  5.808 0.1428571492
141140  24.203  -10.861  6.071 0.5714285970
96940  21.703  -5.562  3.645 0.2857142985
91670  23.277  -11.829  5.658 0.4285714328
92617  24.096  -10.091  5.554 0.5714285970
91671  22.509  -11.328  5.541 0.4285714328
92611  22.990  -10.532  5.412 0.2857142985
96056  21.716  -6.577  5.682 0.1428571492
96055  21.943  -6.659  3.901 0.1428571492
92612  21.266  -10.890  6.244 0.1428571492
93545  22.891  -9.725  5.359 0.4285714328
96922  21.461  -5.598  5.137 0.1428571492
140365  22.147  -10.366  5.817 0.2857142985
96039  21.503  -6.711  7.460 0.2857142985
150773  20.928  -7.494  8.572 0.1428571492
147942  21.421  -5.739  8.208 0.1428571492
96903  21.465  -5.713  6.841 0.1428571492
70046  19.668  -34.153  16.956 0.4285714328
70065  19.216  -33.586  16.260 0.2857142985
74223  26.200  -29.778  16.166 0.1428571492
76197  26.929  -27.313  15.194 0.1428571492
79300  27.854  -24.567  14.387 0.1428571492
133151  24.392  -13.039  7.286 0.2857142985
96938  23.743  -5.408  4.773 0.2857142985
96947  22.389  -5.401  3.292 0.2857142985
97819  21.236  -4.516  5.645 0.2857142985
70066  18.139  -33.559  16.062 0.2857142985
70041  24.472  -33.330  17.695 0.1428571492
70042  23.590  -33.192  17.478 0.1428571492
73203  25.853  -30.579  16.472 0.1428571492
81157  28.459  -22.235  13.642 0.1428571492
132599  24.543  -13.730  7.683 0.4285714328
132605  22.676  -12.161  5.605 0.2857142985
93543  23.731  -9.458  5.207 0.5714285970
96949  21.574  -4.612  3.492 0.2857142985
97853  22.125  -4.592  3.102 0.2857142985
97837  23.664  -4.546  4.669 0.2857142985
97838  22.849  -4.609  3.613 0.2857142985
98689  21.818  -3.642  3.156 0.2857142985
138022  22.167  -2.767  3.081 0.1428571492
98703  21.411  -2.589  2.879 0.1428571492
144313  21.342  -4.803  6.587 0.2857142985
97839  21.311  -4.778  4.390 0.2857142985
99482  22.880  -2.009  2.995 0.1428571492
99471  23.140  -2.870  3.763 0.1428571492
97818  24.443  -4.630  5.622 0.4285714328
98690  21.362  -3.431  3.420 0.2857142985
98674  23.479  -3.719  4.289 0.2857142985
96902  24.488  -6.286  6.095 0.4285714328
92603  24.647  -10.477  7.102 0.5714285970
143972  24.456  -10.005  6.323 0.5714285970
92618  23.547  -10.111  5.288 0.5714285970
148825  22.543  -6.978  3.765 0.2857142985
77246  26.869  -26.708  14.924 0.1428571492
142356  27.908  -25.392  14.800 0.1428571492
151401  23.998  -12.575  6.461 0.2857142985
96948  21.904  -5.182  3.147 0.2857142985
144398  22.870  -6.223  3.627 0.2857142985
92610  23.523  -10.978  5.540 0.4285714328
132613  22.266  -11.930  5.587 0.2857142985
161084  23.897  -10.507  5.519 0.5714285970
69054  18.660  -34.069  16.506 0.2857142985
147727  28.412  -24.917  14.871 0.1428571492
151304  24.007  -13.802  6.948 0.2857142985
98688  22.518  -3.734  3.432 0.2857142985
99493  22.033  -1.962  2.618 0.1428571492
160231  25.119  -20.418  9.119 0.4285714328
84934  25.135  -18.593  8.356 0.2857142985
98661  21.204  -3.500  6.045 0.1428571492
140740  21.141  -3.835  4.108 0.1428571492
154853  20.603  -2.147  5.667 0.1428571492
146909  21.466  -4.911  8.837 0.1428571492
98651  21.388  -2.817  6.884 0.1428571492
152620  20.927  -3.104  4.897 0.1428571492
97808  21.406  -3.911  7.225 0.1428571492
97801  21.559  -4.057  8.385 0.1428571492
161170  21.310  -4.188  6.459 0.1428571492
98644  21.579  -3.144  7.970 0.1428571492
99453  21.135  -1.951  6.672 0.1428571492
99434  21.699  -2.442  8.550 0.1428571492
99445  21.487  -2.213  7.574 0.1428571492
98636  21.809  -3.337  8.954 0.1428571492
100334  20.996  -1.532  6.143 0.1428571492
147344  21.163  -3.967  5.058 0.1428571492
154131  20.560  -2.871  3.830 0.1428571492
99472  20.208  -2.141  4.292 0.1428571492
76236  25.173  -27.329  13.836 0.4285714328
72132  21.716  -32.213  15.975 0.4285714328
71060  22.381  -32.438  16.494 0.2857142985
72131  22.590  -31.756  15.948 0.2857142985
72151  23.043  -31.197  15.486 0.2857142985
160300  21.678  -32.727  16.450 0.2857142985
72130  23.599  -31.436  16.160 0.1428571492
148935  23.731  -30.803  15.572 0.2857142985
160782  22.430  -31.386  15.325 0.4285714328
154636  23.809  -11.565  5.806 0.2857142985
70064  20.285  -33.450  16.499 0.2857142985
71061  20.831  -32.730  16.049 0.2857142985
71062  19.691  -33.016  15.845 0.2857142985
158372  23.780  -27.017  12.045 0.2857142985
77314  23.417  -26.823  11.519 0.2857142985
145853  23.176  -26.166  10.893 0.2857142985
80300  24.199  -23.668  9.787 0.1428571492
81204  24.502  -22.928  9.531 0.1428571492
83079  24.675  -20.938  8.800 0.1428571492
84935  24.707  -18.737  7.467 0.1428571492
148111  24.728  -17.297  7.297 0.1428571492
87737  25.077  -15.692  8.284 0.1428571492
86739  24.865  -16.461  7.841 0.1428571492
132600  24.758  -15.038  7.870 0.1428571492
132597  24.148  -15.227  6.888 0.1428571492
151424  23.747  -13.243  6.576 0.1428571492
151400  22.744  -13.476  5.778 0.1428571492
132891  23.298  -12.963  6.132 0.1428571492
94375  21.531  -8.891  6.695 0.1428571492
93529  21.030  -9.449  6.951 0.1428571492
152699  21.243  -8.399  7.298 0.1428571492
69039  18.617  -34.647  16.920 0.2857142985
70063  21.283  -33.253  16.746 0.1428571492
151485  23.607  -12.209  5.964 0.1428571492
67938  18.463  -35.299  17.395 0.2857142985
76278  22.738  -27.395  11.491 0.2857142985
77315  22.604  -26.668  11.079 0.2857142985
81218  24.121  -22.477  9.057 0.1428571492
84032  24.806  -19.335  8.073 0.1428571492
84944  24.252  -18.769  6.995 0.1428571492
85828  24.550  -18.114  6.930 0.1428571492
86749  24.462  -16.598  6.780 0.1428571492
137078  24.383  -14.398  7.405 0.1428571492
93538  21.099  -10.084  6.649 0.1428571492
132595  24.609  -15.824  7.355 0.1428571492
85835  24.025  -18.046  6.626 0.1428571492
139589  17.878  -34.913  17.001 0.1428571492
69040  17.414  -34.678  17.196 0.1428571492
69055  17.846  -34.254  16.622 0.1428571492
71076  20.032  -32.411  15.358 0.1428571492
83021  28.777  -20.604  13.297 0.1428571492
83020  29.423  -20.690  13.915 0.1428571492
95167  28.327  -7.289  9.644 0.1428571492
67929  18.215  -35.984  17.830 0.1428571492
150346  18.818  -32.542  15.329 0.1428571492
72152  20.294  -31.893  14.920 0.1428571492
70077  18.758  -33.157  15.780 0.1428571492
72169  19.911  -31.442  14.389 0.1428571492
95160  28.631  -7.884  10.077 0.1428571492
96007  28.721  -6.735  9.172 0.1428571492
73247  19.448  -30.781  13.992 0.1428571492
140509  29.267  -19.977  13.586 0.1428571492
74299  20.959  -29.500  12.512 0.1428571492
67939  17.528  -35.414  17.490 0.1428571492
72153  19.337  -31.913  14.844 0.1428571492
66741  19.597  -36.862  18.644 0.1428571492
75171  26.764  -29.248  16.076 0.1428571492
92562  28.204  -10.482  11.723 0.1428571492
95161  27.971  -7.780  10.024 0.1428571492
95170  25.963  -7.876  8.856 0.8571428657
96888  26.301  -5.874  8.171 0.4285714328
157955  30.069  -15.719  13.858 0.1428571492
