#!ascii label  , from subject sub-v1s2x0051485_ses-1 vox2ras=TkReg
1128
50615  -9.229  -36.420  86.061 0.0000000000
62956  -32.518  -27.379  70.406 0.0000000000
167226  -32.776  -21.608  66.898 0.0000000000
152199  -25.953  -28.788  76.509 0.0000000000
79816  -38.874  -12.187  56.904 0.0000000000
72200  -35.278  -17.794  57.576 0.0000000000
149270  -35.275  -24.395  75.638 0.0000000000
64126  -29.955  -24.873  74.667 0.0000000000
86046  -44.878  -6.437  59.733 0.0000000000
158332  -47.582  -3.549  55.310 0.0000000000
88175  -49.480  -2.876  51.772 0.0000000000
75538  -35.468  -16.314  67.002 0.0000000000
73442  -31.826  -18.199  62.045 0.0000000000
73427  -38.012  -16.503  62.635 0.0000000000
172682  -41.492  -17.979  60.009 0.0000000000
55228  -20.064  -33.412  76.103 0.0000000000
50565  -7.913  -37.975  89.138 0.0000000000
65399  -34.511  -25.025  68.479 0.0000000000
72039  -35.777  -18.968  70.530 0.0000000000
55291  -22.299  -33.642  71.985 0.0000000000
170649  -24.001  -30.187  71.463 0.0000000000
87216  -47.481  -4.768  46.102 0.0000000000
89122  -51.820  -1.698  48.444 0.0000000000
73556  -38.833  -17.387  56.747 0.0000000000
79801  -43.713  -12.360  60.030 0.0000000000
154093  -10.394  -35.209  82.043 0.0000000000
48233  -4.633  -40.060  86.752 0.0000000000
87115  -46.101  -4.451  58.056 0.0000000000
147365  -36.802  -15.910  64.226 0.0000000000
55225  -17.776  -34.118  75.198 0.0000000000
50596  -9.003  -36.976  87.999 0.0000000000
63008  -33.556  -27.222  66.309 0.0000000000
62968  -34.346  -27.078  69.348 0.0000000000
57469  -24.601  -31.993  74.040 0.0000000000
57484  -23.549  -32.534  72.236 0.0000000000
60715  -24.753  -29.089  73.958 0.0000000000
162063  -31.494  -26.252  72.247 0.0000000000
146073  -28.045  -24.510  71.907 0.0000000000
64192  -30.137  -25.122  69.276 0.0000000000
58502  -25.511  -31.126  77.185 0.0000000000
55260  -23.814  -32.670  74.912 0.0000000000
147885  -43.235  -5.664  51.511 0.0000000000
86174  -46.222  -5.316  47.897 0.0000000000
88184  -50.312  -2.245  50.302 0.0000000000
152948  -33.548  -17.363  59.349 0.0000000000
70995  -36.998  -18.586  55.788 0.0000000000
75648  -43.204  -15.187  59.377 0.0000000000
54060  -15.935  -33.648  79.155 0.0000000000
54045  -14.541  -33.744  80.663 0.0000000000
52917  -13.461  -34.774  82.802 0.0000000000
54056  -11.254  -34.973  79.638 0.0000000000
48263  -5.645  -41.138  85.529 0.0000000000
62918  -34.043  -26.018  72.999 0.0000000000
64169  -35.361  -25.593  72.143 0.0000000000
65330  -37.313  -24.482  74.681 0.0000000000
65220  -28.345  -25.205  79.518 0.0000000000
65295  -26.686  -25.139  76.625 0.0000000000
64076  -30.322  -24.976  77.405 0.0000000000
64113  -32.502  -24.814  75.415 0.0000000000
83053  -42.413  -8.665  58.197 0.0000000000
86086  -42.825  -5.812  57.042 0.0000000000
86102  -44.146  -4.478  55.168 0.0000000000
86146  -45.756  -4.482  52.302 0.0000000000
86157  -47.217  -4.286  50.982 0.0000000000
152446  -48.740  -3.452  53.639 0.0000000000
72058  -33.980  -18.388  67.319 0.0000000000
70888  -31.997  -20.128  64.952 0.0000000000
73425  -33.346  -17.281  64.758 0.0000000000
74570  -34.976  -16.284  61.723 0.0000000000
73482  -36.309  -16.895  60.219 0.0000000000
70944  -37.758  -18.298  58.445 0.0000000000
72142  -39.575  -17.727  60.890 0.0000000000
150641  -19.410  -33.563  77.721 0.0000000000
54104  -16.362  -33.723  76.578 0.0000000000
90090  -51.858  -1.813  43.898 0.0000000000
168969  -5.821  -36.460  90.207 0.0000000000
65433  -33.792  -25.643  66.173 0.0000000000
151707  -33.669  -23.696  67.699 0.0000000000
66481  -35.693  -24.318  70.621 0.0000000000
68638  -35.556  -21.866  70.134 0.0000000000
70856  -34.301  -20.178  68.698 0.0000000000
73338  -35.168  -17.733  69.021 0.0000000000
151457  -25.480  -25.777  73.296 0.0000000000
54131  -22.703  -33.177  77.430 0.0000000000
146493  -20.842  -34.066  73.422 0.0000000000
87193  -48.426  -3.563  49.705 0.0000000000
88203  -49.484  -2.830  47.627 0.0000000000
89138  -50.335  -2.589  45.996 0.0000000000
89141  -53.066  -1.612  46.738 0.0000000000
50647  -8.001  -37.663  83.066 0.0000000000
49420  -7.122  -38.612  84.780 0.0000000000
76700  -38.303  -15.660  56.425 0.0000000000
72224  -39.904  -18.168  57.814 0.0000000000
76693  -41.057  -14.599  58.445 0.0000000000
79819  -41.345  -12.622  58.432 0.0000000000
83032  -44.160  -9.010  60.123 0.0000000000
52883  -10.065  -35.092  84.123 0.0000000000
49400  -6.966  -38.810  86.709 0.0000000000
49368  -6.222  -39.104  88.071 0.0000000000
50579  -4.776  -38.074  87.578 0.0000000000
50604  -8.679  -36.804  86.574 0.0000000000
62979  -31.602  -27.229  69.139 0.0000000000
146437  -33.051  -27.335  68.543 0.0000000000
146197  -33.345  -27.367  70.285 0.0000000000
58525  -25.431  -31.247  74.928 0.0000000000
59623  -25.130  -30.738  74.435 0.0000000000
147958  -25.579  -28.423  75.635 0.0000000000
147621  -32.070  -27.206  71.890 0.0000000000
169499  -31.076  -26.311  71.148 0.0000000000
62954  -30.912  -26.992  70.429 0.0000000000
64206  -30.698  -25.743  68.040 0.0000000000
165834  -27.160  -28.916  78.257 0.0000000000
60650  -27.079  -29.567  78.697 0.0000000000
59590  -25.770  -29.776  76.817 0.0000000000
57457  -25.429  -31.731  75.411 0.0000000000
85158  -46.019  -5.172  48.715 0.0000000000
67632  -32.852  -23.681  66.284 0.0000000000
68672  -31.947  -22.105  65.671 0.0000000000
73515  -34.266  -18.058  57.717 0.0000000000
170119  -33.770  -19.508  56.718 0.0000000000
72222  -35.899  -18.453  56.225 0.0000000000
156084  -13.832  -33.878  78.349 0.0000000000
169568  -14.898  -33.652  79.979 0.0000000000
54058  -13.867  -33.672  79.477 0.0000000000
54044  -13.430  -33.845  80.506 0.0000000000
54057  -11.982  -34.670  79.059 0.0000000000
64132  -35.119  -24.662  74.133 0.0000000000
64133  -35.930  -24.719  73.929 0.0000000000
165964  -36.654  -24.413  75.099 0.0000000000
146725  -30.459  -25.025  80.010 0.0000000000
65260  -29.604  -24.940  78.304 0.0000000000
64059  -31.528  -24.672  78.969 0.0000000000
64081  -34.448  -24.297  77.408 0.0000000000
146316  -33.044  -24.519  76.851 0.0000000000
162793  -33.810  -24.730  75.142 0.0000000000
64130  -33.567  -25.052  74.475 0.0000000000
84060  -43.353  -8.200  59.003 0.0000000000
84077  -42.298  -7.635  57.567 0.0000000000
86057  -43.863  -6.397  58.686 0.0000000000
86089  -47.466  -3.812  56.794 0.0000000000
87138  -45.539  -4.035  56.191 0.0000000000
86104  -46.112  -3.725  55.449 0.0000000000
86136  -45.295  -4.331  53.556 0.0000000000
86137  -46.740  -3.815  53.846 0.0000000000
165415  -47.433  -3.995  52.636 0.0000000000
86130  -48.522  -3.480  54.699 0.0000000000
172493  -34.175  -17.452  66.883 0.0000000000
73406  -33.177  -17.960  65.684 0.0000000000
152101  -34.401  -16.606  66.071 0.0000000000
74549  -37.362  -16.158  63.357 0.0000000000
74548  -36.233  -15.925  63.323 0.0000000000
74562  -36.264  -16.167  62.290 0.0000000000
73460  -35.645  -16.521  60.880 0.0000000000
73462  -37.427  -17.025  61.072 0.0000000000
72140  -37.990  -17.443  60.537 0.0000000000
73447  -38.608  -17.056  62.028 0.0000000000
152120  -20.173  -33.459  77.178 0.0000000000
54107  -19.697  -33.650  77.885 0.0000000000
54129  -19.545  -33.470  76.914 0.0000000000
54127  -17.269  -33.734  76.145 0.0000000000
90080  -53.264  -1.660  44.754 0.0000000000
90996  -53.366  -0.761  43.833 0.0000000000
51692  -6.997  -37.153  90.262 0.0000000000
167566  -33.974  -25.847  67.506 0.0000000000
64240  -34.167  -26.328  66.760 0.0000000000
65421  -33.915  -25.221  67.203 0.0000000000
66498  -33.986  -24.677  67.580 0.0000000000
66499  -34.340  -24.376  68.265 0.0000000000
65360  -36.933  -24.440  72.977 0.0000000000
159219  -35.844  -25.090  71.624 0.0000000000
153739  -36.543  -23.806  71.835 0.0000000000
70826  -36.783  -19.927  71.666 0.0000000000
155770  -36.378  -21.364  71.189 0.0000000000
69704  -35.670  -20.845  70.294 0.0000000000
69721  -34.633  -20.667  69.198 0.0000000000
72050  -35.315  -19.275  69.796 0.0000000000
72049  -34.858  -18.607  69.126 0.0000000000
73339  -35.430  -18.368  69.808 0.0000000000
58563  -23.909  -31.800  71.792 0.0000000000
65313  -28.236  -24.999  75.559 0.0000000000
64124  -25.867  -25.470  74.615 0.0000000000
65344  -27.808  -24.755  74.143 0.0000000000
64165  -25.908  -24.904  71.315 0.0000000000
55215  -24.114  -32.730  77.775 0.0000000000
55274  -23.310  -33.603  73.578 0.0000000000
55258  -22.429  -33.877  74.068 0.0000000000
55272  -21.702  -34.013  73.203 0.0000000000
55289  -20.920  -34.728  72.395 0.0000000000
87178  -48.268  -3.696  51.553 0.0000000000
87192  -47.800  -3.912  49.987 0.0000000000
87186  -49.026  -3.218  50.200 0.0000000000
89116  -51.445  -1.659  49.089 0.0000000000
149712  -49.794  -2.608  48.927 0.0000000000
88205  -50.854  -2.273  47.997 0.0000000000
88211  -50.312  -2.558  47.047 0.0000000000
88212  -51.054  -2.314  47.379 0.0000000000
90058  -52.054  -2.259  46.090 0.0000000000
89132  -52.832  -1.551  47.421 0.0000000000
72107  -31.643  -19.166  63.683 0.0000000000
70899  -30.865  -20.972  63.692 0.0000000000
150210  -38.380  -16.912  55.067 0.0000000000
75677  -38.667  -16.742  56.598 0.0000000000
70947  -40.197  -18.280  59.392 0.0000000000
70965  -38.836  -18.436  58.089 0.0000000000
72203  -40.992  -17.788  58.868 0.0000000000
78720  -43.377  -13.600  59.648 0.0000000000
76694  -42.157  -14.589  58.728 0.0000000000
77691  -42.195  -13.782  58.705 0.0000000000
77702  -41.163  -13.935  58.427 0.0000000000
79808  -42.489  -12.265  58.956 0.0000000000
150803  -43.090  -10.746  59.233 0.0000000000
81959  -43.604  -10.641  59.664 0.0000000000
54018  -11.928  -34.703  82.142 0.0000000000
174599  -11.597  -34.806  83.172 0.0000000000
52884  -10.937  -34.872  84.843 0.0000000000
52914  -10.440  -35.060  83.066 0.0000000000
168177  -9.037  -36.513  82.349 0.0000000000
51799  -9.192  -36.548  81.562 0.0000000000
48271  -6.760  -39.752  84.282 0.0000000000
49410  -7.227  -38.229  85.655 0.0000000000
152908  -6.517  -40.397  84.914 0.0000000000
151008  -5.062  -40.549  86.218 0.0000000000
48235  -5.969  -40.110  86.660 0.0000000000
157180  -4.986  -39.482  87.372 0.0000000000
49366  -5.020  -38.431  88.252 0.0000000000
154739  -4.381  -39.308  86.941 0.0000000000
64038  -32.830  -24.710  79.748 0.0000000000
86035  -46.147  -6.017  60.670 0.0000000000
86047  -45.830  -5.443  59.650 0.0000000000
148570  -47.858  -4.669  59.747 0.0000000000
75579  -35.940  -15.664  65.749 0.0000000000
55255  -19.391  -34.288  74.145 0.0000000000
55226  -18.632  -33.972  75.391 0.0000000000
51724  -9.709  -37.050  88.711 0.0000000000
50566  -8.858  -37.362  88.541 0.0000000000
63007  -32.605  -27.290  66.755 0.0000000000
147357  -34.047  -27.062  67.852 0.0000000000
64207  -34.294  -25.767  69.379 0.0000000000
73310  -36.400  -17.703  71.095 0.0000000000
56356  -23.580  -33.266  73.151 0.0000000000
56373  -22.923  -33.148  72.112 0.0000000000
57485  -24.176  -32.153  73.129 0.0000000000
58551  -24.321  -31.553  72.846 0.0000000000
163125  -24.495  -29.687  73.140 0.0000000000
145314  -30.631  -24.999  73.786 0.0000000000
147281  -29.393  -24.654  73.259 0.0000000000
62927  -31.014  -25.574  72.157 0.0000000000
64168  -29.824  -24.794  70.869 0.0000000000
64205  -29.673  -25.051  67.694 0.0000000000
56333  -25.445  -31.880  77.583 0.0000000000
55233  -24.485  -32.478  76.973 0.0000000000
56340  -25.205  -32.189  75.933 0.0000000000
56348  -24.215  -32.538  74.479 0.0000000000
85111  -42.572  -5.312  53.043 0.0000000000
87209  -47.247  -4.474  47.215 0.0000000000
89092  -51.165  -1.626  52.892 0.0000000000
88176  -50.087  -2.331  51.352 0.0000000000
165314  -32.182  -17.774  60.352 0.0000000000
71010  -37.215  -19.034  55.082 0.0000000000
72238  -38.491  -18.008  56.498 0.0000000000
73500  -43.241  -16.896  60.180 0.0000000000
74600  -42.708  -16.683  59.266 0.0000000000
74602  -43.671  -15.326  60.166 0.0000000000
54061  -16.943  -33.860  79.461 0.0000000000
52969  -16.663  -34.213  80.176 0.0000000000
52936  -14.873  -34.571  82.035 0.0000000000
52935  -13.826  -34.486  82.117 0.0000000000
54031  -12.017  -34.437  81.456 0.0000000000
54042  -11.185  -34.744  80.680 0.0000000000
52951  -9.909  -35.916  80.395 0.0000000000
52967  -10.198  -36.139  79.510 0.0000000000
147976  -33.474  -27.292  71.667 0.0000000000
148771  -34.507  -27.127  71.167 0.0000000000
62932  -34.646  -26.237  72.345 0.0000000000
64148  -36.380  -25.125  73.391 0.0000000000
149242  -26.976  -27.467  77.486 0.0000000000
62882  -26.469  -27.176  76.724 0.0000000000
65258  -27.137  -25.421  77.718 0.0000000000
65278  -28.743  -25.030  77.042 0.0000000000
64110  -30.034  -25.121  75.969 0.0000000000
155128  -32.355  -24.516  78.007 0.0000000000
165886  -31.669  -24.745  76.834 0.0000000000
64112  -31.754  -24.869  75.540 0.0000000000
62903  -32.149  -25.469  73.674 0.0000000000
62917  -33.095  -26.639  72.982 0.0000000000
62856  -27.483  -26.496  79.982 0.0000000000
80877  -40.412  -10.904  57.570 0.0000000000
81974  -39.101  -10.663  56.302 0.0000000000
84075  -41.343  -8.295  57.038 0.0000000000
84086  -41.460  -7.348  56.450 0.0000000000
86100  -42.209  -5.458  55.231 0.0000000000
87114  -45.063  -4.747  57.867 0.0000000000
86087  -43.562  -4.862  56.266 0.0000000000
86124  -42.796  -4.919  54.159 0.0000000000
86135  -43.477  -4.899  53.333 0.0000000000
86154  -44.758  -4.862  51.864 0.0000000000
86155  -45.749  -4.658  51.425 0.0000000000
86161  -46.645  -4.564  50.335 0.0000000000
86148  -47.165  -4.262  51.885 0.0000000000
87177  -47.828  -3.896  52.181 0.0000000000
150372  -49.159  -3.315  53.125 0.0000000000
87156  -50.082  -3.277  55.079 0.0000000000
88160  -50.159  -2.692  53.486 0.0000000000
70870  -33.242  -19.968  67.009 0.0000000000
69774  -31.994  -21.042  65.425 0.0000000000
72081  -32.871  -18.963  65.757 0.0000000000
73405  -32.797  -18.233  64.992 0.0000000000
73424  -32.798  -17.491  63.398 0.0000000000
74529  -34.715  -16.194  64.960 0.0000000000
158428  -34.507  -16.294  63.451 0.0000000000
172474  -33.250  -16.890  61.837 0.0000000000
74581  -33.624  -16.785  61.029 0.0000000000
73497  -34.809  -17.098  59.158 0.0000000000
72176  -35.687  -17.422  58.535 0.0000000000
72202  -37.055  -18.107  58.198 0.0000000000
72178  -37.392  -17.860  59.046 0.0000000000
72161  -38.469  -17.921  60.045 0.0000000000
72163  -40.062  -18.051  60.467 0.0000000000
145397  -41.120  -17.581  61.364 0.0000000000
149515  -42.442  -17.533  60.236 0.0000000000
168212  -18.233  -33.728  78.653 0.0000000000
154446  -18.303  -33.618  76.321 0.0000000000
54106  -18.361  -33.433  77.436 0.0000000000
54079  -17.299  -33.631  78.798 0.0000000000
54078  -16.214  -33.472  78.348 0.0000000000
68663  -33.302  -23.614  67.115 0.0000000000
159966  -32.911  -22.709  67.057 0.0000000000
64181  -34.602  -26.199  70.947 0.0000000000
64194  -34.908  -25.491  69.920 0.0000000000
65401  -35.305  -24.509  69.763 0.0000000000
67586  -35.863  -23.087  70.709 0.0000000000
67605  -34.721  -23.465  69.171 0.0000000000
68654  -34.415  -22.894  68.870 0.0000000000
154654  -34.027  -22.190  68.465 0.0000000000
173859  -33.166  -20.822  67.306 0.0000000000
160882  -33.842  -19.317  67.780 0.0000000000
73355  -34.703  -18.012  68.465 0.0000000000
74483  -35.598  -16.577  67.777 0.0000000000
74438  -36.400  -16.668  70.405 0.0000000000
74437  -36.208  -16.360  69.229 0.0000000000
62902  -25.854  -27.224  75.358 0.0000000000
62913  -25.051  -26.766  73.984 0.0000000000
148331  -24.266  -28.119  72.388 0.0000000000
64154  -27.202  -24.605  72.756 0.0000000000
62940  -24.946  -26.123  71.922 0.0000000000
54109  -21.896  -33.586  78.029 0.0000000000
55229  -20.929  -33.171  76.298 0.0000000000
55246  -23.372  -32.663  75.531 0.0000000000
55244  -22.090  -33.059  74.855 0.0000000000
165888  -20.689  -33.738  74.418 0.0000000000
55256  -20.077  -34.156  73.804 0.0000000000
86168  -46.684  -4.621  49.505 0.0000000000
168603  -47.280  -4.272  48.631 0.0000000000
148313  -47.766  -3.902  48.236 0.0000000000
88189  -49.788  -2.635  49.697 0.0000000000
88195  -49.242  -2.983  48.526 0.0000000000
88210  -48.582  -3.479  46.936 0.0000000000
174501  -48.775  -3.415  46.036 0.0000000000
89148  -49.371  -3.093  45.588 0.0000000000
89158  -49.811  -3.178  44.152 0.0000000000
90066  -50.939  -2.461  45.121 0.0000000000
149450  -52.887  -2.061  45.453 0.0000000000
169643  -8.623  -36.570  84.690 0.0000000000
50614  -8.481  -37.059  85.710 0.0000000000
49421  -7.597  -38.053  84.416 0.0000000000
69773  -31.544  -21.814  65.031 0.0000000000
169652  -37.992  -14.001  56.774 0.0000000000
70963  -37.383  -18.280  57.540 0.0000000000
155994  -38.617  -18.363  57.340 0.0000000000
73544  -39.477  -17.496  57.326 0.0000000000
74611  -41.613  -16.463  58.709 0.0000000000
73546  -40.769  -16.551  58.354 0.0000000000
166985  -39.557  -16.535  57.652 0.0000000000
76692  -40.104  -15.108  58.125 0.0000000000
157456  -40.334  -13.946  58.195 0.0000000000
157670  -40.274  -11.712  57.850 0.0000000000
80868  -41.688  -10.965  58.358 0.0000000000
83041  -43.269  -9.124  59.116 0.0000000000
84052  -44.406  -8.069  60.284 0.0000000000
51757  -10.614  -35.639  86.202 0.0000000000
52865  -10.771  -35.375  85.559 0.0000000000
173297  -9.154  -35.897  85.129 0.0000000000
51773  -8.533  -36.667  83.765 0.0000000000
50666  -8.268  -38.073  81.926 0.0000000000
49402  -7.877  -37.495  86.087 0.0000000000
50595  -8.414  -37.583  87.658 0.0000000000
50594  -7.515  -38.540  87.896 0.0000000000
48250  -6.323  -40.291  85.809 0.0000000000
49385  -7.194  -39.023  87.348 0.0000000000
50564  -7.053  -38.140  89.212 0.0000000000
50563  -6.118  -38.129  89.139 0.0000000000
51705  -4.900  -37.220  88.762 0.0000000000
48232  -4.081  -39.877  86.240 0.0000000000
50592  -4.191  -38.570  86.146 0.0000000000
169258  -9.887  -35.911  86.346 0.0000000000
62966  -31.982  -27.353  69.892 0.0000000000
167139  -32.702  -27.366  69.394 0.0000000000
59600  -25.487  -30.115  75.987 0.0000000000
60696  -25.373  -29.489  75.379 0.0000000000
60680  -25.629  -29.321  76.078 0.0000000000
146200  -32.263  -27.317  71.166 0.0000000000
62943  -31.388  -27.138  71.313 0.0000000000
62955  -31.727  -27.294  70.533 0.0000000000
173965  -31.359  -27.240  69.915 0.0000000000
61765  -27.058  -28.621  77.591 0.0000000000
60660  -26.937  -29.477  77.854 0.0000000000
85149  -45.931  -5.025  49.599 0.0000000000
68674  -32.415  -22.587  66.296 0.0000000000
72199  -34.558  -18.412  57.114 0.0000000000
73532  -33.753  -18.859  57.201 0.0000000000
72221  -35.161  -18.441  56.746 0.0000000000
166115  -35.918  -17.900  57.051 0.0000000000
154536  -12.877  -34.407  78.446 0.0000000000
168228  -12.816  -34.043  79.526 0.0000000000
168532  -34.986  -24.507  74.892 0.0000000000
64116  -35.824  -24.335  74.815 0.0000000000
64036  -30.941  -24.832  79.256 0.0000000000
64037  -31.462  -24.891  79.865 0.0000000000
166693  -35.521  -24.143  76.414 0.0000000000
64101  -34.614  -24.388  76.448 0.0000000000
64115  -34.416  -24.552  75.404 0.0000000000
64131  -34.255  -24.784  74.463 0.0000000000
64017  -30.944  -25.354  80.729 0.0000000000
85062  -43.774  -7.364  59.161 0.0000000000
159925  -43.347  -7.219  58.484 0.0000000000
150786  -44.253  -6.635  59.285 0.0000000000
160250  -47.974  -3.669  56.127 0.0000000000
86105  -47.090  -3.640  55.818 0.0000000000
86128  -46.820  -3.616  54.834 0.0000000000
86129  -47.650  -3.536  54.452 0.0000000000
86106  -48.291  -3.540  55.419 0.0000000000
74502  -34.732  -16.761  66.895 0.0000000000
75560  -35.273  -16.058  66.248 0.0000000000
73426  -37.071  -16.289  62.451 0.0000000000
73445  -36.831  -16.502  61.623 0.0000000000
73446  -37.702  -16.785  61.798 0.0000000000
159656  -53.678  -1.259  44.835 0.0000000000
90091  -52.818  -1.415  44.058 0.0000000000
90987  -53.539  -1.103  44.384 0.0000000000
51709  -8.412  -37.340  89.694 0.0000000000
51693  -7.914  -37.107  90.335 0.0000000000
52785  -7.428  -36.642  90.748 0.0000000000
51708  -7.495  -37.600  89.756 0.0000000000
64223  -34.155  -25.376  67.735 0.0000000000
65408  -34.336  -24.843  67.961 0.0000000000
65409  -34.574  -24.531  68.652 0.0000000000
66451  -36.960  -23.874  72.520 0.0000000000
66452  -37.431  -23.321  72.888 0.0000000000
72040  -36.295  -19.494  71.094 0.0000000000
69698  -36.286  -20.516  70.987 0.0000000000
70831  -35.787  -19.867  70.420 0.0000000000
70842  -35.235  -20.242  69.744 0.0000000000
163798  -21.942  -34.273  71.474 0.0000000000
65314  -29.418  -24.950  75.397 0.0000000000
64125  -28.776  -24.816  74.623 0.0000000000
64142  -28.780  -24.622  73.884 0.0000000000
55273  -22.587  -33.773  73.105 0.0000000000
55290  -21.827  -34.012  72.253 0.0000000000
87179  -48.931  -3.299  51.161 0.0000000000
88191  -51.139  -1.873  48.699 0.0000000000
88197  -51.365  -1.973  48.200 0.0000000000
88206  -51.658  -2.092  47.632 0.0000000000
89131  -52.151  -1.780  47.851 0.0000000000
72121  -31.319  -19.064  62.666 0.0000000000
72249  -38.088  -18.147  55.369 0.0000000000
73555  -38.264  -17.764  55.530 0.0000000000
74626  -38.399  -17.313  55.613 0.0000000000
70948  -40.988  -18.128  59.690 0.0000000000
70967  -40.665  -18.129  59.039 0.0000000000
72181  -41.370  -17.866  59.446 0.0000000000
155017  -43.295  -12.935  59.577 0.0000000000
151990  -42.693  -13.844  58.875 0.0000000000
79809  -42.888  -12.856  59.154 0.0000000000
78729  -42.493  -13.255  58.863 0.0000000000
79800  -43.132  -12.113  59.425 0.0000000000
80861  -43.243  -11.297  59.424 0.0000000000
80862  -43.657  -11.575  59.839 0.0000000000
52915  -11.309  -34.868  82.509 0.0000000000
162707  -9.664  -35.880  82.308 0.0000000000
52933  -9.765  -35.853  81.368 0.0000000000
48265  -6.642  -39.118  85.286 0.0000000000
48234  -5.326  -40.032  87.009 0.0000000000
75562  -37.213  -15.566  66.537 0.0000000000
55254  -18.746  -34.490  74.366 0.0000000000
51733  -9.978  -36.753  87.997 0.0000000000
171175  -8.662  -37.548  88.100 0.0000000000
62992  -31.971  -27.242  67.502 0.0000000000
163598  -33.815  -27.145  68.690 0.0000000000
170189  -33.509  -27.282  68.006 0.0000000000
62980  -34.059  -26.474  68.668 0.0000000000
62969  -34.222  -26.324  69.439 0.0000000000
56357  -23.815  -32.707  73.663 0.0000000000
56374  -23.571  -32.763  72.786 0.0000000000
56375  -24.009  -32.484  73.391 0.0000000000
60716  -25.061  -29.805  74.630 0.0000000000
58538  -24.763  -31.079  73.693 0.0000000000
59622  -24.746  -30.187  73.854 0.0000000000
59634  -24.525  -30.628  73.027 0.0000000000
62914  -31.209  -25.422  72.956 0.0000000000
64144  -30.513  -25.074  72.960 0.0000000000
62953  -30.734  -25.719  70.631 0.0000000000
64180  -29.982  -24.983  70.041 0.0000000000
64191  -28.902  -24.612  69.436 0.0000000000
59583  -26.004  -30.433  78.348 0.0000000000
59572  -26.640  -30.292  78.886 0.0000000000
159184  -25.817  -30.917  78.763 0.0000000000
57432  -25.649  -31.272  78.691 0.0000000000
57431  -25.493  -31.434  77.814 0.0000000000
56332  -25.256  -32.163  76.884 0.0000000000
57442  -25.488  -31.698  76.888 0.0000000000
57456  -25.007  -32.086  74.834 0.0000000000
56349  -24.858  -32.273  75.035 0.0000000000
56358  -24.387  -32.333  74.248 0.0000000000
85123  -42.637  -5.707  51.973 0.0000000000
151485  -32.490  -17.870  59.512 0.0000000000
73478  -31.559  -18.636  59.858 0.0000000000
72237  -37.737  -18.480  55.394 0.0000000000
70996  -37.548  -18.360  56.147 0.0000000000
74593  -44.027  -15.687  60.867 0.0000000000
74592  -43.377  -16.068  60.160 0.0000000000
78709  -44.692  -13.121  61.133 0.0000000000
158371  -15.385  -33.921  80.687 0.0000000000
52953  -15.253  -34.268  81.367 0.0000000000
54033  -14.197  -34.063  81.458 0.0000000000
54043  -12.199  -34.291  80.302 0.0000000000
54032  -13.065  -34.133  81.418 0.0000000000
52952  -10.518  -35.329  80.062 0.0000000000
62931  -33.773  -26.971  72.895 0.0000000000
166489  -34.253  -26.749  72.569 0.0000000000
62919  -34.605  -25.824  72.905 0.0000000000
64134  -36.640  -25.042  73.913 0.0000000000
64147  -35.911  -25.197  73.396 0.0000000000
65345  -37.152  -25.089  73.948 0.0000000000
64056  -27.128  -25.849  78.413 0.0000000000
151532  -26.886  -26.331  77.730 0.0000000000
65259  -27.718  -25.104  78.221 0.0000000000
64058  -30.821  -24.839  78.314 0.0000000000
64095  -29.735  -25.045  76.761 0.0000000000
64096  -30.618  -25.067  76.536 0.0000000000
64061  -33.483  -24.481  78.938 0.0000000000
64060  -32.844  -24.507  78.863 0.0000000000
64099  -32.686  -24.633  76.228 0.0000000000
174365  -32.197  -24.639  76.736 0.0000000000
64098  -31.965  -24.725  76.352 0.0000000000
145360  -31.589  -25.022  74.640 0.0000000000
64128  -32.357  -25.124  74.563 0.0000000000
62906  -33.874  -25.478  73.721 0.0000000000
62905  -33.301  -25.665  73.690 0.0000000000
159940  -33.549  -26.086  73.092 0.0000000000
62930  -33.269  -27.166  72.413 0.0000000000
64015  -28.114  -25.648  80.288 0.0000000000
64034  -27.651  -25.730  79.651 0.0000000000
62855  -27.231  -26.277  79.172 0.0000000000
81977  -41.656  -10.011  58.098 0.0000000000
83051  -41.034  -9.437  57.381 0.0000000000
83052  -41.786  -9.055  57.806 0.0000000000
85069  -42.823  -6.951  57.788 0.0000000000
84076  -41.787  -7.714  57.099 0.0000000000
85078  -41.935  -7.013  56.765 0.0000000000
85085  -41.659  -6.422  55.924 0.0000000000
85086  -42.185  -6.052  56.373 0.0000000000
87109  -46.270  -4.689  58.852 0.0000000000
87108  -45.546  -4.927  58.716 0.0000000000
87137  -44.599  -4.365  56.108 0.0000000000
145605  -43.147  -4.802  55.158 0.0000000000
86125  -43.787  -4.655  54.241 0.0000000000
174207  -45.793  -4.384  52.990 0.0000000000
168884  -45.019  -4.583  52.822 0.0000000000
86156  -46.576  -4.500  51.182 0.0000000000
170814  -46.438  -4.422  51.921 0.0000000000
87169  -47.996  -3.662  53.024 0.0000000000
87170  -48.481  -3.571  52.595 0.0000000000
72071  -33.532  -19.122  66.980 0.0000000000
70879  -33.079  -19.545  66.453 0.0000000000
171988  -33.243  -18.689  66.316 0.0000000000
73389  -33.778  -16.951  65.432 0.0000000000
169434  -32.915  -17.591  64.237 0.0000000000
145485  -36.353  -15.696  65.075 0.0000000000
74516  -35.355  -15.861  65.435 0.0000000000
74530  -35.757  -15.805  64.500 0.0000000000
74561  -35.310  -16.036  62.676 0.0000000000
74560  -34.304  -16.352  62.649 0.0000000000
74559  -33.438  -16.834  62.632 0.0000000000
74569  -34.038  -16.510  61.789 0.0000000000
73481  -35.303  -16.785  60.123 0.0000000000
73498  -35.993  -17.156  59.433 0.0000000000
72177  -36.599  -17.588  58.809 0.0000000000
72159  -36.910  -17.358  59.633 0.0000000000
72141  -38.779  -17.665  60.731 0.0000000000
72162  -39.243  -18.110  60.281 0.0000000000
72125  -41.798  -17.472  61.760 0.0000000000
148673  -42.253  -17.516  61.473 0.0000000000
72144  -41.705  -17.697  60.915 0.0000000000
72164  -42.937  -17.327  60.521 0.0000000000
54081  -19.493  -34.122  78.639 0.0000000000
52982  -18.963  -34.670  79.176 0.0000000000
54080  -18.996  -33.750  78.410 0.0000000000
165498  -18.171  -34.475  74.656 0.0000000000
54105  -17.300  -33.423  77.550 0.0000000000
166323  -16.496  -33.420  77.618 0.0000000000
52794  -5.351  -36.092  90.032 0.0000000000
63009  -34.042  -26.935  65.927 0.0000000000
67616  -33.989  -24.098  67.973 0.0000000000
67624  -33.635  -24.363  67.159 0.0000000000
68664  -33.489  -22.709  67.778 0.0000000000
62945  -34.744  -26.734  71.746 0.0000000000
172181  -34.784  -26.600  71.186 0.0000000000
62946  -34.670  -26.024  71.640 0.0000000000
65384  -35.831  -24.756  71.079 0.0000000000
172176  -35.372  -25.292  70.784 0.0000000000
65391  -35.476  -24.942  70.210 0.0000000000
65390  -35.088  -25.005  69.532 0.0000000000
68623  -36.038  -22.201  70.830 0.0000000000
67606  -35.370  -23.016  69.954 0.0000000000
68637  -34.942  -22.433  69.483 0.0000000000
161665  -34.548  -21.773  69.076 0.0000000000
69720  -34.160  -21.028  68.615 0.0000000000
69740  -33.594  -21.239  67.956 0.0000000000
70855  -33.853  -20.187  68.202 0.0000000000
70871  -33.504  -20.061  67.554 0.0000000000
162358  -34.167  -19.566  68.406 0.0000000000
72059  -34.350  -18.740  68.258 0.0000000000
154477  -35.069  -17.302  68.164 0.0000000000
74416  -36.780  -17.041  71.304 0.0000000000
75522  -36.263  -16.158  68.186 0.0000000000
160120  -23.369  -32.719  71.711 0.0000000000
56388  -22.599  -34.014  70.579 0.0000000000
56389  -23.028  -33.303  70.675 0.0000000000
64094  -26.358  -26.114  76.644 0.0000000000
62894  -26.108  -26.651  76.003 0.0000000000
64109  -26.152  -25.509  75.985 0.0000000000
172404  -26.187  -25.158  74.139 0.0000000000
62901  -25.563  -26.488  74.645 0.0000000000
61823  -24.512  -27.639  73.360 0.0000000000
62926  -24.926  -26.403  72.955 0.0000000000
64155  -28.754  -24.533  72.619 0.0000000000
54130  -21.837  -33.247  76.865 0.0000000000
55247  -24.196  -32.512  75.917 0.0000000000
55232  -23.837  -32.607  76.707 0.0000000000
55257  -21.535  -33.768  74.164 0.0000000000
55243  -21.248  -33.091  75.064 0.0000000000
86162  -47.266  -4.265  50.182 0.0000000000
87200  -47.803  -3.851  49.177 0.0000000000
88183  -49.571  -2.778  50.741 0.0000000000
88204  -50.041  -2.537  48.256 0.0000000000
151036  -48.585  -3.404  47.992 0.0000000000
166130  -49.457  -2.933  46.590 0.0000000000
89149  -49.962  -2.769  44.949 0.0000000000
90077  -50.501  -2.619  44.231 0.0000000000
89150  -52.679  -1.955  46.416 0.0000000000
89151  -53.299  -1.669  45.981 0.0000000000
50627  -8.034  -37.396  84.126 0.0000000000
49430  -7.559  -38.389  83.398 0.0000000000
150373  -31.438  -21.001  64.633 0.0000000000
165195  -38.382  -16.532  55.755 0.0000000000
77711  -37.917  -14.978  56.018 0.0000000000
77700  -38.628  -14.885  57.142 0.0000000000
70983  -39.475  -18.315  57.831 0.0000000000
70998  -39.071  -18.169  57.200 0.0000000000
72239  -39.392  -18.000  57.251 0.0000000000
72240  -40.040  -17.631  57.789 0.0000000000
74613  -42.832  -16.275  59.213 0.0000000000
73535  -42.145  -16.759  59.028 0.0000000000
74612  -42.317  -16.208  58.928 0.0000000000
75671  -41.503  -15.000  58.584 0.0000000000
75670  -41.377  -15.882  58.522 0.0000000000
149944  -40.361  -16.227  58.159 0.0000000000
74619  -39.887  -16.807  57.837 0.0000000000
175145  -39.990  -16.079  58.010 0.0000000000
75669  -39.475  -15.996  57.673 0.0000000000
78741  -41.534  -13.356  58.499 0.0000000000
78740  -40.895  -13.293  58.296 0.0000000000
78739  -40.006  -13.216  58.000 0.0000000000
79818  -40.584  -12.473  58.166 0.0000000000
158251  -41.038  -11.586  58.222 0.0000000000
83031  -43.672  -9.618  59.615 0.0000000000
81968  -43.171  -9.996  59.209 0.0000000000
152988  -43.641  -8.825  59.487 0.0000000000
51775  -9.959  -35.424  85.012 0.0000000000
51774  -9.142  -35.805  84.385 0.0000000000
51798  -8.754  -37.291  81.730 0.0000000000
51791  -8.600  -37.010  82.716 0.0000000000
49411  -7.799  -37.786  85.278 0.0000000000
167478  -6.761  -38.648  86.060 0.0000000000
49401  -7.361  -38.067  86.475 0.0000000000
49386  -7.657  -38.167  87.312 0.0000000000
48264  -6.210  -41.184  85.077 0.0000000000
49383  -5.763  -39.505  87.422 0.0000000000
49384  -6.530  -39.346  87.350 0.0000000000
49369  -7.006  -39.001  88.064 0.0000000000
152654  -6.623  -38.573  88.610 0.0000000000
50580  -5.732  -38.585  88.552 0.0000000000
50561  -4.987  -37.804  88.295 0.0000000000
50562  -5.230  -37.990  88.857 0.0000000000
49398  -3.695  -39.638  85.752 0.0000000000
49381  -4.136  -39.153  86.263 0.0000000000
50605  -9.322  -36.589  87.348 0.0000000000
149619  -32.209  -27.350  68.421 0.0000000000
169447  -33.318  -27.300  69.018 0.0000000000
62967  -33.687  -27.274  69.503 0.0000000000
57470  -25.165  -31.765  74.720 0.0000000000
58539  -24.981  -31.464  74.274 0.0000000000
59611  -25.373  -30.440  75.171 0.0000000000
61814  -25.168  -28.760  74.785 0.0000000000
152358  -31.462  -27.061  72.019 0.0000000000
62942  -31.238  -26.584  71.799 0.0000000000
62964  -30.839  -25.901  69.848 0.0000000000
62978  -30.840  -25.846  68.999 0.0000000000
62965  -30.933  -26.902  69.519 0.0000000000
149028  -31.073  -26.712  68.621 0.0000000000
158847  -27.228  -28.624  78.997 0.0000000000
60669  -26.175  -29.869  77.692 0.0000000000
59591  -25.698  -30.480  77.459 0.0000000000
58516  -25.513  -31.430  76.287 0.0000000000
148086  -25.531  -30.680  76.590 0.0000000000
149192  -25.533  -31.002  75.699 0.0000000000
85124  -44.004  -5.499  51.099 0.0000000000
73496  -33.934  -17.702  58.491 0.0000000000
73495  -32.921  -18.066  58.661 0.0000000000
73514  -33.326  -18.372  57.901 0.0000000000
72219  -33.295  -19.568  57.084 0.0000000000
70994  -36.269  -19.037  55.482 0.0000000000
70980  -36.872  -18.275  56.478 0.0000000000
54059  -14.796  -33.592  78.894 0.0000000000
54073  -11.274  -35.536  78.756 0.0000000000
64145  -34.514  -25.289  73.589 0.0000000000
64146  -35.234  -25.215  73.445 0.0000000000
64117  -36.466  -24.642  74.416 0.0000000000
65329  -36.993  -24.821  74.536 0.0000000000
64035  -29.242  -25.130  80.066 0.0000000000
65238  -29.180  -25.011  79.161 0.0000000000
65239  -30.083  -24.936  79.190 0.0000000000
64080  -33.047  -24.461  77.873 0.0000000000
148287  -33.741  -24.412  77.105 0.0000000000
64100  -33.629  -24.564  76.028 0.0000000000
64114  -33.224  -24.790  75.273 0.0000000000
64129  -32.985  -25.209  74.517 0.0000000000
64016  -29.826  -25.388  80.888 0.0000000000
157355  -42.961  -8.681  58.684 0.0000000000
84066  -42.829  -7.907  58.341 0.0000000000
86070  -43.371  -6.177  57.944 0.0000000000
87128  -46.807  -4.046  57.442 0.0000000000
87127  -45.850  -4.171  57.155 0.0000000000
86088  -46.491  -3.820  56.477 0.0000000000
86103  -45.089  -3.994  55.217 0.0000000000
86126  -44.733  -4.318  54.304 0.0000000000
86127  -45.800  -3.906  54.343 0.0000000000
171719  -46.076  -4.150  53.476 0.0000000000
86147  -46.660  -4.232  52.801 0.0000000000
86138  -47.440  -3.763  53.405 0.0000000000
87162  -48.160  -3.515  53.878 0.0000000000
174910  -48.669  -3.462  54.217 0.0000000000
72082  -33.640  -17.855  66.448 0.0000000000
73444  -35.930  -16.307  61.626 0.0000000000
73461  -36.571  -16.700  60.920 0.0000000000
73483  -37.177  -17.178  60.373 0.0000000000
73463  -38.264  -17.296  61.262 0.0000000000
72122  -39.108  -17.449  61.428 0.0000000000
54108  -20.275  -33.798  78.278 0.0000000000
172886  -19.374  -33.502  77.387 0.0000000000
169687  -15.698  -34.413  76.039 0.0000000000
90079  -52.509  -2.009  44.646 0.0000000000
166826  -52.051  -1.484  43.375 0.0000000000
90995  -52.528  -0.951  43.265 0.0000000000
51691  -6.066  -37.073  90.086 0.0000000000
62995  -34.141  -27.027  66.951 0.0000000000
64241  -33.915  -25.740  66.845 0.0000000000
66517  -33.707  -25.072  66.689 0.0000000000
65372  -36.333  -24.976  72.449 0.0000000000
64170  -35.856  -25.298  71.997 0.0000000000
65373  -36.412  -24.500  71.964 0.0000000000
66468  -36.070  -24.213  71.347 0.0000000000
69697  -35.986  -21.352  70.700 0.0000000000
69703  -35.128  -21.308  69.656 0.0000000000
70841  -34.652  -19.580  69.075 0.0000000000
74401  -37.037  -16.243  71.188 0.0000000000
57497  -23.554  -32.427  71.173 0.0000000000
65312  -26.947  -24.898  75.834 0.0000000000
65311  -26.232  -25.101  75.231 0.0000000000
65328  -27.443  -25.012  74.929 0.0000000000
65343  -26.682  -25.016  74.438 0.0000000000
64141  -26.819  -24.857  73.700 0.0000000000
64166  -27.429  -24.471  71.167 0.0000000000
54132  -23.495  -32.967  77.577 0.0000000000
55259  -23.255  -33.188  74.273 0.0000000000
174677  -23.040  -33.777  73.977 0.0000000000
55271  -21.116  -34.258  72.553 0.0000000000
87184  -47.737  -3.946  50.793 0.0000000000
87185  -48.347  -3.620  50.568 0.0000000000
171567  -50.182  -2.381  49.130 0.0000000000
88190  -50.623  -2.075  49.323 0.0000000000
88196  -50.566  -2.236  48.635 0.0000000000
174231  -50.359  -2.487  47.712 0.0000000000
89139  -51.178  -2.371  46.592 0.0000000000
90057  -51.319  -2.386  45.826 0.0000000000
89140  -51.909  -2.236  46.938 0.0000000000
152674  -52.434  -1.886  47.201 0.0000000000
49443  -7.834  -38.855  82.287 0.0000000000
72093  -31.981  -19.395  64.456 0.0000000000
70900  -31.469  -20.082  64.151 0.0000000000
70908  -30.961  -19.961  63.207 0.0000000000
70907  -30.561  -20.891  62.575 0.0000000000
73567  -38.356  -17.915  54.272 0.0000000000
76701  -38.599  -16.195  56.668 0.0000000000
70945  -38.486  -18.386  58.712 0.0000000000
70966  -39.825  -18.323  58.600 0.0000000000
70984  -40.278  -18.115  58.350 0.0000000000
72225  -40.493  -17.701  58.324 0.0000000000
76685  -43.140  -14.552  59.232 0.0000000000
76684  -42.736  -14.945  58.984 0.0000000000
77692  -42.743  -14.329  58.903 0.0000000000
170063  -42.356  -14.131  58.751 0.0000000000
77703  -41.761  -14.152  58.606 0.0000000000
161278  -41.720  -13.754  58.578 0.0000000000
78728  -41.978  -12.853  58.662 0.0000000000
80869  -42.293  -11.255  58.738 0.0000000000
80870  -42.806  -11.363  59.119 0.0000000000
81960  -44.202  -10.111  60.241 0.0000000000
52916  -12.291  -34.786  82.725 0.0000000000
52899  -12.522  -34.773  83.582 0.0000000000
52898  -11.265  -34.691  83.902 0.0000000000
51792  -9.243  -35.910  83.274 0.0000000000
48251  -6.576  -39.499  85.966 0.0000000000
49367  -5.385  -39.100  88.011 0.0000000000
49382  -4.701  -38.849  87.607 0.0000000000
166046  -32.233  -24.808  79.930 0.0000000000
147862  -34.778  -24.275  78.189 0.0000000000
151282  -45.428  -6.396  60.309 0.0000000000
87104  -46.964  -4.691  59.335 0.0000000000
87116  -46.990  -4.364  58.373 0.0000000000
86090  -48.395  -3.974  57.074 0.0000000000
146792  -48.804  -3.745  56.368 0.0000000000
75539  -36.256  -16.012  67.230 0.0000000000
75561  -36.104  -15.776  66.388 0.0000000000
74517  -36.810  -15.634  65.655 0.0000000000
74531  -37.360  -15.841  64.887 0.0000000000
170027  -37.689  -16.071  64.115 0.0000000000
73428  -39.009  -16.658  62.867 0.0000000000
55242  -19.888  -33.811  74.890 0.0000000000
55227  -19.380  -33.710  75.820 0.0000000000
55241  -19.188  -34.067  74.881 0.0000000000
51710  -9.085  -37.209  89.230 0.0000000000
164927  -8.528  -37.659  89.006 0.0000000000
62993  -32.793  -27.356  67.758 0.0000000000
62994  -33.557  -27.280  67.262 0.0000000000
64222  -34.067  -26.354  67.710 0.0000000000
153898  -34.145  -25.695  68.462 0.0000000000
73325  -36.275  -18.646  71.178 0.0000000000
55292  -22.886  -33.320  72.693 0.0000000000
56372  -22.598  -33.431  71.480 0.0000000000
167969  -24.567  -31.711  73.638 0.0000000000
57498  -24.081  -31.924  72.340 0.0000000000
59647  -24.215  -30.968  72.138 0.0000000000
60749  -24.262  -29.280  72.227 0.0000000000
64143  -29.701  -24.755  73.889 0.0000000000
64156  -30.102  -24.875  72.396 0.0000000000
147283  -29.458  -24.616  71.754 0.0000000000
62941  -30.646  -25.427  71.517 0.0000000000
64167  -28.661  -24.497  71.182 0.0000000000
64179  -28.455  -24.509  70.355 0.0000000000
165246  -30.202  -25.256  68.566 0.0000000000
55234  -24.936  -32.363  77.278 0.0000000000
55248  -24.881  -32.376  76.355 0.0000000000
56339  -24.585  -32.407  75.386 0.0000000000
57450  -25.460  -31.930  76.066 0.0000000000
56347  -23.482  -32.961  73.948 0.0000000000
85110  -41.674  -5.675  53.096 0.0000000000
88168  -50.029  -2.456  52.456 0.0000000000
89099  -50.652  -1.844  52.023 0.0000000000
89108  -50.728  -1.772  50.882 0.0000000000
89123  -52.607  -1.444  48.149 0.0000000000
73457  -31.591  -18.281  60.968 0.0000000000
72139  -31.073  -19.060  61.611 0.0000000000
72250  -38.702  -17.724  56.611 0.0000000000
73499  -42.855  -17.095  59.765 0.0000000000
72205  -42.366  -17.295  59.520 0.0000000000
73519  -42.953  -16.870  59.625 0.0000000000
170035  -43.034  -16.493  59.549 0.0000000000
76671  -43.590  -14.728  59.810 0.0000000000
77685  -43.820  -13.874  60.342 0.0000000000
78721  -43.895  -13.135  60.351 0.0000000000
162499  -44.147  -11.865  60.352 0.0000000000
54046  -15.698  -33.825  80.025 0.0000000000
52954  -16.223  -34.453  81.017 0.0000000000
54019  -12.774  -34.582  82.163 0.0000000000
54030  -11.155  -34.802  81.677 0.0000000000
52934  -10.397  -35.190  81.056 0.0000000000
48249  -4.106  -40.890  85.990 0.0000000000
146199  -33.036  -27.375  71.057 0.0000000000
146198  -33.800  -27.331  71.000 0.0000000000
173641  -34.057  -27.234  71.589 0.0000000000
62944  -34.496  -27.056  71.945 0.0000000000
62933  -34.946  -25.900  72.239 0.0000000000
62920  -35.105  -25.615  72.914 0.0000000000
64157  -35.680  -25.447  72.798 0.0000000000
64158  -36.130  -25.321  72.696 0.0000000000
65359  -36.701  -24.991  73.229 0.0000000000
173124  -37.139  -23.954  75.699 0.0000000000
61776  -26.627  -28.223  76.917 0.0000000000
64074  -26.782  -25.783  77.188 0.0000000000
174425  -27.185  -25.104  77.130 0.0000000000
147742  -28.639  -24.958  77.866 0.0000000000
65296  -27.804  -24.960  76.529 0.0000000000
65297  -29.011  -24.958  76.197 0.0000000000
146386  -30.237  -25.037  75.359 0.0000000000
173720  -32.215  -24.563  78.977 0.0000000000
156914  -31.704  -24.631  78.057 0.0000000000
64079  -32.496  -24.552  77.145 0.0000000000
64078  -31.914  -24.681  77.241 0.0000000000
64077  -31.239  -24.832  77.198 0.0000000000
64097  -31.312  -24.894  76.356 0.0000000000
64111  -30.875  -25.040  75.638 0.0000000000
149802  -30.792  -25.023  74.661 0.0000000000
64127  -31.416  -25.225  73.713 0.0000000000
62915  -31.929  -25.821  72.802 0.0000000000
62904  -32.788  -25.637  73.613 0.0000000000
62916  -32.530  -26.447  72.890 0.0000000000
62928  -31.887  -27.014  72.549 0.0000000000
62929  -32.580  -27.120  72.540 0.0000000000
147081  -32.784  -27.286  71.790 0.0000000000
151488  -27.560  -27.371  80.198 0.0000000000
62866  -27.215  -27.460  79.321 0.0000000000
61756  -27.157  -28.031  78.325 0.0000000000
80876  -39.582  -11.355  57.097 0.0000000000
79815  -38.644  -11.415  56.379 0.0000000000
81975  -39.880  -10.377  56.895 0.0000000000
83050  -40.204  -9.533  56.725 0.0000000000
168519  -41.926  -8.268  57.567 0.0000000000
84085  -40.852  -7.716  56.155 0.0000000000
86058  -44.697  -5.625  58.942 0.0000000000
86071  -44.092  -5.447  58.028 0.0000000000
168500  -43.583  -5.343  57.310 0.0000000000
87126  -45.067  -4.362  56.875 0.0000000000
87125  -44.297  -4.770  57.092 0.0000000000
86101  -42.746  -5.320  56.004 0.0000000000
86123  -41.946  -5.409  54.069 0.0000000000
86144  -43.305  -5.275  52.432 0.0000000000
148297  -44.385  -4.601  53.493 0.0000000000
86145  -44.117  -4.886  52.665 0.0000000000
171672  -43.866  -5.233  51.943 0.0000000000
85137  -44.940  -5.212  50.769 0.0000000000
86160  -45.850  -4.850  50.508 0.0000000000
163583  -47.642  -4.028  51.474 0.0000000000
87171  -48.979  -3.346  52.155 0.0000000000
88167  -49.551  -2.972  52.768 0.0000000000
86107  -49.071  -3.577  55.611 0.0000000000
87155  -49.217  -3.423  54.728 0.0000000000
171761  -49.701  -3.053  53.567 0.0000000000
89091  -50.686  -2.176  53.229 0.0000000000
69757  -32.871  -20.508  66.650 0.0000000000
69756  -32.422  -21.293  66.172 0.0000000000
70878  -32.551  -20.086  65.804 0.0000000000
70889  -32.435  -19.222  65.049 0.0000000000
72108  -32.334  -18.450  64.184 0.0000000000
73423  -32.051  -18.252  63.110 0.0000000000
147060  -34.164  -16.529  64.366 0.0000000000
74547  -35.111  -16.052  63.888 0.0000000000
74546  -33.621  -16.822  63.655 0.0000000000
73443  -32.647  -17.460  62.408 0.0000000000
73458  -32.552  -17.381  61.280 0.0000000000
73479  -33.042  -17.160  60.247 0.0000000000
73459  -34.651  -16.557  60.929 0.0000000000
73480  -34.185  -16.872  60.135 0.0000000000
73516  -34.820  -17.523  58.279 0.0000000000
72201  -36.264  -17.747  57.895 0.0000000000
72160  -37.709  -17.619  59.818 0.0000000000
72179  -38.125  -18.140  59.285 0.0000000000
72180  -38.890  -18.316  59.564 0.0000000000
70929  -39.710  -18.305  59.831 0.0000000000
70930  -40.549  -18.201  60.065 0.0000000000
73448  -39.652  -17.144  62.199 0.0000000000
72123  -39.852  -17.474  61.478 0.0000000000
163031  -41.313  -17.315  62.050 0.0000000000
72124  -40.562  -17.315  61.895 0.0000000000
72143  -40.355  -17.674  61.097 0.0000000000
70917  -40.874  -17.901  60.669 0.0000000000
70931  -41.301  -17.979  60.243 0.0000000000
70932  -41.952  -17.754  60.296 0.0000000000
72184  -43.147  -17.074  60.285 0.0000000000
73501  -43.711  -16.332  60.714 0.0000000000
54128  -19.032  -33.524  76.783 0.0000000000
173295  -18.782  -33.452  77.076 0.0000000000
54077  -15.205  -33.592  77.934 0.0000000000
148062  -15.591  -33.715  76.994 0.0000000000
90997  -53.828  -0.489  44.202 0.0000000000
172089  -33.483  -24.795  66.302 0.0000000000
67633  -33.308  -24.251  66.510 0.0000000000
146438  -34.241  -27.218  70.241 0.0000000000
147127  -34.630  -26.875  69.901 0.0000000000
157351  -35.165  -25.626  71.413 0.0000000000
171800  -34.820  -25.765  70.651 0.0000000000
64193  -34.479  -26.163  70.145 0.0000000000
64208  -34.624  -25.231  69.119 0.0000000000
65400  -34.796  -24.708  69.124 0.0000000000
66482  -36.050  -23.611  71.149 0.0000000000
150561  -35.542  -23.788  70.220 0.0000000000
66491  -34.921  -24.070  69.334 0.0000000000
169913  -34.575  -24.131  68.787 0.0000000000
67617  -34.372  -23.790  68.567 0.0000000000
68653  -33.974  -23.303  68.278 0.0000000000
172120  -33.195  -21.815  67.446 0.0000000000
73354  -34.543  -17.674  67.620 0.0000000000
74482  -35.039  -16.896  67.487 0.0000000000
73324  -35.862  -18.106  70.515 0.0000000000
174824  -36.047  -17.460  70.449 0.0000000000
73323  -35.747  -17.343  69.736 0.0000000000
74460  -35.604  -16.865  68.688 0.0000000000
61789  -25.987  -27.751  76.268 0.0000000000
61804  -25.292  -27.629  74.829 0.0000000000
62893  -25.814  -26.000  75.317 0.0000000000
61813  -24.703  -28.015  74.240 0.0000000000
173858  -24.549  -28.336  73.748 0.0000000000
60731  -24.444  -28.701  73.163 0.0000000000
145337  -28.155  -24.585  73.405 0.0000000000
159859  -26.093  -25.002  73.227 0.0000000000
147797  -26.837  -24.592  71.930 0.0000000000
64153  -25.784  -25.146  72.490 0.0000000000
61833  -24.453  -27.109  72.464 0.0000000000
60748  -23.986  -28.590  71.458 0.0000000000
152130  -21.121  -33.958  78.601 0.0000000000
152119  -20.990  -33.490  77.587 0.0000000000
153059  -23.189  -32.734  76.606 0.0000000000
55231  -22.537  -32.775  75.940 0.0000000000
55245  -22.863  -33.129  74.502 0.0000000000
55230  -21.738  -32.906  75.810 0.0000000000
172765  -20.553  -33.313  75.322 0.0000000000
55270  -20.350  -34.527  72.954 0.0000000000
161512  -46.720  -4.676  48.705 0.0000000000
86169  -47.283  -4.256  49.398 0.0000000000
86175  -46.808  -4.673  47.918 0.0000000000
170230  -47.263  -4.315  48.044 0.0000000000
87194  -49.136  -3.135  49.331 0.0000000000
87201  -48.498  -3.498  48.864 0.0000000000
87210  -47.970  -3.836  47.451 0.0000000000
163861  -47.813  -4.091  46.700 0.0000000000
87217  -48.105  -4.104  45.829 0.0000000000
162840  -48.706  -3.824  45.191 0.0000000000
90078  -51.495  -2.228  44.465 0.0000000000
90067  -51.963  -2.294  45.251 0.0000000000
90068  -53.524  -1.555  45.295 0.0000000000
90069  -53.941  -1.070  45.207 0.0000000000
50628  -8.867  -36.480  85.430 0.0000000000
162012  -8.313  -37.292  84.969 0.0000000000
49429  -7.162  -39.240  83.611 0.0000000000
72138  -30.685  -19.964  61.054 0.0000000000
78738  -38.980  -13.122  57.335 0.0000000000
72223  -36.665  -18.042  57.210 0.0000000000
70981  -37.575  -18.332  56.888 0.0000000000
70964  -38.030  -18.439  57.843 0.0000000000
70982  -38.188  -18.425  57.410 0.0000000000
173516  -38.006  -18.382  56.908 0.0000000000
70997  -38.219  -18.249  56.614 0.0000000000
73517  -41.976  -16.990  59.030 0.0000000000
72226  -41.171  -17.350  58.792 0.0000000000
73533  -40.599  -17.299  58.340 0.0000000000
75660  -42.183  -15.366  58.796 0.0000000000
73545  -40.189  -17.117  57.997 0.0000000000
73557  -39.436  -17.065  57.387 0.0000000000
74627  -39.026  -16.925  57.063 0.0000000000
76691  -39.107  -15.494  57.435 0.0000000000
169693  -40.544  -14.440  58.285 0.0000000000
77701  -39.696  -14.675  57.938 0.0000000000
148938  -39.278  -14.014  57.655 0.0000000000
79817  -39.739  -12.349  57.643 0.0000000000
81976  -41.074  -10.491  57.855 0.0000000000
83039  -42.241  -9.670  58.411 0.0000000000
81967  -42.649  -10.421  58.871 0.0000000000
81966  -42.119  -10.473  58.510 0.0000000000
83040  -42.806  -9.429  58.762 0.0000000000
84061  -43.877  -8.151  59.645 0.0000000000
85063  -44.314  -7.354  59.740 0.0000000000
80850  -44.183  -11.112  60.327 0.0000000000
51756  -9.730  -35.779  85.736 0.0000000000
51805  -9.368  -36.570  80.663 0.0000000000
156920  -8.626  -36.992  87.321 0.0000000000
49387  -8.039  -37.457  86.921 0.0000000000
50581  -8.230  -38.017  88.268 0.0000000000
49399  -6.654  -39.526  86.659 0.0000000000
154755  -7.404  -38.335  88.499 0.0000000000
51707  -6.544  -37.667  89.735 0.0000000000
51706  -5.608  -37.485  89.435 0.0000000000
52805  -5.217  -36.677  89.614 0.0000000000
48248  -3.535  -40.467  85.669 0.0000000000
50593  -4.414  -38.627  86.854 0.0000000000
56341  -25.436  -32.002  76.619 0.0000000000
57449  -25.255  -32.076  75.448 0.0000000000
58503  -25.606  -30.853  77.980 0.0000000000
60668  -26.519  -29.195  77.170 0.0000000000
62865  -27.058  -26.904  78.414 0.0000000000
62957  -34.803  -26.897  70.529 0.0000000000
64057  -27.610  -25.389  79.011 0.0000000000
64075  -29.437  -25.006  77.480 0.0000000000
64140  -25.731  -25.557  73.916 0.0000000000
65277  -27.846  -24.977  77.430 0.0000000000
65316  -37.111  -24.363  75.195 0.0000000000
70946  -39.318  -18.395  59.047 0.0000000000
72182  -42.057  -17.640  59.791 0.0000000000
72183  -42.662  -17.344  59.966 0.0000000000
72204  -41.718  -17.518  59.253 0.0000000000
72220  -34.407  -19.091  56.687 0.0000000000
73484  -43.683  -16.730  60.795 0.0000000000
73518  -42.583  -17.004  59.350 0.0000000000
73534  -41.210  -16.920  58.658 0.0000000000
74601  -43.138  -15.817  59.479 0.0000000000
75661  -42.779  -15.685  59.072 0.0000000000
76672  -44.116  -14.740  60.604 0.0000000000
77684  -43.442  -14.193  59.687 0.0000000000
77693  -43.079  -13.996  59.134 0.0000000000
78730  -42.990  -13.443  59.116 0.0000000000
79807  -41.826  -11.946  58.602 0.0000000000
85053  -44.885  -7.223  60.339 0.0000000000
85079  -42.368  -6.713  57.125 0.0000000000
89142  -53.598  -1.381  46.365 0.0000000000
146381  -40.559  -15.507  58.275 0.0000000000
146873  -26.638  -29.995  78.251 0.0000000000
150932  -28.513  -25.019  78.691 0.0000000000
151287  -26.710  -26.619  77.157 0.0000000000
160875  -25.536  -31.605  78.483 0.0000000000
163154  -24.318  -30.164  72.424 0.0000000000
163591  -40.528  -10.125  57.318 0.0000000000
167991  -33.922  -27.157  72.208 0.0000000000
169393  -31.146  -25.520  72.518 0.0000000000
170866  -41.989  -13.438  58.656 0.0000000000
172202  -41.622  -14.502  58.585 0.0000000000
172207  -38.293  -16.124  55.756 0.0000000000
172931  -43.199  -16.615  60.002 0.0000000000
173618  -34.013  -25.986  69.033 0.0000000000
173805  -31.888  -24.685  79.440 0.0000000000
