#!ascii label  , from subject sub-v1s2x0051485_ses-1 vox2ras=TkReg
1311
112180  52.325  19.448  38.982 0.0000000000
118611  55.483  28.679  42.805 0.0000000000
106215  58.228  11.548  37.016 0.0000000000
110844  47.459  17.163  40.268 0.0000000000
110140  48.363  16.433  35.781 0.0000000000
115850  52.368  24.651  36.540 0.0000000000
118621  49.362  29.432  42.014 0.0000000000
118669  49.269  28.271  36.148 0.0000000000
105335  58.665  10.534  44.815 0.0000000000
162247  50.905  12.590  41.375 0.0000000000
115057  55.581  24.109  39.754 0.0000000000
109389  56.023  16.171  35.858 0.0000000000
111519  57.400  19.139  40.706 0.0000000000
108542  56.580  14.473  44.212 0.0000000000
121317  53.023  33.137  32.419 0.0000000000
118678  55.091  27.838  35.524 0.0000000000
107847  50.806  13.401  33.877 0.0000000000
111538  49.574  18.140  39.888 0.0000000000
110121  47.023  16.453  37.887 0.0000000000
110118  50.745  16.154  38.145 0.0000000000
115061  51.810  23.010  39.073 0.0000000000
147276  50.144  20.696  38.801 0.0000000000
119367  45.573  28.937  38.854 0.0000000000
156314  59.405  9.000  49.040 0.0000000000
105317  55.146  10.760  46.850 0.0000000000
159207  56.934  7.523  49.637 0.0000000000
119467  52.470  29.666  28.467 0.0000000000
115804  56.418  25.610  41.283 0.0000000000
166982  57.207  21.568  40.220 0.0000000000
163700  57.333  23.605  43.436 0.0000000000
112123  52.841  19.030  44.943 0.0000000000
110809  53.911  17.102  44.043 0.0000000000
110055  55.787  16.427  46.742 0.0000000000
109308  58.292  15.839  46.829 0.0000000000
120041  52.615  29.660  39.524 0.0000000000
117929  52.776  27.545  36.244 0.0000000000
119350  55.388  29.107  38.920 0.0000000000
117227  54.833  27.113  38.757 0.0000000000
108614  57.202  14.733  34.079 0.0000000000
109420  53.107  14.830  32.225 0.0000000000
107820  54.491  13.059  35.556 0.0000000000
153231  46.927  14.355  37.027 0.0000000000
107837  47.168  13.199  35.074 0.0000000000
115119  54.375  23.852  33.699 0.0000000000
161415  51.549  24.284  34.706 0.0000000000
119301  52.867  29.461  43.187 0.0000000000
116495  55.789  25.227  44.521 0.0000000000
123660  46.013  36.842  36.463 0.0000000000
122509  49.197  34.176  35.779 0.0000000000
118640  49.118  28.913  39.413 0.0000000000
105380  59.106  10.639  40.635 0.0000000000
143255  54.758  11.847  39.583 0.0000000000
106119  54.988  11.445  42.865 0.0000000000
106096  51.012  11.170  45.190 0.0000000000
162801  53.864  21.154  39.237 0.0000000000
111545  54.035  18.061  38.566 0.0000000000
112874  56.327  19.627  38.210 0.0000000000
149097  57.391  18.041  37.203 0.0000000000
109361  57.354  15.383  37.503 0.0000000000
148027  56.631  20.655  43.494 0.0000000000
110096  55.432  16.115  40.594 0.0000000000
107785  57.639  12.631  40.774 0.0000000000
144737  59.318  13.225  43.838 0.0000000000
162916  58.777  12.407  47.647 0.0000000000
152438  52.087  34.186  31.246 0.0000000000
118709  52.874  28.755  30.564 0.0000000000
117970  50.927  27.894  32.785 0.0000000000
116571  54.656  25.516  33.383 0.0000000000
116553  54.829  25.964  36.156 0.0000000000
115817  53.881  24.776  39.482 0.0000000000
150269  51.772  15.539  35.600 0.0000000000
109414  49.546  15.159  33.208 0.0000000000
161659  47.194  11.827  32.912 0.0000000000
107805  51.181  13.140  38.196 0.0000000000
111537  50.565  18.375  39.516 0.0000000000
110106  50.386  16.652  38.968 0.0000000000
110854  51.862  17.364  39.065 0.0000000000
151393  52.229  21.108  38.978 0.0000000000
114324  50.926  21.802  38.590 0.0000000000
154086  51.174  19.881  38.957 0.0000000000
112183  49.785  19.083  39.675 0.0000000000
102912  59.640  8.042  50.964 0.0000000000
103708  58.522  8.150  49.492 0.0000000000
101129  58.817  6.320  51.154 0.0000000000
106220  44.713  11.785  34.897 0.0000000000
117214  56.282  26.693  42.068 0.0000000000
115801  56.751  25.304  42.371 0.0000000000
117189  56.555  26.146  43.758 0.0000000000
111476  53.007  18.246  46.676 0.0000000000
110795  53.452  17.781  46.437 0.0000000000
120003  54.032  30.225  41.603 0.0000000000
120039  54.133  29.673  39.025 0.0000000000
119334  55.517  28.838  41.034 0.0000000000
117909  55.589  27.541  40.504 0.0000000000
107034  57.542  12.693  35.266 0.0000000000
169773  56.288  13.058  33.882 0.0000000000
107022  56.082  12.180  36.016 0.0000000000
152400  45.888  16.927  40.494 0.0000000000
110109  45.906  16.438  38.995 0.0000000000
152376  47.302  16.333  36.940 0.0000000000
109375  46.852  15.976  37.008 0.0000000000
108601  47.252  15.088  36.468 0.0000000000
163018  47.358  13.930  36.167 0.0000000000
108605  48.070  14.780  34.955 0.0000000000
115865  54.024  24.615  35.332 0.0000000000
115880  52.914  23.873  34.457 0.0000000000
168253  52.236  24.459  35.827 0.0000000000
111530  47.378  17.907  40.814 0.0000000000
145547  46.644  17.371  40.715 0.0000000000
119310  50.556  29.852  42.309 0.0000000000
161789  52.279  28.233  43.346 0.0000000000
117882  50.995  27.578  43.057 0.0000000000
155375  47.029  30.213  40.914 0.0000000000
118651  47.313  28.741  39.062 0.0000000000
120021  48.897  30.332  41.293 0.0000000000
120006  50.813  30.496  41.258 0.0000000000
105359  58.220  10.686  42.542 0.0000000000
106148  56.098  11.113  41.548 0.0000000000
106117  56.554  11.029  43.168 0.0000000000
105308  53.309  10.272  47.370 0.0000000000
106087  53.135  11.079  46.160 0.0000000000
155134  51.836  10.515  46.612 0.0000000000
143369  55.268  22.211  39.120 0.0000000000
112868  55.242  20.117  38.610 0.0000000000
167169  55.857  21.751  38.637 0.0000000000
112848  57.523  20.360  40.759 0.0000000000
112188  57.374  19.286  38.347 0.0000000000
155998  57.524  17.913  38.379 0.0000000000
110125  57.598  16.891  36.889 0.0000000000
110851  57.389  17.113  38.405 0.0000000000
115023  54.675  23.835  43.970 0.0000000000
115011  56.373  23.159  44.495 0.0000000000
113519  55.662  21.504  44.030 0.0000000000
109334  54.711  15.442  43.650 0.0000000000
110085  54.800  16.914  42.267 0.0000000000
109339  55.088  14.918  42.401 0.0000000000
108574  56.083  13.774  40.199 0.0000000000
107778  57.057  13.413  42.202 0.0000000000
107776  58.962  12.925  42.450 0.0000000000
108552  58.593  13.940  43.948 0.0000000000
108516  58.085  15.141  48.793 0.0000000000
108526  58.670  14.381  47.338 0.0000000000
167221  53.199  33.942  31.441 0.0000000000
154539  53.262  32.077  30.313 0.0000000000
120731  53.386  31.556  31.154 0.0000000000
120712  48.879  31.580  34.696 0.0000000000
121900  50.243  33.800  34.895 0.0000000000
119400  49.257  29.479  34.666 0.0000000000
117928  53.899  27.847  35.909 0.0000000000
117952  51.130  27.343  34.959 0.0000000000
117951  53.748  26.863  34.826 0.0000000000
117265  52.966  25.921  33.306 0.0000000000
117255  55.271  26.684  34.147 0.0000000000
116559  55.572  26.198  34.242 0.0000000000
117242  55.411  27.161  35.315 0.0000000000
160356  55.228  25.898  40.095 0.0000000000
116531  54.304  26.170  39.105 0.0000000000
115058  54.557  24.225  39.721 0.0000000000
114303  54.132  23.300  39.766 0.0000000000
150814  55.278  17.009  37.457 0.0000000000
109372  52.843  15.526  37.256 0.0000000000
109391  54.175  15.475  35.663 0.0000000000
107869  51.696  14.205  32.308 0.0000000000
109422  51.355  14.929  32.074 0.0000000000
107860  49.798  13.939  33.314 0.0000000000
107861  48.914  13.258  33.467 0.0000000000
107049  49.220  12.683  33.705 0.0000000000
106967  52.658  12.549  40.425 0.0000000000
106995  52.940  12.923  38.596 0.0000000000
142806  51.029  12.695  40.046 0.0000000000
110843  48.436  17.323  40.083 0.0000000000
110108  46.820  16.516  38.919 0.0000000000
164640  48.522  16.590  39.090 0.0000000000
110120  48.666  16.474  38.310 0.0000000000
110139  49.138  16.405  36.186 0.0000000000
115074  52.165  23.760  38.902 0.0000000000
112173  49.022  18.749  40.123 0.0000000000
105304  58.958  9.949  47.055 0.0000000000
105326  57.550  10.596  45.823 0.0000000000
104536  57.344  9.775  47.854 0.0000000000
104529  56.506  9.332  48.413 0.0000000000
115056  56.102  24.353  40.121 0.0000000000
114318  56.487  22.335  39.246 0.0000000000
115807  56.679  24.187  40.896 0.0000000000
161814  57.246  22.871  41.629 0.0000000000
112840  57.529  20.538  41.865 0.0000000000
112133  53.306  19.991  44.159 0.0000000000
112132  54.139  20.056  43.808 0.0000000000
111498  53.242  18.418  44.824 0.0000000000
110060  54.341  16.341  45.635 0.0000000000
109317  55.609  15.318  45.293 0.0000000000
156677  57.449  15.137  45.700 0.0000000000
110047  57.197  16.959  47.465 0.0000000000
110040  57.997  17.113  48.729 0.0000000000
108502  57.071  15.403  50.141 0.0000000000
122511  52.884  34.780  33.993 0.0000000000
162770  50.517  28.106  37.784 0.0000000000
117931  50.625  27.701  36.266 0.0000000000
151482  52.490  28.357  37.658 0.0000000000
144935  53.985  28.889  37.529 0.0000000000
152856  55.087  28.701  36.845 0.0000000000
117226  55.428  27.835  37.647 0.0000000000
163880  55.507  28.192  38.936 0.0000000000
117222  55.657  26.677  40.632 0.0000000000
148678  56.388  15.494  34.228 0.0000000000
109400  54.120  15.285  33.680 0.0000000000
107865  55.105  14.594  32.678 0.0000000000
142505  53.785  13.629  33.109 0.0000000000
107833  52.344  13.465  34.142 0.0000000000
106139  48.228  11.701  42.637 0.0000000000
106971  48.825  12.484  40.504 0.0000000000
107797  45.724  14.002  39.041 0.0000000000
110122  46.386  16.298  38.239 0.0000000000
108590  46.506  15.052  37.805 0.0000000000
107814  46.270  13.148  37.634 0.0000000000
107015  46.213  12.740  36.505 0.0000000000
107028  46.272  12.675  35.337 0.0000000000
107042  45.550  12.201  34.463 0.0000000000
114375  53.734  22.503  32.627 0.0000000000
115133  52.432  23.138  32.997 0.0000000000
119299  54.357  29.279  43.493 0.0000000000
117872  55.486  27.379  43.915 0.0000000000
117880  53.907  28.388  43.721 0.0000000000
116502  54.065  25.943  43.668 0.0000000000
146068  53.022  23.963  43.483 0.0000000000
114268  52.329  22.341  43.607 0.0000000000
113521  51.481  20.933  44.025 0.0000000000
156380  47.959  35.954  36.496 0.0000000000
121894  47.699  33.120  35.766 0.0000000000
170287  47.822  29.866  35.765 0.0000000000
164867  48.937  28.358  38.243 0.0000000000
118638  50.623  29.445  39.790 0.0000000000
120685  52.274  30.447  41.182 0.0000000000
105401  58.337  10.615  38.539 0.0000000000
106192  56.306  11.507  37.726 0.0000000000
106164  56.582  10.943  40.129 0.0000000000
106150  54.589  11.593  41.304 0.0000000000
157600  52.750  11.973  42.586 0.0000000000
165097  54.894  11.415  44.378 0.0000000000
144929  52.529  11.622  44.156 0.0000000000
106927  50.710  12.259  43.079 0.0000000000
112858  52.623  20.325  38.990 0.0000000000
111534  53.151  18.083  38.838 0.0000000000
170057  54.123  19.279  38.777 0.0000000000
111543  55.489  18.664  38.100 0.0000000000
111551  56.248  18.195  37.371 0.0000000000
112866  56.541  20.512  38.602 0.0000000000
112195  56.728  19.050  37.729 0.0000000000
110136  56.941  17.218  35.974 0.0000000000
109387  57.429  16.609  35.929 0.0000000000
108599  57.738  15.116  35.920 0.0000000000
161290  57.753  13.563  37.075 0.0000000000
144836  56.524  25.139  44.534 0.0000000000
142995  57.362  21.802  43.429 0.0000000000
112165  57.223  19.437  41.689 0.0000000000
111505  55.230  18.807  42.785 0.0000000000
111514  55.814  18.556  42.139 0.0000000000
110840  56.684  17.396  39.983 0.0000000000
109353  56.313  15.116  38.948 0.0000000000
107796  56.952  13.178  38.938 0.0000000000
106991  58.421  11.971  38.139 0.0000000000
106963  59.102  11.634  40.478 0.0000000000
106147  59.468  11.493  41.678 0.0000000000
106100  59.470  11.300  44.165 0.0000000000
108531  58.400  14.757  45.436 0.0000000000
107746  59.115  13.466  45.978 0.0000000000
106084  59.314  11.578  46.182 0.0000000000
105302  59.368  10.044  48.822 0.0000000000
145623  52.443  32.424  29.991 0.0000000000
118728  53.244  29.384  29.073 0.0000000000
117280  52.495  26.012  30.211 0.0000000000
118686  50.301  27.878  34.591 0.0000000000
120090  52.342  30.651  31.923 0.0000000000
118710  52.050  28.129  31.315 0.0000000000
117272  52.450  25.883  32.066 0.0000000000
116579  53.046  25.142  32.059 0.0000000000
115901  54.891  24.907  33.426 0.0000000000
141551  54.812  24.691  34.433 0.0000000000
116554  54.017  25.248  36.125 0.0000000000
117236  55.007  27.125  37.414 0.0000000000
116547  53.743  25.762  37.715 0.0000000000
115835  53.136  25.092  38.174 0.0000000000
115818  53.020  24.167  39.223 0.0000000000
113575  52.743  21.864  39.351 0.0000000000
168798  52.303  16.148  38.353 0.0000000000
109374  51.000  15.674  36.662 0.0000000000
168395  49.622  16.401  35.369 0.0000000000
147694  51.910  15.507  33.479 0.0000000000
110151  50.228  16.082  33.657 0.0000000000
110153  48.825  16.205  34.284 0.0000000000
108610  48.435  14.132  34.129 0.0000000000
107850  47.222  12.765  33.727 0.0000000000
107008  54.810  12.475  37.226 0.0000000000
147871  52.436  13.389  36.278 0.0000000000
107824  50.935  13.190  36.236 0.0000000000
145710  49.096  12.571  39.113 0.0000000000
107040  49.041  12.141  35.019 0.0000000000
101127  57.543  5.133  51.205 0.0000000000
102921  55.366  6.782  49.401 0.0000000000
112181  51.433  19.164  39.130 0.0000000000
111536  51.551  18.196  39.232 0.0000000000
156358  51.840  19.982  38.930 0.0000000000
112859  51.466  20.590  38.840 0.0000000000
112182  50.563  19.484  39.243 0.0000000000
102040  59.592  7.416  51.221 0.0000000000
117898  55.942  27.411  41.945 0.0000000000
117202  56.404  26.596  43.092 0.0000000000
117887  56.123  27.173  42.916 0.0000000000
119306  55.111  29.375  42.599 0.0000000000
120002  54.641  29.916  41.144 0.0000000000
118620  55.449  28.944  41.979 0.0000000000
118619  55.669  28.181  41.753 0.0000000000
107020  57.909  12.087  36.154 0.0000000000
106227  57.386  12.015  35.671 0.0000000000
106217  57.041  11.663  36.155 0.0000000000
110097  46.420  16.704  39.880 0.0000000000
110098  45.386  16.567  39.769 0.0000000000
110141  47.790  16.309  35.981 0.0000000000
109384  47.412  15.906  36.267 0.0000000000
108600  47.643  15.252  35.738 0.0000000000
109394  47.871  15.764  35.393 0.0000000000
141888  53.269  24.732  36.086 0.0000000000
115866  52.948  24.369  35.388 0.0000000000
118614  50.102  29.234  42.341 0.0000000000
118613  50.818  29.081  42.595 0.0000000000
117888  50.550  28.324  42.647 0.0000000000
119319  48.209  29.998  41.572 0.0000000000
119338  47.682  30.143  40.688 0.0000000000
119318  48.999  30.017  41.819 0.0000000000
119997  50.066  30.298  41.774 0.0000000000
158250  58.710  10.572  44.044 0.0000000000
105348  57.557  10.778  43.401 0.0000000000
105336  57.832  10.731  44.333 0.0000000000
143725  52.631  10.545  46.841 0.0000000000
144533  55.207  23.228  39.547 0.0000000000
114319  55.980  22.489  38.971 0.0000000000
112172  57.555  19.605  40.218 0.0000000000
112177  57.534  19.391  39.195 0.0000000000
157476  57.496  18.307  39.147 0.0000000000
110839  57.274  17.667  39.183 0.0000000000
115013  54.341  23.098  43.922 0.0000000000
114259  55.532  22.368  44.189 0.0000000000
114260  54.450  22.378  43.980 0.0000000000
108543  55.510  14.912  44.214 0.0000000000
167467  55.123  15.006  43.304 0.0000000000
108553  55.800  14.464  43.328 0.0000000000
108560  55.988  14.125  42.326 0.0000000000
107770  56.857  13.931  43.334 0.0000000000
107769  57.997  13.638  43.264 0.0000000000
108541  57.727  14.279  44.265 0.0000000000
108517  57.404  14.486  49.557 0.0000000000
122522  53.284  34.264  32.561 0.0000000000
122533  53.250  34.393  31.926 0.0000000000
121912  53.316  33.690  31.735 0.0000000000
148803  53.406  32.352  31.028 0.0000000000
120720  53.162  32.363  31.724 0.0000000000
119401  48.679  29.736  35.132 0.0000000000
120070  48.853  30.539  34.712 0.0000000000
119390  48.890  28.968  35.498 0.0000000000
118679  54.730  27.976  35.651 0.0000000000
117939  54.430  27.501  35.266 0.0000000000
117950  54.849  27.165  34.615 0.0000000000
117949  55.341  27.067  34.497 0.0000000000
117948  55.423  26.966  34.337 0.0000000000
117937  55.226  27.253  34.807 0.0000000000
147118  55.261  25.034  39.914 0.0000000000
110126  55.476  16.446  36.739 0.0000000000
158534  54.473  15.737  36.746 0.0000000000
109379  55.141  15.810  36.117 0.0000000000
107859  51.387  13.776  33.027 0.0000000000
107870  50.991  14.126  32.598 0.0000000000
107058  50.365  13.757  33.190 0.0000000000
107059  49.364  13.250  33.513 0.0000000000
107048  49.902  13.213  33.632 0.0000000000
106968  51.576  12.626  40.787 0.0000000000
106981  51.819  12.773  39.765 0.0000000000
106969  50.594  12.630  40.686 0.0000000000
110842  49.126  17.509  39.849 0.0000000000
154340  48.882  16.948  39.588 0.0000000000
110107  49.375  16.619  39.052 0.0000000000
110119  49.711  16.356  38.180 0.0000000000
110129  48.898  16.398  37.314 0.0000000000
110128  50.115  16.057  37.142 0.0000000000
115075  51.327  23.464  38.538 0.0000000000
113576  50.795  21.011  38.734 0.0000000000
111528  48.898  17.956  40.152 0.0000000000
104534  58.928  9.632  47.829 0.0000000000
161929  58.588  9.788  47.283 0.0000000000
104527  58.814  9.110  48.495 0.0000000000
103709  57.519  8.115  49.407 0.0000000000
103715  57.068  8.632  48.910 0.0000000000
103716  55.902  8.496  49.059 0.0000000000
104530  55.273  9.066  48.636 0.0000000000
120116  51.953  30.316  29.043 0.0000000000
119453  50.934  29.785  29.639 0.0000000000
115808  56.367  24.963  40.709 0.0000000000
115046  56.505  24.035  40.453 0.0000000000
149551  57.078  24.277  42.633 0.0000000000
115037  56.963  23.764  41.585 0.0000000000
143525  57.335  23.216  42.537 0.0000000000
113556  57.521  21.227  41.734 0.0000000000
114279  57.497  22.097  42.419 0.0000000000
112134  52.482  19.762  44.632 0.0000000000
110056  54.697  16.588  46.507 0.0000000000
110802  53.828  16.992  46.070 0.0000000000
109318  54.761  15.776  45.276 0.0000000000
109312  56.230  15.775  46.163 0.0000000000
110048  56.403  17.122  47.401 0.0000000000
110774  57.278  18.050  48.555 0.0000000000
110765  57.427  18.101  49.426 0.0000000000
155845  57.951  16.625  49.319 0.0000000000
110033  57.156  17.004  50.580 0.0000000000
118647  51.987  28.640  38.497 0.0000000000
118656  51.563  28.184  37.791 0.0000000000
119364  52.381  29.132  39.075 0.0000000000
120038  54.693  29.677  38.986 0.0000000000
120048  54.074  29.312  38.318 0.0000000000
119373  54.564  29.083  37.593 0.0000000000
119379  54.742  28.736  36.828 0.0000000000
119372  54.997  29.091  37.395 0.0000000000
118654  55.259  28.799  37.503 0.0000000000
118645  55.445  28.743  38.398 0.0000000000
166919  56.043  26.456  41.150 0.0000000000
117910  55.593  27.110  40.538 0.0000000000
116527  56.000  25.960  40.792 0.0000000000
109406  57.005  15.185  34.027 0.0000000000
109407  56.520  15.132  33.691 0.0000000000
108615  56.731  14.690  33.530 0.0000000000
107831  54.788  13.176  34.554 0.0000000000
107843  54.589  13.487  33.469 0.0000000000
151534  53.871  13.418  33.966 0.0000000000
107844  52.963  13.569  33.429 0.0000000000
107832  53.197  13.426  34.537 0.0000000000
108582  45.591  15.160  39.001 0.0000000000
142059  47.737  16.517  38.553 0.0000000000
167996  46.760  15.427  37.235 0.0000000000
109365  46.398  15.946  37.824 0.0000000000
107807  46.220  14.388  38.389 0.0000000000
107806  46.610  14.088  37.671 0.0000000000
161582  46.629  13.471  37.065 0.0000000000
107041  46.435  12.516  34.061 0.0000000000
115891  54.670  24.308  33.334 0.0000000000
115131  54.058  23.046  33.189 0.0000000000
115881  52.230  23.900  34.344 0.0000000000
115121  52.731  23.449  33.727 0.0000000000
115892  51.786  23.761  33.722 0.0000000000
161675  50.853  24.453  34.240 0.0000000000
119300  53.729  29.426  43.366 0.0000000000
118603  54.225  28.915  43.694 0.0000000000
159698  53.625  29.048  43.534 0.0000000000
117191  53.227  26.796  43.570 0.0000000000
152341  53.743  25.152  43.595 0.0000000000
115025  52.468  23.194  43.513 0.0000000000
113535  51.687  21.700  43.713 0.0000000000
123659  47.659  36.816  36.359 0.0000000000
156924  46.860  36.172  36.481 0.0000000000
121881  47.271  33.718  36.171 0.0000000000
121312  47.384  32.393  35.617 0.0000000000
120707  47.636  31.616  35.400 0.0000000000
118650  48.212  28.756  39.183 0.0000000000
118658  47.972  28.434  38.119 0.0000000000
167510  48.566  28.336  37.628 0.0000000000
118649  49.869  28.475  38.591 0.0000000000
118639  49.976  29.192  39.633 0.0000000000
142726  51.491  30.313  41.996 0.0000000000
120005  51.737  30.435  41.527 0.0000000000
119995  52.448  30.325  42.219 0.0000000000
119994  53.289  30.210  42.453 0.0000000000
105390  59.069  10.655  39.759 0.0000000000
105402  57.533  10.684  38.789 0.0000000000
105382  57.480  10.607  40.173 0.0000000000
106134  55.537  11.315  42.209 0.0000000000
106149  55.356  11.366  41.445 0.0000000000
106135  54.786  11.489  42.081 0.0000000000
106151  53.803  11.913  41.196 0.0000000000
142305  53.421  11.780  42.601 0.0000000000
105316  56.310  10.670  46.562 0.0000000000
148309  55.520  11.241  44.994 0.0000000000
106085  55.373  11.095  45.939 0.0000000000
106095  51.865  11.184  45.334 0.0000000000
106105  53.087  11.482  44.722 0.0000000000
106106  51.627  11.512  44.493 0.0000000000
106122  51.950  11.826  43.660 0.0000000000
106107  50.635  11.500  44.466 0.0000000000
106124  49.368  11.715  43.632 0.0000000000
148117  49.735  11.441  44.391 0.0000000000
112857  53.617  20.471  39.058 0.0000000000
112179  53.313  19.587  38.961 0.0000000000
112178  54.305  19.920  38.845 0.0000000000
159172  55.917  20.146  38.452 0.0000000000
112190  54.916  19.366  38.558 0.0000000000
112189  55.763  19.479  38.325 0.0000000000
110868  55.447  17.815  37.700 0.0000000000
112196  56.330  18.906  37.824 0.0000000000
114317  56.938  22.368  40.001 0.0000000000
113584  56.552  21.345  38.873 0.0000000000
143045  56.995  21.543  39.446 0.0000000000
111542  57.347  18.634  37.731 0.0000000000
112194  57.065  19.211  37.831 0.0000000000
111549  57.067  18.509  37.320 0.0000000000
110874  56.785  17.690  36.611 0.0000000000
111556  57.130  17.845  36.739 0.0000000000
110144  57.301  16.980  35.955 0.0000000000
110135  57.458  17.023  36.353 0.0000000000
110114  57.489  16.428  37.695 0.0000000000
109369  57.664  16.106  36.916 0.0000000000
163209  57.617  15.270  36.913 0.0000000000
108595  57.725  14.545  36.558 0.0000000000
108588  57.397  14.234  37.397 0.0000000000
151701  55.845  25.888  44.428 0.0000000000
116493  56.233  25.893  44.375 0.0000000000
116494  56.330  25.191  44.584 0.0000000000
113518  56.544  21.406  43.897 0.0000000000
114257  56.884  22.911  44.454 0.0000000000
146379  57.106  21.241  43.532 0.0000000000
112822  57.186  20.472  43.003 0.0000000000
112157  56.986  19.703  42.495 0.0000000000
146164  54.222  19.436  43.740 0.0000000000
112148  54.689  19.125  43.343 0.0000000000
111506  54.337  18.100  43.325 0.0000000000
110084  55.148  16.581  41.419 0.0000000000
110824  55.565  17.686  41.575 0.0000000000
163826  56.325  18.421  41.535 0.0000000000
110841  55.835  17.087  40.665 0.0000000000
155448  56.120  16.507  39.900 0.0000000000
109354  55.744  15.442  39.863 0.0000000000
107792  56.798  13.119  39.953 0.0000000000
108580  56.221  13.914  39.212 0.0000000000
147146  57.923  12.430  38.767 0.0000000000
107791  57.709  12.496  39.774 0.0000000000
106964  58.583  11.875  39.678 0.0000000000
106949  58.503  12.157  40.608 0.0000000000
107767  59.277  12.974  42.942 0.0000000000
106935  59.188  12.465  42.009 0.0000000000
106926  59.503  12.440  43.104 0.0000000000
106116  59.558  11.661  43.360 0.0000000000
147579  59.516  12.306  43.956 0.0000000000
110058  57.763  15.704  46.512 0.0000000000
108532  58.139  14.786  45.295 0.0000000000
109309  58.270  15.234  46.154 0.0000000000
107743  58.643  13.312  47.478 0.0000000000
107742  58.853  13.982  46.607 0.0000000000
106907  58.932  12.930  46.862 0.0000000000
106910  59.197  12.532  46.318 0.0000000000
150704  59.151  11.771  47.210 0.0000000000
155089  59.297  10.806  47.071 0.0000000000
123112  52.070  35.213  31.670 0.0000000000
123101  51.797  36.140  31.773 0.0000000000
123102  51.115  35.478  31.937 0.0000000000
159676  52.648  32.932  30.264 0.0000000000
119431  53.501  30.250  30.467 0.0000000000
120120  53.196  30.490  29.343 0.0000000000
119452  53.462  29.416  30.053 0.0000000000
118729  53.189  28.524  29.543 0.0000000000
117980  52.609  27.683  30.461 0.0000000000
117930  51.635  27.537  36.390 0.0000000000
117942  50.243  27.836  35.393 0.0000000000
162956  51.081  27.487  35.788 0.0000000000
148241  51.617  26.943  34.117 0.0000000000
117959  50.710  27.619  33.882 0.0000000000
119419  50.842  29.025  32.707 0.0000000000
119418  51.698  29.733  32.150 0.0000000000
118702  51.457  28.608  32.035 0.0000000000
149059  51.457  27.719  32.040 0.0000000000
117273  51.999  26.375  32.549 0.0000000000
117271  53.643  25.412  32.945 0.0000000000
116578  54.107  24.965  32.771 0.0000000000
116577  54.676  25.036  33.202 0.0000000000
116552  55.499  26.321  35.096 0.0000000000
171437  55.391  25.584  34.546 0.0000000000
116560  54.918  25.343  35.282 0.0000000000
117235  55.393  27.621  36.405 0.0000000000
116532  53.918  25.469  39.235 0.0000000000
116537  54.295  26.399  38.207 0.0000000000
116538  53.748  25.660  38.654 0.0000000000
115826  53.364  24.946  38.980 0.0000000000
114320  54.296  22.503  39.601 0.0000000000
114321  53.292  22.737  39.612 0.0000000000
142728  53.593  21.838  39.452 0.0000000000
113574  53.088  21.134  39.172 0.0000000000
110853  52.672  17.306  38.878 0.0000000000
110862  53.547  17.221  38.615 0.0000000000
109381  52.360  15.435  36.381 0.0000000000
109373  51.866  15.530  37.168 0.0000000000
109382  51.614  15.522  36.321 0.0000000000
110138  50.223  16.126  36.052 0.0000000000
109383  51.026  15.759  35.806 0.0000000000
109410  53.586  15.136  32.708 0.0000000000
109401  53.038  15.350  33.518 0.0000000000
109411  52.567  15.205  32.557 0.0000000000
167633  50.067  15.064  32.782 0.0000000000
152307  50.910  15.604  33.088 0.0000000000
109413  50.200  15.531  32.932 0.0000000000
110152  49.465  16.062  33.540 0.0000000000
109403  48.973  15.635  33.732 0.0000000000
161653  48.465  15.447  34.421 0.0000000000
108609  48.930  14.711  33.692 0.0000000000
106243  47.667  12.133  33.096 0.0000000000
107862  48.051  12.620  33.400 0.0000000000
107051  47.315  12.246  33.078 0.0000000000
107052  46.601  12.155  33.105 0.0000000000
107061  46.755  11.839  32.831 0.0000000000
162743  55.674  11.682  38.254 0.0000000000
106992  55.355  11.996  37.863 0.0000000000
106993  54.574  12.390  38.129 0.0000000000
106996  51.978  13.062  38.710 0.0000000000
107010  53.156  13.071  37.745 0.0000000000
107804  51.800  13.271  37.716 0.0000000000
107812  51.710  13.338  36.757 0.0000000000
107813  51.003  13.190  37.310 0.0000000000
106972  47.866  12.280  40.367 0.0000000000
106983  49.372  12.585  39.807 0.0000000000
106985  47.788  12.216  39.336 0.0000000000
161670  49.885  17.278  39.587 0.0000000000
110855  50.970  17.356  39.315 0.0000000000
110105  51.342  16.619  38.815 0.0000000000
166989  52.075  21.820  39.180 0.0000000000
114323  51.630  22.198  38.977 0.0000000000
143916  51.530  21.418  38.859 0.0000000000
112860  50.638  20.256  38.902 0.0000000000
112861  49.789  20.057  39.236 0.0000000000
103712  59.478  8.689  49.637 0.0000000000
103713  59.042  8.617  49.155 0.0000000000
102918  59.342  7.874  50.081 0.0000000000
102919  58.857  7.673  49.920 0.0000000000
102043  58.509  6.938  50.452 0.0000000000
116525  56.476  26.048  41.834 0.0000000000
116516  56.605  26.058  42.809 0.0000000000
116500  56.831  25.350  43.683 0.0000000000
111486  52.524  18.561  45.909 0.0000000000
111485  53.037  18.332  45.747 0.0000000000
110049  55.274  17.097  47.310 0.0000000000
120017  53.443  30.308  40.479 0.0000000000
120040  53.431  29.634  39.198 0.0000000000
120030  54.251  30.017  39.786 0.0000000000
120029  55.050  29.570  39.534 0.0000000000
119349  55.524  28.826  39.930 0.0000000000
118636  55.592  28.060  39.903 0.0000000000
118634  55.657  28.109  40.650 0.0000000000
142804  55.851  27.084  41.168 0.0000000000
107830  57.563  13.830  35.055 0.0000000000
164512  56.621  13.435  33.743 0.0000000000
107046  56.764  12.878  34.182 0.0000000000
107036  56.050  12.483  35.178 0.0000000000
153252  55.358  12.729  35.396 0.0000000000
110130  47.851  16.501  37.542 0.0000000000
110131  46.724  16.269  37.556 0.0000000000
107825  47.702  14.266  35.529 0.0000000000
115879  53.830  24.048  34.508 0.0000000000
115120  53.595  23.468  33.755 0.0000000000
115867  52.110  24.283  35.214 0.0000000000
152449  47.622  18.839  40.870 0.0000000000
111521  46.789  18.330  41.261 0.0000000000
110833  45.864  17.527  41.227 0.0000000000
110845  45.192  16.894  40.623 0.0000000000
119302  52.015  29.668  42.895 0.0000000000
118605  52.175  29.036  43.132 0.0000000000
118606  51.434  28.477  42.968 0.0000000000
117881  51.696  27.737  43.265 0.0000000000
118643  45.902  29.358  39.808 0.0000000000
118652  46.439  28.784  39.005 0.0000000000
118642  46.744  29.358  39.829 0.0000000000
118641  47.552  29.421  39.899 0.0000000000
119352  49.236  29.870  40.283 0.0000000000
120020  50.102  30.489  40.799 0.0000000000
144963  49.638  30.563  41.075 0.0000000000
119996  50.676  30.315  41.772 0.0000000000
105369  59.007  10.643  41.649 0.0000000000
147515  57.656  10.605  40.927 0.0000000000
105360  57.184  10.819  42.467 0.0000000000
106133  56.298  11.083  42.334 0.0000000000
106118  55.757  11.280  42.991 0.0000000000
164941  54.156  10.640  47.186 0.0000000000
106086  54.212  11.103  46.258 0.0000000000
167035  53.482  10.780  46.777 0.0000000000
105328  52.239  10.916  46.067 0.0000000000
105329  51.302  10.758  46.001 0.0000000000
113573  54.475  21.658  39.253 0.0000000000
112856  54.640  20.807  38.911 0.0000000000
163936  55.249  21.494  38.840 0.0000000000
112855  55.686  20.895  38.583 0.0000000000
153177  56.179  21.164  38.563 0.0000000000
150395  57.348  20.869  39.952 0.0000000000
146872  57.118  20.616  39.013 0.0000000000
112854  57.478  20.102  39.646 0.0000000000
111533  57.528  18.655  38.555 0.0000000000
151027  57.492  18.134  37.792 0.0000000000
145412  57.544  17.463  37.529 0.0000000000
110103  56.977  16.179  38.621 0.0000000000
115776  55.559  24.401  44.383 0.0000000000
149883  56.354  24.052  44.615 0.0000000000
115012  55.422  23.346  44.254 0.0000000000
114258  56.430  22.247  44.244 0.0000000000
112805  55.839  20.757  43.720 0.0000000000
110077  54.246  16.177  43.845 0.0000000000
110817  54.368  17.085  43.112 0.0000000000
153104  54.415  16.119  42.964 0.0000000000
109347  54.701  15.893  42.194 0.0000000000
109346  55.024  15.556  41.408 0.0000000000
156596  55.315  15.251  40.691 0.0000000000
108568  55.392  14.640  41.401 0.0000000000
108567  56.053  13.849  41.246 0.0000000000
107786  56.814  13.197  40.993 0.0000000000
106948  58.557  12.562  41.621 0.0000000000
107777  58.276  13.130  42.400 0.0000000000
147176  58.852  13.423  43.145 0.0000000000
107768  59.060  13.650  43.760 0.0000000000
109305  58.390  16.160  47.591 0.0000000000
146076  58.611  15.364  47.352 0.0000000000
108522  58.399  14.695  48.101 0.0000000000
107740  58.344  13.618  48.194 0.0000000000
167258  52.228  36.528  32.541 0.0000000000
123111  52.534  35.151  31.775 0.0000000000
121922  52.867  33.819  31.158 0.0000000000
121930  52.980  33.171  30.567 0.0000000000
121342  53.304  32.823  30.647 0.0000000000
120730  53.487  31.477  30.569 0.0000000000
119432  53.066  29.716  30.835 0.0000000000
170460  48.749  32.989  35.242 0.0000000000
164901  49.961  34.184  35.410 0.0000000000
146186  49.572  32.253  34.412 0.0000000000
120711  49.515  31.266  34.191 0.0000000000
117941  51.995  27.194  35.720 0.0000000000
117940  53.257  27.248  35.538 0.0000000000
148203  52.367  26.918  34.913 0.0000000000
117257  52.742  26.521  34.100 0.0000000000
117258  51.902  26.566  33.331 0.0000000000
117256  54.172  26.446  34.142 0.0000000000
117264  54.559  26.013  33.646 0.0000000000
117263  55.343  26.147  33.795 0.0000000000
117254  55.508  26.645  34.187 0.0000000000
117248  55.473  26.779  34.470 0.0000000000
117243  55.336  26.837  36.236 0.0000000000
116530  54.893  26.495  39.714 0.0000000000
115816  54.542  25.611  39.620 0.0000000000
115059  53.549  23.765  39.591 0.0000000000
110861  54.545  17.258  38.096 0.0000000000
110115  53.828  16.337  38.169 0.0000000000
109370  54.605  16.329  37.513 0.0000000000
109380  53.399  15.448  36.515 0.0000000000
142583  52.776  15.421  35.413 0.0000000000
107868  52.549  14.299  32.200 0.0000000000
109421  52.212  14.856  32.092 0.0000000000
108626  51.161  14.561  32.213 0.0000000000
108617  50.498  14.369  32.746 0.0000000000
108618  49.973  14.605  32.891 0.0000000000
108619  49.390  14.179  33.396 0.0000000000
107060  48.375  12.502  33.473 0.0000000000
106965  53.991  12.198  39.783 0.0000000000
106979  53.519  12.586  39.198 0.0000000000
106980  52.712  12.755  39.447 0.0000000000
141657  50.903  12.906  39.119 0.0000000000
168257  47.120  16.700  39.707 0.0000000000
110856  47.864  16.715  39.554 0.0000000000
143603  48.123  16.495  36.573 0.0000000000
115836  52.362  24.635  37.707 0.0000000000
115091  50.817  23.962  37.998 0.0000000000
114338  51.089  22.642  38.603 0.0000000000
112184  49.085  19.616  39.804 0.0000000000
111529  48.243  18.150  40.548 0.0000000000
153416  44.942  29.423  39.703 0.0000000000
119355  46.322  29.887  40.614 0.0000000000
119320  47.429  30.003  41.479 0.0000000000
105313  58.957  10.289  46.202 0.0000000000
154547  57.950  10.665  45.138 0.0000000000
105314  58.356  10.187  46.572 0.0000000000
105315  57.373  10.440  46.636 0.0000000000
105305  56.931  10.303  47.303 0.0000000000
104528  57.728  9.176  48.390 0.0000000000
167124  56.495  10.003  47.839 0.0000000000
105306  55.921  10.374  47.402 0.0000000000
105307  54.902  10.252  47.621 0.0000000000
152676  53.957  9.961  47.826 0.0000000000
142142  56.093  23.311  39.575 0.0000000000
115055  56.517  23.287  39.950 0.0000000000
115803  56.698  24.717  41.481 0.0000000000
114290  57.286  22.051  41.056 0.0000000000
143513  57.438  21.097  40.848 0.0000000000
168472  57.512  20.748  41.339 0.0000000000
112164  57.484  19.847  41.290 0.0000000000
142702  53.372  21.480  43.878 0.0000000000
142777  54.509  21.449  43.946 0.0000000000
112807  53.585  20.815  43.949 0.0000000000
159191  53.555  19.266  44.233 0.0000000000
171185  53.844  17.860  43.949 0.0000000000
110803  53.386  17.669  45.497 0.0000000000
110061  53.734  16.895  45.127 0.0000000000
109326  54.774  15.525  44.549 0.0000000000
147081  56.318  14.852  44.910 0.0000000000
109325  57.177  14.766  45.004 0.0000000000
109316  56.699  15.208  45.608 0.0000000000
109311  56.872  15.697  46.270 0.0000000000
110053  57.505  16.141  46.822 0.0000000000
110782  57.314  17.425  47.958 0.0000000000
110043  58.112  16.853  47.870 0.0000000000
109302  58.304  16.257  48.574 0.0000000000
109303  57.766  15.739  49.451 0.0000000000
122517  53.128  34.277  33.239 0.0000000000
155452  49.995  27.903  36.860 0.0000000000
141818  49.871  27.953  35.998 0.0000000000
147013  51.106  27.782  37.042 0.0000000000
118668  52.368  27.878  37.004 0.0000000000
119363  53.311  29.175  38.631 0.0000000000
118655  53.441  28.419  37.061 0.0000000000
118666  54.180  28.290  36.262 0.0000000000
118665  54.776  28.326  36.121 0.0000000000
118664  55.080  28.346  36.172 0.0000000000
117927  55.217  27.767  35.698 0.0000000000
117920  55.317  28.290  36.786 0.0000000000
117914  55.478  28.366  37.974 0.0000000000
143913  55.392  27.790  38.826 0.0000000000
117912  55.460  27.696  39.743 0.0000000000
117224  55.277  27.151  39.876 0.0000000000
116528  55.511  26.379  40.375 0.0000000000
115809  55.844  25.487  40.418 0.0000000000
142893  56.261  15.921  34.955 0.0000000000
109390  55.313  15.654  35.251 0.0000000000
109399  55.375  15.352  34.069 0.0000000000
109418  54.700  14.812  32.689 0.0000000000
108622  54.283  14.543  32.440 0.0000000000
107057  55.944  13.530  33.341 0.0000000000
107856  54.294  13.920  32.573 0.0000000000
107867  53.411  14.313  32.235 0.0000000000
107857  53.219  13.892  32.544 0.0000000000
107845  52.111  13.610  33.369 0.0000000000
107834  51.639  13.388  34.613 0.0000000000
106939  49.675  12.394  42.251 0.0000000000
106953  50.119  12.577  41.416 0.0000000000
106940  48.722  12.164  42.043 0.0000000000
107798  45.308  13.334  39.614 0.0000000000
109366  45.833  16.130  38.569 0.0000000000
108591  45.959  15.575  38.415 0.0000000000
165714  45.956  13.355  38.398 0.0000000000
107001  45.563  12.566  37.858 0.0000000000
107826  46.848  13.269  36.251 0.0000000000
115132  53.311  22.926  33.145 0.0000000000
115144  52.910  22.511  32.534 0.0000000000
115851  51.652  24.563  36.219 0.0000000000
119298  55.017  29.007  43.464 0.0000000000
161434  55.321  27.891  43.816 0.0000000000
119295  54.728  28.668  43.737 0.0000000000
117873  55.213  27.503  43.969 0.0000000000
117185  55.271  26.741  44.092 0.0000000000
145944  53.072  27.992  43.544 0.0000000000
117190  54.415  26.839  43.823 0.0000000000
154402  55.074  25.915  44.098 0.0000000000
116501  54.789  25.073  43.981 0.0000000000
115787  53.973  24.359  43.673 0.0000000000
113533  53.327  22.517  43.723 0.0000000000
113534  52.608  21.797  43.745 0.0000000000
112808  52.804  20.543  44.183 0.0000000000
159666  48.620  34.496  36.241 0.0000000000
123063  47.376  35.207  36.518 0.0000000000
122500  47.794  34.430  36.382 0.0000000000
121893  48.552  33.371  35.550 0.0000000000
121311  48.181  32.558  35.362 0.0000000000
120706  48.258  31.079  35.099 0.0000000000
119391  48.319  29.429  35.696 0.0000000000
119366  46.240  28.794  38.143 0.0000000000
119382  47.804  29.122  36.397 0.0000000000
118670  48.230  28.443  37.114 0.0000000000
118657  49.032  28.189  37.114 0.0000000000
168309  49.682  28.158  37.685 0.0000000000
118648  50.879  28.651  38.827 0.0000000000
119351  51.680  29.782  39.951 0.0000000000
165410  50.958  30.349  40.655 0.0000000000
120691  52.561  30.293  40.517 0.0000000000
120679  53.464  30.431  41.183 0.0000000000
119993  53.942  30.078  42.418 0.0000000000
106201  58.502  11.211  37.726 0.0000000000
106203  57.339  11.251  37.125 0.0000000000
106190  57.799  10.770  37.899 0.0000000000
106191  56.868  11.063  38.347 0.0000000000
106177  55.541  11.503  39.410 0.0000000000
148238  56.739  10.866  40.867 0.0000000000
106165  55.799  11.283  40.077 0.0000000000
106166  54.426  11.781  40.450 0.0000000000
106966  53.565  12.208  40.489 0.0000000000
106950  53.121  12.271  41.088 0.0000000000
106952  51.553  12.522  41.770 0.0000000000
106090  57.104  10.781  44.920 0.0000000000
169408  55.582  11.304  44.256 0.0000000000
106103  55.264  11.394  43.633 0.0000000000
106093  53.614  11.331  45.406 0.0000000000
106104  53.992  11.461  44.547 0.0000000000
170167  53.639  11.649  43.219 0.0000000000
106121  52.830  11.783  43.294 0.0000000000
106137  52.128  12.069  42.938 0.0000000000
171015  50.216  12.391  42.667 0.0000000000
106928  49.861  12.187  43.080 0.0000000000
148178  52.781  18.820  38.978 0.0000000000
112191  53.633  18.780  38.810 0.0000000000
111544  54.501  18.732  38.528 0.0000000000
155041  54.809  18.136  38.203 0.0000000000
110867  56.034  17.386  37.010 0.0000000000
110137  56.455  16.994  36.243 0.0000000000
113585  56.215  21.834  38.742 0.0000000000
112867  56.216  20.384  38.459 0.0000000000
112872  57.032  19.875  38.415 0.0000000000
112873  56.603  19.738  38.248 0.0000000000
111550  56.792  18.381  37.214 0.0000000000
110146  56.778  16.635  35.558 0.0000000000
109398  56.891  16.191  34.998 0.0000000000
109388  57.236  16.287  35.347 0.0000000000
161781  57.320  15.398  34.753 0.0000000000
109378  57.572  16.450  36.336 0.0000000000
148329  57.546  15.868  35.683 0.0000000000
108604  57.615  14.912  35.292 0.0000000000
107819  57.773  14.180  35.848 0.0000000000
107809  57.853  13.367  36.532 0.0000000000
107005  58.135  12.292  36.733 0.0000000000
117183  56.011  26.795  44.041 0.0000000000
116492  56.548  25.586  44.284 0.0000000000
115022  57.214  23.458  44.195 0.0000000000
115010  56.807  23.748  44.645 0.0000000000
115009  57.005  23.385  44.564 0.0000000000
145603  57.391  22.755  43.471 0.0000000000
112156  57.408  20.097  42.232 0.0000000000
112806  54.872  20.783  43.775 0.0000000000
112823  55.040  20.031  43.473 0.0000000000
167929  55.993  20.174  43.409 0.0000000000
110825  54.926  17.931  42.453 0.0000000000
112158  56.201  19.281  42.613 0.0000000000
111513  56.689  19.013  41.988 0.0000000000
111520  56.966  18.721  41.169 0.0000000000
111527  57.208  18.297  40.103 0.0000000000
110852  56.840  16.826  39.217 0.0000000000
109362  57.031  15.512  38.189 0.0000000000
108581  55.841  14.507  39.667 0.0000000000
108589  56.779  14.364  38.233 0.0000000000
107803  57.276  13.390  38.168 0.0000000000
107802  57.725  12.953  37.749 0.0000000000
106990  58.446  11.681  37.590 0.0000000000
106189  58.923  11.190  38.505 0.0000000000
106175  59.266  10.943  39.458 0.0000000000
105389  59.361  10.901  40.263 0.0000000000
164947  59.022  12.125  41.246 0.0000000000
106162  59.369  11.290  40.811 0.0000000000
105379  59.402  10.928  41.136 0.0000000000
105368  59.429  11.034  42.076 0.0000000000
105346  59.422  10.998  43.646 0.0000000000
105334  59.127  10.713  44.332 0.0000000000
109324  57.756  14.759  45.079 0.0000000000
148346  58.334  14.420  44.669 0.0000000000
107756  59.027  13.904  44.327 0.0000000000
108525  58.672  14.986  46.564 0.0000000000
108529  58.788  14.399  45.748 0.0000000000
107755  59.211  13.629  44.496 0.0000000000
106916  59.408  12.994  44.591 0.0000000000
106089  59.416  11.783  44.975 0.0000000000
105312  59.257  10.751  45.798 0.0000000000
149673  59.218  10.321  46.706 0.0000000000
104533  59.295  10.038  47.722 0.0000000000
104524  59.431  9.445  49.266 0.0000000000
163337  59.521  9.098  49.635 0.0000000000
120750  52.447  31.002  29.383 0.0000000000
120743  52.764  31.743  29.858 0.0000000000
120749  52.782  30.957  29.466 0.0000000000
157877  52.738  29.330  28.365 0.0000000000
118744  52.775  28.486  28.490 0.0000000000
117990  52.807  27.336  29.233 0.0000000000
116588  52.572  25.073  31.116 0.0000000000
121897  52.725  34.407  33.879 0.0000000000
152738  52.565  33.240  33.045 0.0000000000
118680  49.487  28.469  35.370 0.0000000000
118687  49.774  28.525  34.661 0.0000000000
147982  51.989  31.375  32.444 0.0000000000
120721  52.821  31.521  31.797 0.0000000000
119417  52.597  29.967  31.530 0.0000000000
117968  51.879  26.985  31.610 0.0000000000
142900  52.268  26.530  30.745 0.0000000000
147513  52.379  25.622  31.251 0.0000000000
116587  53.417  24.552  31.956 0.0000000000
115903  54.258  24.400  32.660 0.0000000000
116564  55.527  25.928  33.863 0.0000000000
115864  55.397  25.337  34.105 0.0000000000
115849  53.195  25.117  37.052 0.0000000000
116546  54.499  26.374  37.128 0.0000000000
170627  53.980  25.743  36.853 0.0000000000
115827  52.617  24.437  38.604 0.0000000000
115060  52.662  23.332  39.359 0.0000000000
114322  52.340  22.501  39.348 0.0000000000
111535  52.339  18.119  39.019 0.0000000000
110104  52.148  16.623  38.680 0.0000000000
110117  51.715  15.959  38.131 0.0000000000
109363  53.182  15.816  37.950 0.0000000000
109364  52.463  15.777  37.941 0.0000000000
110127  51.097  15.745  37.448 0.0000000000
110148  48.899  16.431  35.149 0.0000000000
142613  54.510  15.444  34.648 0.0000000000
142304  53.516  15.390  34.575 0.0000000000
109392  51.847  15.600  34.655 0.0000000000
109412  51.587  15.268  32.450 0.0000000000
109393  51.089  15.847  34.954 0.0000000000
110147  50.446  16.186  34.401 0.0000000000
151182  49.633  16.350  34.437 0.0000000000
110149  48.263  16.220  35.121 0.0000000000
107836  47.830  13.612  34.447 0.0000000000
107848  48.667  13.544  33.624 0.0000000000
107849  47.915  13.035  33.629 0.0000000000
106204  56.515  11.685  36.784 0.0000000000
107023  55.090  12.565  36.292 0.0000000000
107024  54.197  12.946  36.498 0.0000000000
106994  53.762  12.715  38.374 0.0000000000
107810  53.258  13.242  36.703 0.0000000000
107821  53.525  13.324  35.631 0.0000000000
107822  52.540  13.416  35.261 0.0000000000
107823  51.673  13.365  35.707 0.0000000000
107835  50.868  13.194  35.058 0.0000000000
106970  49.719  12.578  40.610 0.0000000000
142584  49.865  12.688  39.064 0.0000000000
106997  50.265  12.885  38.052 0.0000000000
106999  48.460  12.375  38.655 0.0000000000
106998  49.310  12.593  38.364 0.0000000000
107011  50.220  12.844  36.821 0.0000000000
107025  50.220  12.774  35.623 0.0000000000
107038  50.016  12.815  34.351 0.0000000000
107039  49.295  12.435  34.275 0.0000000000
107050  48.633  12.009  33.849 0.0000000000
149275  58.337  5.529  51.489 0.0000000000
102044  57.382  6.463  50.296 0.0000000000
101135  56.381  5.920  50.028 0.0000000000
102920  56.100  7.143  49.565 0.0000000000
101125  59.403  6.678  51.502 0.0000000000
101130  57.923  6.004  50.874 0.0000000000
101131  56.990  5.512  50.560 0.0000000000
102042  59.295  7.060  50.802 0.0000000000
102046  57.806  7.433  49.894 0.0000000000
102047  56.708  6.798  49.861 0.0000000000
102048  55.728  6.255  49.552 0.0000000000
102913  59.485  7.725  50.575 0.0000000000
102914  59.172  7.464  50.319 0.0000000000
102917  59.514  8.308  50.253 0.0000000000
103707  59.213  8.211  49.689 0.0000000000
103710  56.493  7.966  49.394 0.0000000000
103714  58.178  8.645  48.956 0.0000000000
104514  59.549  8.934  50.292 0.0000000000
104526  59.298  9.465  48.508 0.0000000000
104535  58.297  9.553  47.833 0.0000000000
104537  55.627  9.835  48.064 0.0000000000
104538  54.634  9.546  48.205 0.0000000000
105318  51.156  10.210  46.816 0.0000000000
105323  59.315  10.878  44.901 0.0000000000
105324  59.021  10.549  45.302 0.0000000000
105325  58.537  10.438  45.664 0.0000000000
105327  56.421  10.865  45.566 0.0000000000
105330  50.536  10.798  45.676 0.0000000000
105347  59.123  10.737  43.515 0.0000000000
105357  59.400  11.110  42.964 0.0000000000
105358  59.073  10.765  42.688 0.0000000000
105370  57.922  10.647  41.699 0.0000000000
105371  56.927  10.841  41.635 0.0000000000
105381  58.461  10.474  40.274 0.0000000000
105391  58.280  10.500  39.364 0.0000000000
105392  57.250  10.710  39.542 0.0000000000
105400  58.919  10.752  38.886 0.0000000000
105411  58.541  10.892  38.114 0.0000000000
106082  59.245  10.775  48.059 0.0000000000
106091  56.225  11.075  44.586 0.0000000000
106092  54.603  11.332  45.260 0.0000000000
106094  52.703  11.275  45.431 0.0000000000
106101  56.831  10.917  44.034 0.0000000000
106102  56.012  11.202  43.770 0.0000000000
106120  53.396  11.605  43.927 0.0000000000
106123  50.237  11.812  43.740 0.0000000000
106132  59.559  11.681  42.537 0.0000000000
106136  53.996  11.736  41.958 0.0000000000
106138  49.048  11.977  42.859 0.0000000000
106152  53.109  12.048  41.866 0.0000000000
106163  59.328  11.170  40.070 0.0000000000
106176  56.486  11.085  39.286 0.0000000000
106178  55.162  11.874  38.716 0.0000000000
106202  58.162  11.061  37.328 0.0000000000
106216  57.765  11.527  36.551 0.0000000000
106912  59.328  12.746  45.487 0.0000000000
106934  59.441  12.212  42.263 0.0000000000
106936  52.247  12.283  42.207 0.0000000000
106937  51.469  12.343  42.590 0.0000000000
106938  50.659  12.508  42.182 0.0000000000
106947  59.308  11.877  41.416 0.0000000000
106951  52.391  12.435  41.375 0.0000000000
106954  49.220  12.446  41.348 0.0000000000
106955  48.341  12.293  41.228 0.0000000000
106977  58.714  11.654  38.919 0.0000000000
106978  54.325  12.316  38.993 0.0000000000
106982  50.242  12.665  39.888 0.0000000000
106984  48.546  12.465  39.635 0.0000000000
107000  47.751  12.058  38.546 0.0000000000
107006  58.084  12.571  37.283 0.0000000000
107007  55.690  12.080  37.005 0.0000000000
107009  53.969  12.835  37.464 0.0000000000
107021  56.727  12.146  35.321 0.0000000000
107035  57.047  12.507  34.820 0.0000000000
107037  55.635  12.832  34.707 0.0000000000
107045  57.192  13.255  34.349 0.0000000000
107047  55.572  13.187  33.916 0.0000000000
107748  59.185  13.653  45.134 0.0000000000
107811  52.476  13.294  37.216 0.0000000000
107818  57.829  13.033  35.901 0.0000000000
107841  57.333  14.102  34.315 0.0000000000
107842  55.189  13.643  33.131 0.0000000000
107846  51.646  13.519  33.761 0.0000000000
107854  56.983  14.039  33.759 0.0000000000
107855  55.411  14.078  32.729 0.0000000000
107858  52.299  13.845  32.678 0.0000000000
107866  54.604  14.280  32.454 0.0000000000
108540  58.952  14.089  44.933 0.0000000000
108575  55.579  14.511  40.457 0.0000000000
108608  57.442  14.650  34.658 0.0000000000
108616  56.035  14.683  32.999 0.0000000000
108623  53.564  14.564  32.254 0.0000000000
108624  52.784  14.603  32.079 0.0000000000
108625  51.946  14.598  32.000 0.0000000000
108627  50.557  14.939  32.414 0.0000000000
109286  57.485  16.388  50.044 0.0000000000
109310  58.147  15.511  46.498 0.0000000000
109314  57.913  15.202  45.969 0.0000000000
109315  57.583  15.440  46.158 0.0000000000
109340  54.731  15.459  42.893 0.0000000000
109371  53.770  15.702  37.458 0.0000000000
109397  56.944  15.644  34.483 0.0000000000
109402  51.043  15.842  34.011 0.0000000000
109408  55.617  15.062  33.198 0.0000000000
109409  54.607  15.098  32.965 0.0000000000
109419  53.957  14.809  32.454 0.0000000000
110041  57.691  17.314  49.644 0.0000000000
110046  57.565  16.754  47.451 0.0000000000
110052  57.757  16.078  46.843 0.0000000000
110054  56.832  16.358  46.846 0.0000000000
110059  55.199  15.963  45.968 0.0000000000
110068  54.209  16.213  44.769 0.0000000000
110095  56.402  16.013  39.302 0.0000000000
110116  52.893  16.399  38.475 0.0000000000
110145  57.099  16.850  35.655 0.0000000000
110764  57.672  17.680  48.868 0.0000000000
110773  57.665  17.390  48.188 0.0000000000
110810  53.553  17.707  44.567 0.0000000000
110832  56.469  17.939  40.843 0.0000000000
110866  57.424  17.471  36.789 0.0000000000
110872  57.285  17.351  36.379 0.0000000000
110873  57.125  17.356  36.189 0.0000000000
111497  53.860  18.573  43.978 0.0000000000
112147  56.553  19.943  43.092 0.0000000000
112821  57.377  21.047  43.101 0.0000000000
112832  57.436  20.656  42.625 0.0000000000
113517  56.996  22.041  44.026 0.0000000000
113520  52.303  21.088  43.998 0.0000000000
113547  57.511  21.165  42.613 0.0000000000
114267  57.149  22.690  44.148 0.0000000000
115045  56.905  23.254  40.709 0.0000000000
115130  54.408  23.552  33.138 0.0000000000
115773  56.746  24.824  44.443 0.0000000000
115774  56.648  24.539  44.632 0.0000000000
115775  56.302  24.720  44.657 0.0000000000
115788  52.957  24.699  43.476 0.0000000000
115890  55.148  25.131  33.678 0.0000000000
116570  55.162  25.496  33.606 0.0000000000
117184  55.729  26.697  44.144 0.0000000000
117874  54.661  28.258  43.853 0.0000000000
117878  55.779  27.499  43.606 0.0000000000
117879  54.621  27.632  43.895 0.0000000000
117938  55.124  27.482  35.039 0.0000000000
117958  51.239  27.147  33.350 0.0000000000
117969  51.482  27.069  32.602 0.0000000000
118599  55.072  28.024  43.889 0.0000000000
118602  55.417  28.244  43.501 0.0000000000
118604  53.008  28.719  43.441 0.0000000000
118610  55.768  27.885  42.824 0.0000000000
118612  51.417  29.398  42.717 0.0000000000
118637  55.528  28.480  39.246 0.0000000000
118646  52.976  28.753  38.048 0.0000000000
118667  53.395  28.016  36.506 0.0000000000
118745  52.275  28.812  28.032 0.0000000000
119307  54.491  29.632  42.983 0.0000000000
119308  52.211  29.994  42.665 0.0000000000
119309  51.387  29.971  42.418 0.0000000000
119311  49.702  29.985  42.108 0.0000000000
119317  55.132  29.446  41.579 0.0000000000
119321  46.776  29.927  41.365 0.0000000000
119335  55.157  29.461  40.551 0.0000000000
119336  49.414  30.455  40.872 0.0000000000
119337  48.574  30.284  40.773 0.0000000000
119339  46.486  30.066  41.090 0.0000000000
119353  48.388  29.588  40.096 0.0000000000
119354  47.054  29.891  40.466 0.0000000000
119361  55.194  29.155  38.107 0.0000000000
119362  54.725  29.375  38.233 0.0000000000
119365  51.412  29.246  39.460 0.0000000000
119376  44.662  29.312  38.447 0.0000000000
119380  54.306  28.586  36.681 0.0000000000
119381  48.571  28.660  36.280 0.0000000000
119433  52.323  29.130  31.422 0.0000000000
119451  53.542  29.992  29.766 0.0000000000
119465  53.269  29.955  29.179 0.0000000000
119466  52.890  29.911  28.682 0.0000000000
119988  53.839  29.794  43.027 0.0000000000
119989  53.098  29.913  42.884 0.0000000000
119992  54.555  29.827  42.108 0.0000000000
119998  49.540  30.347  41.522 0.0000000000
120004  53.427  30.383  41.875 0.0000000000
120007  50.116  30.566  41.133 0.0000000000
120008  47.190  30.205  41.192 0.0000000000
120015  54.676  29.896  40.317 0.0000000000
120016  54.112  30.254  40.733 0.0000000000
120018  51.419  30.443  40.957 0.0000000000
120019  50.457  30.525  40.938 0.0000000000
120022  47.894  30.316  41.213 0.0000000000
120031  53.434  30.046  39.787 0.0000000000
120032  51.966  30.106  40.316 0.0000000000
120054  47.152  29.925  36.101 0.0000000000
120060  48.243  30.224  35.283 0.0000000000
120061  47.651  30.620  35.516 0.0000000000
120069  49.420  30.409  34.246 0.0000000000
120102  53.178  30.664  31.201 0.0000000000
120115  53.547  30.716  30.169 0.0000000000
120121  52.615  30.317  29.001 0.0000000000
120676  52.432  30.461  41.671 0.0000000000
120680  52.887  30.488  41.466 0.0000000000
120714  52.483  32.366  32.549 0.0000000000
120742  53.227  31.276  29.891 0.0000000000
120744  52.183  31.703  29.707 0.0000000000
121310  48.949  32.546  34.922 0.0000000000
121315  49.690  33.058  34.701 0.0000000000
121324  53.302  33.079  31.723 0.0000000000
121334  53.351  33.076  31.204 0.0000000000
121343  52.903  32.570  30.257 0.0000000000
121880  48.212  33.839  36.047 0.0000000000
121892  49.326  33.475  35.180 0.0000000000
121904  53.241  33.730  32.453 0.0000000000
121905  52.930  33.785  33.159 0.0000000000
121931  52.475  33.412  30.658 0.0000000000
122534  52.901  34.438  31.616 0.0000000000
123062  48.370  35.133  36.478 0.0000000000
123084  52.810  35.347  34.120 0.0000000000
123100  53.213  35.104  32.636 0.0000000000
123110  52.856  35.082  31.977 0.0000000000
123702  52.744  35.729  32.323 0.0000000000
123703  52.465  35.831  31.960 0.0000000000
124267  47.543  37.651  36.097 0.0000000000
124268  46.116  37.609  36.393 0.0000000000
142043  56.353  12.696  34.543 0.0000000000
142306  54.204  11.597  42.711 0.0000000000
142585  54.343  11.525  43.606 0.0000000000
142624  51.103  11.844  43.792 0.0000000000
143329  55.980  11.429  38.638 0.0000000000
143428  52.591  15.472  34.353 0.0000000000
143794  55.207  11.456  40.698 0.0000000000
145543  57.572  18.898  39.648 0.0000000000
145575  48.787  12.414  37.831 0.0000000000
145836  56.945  24.069  44.610 0.0000000000
146144  50.758  30.018  40.259 0.0000000000
146571  55.941  11.172  40.801 0.0000000000
147756  53.748  27.579  43.696 0.0000000000
148338  57.940  16.400  47.225 0.0000000000
148429  48.361  31.867  35.078 0.0000000000
148766  46.184  29.218  37.403 0.0000000000
148830  50.353  16.205  35.166 0.0000000000
148855  59.136  11.330  39.495 0.0000000000
149016  49.998  30.095  40.343 0.0000000000
149405  55.752  27.594  41.135 0.0000000000
149631  58.520  10.664  43.345 0.0000000000
149832  55.074  29.443  38.682 0.0000000000
150458  53.248  33.422  31.061 0.0000000000
150460  56.206  26.789  43.671 0.0000000000
150894  58.527  10.510  41.002 0.0000000000
151165  57.680  15.657  36.357 0.0000000000
151827  57.668  12.909  41.616 0.0000000000
153369  54.871  24.488  33.827 0.0000000000
154076  57.367  19.856  38.869 0.0000000000
154693  54.057  20.649  43.871 0.0000000000
155257  58.631  14.385  44.824 0.0000000000
157855  55.652  19.559  43.126 0.0000000000
157906  56.338  14.096  33.235 0.0000000000
158773  50.862  15.294  32.446 0.0000000000
159501  52.350  11.416  44.824 0.0000000000
159540  58.501  15.586  48.076 0.0000000000
162120  52.904  30.451  41.959 0.0000000000
163317  52.039  20.505  38.903 0.0000000000
163527  54.576  24.055  33.438 0.0000000000
163923  55.077  28.372  43.778 0.0000000000
164094  57.876  10.012  47.250 0.0000000000
164330  54.019  14.326  32.294 0.0000000000
164368  50.490  28.436  33.335 0.0000000000
164400  49.627  12.494  35.060 0.0000000000
164801  55.148  11.570  40.060 0.0000000000
164827  51.475  12.103  43.232 0.0000000000
165165  53.969  13.310  34.852 0.0000000000
165254  53.534  30.933  30.733 0.0000000000
165256  56.325  26.236  44.150 0.0000000000
165593  52.592  34.553  31.527 0.0000000000
165792  59.298  10.771  46.431 0.0000000000
166111  45.524  29.693  40.448 0.0000000000
166210  52.900  30.460  40.955 0.0000000000
166240  57.810  15.056  45.701 0.0000000000
167047  52.471  13.180  38.013 0.0000000000
167733  56.977  24.845  43.192 0.0000000000
167738  52.949  13.403  35.966 0.0000000000
168532  53.303  12.480  39.887 0.0000000000
168666  56.926  10.645  46.149 0.0000000000
168746  52.072  18.767  39.079 0.0000000000
168750  54.521  24.956  39.702 0.0000000000
168775  58.801  14.098  44.323 0.0000000000
170029  52.793  30.008  39.862 0.0000000000
170116  55.535  28.068  39.463 0.0000000000
170247  54.800  24.409  44.009 0.0000000000
170414  58.129  10.689  43.807 0.0000000000
170507  57.150  24.376  43.917 0.0000000000
170571  53.095  27.470  43.556 0.0000000000
170591  47.439  30.345  41.038 0.0000000000
170938  57.111  11.088  37.749 0.0000000000
171067  58.555  5.239  51.918 0.0000000000
