#!ascii label  , from subject sub-v1s2x0051485_ses-1 vox2ras=TkReg
1627
37436  28.829  -59.576  9.811 0.8999999762
36301  28.541  -60.401  9.569 0.8000000119
37458  29.090  -59.814  8.705 0.8000000119
154073  28.706  -61.274  8.205 0.6999999881
155921  28.638  -61.143  7.213 0.8000000119
37437  28.074  -59.957  10.381 0.8999999762
37435  29.322  -59.016  9.222 1.0000000000
37457  29.353  -58.921  8.278 1.0000000000
36341  28.843  -60.362  7.733 0.8000000119
36360  28.369  -60.361  6.781 0.8000000119
37490  28.526  -59.715  7.061 0.8999999762
36361  27.712  -60.396  6.066 0.8000000119
37508  27.138  -59.643  5.646 0.6999999881
36381  27.100  -60.466  5.274 0.6999999881
38554  27.639  -58.337  10.670 0.8000000119
37419  27.338  -59.239  10.592 0.8999999762
38555  26.475  -58.386  10.647 0.8999999762
38556  25.370  -58.084  10.519 0.8999999762
38565  29.538  -58.355  9.624 0.8999999762
38584  29.659  -58.399  8.777 1.0000000000
37477  28.960  -59.397  7.662 0.8999999762
38611  28.989  -58.518  7.520 1.0000000000
38631  28.347  -58.891  6.888 0.8999999762
170093  27.766  -58.879  6.426 0.8999999762
37491  27.874  -59.536  6.398 0.8000000119
37509  26.479  -59.743  4.906 0.6999999881
40692  28.855  -56.893  10.848 0.8999999762
39616  28.061  -57.433  10.769 0.8999999762
39617  26.994  -57.511  10.792 0.8999999762
39618  25.913  -57.287  10.761 0.8999999762
39619  25.018  -57.320  10.529 0.8999999762
38553  28.595  -58.287  10.545 0.8999999762
38552  29.252  -58.199  10.248 0.8999999762
160412  29.869  -57.872  8.463 1.0000000000
38646  27.265  -58.875  6.000 0.8000000119
38647  26.464  -58.862  5.281 0.8000000119
38648  25.748  -58.484  4.773 0.8000000119
38661  25.147  -58.641  4.331 0.8000000119
38662  24.254  -58.144  4.238 0.8000000119
40694  26.582  -56.775  10.913 0.8999999762
40695  25.116  -56.616  10.732 0.8999999762
159439  24.450  -56.075  10.633 0.8999999762
41797  25.131  -55.918  11.051 0.8999999762
156384  24.550  -55.541  10.996 0.8000000119
40697  23.625  -56.139  10.195 0.8000000119
170871  29.467  -57.128  10.548 0.8999999762
42912  24.246  -55.019  11.225 0.6999999881
41798  23.927  -55.503  10.668 0.6999999881
42913  23.384  -54.942  10.946 0.6999999881
39614  29.725  -57.656  10.049 0.8999999762
42914  22.555  -54.725  10.921 0.6999999881
39628  30.227  -57.178  9.458 1.0000000000
43969  22.497  -54.051  11.686 0.6000000238
39641  30.140  -57.331  8.602 1.0000000000
40731  30.002  -56.747  8.049 1.0000000000
39662  29.734  -57.477  7.970 1.0000000000
157391  28.336  -57.957  7.019 1.0000000000
40746  29.265  -56.886  7.556 1.0000000000
39680  27.756  -57.446  6.616 0.8999999762
38633  26.805  -58.129  5.798 0.8000000119
39693  26.053  -57.972  5.196 0.8000000119
151629  25.695  -57.162  5.119 0.8000000119
39706  25.201  -57.794  4.637 0.8000000119
39707  24.401  -57.422  4.575 0.8000000119
39694  24.889  -56.919  4.817 0.8000000119
39708  23.632  -57.423  4.384 0.8000000119
40693  27.977  -56.459  10.974 0.8999999762
155946  25.894  -56.351  10.958 0.8999999762
41796  27.959  -55.586  11.237 0.8999999762
155184  26.845  -55.948  11.147 0.8999999762
156938  25.817  -55.666  11.185 0.8999999762
42911  25.150  -55.152  11.359 0.8999999762
151786  29.540  -56.456  10.755 0.8999999762
42897  23.894  -54.442  11.624 0.6999999881
40690  30.184  -56.087  10.484 0.8999999762
42898  23.157  -54.274  11.564 0.6000000238
40713  30.409  -56.416  9.704 1.0000000000
163994  21.505  -53.144  12.194 0.5000000000
40730  30.394  -56.626  8.815 1.0000000000
45061  20.922  -52.482  12.110 0.5000000000
41828  30.323  -55.873  8.194 1.0000000000
157347  29.510  -56.090  7.584 1.0000000000
158302  28.779  -56.281  7.240 1.0000000000
40747  28.369  -56.989  7.034 1.0000000000
40764  27.420  -56.644  6.421 0.8999999762
39692  26.430  -57.355  5.590 0.8000000119
41865  27.293  -55.662  6.360 0.8999999762
159730  26.753  -56.825  5.930 0.8000000119
40765  26.656  -56.113  5.952 0.8999999762
40779  26.152  -56.606  5.514 0.8000000119
41882  25.879  -55.833  5.560 0.8999999762
40781  24.485  -56.231  5.156 0.8000000119
40782  23.617  -56.103  4.961 0.8000000119
41885  23.204  -55.265  4.927 0.8000000119
41897  22.786  -55.933  4.423 0.8000000119
41781  26.177  -55.042  11.421 0.8999999762
155650  28.842  -56.071  11.083 0.8999999762
41795  28.793  -55.328  11.266 0.8999999762
43966  25.156  -53.898  12.106 0.6999999881
43967  24.363  -53.953  12.092 0.8000000119
41793  30.314  -55.388  10.652 0.8999999762
42910  29.198  -54.571  11.355 0.8999999762
43968  23.617  -53.843  12.076 0.6999999881
151590  22.892  -53.657  12.119 0.6000000238
145598  22.151  -53.416  12.236 0.6000000238
43942  23.328  -53.205  12.553 0.6999999881
43943  22.524  -52.979  12.634 0.6000000238
45060  21.667  -52.514  12.581 0.5000000000
142771  30.599  -55.964  9.084 1.0000000000
46131  20.982  -51.589  12.313 0.5000000000
41845  29.765  -55.269  7.543 1.0000000000
42962  29.264  -54.545  7.173 1.0000000000
41846  28.791  -55.422  7.098 1.0000000000
42961  30.023  -54.590  7.535 1.0000000000
148885  27.945  -55.269  6.646 0.8999999762
151332  27.299  -54.752  6.360 0.8999999762
41866  26.429  -55.130  5.887 0.8999999762
152633  25.548  -55.136  5.596 0.8999999762
41883  25.003  -55.639  5.420 0.8999999762
42979  27.402  -53.880  6.401 0.8999999762
42994  25.628  -54.369  5.731 0.8999999762
42996  23.674  -54.470  5.386 0.8999999762
41779  28.140  -54.756  11.418 0.8999999762
41780  27.173  -54.952  11.455 0.8999999762
42895  25.618  -54.400  11.727 0.8999999762
42894  26.558  -54.267  11.674 0.8999999762
43965  26.085  -53.639  12.063 1.0000000000
42892  28.301  -53.980  11.542 0.8999999762
41812  30.654  -55.571  9.906 0.8999999762
153749  30.268  -54.639  11.014 0.8999999762
43941  24.124  -53.363  12.479 0.6999999881
45040  22.994  -52.465  12.997 0.6999999881
45041  22.251  -52.246  12.970 0.5000000000
42930  30.978  -54.748  9.729 1.0000000000
46116  21.739  -51.417  12.876 0.5000000000
155992  20.589  -50.908  11.805 0.5000000000
41827  30.771  -55.190  8.835 1.0000000000
171134  30.741  -54.678  8.353 1.0000000000
44009  31.144  -53.590  8.184 1.0000000000
42960  30.611  -54.201  7.872 1.0000000000
158760  29.838  -53.882  7.305 1.0000000000
44024  30.527  -53.213  7.473 1.0000000000
44026  28.936  -53.644  6.846 0.8999999762
152270  28.096  -53.611  6.604 0.8999999762
44040  27.544  -53.081  6.433 0.8999999762
157766  27.383  -53.600  2.908 0.6999999881
44112  26.747  -53.286  3.013 0.8000000119
156424  25.277  -53.241  3.014 0.8000000119
45188  25.217  -52.503  3.213 0.8000000119
162709  28.382  -53.201  11.757 1.0000000000
169812  27.701  -53.569  11.723 1.0000000000
161278  26.741  -53.024  12.156 1.0000000000
45059  26.116  -52.992  12.325 0.6999999881
45038  24.826  -52.763  12.709 0.6999999881
151857  30.648  -54.940  10.435 0.8999999762
43984  29.889  -53.863  11.402 0.8999999762
45039  23.876  -52.633  12.903 0.6999999881
42929  31.356  -54.013  9.656 1.0000000000
43983  30.775  -53.625  11.119 0.8999999762
47111  20.597  -50.241  11.574 0.4000000060
42945  31.101  -54.334  8.773 1.0000000000
45114  30.074  -52.410  7.057 1.0000000000
44038  29.036  -52.901  6.730 1.0000000000
45161  22.143  -52.323  4.838 0.8999999762
156167  29.712  -54.046  1.739 0.6000000238
155825  28.220  -53.564  2.571 0.6000000238
45203  27.591  -52.927  2.716 0.8000000119
45187  26.056  -52.212  3.211 0.8000000119
45190  23.602  -52.848  3.267 0.8999999762
45173  22.758  -52.554  3.717 0.8999999762
43962  30.190  -53.195  11.462 0.8999999762
43963  29.384  -53.178  11.629 0.8999999762
151257  25.729  -52.520  12.532 0.8000000119
46114  23.529  -51.761  13.211 0.6999999881
155516  22.311  -50.837  13.095 0.6000000238
159100  21.638  -49.920  12.424 0.4000000060
42908  31.425  -53.524  10.390 0.8999999762
43997  31.665  -53.286  9.432 1.0000000000
154741  31.561  -53.069  8.551 1.0000000000
45099  31.509  -52.317  8.143 1.0000000000
45113  30.832  -52.326  7.523 1.0000000000
157257  30.312  -51.657  7.233 1.0000000000
46179  29.861  -50.888  7.107 1.0000000000
45145  23.570  -52.507  5.715 0.8999999762
45131  23.575  -51.668  5.763 0.8999999762
46213  22.545  -51.869  5.128 0.8999999762
46238  23.830  -51.273  3.813 0.8999999762
46239  22.891  -51.741  4.271 0.8999999762
44108  31.513  -53.672  1.477 0.6000000238
44123  30.317  -54.256  1.196 0.6000000238
44111  29.173  -53.274  2.085 0.6000000238
45202  28.414  -52.701  2.383 0.8000000119
158882  26.852  -52.338  2.850 0.8000000119
46257  24.585  -51.816  3.434 0.8999999762
152354  28.019  -52.465  12.056 0.8999999762
43964  27.494  -53.035  11.968 0.8999999762
45036  26.489  -52.408  12.349 0.6999999881
45058  27.227  -52.425  12.206 0.8999999762
46113  24.442  -51.912  13.095 0.6000000238
45055  30.804  -52.732  11.410 1.0000000000
45056  29.916  -52.553  11.713 1.0000000000
47076  24.653  -50.429  13.137 0.6000000238
46089  23.170  -50.752  13.234 0.6000000238
47095  22.456  -50.032  12.913 0.5000000000
45072  31.429  -52.890  10.923 1.0000000000
159196  31.922  -52.306  10.571 1.0000000000
45071  31.872  -52.783  10.044 1.0000000000
45087  31.974  -52.537  9.035 1.0000000000
46165  31.849  -51.617  8.646 1.0000000000
46178  31.044  -51.452  7.778 1.0000000000
47142  30.499  -50.647  7.679 1.0000000000
47163  29.104  -50.888  6.626 1.0000000000
46191  28.507  -51.443  6.467 1.0000000000
47164  28.259  -50.440  6.504 1.0000000000
46192  27.510  -51.141  6.289 1.0000000000
168743  26.667  -50.860  6.203 1.0000000000
46193  25.792  -50.995  6.064 0.8999999762
45128  26.660  -51.719  6.146 0.8999999762
45130  24.294  -51.985  5.878 0.8999999762
46212  22.966  -51.401  5.026 0.8999999762
47206  24.918  -50.909  3.586 0.8999999762
43035  32.978  -54.393  2.231 0.6000000238
44107  32.283  -53.882  1.741 0.6000000238
45199  31.054  -53.047  1.975 0.6000000238
45200  30.361  -52.826  1.857 0.6000000238
46269  27.788  -52.091  2.501 0.8000000119
145973  26.420  -51.536  3.029 0.8000000119
45057  28.945  -52.527  11.957 0.8999999762
157199  27.316  -51.177  12.470 0.6999999881
46086  25.609  -51.208  12.894 0.6000000238
47075  25.435  -50.439  12.980 0.6000000238
46127  30.661  -51.826  11.728 0.8999999762
148773  24.475  -49.723  13.191 0.6000000238
47078  23.372  -49.868  13.107 0.5000000000
46144  31.491  -52.148  11.194 1.0000000000
46154  32.273  -51.882  9.733 1.0000000000
147050  32.163  -50.943  9.245 1.0000000000
46166  31.336  -50.560  8.398 1.0000000000
48126  30.351  -49.727  7.991 1.0000000000
47152  29.865  -50.162  7.425 1.0000000000
47153  29.159  -50.080  6.880 1.0000000000
48152  27.800  -49.772  6.628 1.0000000000
47166  26.233  -50.279  6.314 1.0000000000
143784  24.940  -50.719  6.064 0.8999999762
46195  24.228  -51.214  5.926 0.8999999762
47183  23.492  -50.959  5.467 0.8999999762
48187  23.773  -50.123  4.869 0.8999999762
44081  32.523  -53.394  3.476 0.6000000238
44094  31.761  -53.350  2.220 0.6000000238
46266  29.981  -52.052  2.073 0.6000000238
46252  29.546  -51.439  2.463 0.6999999881
47223  28.413  -50.585  2.566 0.6999999881
46255  27.237  -51.407  2.606 0.6999999881
155165  25.937  -50.860  3.197 0.8000000119
48202  24.755  -50.018  3.886 0.8999999762
43023  33.524  -54.588  3.179 0.6000000238
47224  27.592  -50.566  2.598 0.6999999881
47225  26.756  -50.703  2.826 0.8000000119
47226  25.584  -50.156  3.385 0.8999999762
47094  26.184  -50.858  12.793 0.6999999881
169512  24.988  -50.016  13.111 0.6000000238
47109  30.065  -51.111  12.163 0.8999999762
46108  29.056  -51.107  12.340 0.8000000119
47092  27.621  -50.481  12.642 0.6999999881
46126  31.659  -51.346  11.371 0.8999999762
46143  32.150  -51.629  10.666 1.0000000000
47125  32.289  -50.830  10.870 0.8999999762
169746  32.322  -50.406  9.704 1.0000000000
47134  31.869  -50.057  9.154 1.0000000000
48125  31.183  -49.525  8.633 1.0000000000
49119  30.427  -48.883  8.444 1.0000000000
48127  29.622  -48.860  7.953 1.0000000000
146694  28.712  -49.338  7.169 1.0000000000
47154  28.398  -49.731  6.768 1.0000000000
48139  27.200  -49.393  6.696 1.0000000000
143967  25.881  -49.693  6.421 0.8999999762
47167  24.454  -50.569  5.916 0.8999999762
47168  24.169  -50.487  5.709 0.8999999762
49175  24.193  -49.504  4.851 0.8999999762
45185  31.405  -52.712  2.753 0.6000000238
47222  29.147  -50.729  2.701 0.6999999881
48186  24.338  -49.632  4.487 0.8999999762
43008  34.221  -54.329  4.056 0.6000000238
44080  33.310  -53.871  3.842 0.6000000238
48211  28.738  -50.047  2.954 0.6999999881
48213  27.032  -49.788  2.925 0.6999999881
47093  26.872  -50.627  12.708 0.6999999881
48076  26.299  -49.964  12.883 0.6000000238
47090  29.627  -50.392  12.435 0.8000000119
47091  28.570  -50.277  12.598 0.8000000119
48075  27.796  -49.642  12.860 0.6999999881
150011  27.109  -50.025  12.867 0.6999999881
48090  31.253  -50.094  12.093 0.6999999881
47089  30.476  -50.455  12.244 0.8000000119
47107  31.855  -50.510  11.542 0.6999999881
47106  32.353  -50.010  11.073 0.6999999881
48105  32.500  -49.420  10.498 0.8000000119
49105  32.289  -48.686  9.866 0.8000000119
48115  31.735  -49.164  9.249 0.8000000119
148940  32.147  -47.812  9.725 0.8000000119
49118  31.123  -48.788  8.845 0.8999999762
48138  27.946  -49.236  6.978 1.0000000000
49132  27.328  -48.574  7.226 1.0000000000
49121  28.759  -48.172  7.956 1.0000000000
164469  28.280  -48.729  7.435 1.0000000000
48140  26.444  -49.066  6.723 1.0000000000
49145  25.685  -49.023  6.568 1.0000000000
48153  25.187  -49.922  6.215 0.8999999762
49146  25.196  -49.047  6.347 0.8999999762
163810  24.951  -49.333  6.135 0.8999999762
49161  24.453  -49.218  5.482 0.8999999762
44069  33.003  -53.137  4.344 0.6000000238
45170  31.954  -52.881  3.357 0.6000000238
46251  30.211  -51.657  2.643 0.6000000238
47221  29.791  -51.017  3.030 0.6999999881
49174  24.613  -48.902  4.626 0.8999999762
48201  25.455  -49.543  3.606 0.8999999762
48199  28.343  -49.443  3.296 0.6999999881
156569  27.594  -49.199  3.195 0.6999999881
49187  26.722  -48.770  3.354 0.8999999762
50165  26.037  -48.014  3.954 0.8999999762
48073  29.303  -49.662  12.668 0.6999999881
48074  28.574  -49.498  12.799 0.6000000238
48056  27.547  -48.913  13.011 0.6000000238
48058  26.213  -49.007  13.067 0.6000000238
48072  30.343  -49.673  12.481 0.6999999881
141879  29.028  -48.981  12.869 0.6000000238
48071  31.438  -49.144  12.299 0.6999999881
49083  32.194  -48.982  11.867 0.6999999881
48088  32.447  -49.200  11.273 0.6999999881
145875  32.567  -47.831  10.262 0.8000000119
49106  31.503  -48.202  9.268 0.8000000119
50073  31.573  -47.274  9.442 0.8000000119
49107  30.598  -48.163  8.763 0.8000000119
49120  29.749  -48.181  8.392 1.0000000000
50084  30.012  -47.450  8.667 0.8000000119
50096  27.909  -47.752  7.868 1.0000000000
164589  27.577  -48.069  7.601 1.0000000000
49133  26.226  -48.221  7.111 1.0000000000
50087  27.600  -47.119  8.199 1.0000000000
50097  27.107  -47.685  7.674 1.0000000000
50098  25.556  -47.563  7.098 1.0000000000
50099  25.040  -47.779  6.687 1.0000000000
48141  24.919  -48.884  6.198 0.8999999762
46236  31.253  -51.524  4.071 0.6000000238
50149  24.517  -48.639  5.179 0.8999999762
45158  33.504  -52.686  4.999 0.6000000238
45160  32.019  -52.024  4.451 0.6000000238
47203  30.701  -50.911  4.136 0.6999999881
154442  24.840  -48.131  4.790 0.8999999762
48197  29.741  -49.954  4.125 0.6999999881
151602  28.017  -48.942  3.651 0.6999999881
49057  26.958  -48.525  13.085 0.5000000000
155869  29.742  -49.102  12.723 0.6000000238
49055  28.753  -48.252  13.021 0.5000000000
145940  31.255  -48.258  12.627 0.6999999881
49072  30.482  -48.757  12.699 0.6999999881
49071  32.015  -48.368  12.205 0.6999999881
49082  32.507  -48.329  11.501 0.6999999881
162644  32.799  -47.872  10.877 0.6999999881
50062  33.023  -47.066  10.589 0.6999999881
51073  31.667  -46.435  9.493 0.8000000119
50074  30.791  -47.471  9.035 0.8000000119
52122  31.037  -45.965  9.250 0.8000000119
162039  30.364  -47.064  8.877 0.8000000119
167539  29.520  -47.086  8.603 0.8999999762
50086  28.403  -47.320  8.318 1.0000000000
51085  29.921  -46.672  8.724 0.8000000119
51086  29.001  -46.694  8.565 0.8999999762
51088  27.401  -46.439  8.357 1.0000000000
142941  26.247  -47.226  7.529 1.0000000000
162733  25.121  -47.047  6.936 1.0000000000
165858  24.798  -46.985  6.568 0.8999999762
50133  24.553  -48.311  5.765 0.8999999762
50148  24.679  -47.784  5.345 0.8999999762
51111  24.538  -46.896  6.082 0.8999999762
143995  24.965  -47.206  4.897 0.8999999762
46225  33.200  -52.077  5.240 0.6000000238
163811  31.857  -51.345  4.800 0.6000000238
48185  29.482  -49.116  4.479 0.6999999881
50164  26.919  -48.046  3.934 0.8000000119
50147  25.681  -47.201  4.431 0.8999999762
45143  33.894  -52.053  5.437 0.6000000238
48184  30.336  -49.464  4.775 0.6999999881
49170  28.948  -48.457  4.617 0.6999999881
50146  26.521  -47.349  4.351 0.8000000119
51140  25.293  -46.434  4.764 0.8999999762
157457  27.850  -47.837  4.566 0.6999999881
51139  26.127  -46.556  4.659 0.8999999762
49073  29.629  -48.429  12.936 0.5000000000
50027  28.498  -47.486  13.105 0.5000000000
169213  31.142  -47.736  12.811 0.6999999881
50026  29.369  -47.562  13.114 0.5000000000
50041  31.800  -47.573  12.573 0.6999999881
49070  32.384  -47.733  11.998 0.6999999881
142714  32.814  -47.428  11.415 0.6999999881
50051  33.145  -46.566  11.378 0.6999999881
51063  32.903  -46.379  10.150 0.6999999881
52121  31.693  -45.619  9.451 0.8000000119
52131  30.332  -45.912  8.887 0.8000000119
52132  29.453  -45.852  8.641 0.8000000119
52133  28.537  -45.800  8.566 0.8999999762
51087  28.085  -46.542  8.475 1.0000000000
50088  26.874  -46.810  8.070 1.0000000000
149032  29.962  -45.125  8.707 0.8000000119
145258  29.018  -44.904  8.563 0.8000000119
142390  27.674  -45.780  8.490 0.8999999762
52146  26.194  -45.584  7.881 1.0000000000
51100  25.549  -46.677  7.306 1.0000000000
51089  26.829  -45.869  8.267 0.8999999762
148199  24.930  -46.186  6.894 1.0000000000
170936  24.606  -46.273  6.380 1.0000000000
51141  24.849  -46.251  5.151 0.8999999762
47193  30.529  -50.253  4.466 0.6999999881
53339  24.571  -44.871  5.807 0.8999999762
46226  32.597  -51.605  5.142 0.6000000238
47182  31.963  -49.915  5.438 0.6000000238
158803  24.998  -45.757  4.888 0.8999999762
48183  31.115  -49.765  5.088 0.6999999881
171252  29.615  -48.434  4.990 0.6999999881
50144  28.504  -47.840  4.887 0.6999999881
51138  27.031  -46.752  4.732 0.6999999881
52195  26.638  -45.965  5.070 0.8000000119
51137  27.936  -47.117  5.047 0.6999999881
52196  25.657  -45.696  4.921 0.8000000119
52197  25.068  -45.131  4.998 0.8999999762
51124  27.564  -46.199  5.344 0.6999999881
50042  30.440  -47.865  12.978 0.6000000238
50025  30.125  -46.992  13.193 0.5000000000
51039  31.735  -46.660  12.900 0.6999999881
141987  31.010  -47.204  12.966 0.5000000000
51038  32.566  -46.887  12.185 0.6999999881
52092  33.306  -45.701  11.346 0.6999999881
51049  32.992  -45.967  12.060 0.6999999881
52106  33.358  -45.337  10.709 0.6999999881
53253  33.219  -44.888  10.284 0.6999999881
52107  33.019  -45.562  10.055 0.6999999881
52120  32.390  -45.333  9.669 0.6999999881
53269  30.890  -45.175  9.016 0.8000000119
146325  31.809  -44.726  9.377 0.8000000119
53285  31.048  -44.278  8.901 0.8000000119
53286  29.732  -44.335  8.611 0.8000000119
54332  31.156  -43.355  8.797 0.8000000119
159046  30.127  -42.973  8.602 0.8000000119
147698  28.384  -44.281  8.542 0.8000000119
148376  27.608  -44.181  8.517 0.8999999762
52134  26.453  -44.991  8.145 0.8999999762
52135  25.899  -45.045  7.725 1.0000000000
154856  29.177  -43.099  8.547 0.8000000119
52148  24.944  -45.279  6.956 1.0000000000
53303  25.335  -44.638  7.302 1.0000000000
47181  32.972  -50.048  5.601 0.6000000238
53319  24.595  -44.523  6.354 1.0000000000
49169  30.225  -48.707  5.125 0.6999999881
50143  29.345  -47.852  5.220 0.6999999881
53356  24.830  -44.789  5.326 0.8999999762
146598  24.614  -44.043  6.097 1.0000000000
50131  28.949  -47.134  5.454 0.6999999881
51123  28.503  -46.342  5.662 0.8000000119
52181  26.347  -45.118  5.216 0.8000000119
52076  33.178  -45.066  11.965 0.6999999881
53229  33.159  -44.271  12.138 0.6999999881
149773  33.414  -45.038  11.265 0.6999999881
53252  33.441  -44.615  10.807 0.6999999881
54302  33.223  -44.187  10.304 0.6999999881
54315  33.295  -43.353  10.263 0.6999999881
156305  32.261  -44.088  9.507 0.6999999881
158234  32.957  -43.070  9.735 0.6999999881
54317  32.187  -43.333  9.305 0.8000000119
156993  31.673  -43.952  9.182 0.8000000119
55224  30.883  -42.445  8.627 0.8000000119
153904  31.371  -41.969  8.678 0.8000000119
166944  30.198  -42.168  8.557 0.8000000119
53287  26.652  -44.090  8.341 0.8999999762
154997  28.216  -43.389  8.527 0.8000000119
54335  27.186  -43.335  8.437 0.8999999762
53288  25.957  -44.347  7.861 0.8999999762
48169  32.609  -48.897  5.728 0.6000000238
55228  26.674  -42.604  8.273 0.8999999762
55229  25.998  -42.729  8.025 0.8999999762
54346  25.046  -43.810  6.989 1.0000000000
48168  33.518  -49.203  5.685 0.6000000238
154617  24.749  -43.898  6.538 0.8999999762
50130  29.981  -47.137  5.676 0.6999999881
160366  24.775  -43.371  6.335 0.8999999762
52180  27.235  -45.381  5.473 0.8000000119
149823  25.587  -44.885  5.126 0.8999999762
54384  25.520  -43.500  5.425 0.8000000119
53241  33.406  -44.409  11.493 0.6999999881
155401  33.599  -42.946  10.711 0.6999999881
55209  32.565  -42.475  9.362 0.6999999881
55225  29.466  -42.294  8.533 0.8000000119
55227  27.565  -42.517  8.398 0.8000000119
56154  28.933  -41.625  8.366 0.8000000119
56155  27.947  -41.689  8.244 0.8000000119
54345  25.521  -43.829  7.490 0.8999999762
49158  31.733  -48.456  5.593 0.6000000238
159356  26.835  -41.747  8.112 0.8000000119
56157  25.726  -42.124  7.694 0.8999999762
158257  24.964  -43.177  6.776 0.8999999762
49157  32.386  -48.031  5.679 0.6000000238
50129  30.807  -47.368  5.654 0.6999999881
55254  25.048  -42.704  6.577 0.8999999762
158462  29.056  -45.567  5.982 0.6999999881
55282  25.172  -43.133  5.696 0.8000000119
155455  27.398  -43.948  5.650 0.6999999881
54383  26.228  -43.112  5.375 0.8000000119
153395  33.666  -42.978  11.361 0.6999999881
152861  34.032  -41.537  10.611 0.6999999881
55192  33.439  -42.334  10.094 0.6999999881
56153  29.825  -41.575  8.430 0.8000000119
57234  29.382  -40.936  8.119 0.8000000119
57247  28.933  -40.281  7.684 0.8000000119
57236  27.382  -40.941  7.854 0.8000000119
163884  26.015  -41.547  7.791 0.8999999762
56167  25.848  -40.978  7.505 0.8999999762
50128  31.758  -47.511  5.709 0.6000000238
56169  25.373  -41.864  7.112 0.8999999762
157041  31.292  -46.626  5.707 0.6999999881
52177  30.128  -45.408  5.921 0.6999999881
56180  25.285  -41.988  6.797 0.8999999762
53337  28.340  -44.167  5.793 0.6999999881
54369  26.859  -43.305  5.435 0.8000000119
147916  25.569  -41.567  5.912 0.8000000119
54368  27.569  -43.198  5.463 0.6999999881
150008  26.124  -41.867  5.393 0.8000000119
55281  25.795  -42.617  5.539 0.8000000119
55280  26.574  -42.355  5.314 0.8000000119
142672  34.083  -41.525  11.511 0.6999999881
50127  32.727  -47.357  5.641 0.6000000238
57249  26.799  -40.020  7.598 0.8000000119
57250  25.940  -40.284  7.457 0.8999999762
57251  25.643  -40.690  7.197 0.8999999762
52175  31.912  -45.955  5.454 0.6000000238
57259  25.471  -40.438  6.683 0.8999999762
52178  29.451  -44.862  5.948 0.8000000119
149034  25.395  -41.326  6.456 0.8999999762
157040  25.787  -41.895  5.637 0.8000000119
55263  28.137  -42.649  5.209 0.6999999881
56200  26.687  -41.504  5.102 0.8000000119
150365  25.954  -40.202  5.127 0.8000000119
52176  31.070  -45.734  5.639 0.6999999881
53334  30.897  -44.882  5.392 0.5000000000
53335  30.094  -44.359  5.516 0.6000000238
54366  29.533  -43.641  5.293 0.6000000238
144442  28.865  -43.703  5.577 0.6999999881
165311  25.513  -40.486  5.838 0.8000000119
55277  29.015  -42.442  4.718 0.6000000238
55278  28.367  -41.837  4.720 0.6000000238
170613  26.594  -39.972  4.787 0.8000000119
56199  27.635  -41.110  4.691 0.6000000238
59542  25.709  -38.854  7.149 0.8000000119
59543  25.328  -38.105  6.870 0.8000000119
58442  25.298  -39.273  6.265 0.8999999762
53372  31.017  -43.953  4.021 0.6000000238
58461  26.191  -39.338  4.900 0.8000000119
58462  25.626  -39.481  5.429 0.8000000119
144879  25.449  -38.651  5.548 0.8000000119
57287  27.440  -40.114  4.542 0.6000000238
151609  26.080  -38.165  7.019 0.8000000119
59561  24.889  -37.859  6.001 0.8000000119
54381  29.600  -43.026  4.641 0.6000000238
55294  29.225  -41.755  4.218 0.6000000238
142075  25.631  -38.179  5.063 0.8000000119
56210  28.686  -41.095  4.353 0.6000000238
59585  26.093  -38.580  4.830 0.6999999881
59573  25.214  -37.733  5.550 0.8000000119
58473  27.685  -39.228  4.350 0.6000000238
59584  26.877  -38.658  4.488 0.6000000238
60689  26.219  -37.756  4.579 0.6999999881
56209  29.524  -41.023  3.859 0.6000000238
144039  28.371  -39.776  4.205 0.6000000238
61778  27.284  -36.620  6.250 0.8000000119
60652  25.106  -37.436  6.599 0.8000000119
54395  30.739  -43.254  3.523 0.6000000238
61757  25.837  -36.870  6.561 0.8000000119
54409  31.353  -42.877  2.718 0.5000000000
60691  25.088  -36.802  5.312 0.8000000119
61781  24.931  -36.736  6.028 0.8000000119
153247  30.574  -42.404  3.285 0.6000000238
55293  29.752  -42.390  4.050 0.6000000238
61809  25.333  -36.384  4.804 0.6000000238
55306  31.449  -42.002  2.584 0.5000000000
153319  30.385  -40.906  3.265 0.6000000238
57285  29.777  -40.271  3.570 0.6000000238
59599  27.826  -38.411  4.072 0.6000000238
57284  30.417  -40.170  3.206 0.6000000238
58472  28.492  -38.965  3.943 0.6000000238
59598  28.654  -38.111  3.702 0.6000000238
60708  27.661  -37.027  3.867 0.6000000238
61779  26.401  -36.394  6.318 0.8000000119
61780  25.292  -36.402  6.175 0.8000000119
62863  27.966  -36.045  5.779 0.8000000119
63842  26.615  -35.101  5.494 0.6999999881
63843  25.906  -35.088  5.420 0.6999999881
55292  30.718  -41.628  3.035 0.6000000238
147320  26.352  -35.743  3.848 0.6000000238
62907  25.466  -35.238  3.939 0.6000000238
62896  25.130  -35.294  4.474 0.6999999881
57297  30.982  -40.376  2.876 0.5000000000
61822  27.308  -36.155  3.690 0.6000000238
59609  30.548  -38.989  3.058 0.5000000000
151366  29.509  -38.166  3.437 0.6000000238
60707  28.457  -37.265  3.675 0.6000000238
157769  31.314  -39.096  2.843 0.5000000000
63840  28.267  -34.841  5.282 0.6999999881
63859  26.283  -34.442  5.010 0.6000000238
63879  25.733  -34.424  3.900 0.6000000238
63868  25.451  -34.572  4.497 0.6000000238
63878  26.633  -34.369  3.557 0.6000000238
64892  26.272  -33.518  4.112 0.6000000238
141830  30.988  -38.370  2.744 0.5000000000
60706  29.209  -37.438  3.490 0.6000000238
61820  28.931  -36.774  3.495 0.6000000238
61821  28.235  -36.463  3.572 0.6000000238
62906  26.986  -35.255  3.512 0.6000000238
63890  26.466  -33.597  3.731 0.6000000238
60722  30.623  -37.753  2.855 0.6000000238
61835  29.636  -36.767  3.252 0.6000000238
59608  31.898  -38.355  2.671 0.5000000000
60721  31.340  -37.592  2.622 0.5000000000
59607  32.564  -37.992  2.719 0.4000000060
61832  32.556  -36.748  2.187 0.5000000000
63858  27.243  -34.340  5.023 0.6000000238
64882  26.686  -33.566  4.453 0.6000000238
62904  29.010  -35.928  3.314 0.6000000238
63877  27.570  -34.589  3.353 0.6000000238
64891  26.712  -33.026  4.112 0.6000000238
147959  30.025  -36.007  2.981 0.6000000238
62917  29.539  -35.071  2.976 0.6000000238
61834  30.582  -36.914  2.869 0.5000000000
148611  30.798  -36.098  2.636 0.6000000238
61842  32.268  -35.961  2.183 0.5000000000
151020  33.020  -37.103  2.153 0.4000000060
63888  28.144  -33.900  3.274 0.6000000238
64914  27.126  -33.023  3.635 0.5000000000
65907  27.964  -32.401  4.006 0.5000000000
64881  28.400  -33.433  4.535 0.5000000000
62918  28.564  -34.851  3.212 0.6000000238
154008  27.917  -33.127  3.462 0.5000000000
62916  30.447  -35.290  2.631 0.6000000238
62930  31.924  -35.083  2.062 0.5000000000
62929  32.811  -35.388  1.823 0.4000000060
65893  28.831  -32.650  4.416 0.4000000060
63887  29.074  -33.982  2.990 0.6000000238
64912  28.993  -32.941  2.854 0.5000000000
63903  30.980  -34.564  2.331 0.4000000060
63886  29.977  -34.338  2.607 0.6000000238
64911  30.253  -33.569  2.408 0.6000000238
65932  28.838  -31.926  2.747 0.4000000060
63902  32.420  -34.553  1.816 0.4000000060
152482  31.979  -33.735  1.853 0.4000000060
66895  29.040  -31.212  2.833 0.4000000060
64910  31.145  -33.619  2.221 0.4000000060
152943  30.384  -32.666  2.412 0.4000000060
144802  33.285  -34.724  1.673 0.4000000060
64927  31.415  -32.701  2.134 0.4000000060
66850  30.037  -31.494  3.873 0.4000000060
66867  29.335  -31.125  3.396 0.4000000060
65931  29.500  -31.737  2.605 0.4000000060
169802  33.234  -33.400  1.680 0.4000000060
64926  32.435  -33.119  1.777 0.4000000060
65945  32.046  -32.183  1.751 0.4000000060
65946  31.262  -31.671  2.386 0.4000000060
66866  30.137  -30.602  3.272 0.4000000060
67853  30.486  -29.780  2.915 0.4000000060
66879  29.446  -30.928  2.992 0.4000000060
163359  33.077  -32.649  1.680 0.3000000119
66893  30.518  -30.620  2.626 0.4000000060
66894  29.646  -30.950  2.812 0.4000000060
67841  30.831  -29.821  3.306 0.4000000060
66878  30.127  -30.380  2.930 0.4000000060
158544  24.742  -53.713  2.482 0.8000000119
44082  22.846  -53.171  3.185 0.8999999762
44070  22.092  -52.984  4.425 0.8999999762
44083  22.224  -53.220  3.694 0.8999999762
43009  22.000  -54.293  4.141 0.8999999762
44039  28.355  -52.961  6.597 0.8999999762
45126  28.777  -52.286  6.577 1.0000000000
46190  29.481  -51.714  6.736 1.0000000000
42995  24.719  -54.728  5.573 0.8999999762
42980  26.539  -54.110  6.030 0.8999999762
44041  26.720  -53.246  6.159 0.8999999762
45127  27.759  -52.181  6.402 1.0000000000
44052  23.828  -53.523  5.661 0.8999999762
44042  25.662  -53.322  5.854 0.8999999762
45129  25.214  -52.321  5.873 0.8999999762
44053  23.095  -53.015  5.458 0.8999999762
142622  25.753  -51.790  5.932 0.8999999762
65919  28.288  -32.216  3.661 0.4000000060
65933  28.542  -31.957  3.195 0.4000000060
66853  28.537  -31.921  3.804 0.4000000060
65891  30.016  -32.239  4.351 0.4000000060
38567  28.317  -59.086  10.481 0.8999999762
38610  29.553  -58.181  8.004 1.0000000000
150946  29.958  -57.851  9.171 1.0000000000
41794  29.652  -55.542  11.025 0.8999999762
41864  28.090  -56.045  6.793 0.8999999762
39681  27.104  -57.438  6.159 0.8000000119
40780  25.347  -56.397  5.261 0.8000000119
40791  24.018  -56.827  4.804 0.8000000119
41844  30.429  -54.985  7.991 1.0000000000
41884  24.115  -55.435  5.326 0.8000000119
42997  22.659  -54.413  4.814 0.8000000119
42978  28.255  -54.453  6.707 0.8999999762
44051  24.772  -53.837  5.726 0.8999999762
42893  27.456  -54.162  11.597 0.8999999762
162869  26.985  -53.589  11.850 1.0000000000
46115  22.618  -51.593  13.189 0.6000000238
47110  21.152  -50.630  12.303 0.4000000060
47096  21.815  -50.535  12.775 0.4000000060
44025  29.649  -53.092  7.007 1.0000000000
43039  25.175  -54.382  2.196 0.6999999881
46256  25.556  -51.651  3.311 0.8000000119
44054  22.366  -52.867  5.031 0.8999999762
160089  28.972  -53.922  2.212 0.6000000238
45172  23.618  -52.107  3.615 0.8999999762
46111  26.138  -51.693  12.595 0.6999999881
47208  23.455  -50.821  4.513 0.8999999762
47207  24.120  -50.597  3.962 0.8999999762
45201  29.035  -52.476  2.141 0.6999999881
46253  28.851  -51.304  2.410 0.6999999881
46109  28.107  -51.107  12.380 0.8000000119
46128  29.525  -51.849  12.081 0.8999999762
48137  29.462  -49.491  7.476 1.0000000000
162623  26.172  -52.494  5.987 0.8999999762
46194  24.969  -51.476  5.961 0.8999999762
45144  24.542  -52.911  5.811 0.8999999762
47194  23.472  -50.741  5.104 0.8999999762
47108  31.028  -50.914  11.892 0.8000000119
48059  24.691  -48.933  13.265 0.5000000000
46142  32.425  -51.022  10.090 1.0000000000
48172  24.021  -50.173  5.331 0.8999999762
47124  32.447  -50.246  10.334 0.8999999762
48114  32.283  -49.673  9.758 0.8999999762
47205  29.408  -50.328  3.328 0.6999999881
49173  25.233  -48.469  4.215 0.8999999762
48057  26.979  -49.351  12.995 0.6000000238
49074  28.241  -48.906  12.957 0.6000000238
48089  32.043  -49.694  11.756 0.6999999881
49096  32.611  -48.582  10.709 0.6999999881
50085  29.216  -47.501  8.447 1.0000000000
49134  25.434  -48.342  6.736 1.0000000000
168356  25.306  -47.788  4.421 0.8999999762
49056  27.813  -48.129  13.074 0.6000000238
142555  26.234  -48.105  13.202 0.5000000000
50028  27.747  -47.184  13.120 0.5000000000
51062  33.224  -46.122  10.656 0.6999999881
51072  32.423  -46.071  9.755 0.8000000119
51125  24.677  -46.925  5.516 0.8999999762
141745  29.869  -46.166  13.374 0.5000000000
143598  28.060  -44.994  8.547 0.8999999762
54333  30.355  -43.857  8.662 0.8000000119
148902  29.032  -43.937  8.555 0.8000000119
54385  24.786  -44.212  5.629 0.8999999762
141976  32.347  -46.047  12.683 0.6999999881
53268  32.761  -44.662  9.814 0.6999999881
55210  31.714  -42.580  8.889 0.8000000119
163160  26.465  -43.249  8.260 0.8999999762
149943  28.645  -44.861  5.957 0.8000000119
166539  26.988  -44.660  5.500 0.8000000119
54301  33.539  -43.755  10.923 0.6999999881
56152  30.715  -41.608  8.520 0.8000000119
56190  25.292  -42.173  6.327 0.8999999762
55181  33.933  -42.312  10.948 0.6999999881
57237  26.420  -40.925  7.694 0.8999999762
55166  33.759  -42.305  11.667 0.6000000238
55279  27.446  -42.000  5.088 0.6999999881
58434  25.572  -39.680  7.053 0.8999999762
60690  25.454  -37.313  4.954 0.8000000119
152647  27.215  -37.738  4.164 0.6000000238
62885  25.132  -35.766  5.090 0.6999999881
59597  29.786  -38.886  3.360 0.6000000238
62905  27.956  -35.559  3.412 0.6000000238
59610  30.240  -38.287  3.110 0.6000000238
63889  27.214  -33.657  3.440 0.6000000238
66851  29.337  -31.646  3.967 0.4000000060
66881  28.717  -31.593  3.318 0.4000000060
160037  31.402  -30.820  3.808 0.4000000060
66910  31.660  -31.118  2.156 0.4000000060
154556  22.199  -53.610  4.603 0.8999999762
30280  25.297  -66.453  7.195 0.4000000060
28968  24.135  -66.612  8.463 0.4000000060
30264  22.982  -65.814  8.873 0.4000000060
156016  25.733  -65.981  6.834 0.4000000060
31540  24.512  -65.223  9.291 0.4000000060
31541  23.406  -65.097  9.309 0.4000000060
31567  26.634  -65.139  6.384 0.3000000119
30261  25.181  -65.659  8.612 0.4000000060
31582  26.952  -64.599  5.754 0.4000000060
169626  27.139  -63.734  4.839 0.4000000060
34110  26.787  -62.818  4.002 0.4000000060
34124  26.259  -62.089  3.492 0.4000000060
148795  23.897  -64.269  9.544 0.4000000060
31538  26.339  -64.696  8.467 0.4000000060
31539  25.507  -64.995  9.056 0.4000000060
31566  27.377  -64.461  6.666 0.5000000000
32865  27.478  -63.871  5.528 0.4000000060
34109  27.338  -63.066  4.757 0.4000000060
35222  26.943  -62.088  4.364 0.5000000000
35223  26.359  -61.250  4.128 0.5000000000
35224  25.812  -60.528  3.928 0.6000000238
35237  24.861  -60.895  3.030 0.5000000000
36412  23.546  -60.041  3.185 0.4000000060
149506  24.931  -64.317  9.549 0.5000000000
32832  23.418  -63.314  9.486 0.5000000000
34046  22.438  -62.926  8.958 0.5000000000
34059  21.868  -62.425  8.044 0.5000000000
32830  26.733  -63.975  8.833 0.6000000238
31529  25.879  -64.186  9.314 0.6000000238
32843  27.150  -64.353  7.871 0.5000000000
32829  27.496  -63.656  8.321 0.6000000238
32842  27.869  -63.835  7.399 0.5000000000
166676  28.067  -63.600  6.449 0.5000000000
34092  27.973  -62.987  5.645 0.4000000060
35209  27.059  -61.272  4.843 0.6000000238
36382  26.436  -60.510  4.551 0.6000000238
36410  25.279  -59.968  3.699 0.6000000238
37545  24.729  -59.572  3.686 0.6000000238
38680  23.633  -58.729  3.771 0.6000000238
148397  25.250  -60.503  3.452 0.6000000238
37546  24.006  -59.468  3.577 0.6000000238
37547  23.134  -59.260  3.313 0.6000000238
37548  22.608  -58.887  2.715 0.6000000238
32831  24.402  -63.490  9.581 0.5000000000
169212  23.951  -62.774  9.464 0.5000000000
34045  23.194  -62.376  9.120 0.5000000000
34058  22.569  -62.102  8.495 0.5000000000
34043  27.100  -63.368  9.069 0.6000000238
32822  25.343  -63.502  9.608 0.6000000238
34057  28.123  -63.311  7.904 0.6000000238
34042  27.804  -62.895  8.713 0.6000000238
34073  28.634  -62.544  7.139 0.5000000000
34056  28.456  -62.705  7.861 0.6000000238
159233  28.136  -62.246  5.910 0.6000000238
35194  27.763  -61.341  5.766 0.6000000238
37510  25.841  -59.152  4.565 0.6000000238
38664  22.554  -57.796  3.442 0.6999999881
34044  23.904  -62.013  9.292 0.6000000238
35167  23.131  -61.443  8.662 0.5000000000
35181  22.218  -61.577  8.015 0.5000000000
34034  27.023  -62.775  9.511 0.6000000238
34035  25.691  -62.869  9.690 0.6000000238
34036  24.812  -62.649  9.565 0.6000000238
36322  22.550  -60.926  8.190 0.5000000000
36342  21.974  -60.587  7.747 0.5000000000
35150  26.725  -61.980  9.963 0.6000000238
35193  28.477  -61.874  6.627 0.6000000238
39709  22.801  -57.287  3.903 0.6999999881
161830  25.098  -61.333  9.696 0.6000000238
35166  23.888  -61.359  9.114 0.6000000238
36321  23.646  -60.913  8.853 0.6000000238
35151  25.625  -62.072  9.707 0.6000000238
156364  24.318  -60.903  9.306 0.6000000238
156876  23.698  -60.326  8.947 0.6000000238
37460  23.187  -59.886  8.620 0.6000000238
37478  21.968  -59.790  7.886 0.6000000238
155956  25.902  -61.246  10.032 0.6000000238
38613  21.702  -59.284  7.088 0.5000000000
35149  27.672  -62.135  9.410 0.6000000238
39665  21.790  -58.272  7.128 0.6000000238
39725  22.312  -57.149  3.182 0.6999999881
36304  25.069  -60.619  9.843 0.6000000238
37459  23.708  -59.576  9.078 0.6000000238
36293  25.968  -60.262  10.308 0.6000000238
37439  24.987  -59.757  10.012 0.6000000238
36305  24.338  -60.068  9.426 0.6000000238
150716  23.144  -59.141  8.783 0.6000000238
38612  21.950  -58.955  7.894 0.6000000238
36303  26.849  -61.033  10.256 0.6000000238
150562  21.956  -57.992  7.949 0.6000000238
147440  27.512  -61.509  9.927 0.6000000238
36320  28.754  -60.657  8.713 0.6000000238
41898  22.191  -55.738  3.767 0.6999999881
170081  22.099  -55.559  3.249 0.6999999881
37438  27.090  -60.158  10.485 0.6000000238
37440  24.303  -59.248  9.577 0.6999999881
38585  23.697  -58.800  9.237 0.6999999881
36302  27.798  -60.803  10.146 0.6000000238
170420  22.008  -54.654  3.137 0.6999999881
37421  25.566  -59.422  10.349 0.6999999881
37420  26.354  -59.395  10.519 0.6999999881
38569  24.198  -58.531  9.704 0.6999999881
38570  23.690  -57.968  9.472 0.6999999881
38586  23.068  -58.298  8.962 0.6000000238
39642  22.904  -57.246  9.176 0.6000000238
39643  22.456  -57.708  8.545 0.5000000000
44097  23.571  -53.528  2.536 0.8000000119
38568  24.901  -58.823  10.180 0.6999999881
38557  24.417  -57.818  10.157 0.6999999881
40714  23.662  -57.069  9.825 0.6999999881
40748  22.273  -55.928  8.189 0.5000000000
40715  22.957  -56.337  9.590 0.6000000238
40716  22.474  -55.630  9.321 0.6000000238
57235  28.423  -40.949  8.003 0.6999999881
56134  32.061  -41.864  8.897 0.6999999881
57233  30.275  -40.905  8.270 0.6999999881
56133  32.880  -41.649  9.328 0.6000000238
56150  32.286  -41.110  8.796 0.6000000238
57246  29.887  -40.278  7.778 0.6999999881
57248  27.928  -40.215  7.668 0.6999999881
160149  27.558  -39.512  7.435 0.6999999881
56132  33.604  -41.240  9.866 0.6000000238
146920  30.996  -40.922  8.417 0.6999999881
58429  30.353  -39.534  7.511 0.6999999881
58431  28.462  -39.566  7.402 0.6999999881
146169  27.952  -38.908  7.075 0.6999999881
60650  26.720  -37.875  6.863 0.6999999881
57215  33.056  -40.780  9.189 0.6000000238
58414  31.815  -39.857  8.199 0.6000000238
58428  31.259  -39.376  7.653 0.6999999881
59540  28.942  -38.928  7.038 0.6999999881
59559  28.497  -38.272  6.729 0.6999999881
60667  27.444  -37.395  6.569 0.6999999881
57214  33.748  -40.363  9.671 0.6000000238
57230  33.188  -39.939  9.043 0.6000000238
58413  32.623  -39.515  8.464 0.5000000000
58427  32.111  -39.115  7.842 0.6000000238
59556  31.094  -38.121  6.861 0.5000000000
59558  29.414  -38.247  6.690 0.6999999881
61776  29.229  -36.857  6.108 0.6999999881
61777  28.262  -36.915  6.253 0.6999999881
63898  36.039  -34.293  1.890 0.3000000119
143904  35.344  -34.071  1.400 0.3000000119
158261  32.833  -33.944  1.690 0.3000000119
28983  24.593  -66.891  7.844 0.4000000060
28969  23.396  -66.540  8.587 0.3000000119
28970  22.561  -66.465  8.546 0.4000000060
30294  25.672  -66.172  6.279 0.3000000119
30265  22.138  -65.723  8.716 0.4000000060
31583  26.354  -65.074  5.332 0.4000000060
31542  22.431  -64.998  9.137 0.4000000060
31590  26.337  -64.542  4.332 0.4000000060
32893  26.364  -63.173  3.398 0.4000000060
34125  25.681  -62.695  2.783 0.4000000060
35236  25.672  -61.124  3.483 0.5000000000
36424  23.961  -60.732  2.899 0.4000000060
32844  21.783  -63.304  8.495 0.4000000060
37564  22.804  -59.786  2.701 0.5000000000
34060  21.313  -62.448  7.227 0.5000000000
38682  22.427  -58.032  2.866 0.6000000238
34075  21.697  -61.916  7.477 0.5000000000
167679  22.134  -61.110  7.845 0.5000000000
36362  21.572  -60.577  6.901 0.5000000000
39738  22.567  -57.517  2.484 0.6000000238
36343  21.701  -60.035  7.263 0.5000000000
38634  21.592  -58.652  6.390 0.4000000060
40809  22.213  -56.228  3.238 0.6999999881
149155  21.950  -57.145  7.182 0.5000000000
41931  22.617  -55.176  2.460 0.6999999881
39664  22.156  -56.966  7.990 0.5000000000
43041  23.005  -54.343  2.212 0.8000000119
43040  24.117  -54.278  1.908 0.6999999881
41848  21.807  -54.815  6.848 0.5000000000
41829  22.143  -55.010  8.613 0.6000000238
148744  32.650  -45.383  12.577 0.6000000238
53230  32.736  -44.583  12.641 0.6000000238
57198  34.115  -40.715  10.374 0.6000000238
58396  33.836  -39.519  9.517 0.5000000000
59523  33.528  -38.318  8.654 0.5000000000
59536  32.369  -38.317  7.577 0.5000000000
60649  31.846  -37.851  7.071 0.5000000000
61775  30.706  -36.934  6.211 0.5000000000
166056  29.422  -35.528  5.485 0.5000000000
64922  36.378  -33.598  1.964 0.3000000119
64923  35.640  -33.488  1.321 0.3000000119
64925  34.041  -33.228  1.532 0.3000000119
35165  28.242  -61.298  9.278 0.6000000238
35164  28.350  -62.072  8.544 0.6000000238
35180  28.719  -61.962  7.594 0.6000000238
40696  24.369  -56.832  10.347 0.8000000119
40792  23.174  -56.717  4.466 0.6999999881
157160  21.959  -54.948  3.560 0.6999999881
56151  31.512  -41.349  8.598 0.6999999881
58432  26.718  -38.876  7.242 0.6999999881
62883  28.775  -35.615  5.571 0.6000000238
143285  34.586  -34.080  1.455 0.3000000119
44098  22.472  -53.728  2.824 0.8000000119
41930  24.690  -55.039  1.814 0.6999999881
57245  30.897  -40.229  8.020 0.6999999881
30279  25.532  -65.929  7.665 0.4000000060
31551  25.933  -65.381  8.072 0.4000000060
30293  26.081  -65.682  6.181 0.3000000119
31550  26.662  -65.023  7.416 0.5000000000
32833  22.756  -64.053  9.403 0.5000000000
35249  25.348  -61.728  2.873 0.3000000119
36425  23.149  -60.598  2.648 0.4000000060
32845  21.335  -63.110  7.725 0.5000000000
155713  22.403  -56.849  8.600 0.6000000238
59539  29.871  -38.906  7.057 0.6999999881
59541  27.575  -38.184  6.824 0.6999999881
57232  31.647  -40.618  8.466 0.6999999881
57231  32.434  -40.303  8.676 0.6000000238
59538  30.734  -38.784  7.216 0.6999999881
59537  31.568  -38.591  7.373 0.6000000238
60666  28.916  -37.567  6.458 0.6999999881
58412  33.342  -39.129  8.851 0.5000000000
59524  32.851  -38.740  8.196 0.5000000000
60664  30.681  -37.639  6.540 0.5000000000
60665  29.892  -37.446  6.409 0.5000000000
61795  30.417  -36.226  5.761 0.5000000000
62862  28.760  -36.335  5.835 0.6999999881
58395  34.300  -39.064  10.062 0.5000000000
60648  32.605  -37.523  7.325 0.5000000000
60662  32.105  -37.117  6.733 0.5000000000
62881  31.027  -35.766  5.576 0.5000000000
152874  23.572  -55.249  1.926 0.6000000238
41927  27.244  -55.337  3.235 0.5000000000
40825  25.942  -55.977  2.267 0.6000000238
43038  26.081  -54.604  2.744 0.6000000238
40842  30.230  -55.564  2.266 0.5000000000
41926  28.235  -55.025  3.454 0.5000000000
43037  26.879  -54.735  3.062 0.6000000238
42915  21.881  -54.766  10.530 0.5000000000
44095  25.811  -53.771  2.857 0.6000000238
41958  30.547  -55.284  0.731 0.5000000000
41944  29.111  -54.667  2.748 0.5000000000
43078  31.004  -55.034  -0.267 0.5000000000
43985  22.112  -54.334  11.311 0.4000000060
43986  21.450  -54.196  11.348 0.4000000060
43970  21.049  -53.350  11.840 0.4000000060
43069  30.173  -54.670  1.351 0.5000000000
43077  31.415  -54.691  -0.563 0.5000000000
43068  30.645  -54.788  0.472 0.5000000000
45073  20.289  -52.628  11.584 0.4000000060
43055  32.792  -54.352  1.179 0.5000000000
44120  32.035  -54.193  0.911 0.5000000000
46132  20.311  -51.572  11.570 0.4000000060
48060  23.829  -49.193  13.203 0.4000000060
48077  22.945  -49.234  12.907 0.4000000060
48078  22.102  -49.265  12.578 0.3000000119
51023  28.474  -46.682  13.185 0.4000000060
142393  27.641  -46.301  13.239 0.4000000060
49058  25.475  -48.589  13.224 0.4000000060
49059  24.869  -48.213  13.311 0.4000000060
52060  28.317  -45.954  13.296 0.4000000060
50030  25.468  -47.729  13.313 0.4000000060
49060  24.146  -48.331  13.320 0.4000000060
51024  25.368  -46.873  13.378 0.4000000060
50031  24.576  -47.458  13.369 0.4000000060
49075  23.326  -48.471  13.098 0.4000000060
49076  22.507  -48.555  12.721 0.4000000060
50029  27.016  -47.653  13.137 0.4000000060
142395  27.092  -46.900  13.178 0.4000000060
52059  29.007  -46.029  13.350 0.4000000060
161837  27.221  -45.696  13.432 0.4000000060
142392  26.796  -46.289  13.323 0.4000000060
142394  26.280  -47.109  13.271 0.4000000060
142391  25.987  -46.220  13.392 0.4000000060
142597  25.203  -46.096  13.426 0.4000000060
50032  23.654  -47.665  13.266 0.4000000060
142386  24.991  -45.459  13.505 0.4000000060
52062  23.627  -45.782  13.387 0.4000000060
51040  30.803  -46.382  13.226 0.4000000060
142389  28.643  -45.351  13.496 0.4000000060
165839  27.870  -45.477  13.445 0.4000000060
53216  27.239  -44.899  13.711 0.4000000060
52058  30.520  -45.545  13.432 0.4000000060
53214  29.015  -44.640  13.700 0.4000000060
143594  27.700  -44.033  13.999 0.4000000060
143593  26.841  -44.051  13.995 0.4000000060
142388  26.545  -45.542  13.520 0.4000000060
142387  25.715  -45.448  13.550 0.4000000060
53218  25.249  -44.649  13.695 0.4000000060
53219  24.318  -45.153  13.547 0.4000000060
165034  32.197  -45.553  12.921 0.5000000000
142932  32.092  -45.027  13.062 0.5000000000
52057  31.115  -44.800  13.397 0.5000000000
165688  30.242  -44.911  13.601 0.4000000060
146071  29.511  -43.870  13.738 0.4000000060
53215  28.173  -44.731  13.714 0.4000000060
53217  26.276  -44.753  13.767 0.4000000060
53231  31.945  -44.092  13.162 0.5000000000
53213  30.339  -44.273  13.630 0.4000000060
143595  28.574  -43.942  13.876 0.4000000060
54262  28.106  -43.207  14.060 0.4000000060
167570  31.050  -44.021  13.512 0.4000000060
54260  30.439  -43.432  13.591 0.4000000060
161700  29.651  -43.083  13.675 0.4000000060
54261  28.931  -43.148  13.815 0.4000000060
55152  28.490  -42.404  13.928 0.4000000060
145669  30.730  -41.936  13.452 0.4000000060
56079  30.370  -41.132  13.399 0.4000000060
150046  29.784  -41.761  13.512 0.4000000060
146684  29.376  -40.857  13.452 0.4000000060
54277  32.893  -43.590  12.636 0.5000000000
55167  32.799  -42.503  12.816 0.5000000000
55168  31.818  -42.040  13.283 0.4000000060
57157  30.164  -40.297  13.323 0.4000000060
151864  28.728  -40.182  13.441 0.3000000119
54291  33.407  -43.650  11.815 0.5000000000
55149  31.094  -42.760  13.444 0.5000000000
55150  30.152  -42.566  13.551 0.4000000060
55151  29.300  -42.430  13.679 0.4000000060
56081  28.031  -41.631  13.923 0.4000000060
56080  28.886  -41.655  13.674 0.4000000060
56094  31.892  -41.056  13.250 0.5000000000
168843  31.177  -41.352  13.364 0.4000000060
159643  29.084  -39.459  13.317 0.3000000119
57167  33.824  -40.938  12.171 0.5000000000
56093  32.675  -41.540  12.922 0.5000000000
58337  30.926  -39.627  13.197 0.4000000060
58338  29.924  -39.510  13.283 0.4000000060
59448  28.656  -38.621  13.274 0.3000000119
58339  28.231  -39.489  13.410 0.3000000119
147870  33.319  -40.389  12.558 0.5000000000
56106  34.290  -40.942  11.013 0.5000000000
153101  31.957  -39.218  12.973 0.3000000119
57169  31.862  -40.161  13.162 0.4000000060
59465  30.058  -38.094  13.137 0.3000000119
58354  29.579  -38.776  13.258 0.3000000119
59466  28.748  -37.718  13.078 0.3000000119
59467  27.941  -37.934  13.136 0.3000000119
57166  33.966  -40.106  12.130 0.4000000060
57181  34.223  -40.594  11.596 0.4000000060
58364  34.301  -39.751  11.541 0.4000000060
58378  34.241  -39.902  10.194 0.4000000060
58352  31.164  -38.831  13.029 0.3000000119
58353  30.419  -38.830  13.171 0.3000000119
60569  29.528  -37.367  12.858 0.3000000119
60572  27.316  -37.243  12.767 0.3000000119
61683  26.536  -36.793  12.442 0.3000000119
162477  32.816  -39.222  12.728 0.3000000119
61681  28.410  -36.721  12.556 0.3000000119
60571  28.179  -37.233  12.838 0.3000000119
61682  27.281  -36.474  12.320 0.3000000119
58350  33.416  -39.622  12.506 0.3000000119
59461  34.050  -39.268  12.120 0.3000000119
59478  34.353  -38.896  11.490 0.3000000119
59507  33.935  -38.686  9.370 0.4000000060
60647  33.329  -37.134  7.697 0.4000000060
60663  31.343  -37.418  6.577 0.4000000060
61698  26.654  -36.147  12.039 0.3000000119
157020  32.577  -38.574  12.681 0.3000000119
59462  33.437  -38.855  12.493 0.3000000119
60583  34.357  -38.014  11.409 0.3000000119
59506  34.352  -38.226  9.933 0.3000000119
60617  34.427  -37.414  9.810 0.3000000119
60618  34.115  -37.866  9.206 0.4000000060
60635  33.727  -37.492  8.461 0.4000000060
61756  32.853  -36.730  7.025 0.4000000060
61773  32.309  -36.334  6.400 0.4000000060
61774  31.550  -36.709  6.272 0.4000000060
61794  31.090  -36.361  5.890 0.4000000060
59479  34.048  -38.430  12.092 0.3000000119
60634  34.278  -37.029  9.059 0.3000000119
61743  33.970  -36.660  8.244 0.3000000119
61755  33.554  -36.327  7.451 0.4000000060
61772  33.144  -35.860  6.681 0.4000000060
161164  31.932  -34.757  5.397 0.4000000060
157626  31.111  -35.039  5.228 0.4000000060
63857  29.727  -34.489  4.901 0.4000000060
152180  29.206  -35.005  5.299 0.5000000000
61742  34.471  -36.080  8.926 0.3000000119
62828  34.519  -35.176  8.426 0.3000000119
62845  33.767  -35.665  7.251 0.3000000119
62860  33.676  -35.250  6.807 0.4000000060
63839  33.212  -35.027  6.234 0.4000000060
62880  32.401  -35.465  5.951 0.4000000060
63854  32.679  -34.666  5.688 0.3000000119
156740  30.267  -33.851  4.669 0.3000000119
146092  28.830  -34.285  4.832 0.4000000060
64879  29.774  -32.931  4.579 0.3000000119
64880  29.314  -33.615  4.627 0.3000000119
62809  34.643  -35.228  9.391 0.3000000119
63828  34.659  -34.349  8.035 0.3000000119
62844  34.247  -35.029  7.414 0.3000000119
63838  33.876  -34.592  6.589 0.3000000119
64866  34.093  -33.796  6.281 0.3000000119
63853  33.331  -34.218  5.876 0.3000000119
64877  33.499  -33.327  5.555 0.3000000119
158181  32.372  -33.764  5.146 0.3000000119
167320  31.569  -33.460  4.720 0.3000000119
64878  30.794  -33.097  4.603 0.3000000119
160313  31.653  -32.682  4.607 0.3000000119
63816  34.793  -34.463  8.956 0.3000000119
63837  34.431  -34.111  7.141 0.3000000119
150117  34.625  -33.296  6.878 0.3000000119
64876  34.339  -32.985  6.033 0.3000000119
65889  32.783  -32.679  4.914 0.3000000119
65890  30.740  -32.209  4.336 0.3000000119
65905  32.098  -31.786  4.495 0.3000000119
65906  31.013  -31.597  4.000 0.3000000119
40826  22.898  -56.111  2.263 0.6000000238
41946  24.407  -55.793  1.732 0.5000000000
41945  25.192  -55.608  1.821 0.5000000000
40808  27.756  -56.026  3.588 0.5000000000
40824  26.892  -56.044  2.919 0.5000000000
40859  30.999  -55.885  0.181 0.5000000000
40822  30.142  -56.021  3.282 0.5000000000
41912  28.700  -55.627  3.688 0.5000000000
41813  22.835  -55.631  9.878 0.6000000238
41814  22.216  -55.135  9.418 0.6000000238
41799  22.645  -55.197  10.255 0.6000000238
42931  22.039  -55.008  9.773 0.5000000000
42932  21.674  -54.791  9.197 0.5000000000
42916  21.154  -54.822  10.439 0.5000000000
164773  20.384  -53.722  11.304 0.4000000060
46145  19.676  -51.868  10.987 0.4000000060
157668  21.044  -49.913  11.969 0.3000000119
48091  21.278  -49.199  12.042 0.3000000119
49077  21.817  -48.644  12.361 0.4000000060
51027  23.005  -46.419  13.115 0.4000000060
50043  22.848  -47.801  12.942 0.4000000060
54263  27.251  -43.286  14.167 0.4000000060
162897  24.485  -43.298  13.865 0.4000000060
163245  26.544  -43.400  14.136 0.4000000060
143592  26.010  -43.940  13.939 0.4000000060
55153  27.633  -42.437  14.160 0.4000000060
55155  25.802  -42.306  14.201 0.4000000060
145375  28.399  -40.911  13.618 0.4000000060
57158  27.882  -40.236  13.574 0.4000000060
59449  27.675  -38.771  13.339 0.3000000119
59468  27.058  -38.079  13.180 0.3000000119
40872  30.787  -56.322  -0.808 0.5000000000
53220  23.442  -44.883  13.472 0.4000000060
55154  26.680  -42.545  14.238 0.4000000060
43058  27.527  -54.146  3.032 0.5000000000
51022  29.279  -46.754  13.236 0.4000000060
57197  34.355  -40.230  10.921 0.5000000000
144196  29.555  -45.319  13.556 0.4000000060
146812  33.403  -42.823  12.160 0.5000000000
62882  30.132  -35.363  5.349 0.4000000060
162054  31.650  -35.428  5.586 0.4000000060
41928  26.439  -55.333  2.776 0.6000000238
41925  29.321  -55.103  2.999 0.5000000000
158795  30.803  -56.316  2.180 0.5000000000
51025  24.692  -46.629  13.415 0.4000000060
52061  24.449  -45.977  13.445 0.4000000060
51026  23.876  -46.732  13.367 0.4000000060
50033  23.177  -47.144  13.131 0.4000000060
52077  31.569  -45.720  13.164 0.5000000000
161850  29.716  -44.604  13.695 0.4000000060
143591  25.178  -43.671  13.872 0.4000000060
54265  24.197  -44.153  13.713 0.4000000060
54278  32.051  -43.089  13.193 0.5000000000
167846  33.209  -41.085  12.592 0.5000000000
56092  33.458  -41.831  12.309 0.5000000000
57168  32.612  -40.680  12.921 0.4000000060
58377  34.402  -39.404  10.819 0.4000000060
59491  34.431  -38.551  10.721 0.3000000119
60584  33.912  -37.544  12.005 0.3000000119
61754  34.175  -35.848  7.922 0.3000000119
63856  30.524  -34.606  4.941 0.4000000060
64840  34.940  -33.732  8.569 0.3000000119
158270  21.643  -57.405  6.240 0.4000000060
40783  21.411  -56.082  5.655 0.4000000060
41867  21.346  -54.973  6.058 0.3000000119
40766  21.798  -56.063  6.496 0.4000000060
42981  21.121  -54.252  6.763 0.3000000119
38695  22.621  -58.401  2.006 0.5000000000
42963  22.000  -54.161  8.114 0.5000000000
42965  21.064  -53.912  7.546 0.3000000119
39755  22.760  -57.790  1.833 0.5000000000
40846  23.343  -56.792  1.788 0.5000000000
39754  23.094  -57.589  1.552 0.5000000000
42946  21.865  -54.589  8.694 0.5000000000
42947  21.607  -54.044  8.251 0.4000000060
40847  22.797  -57.083  2.120 0.5000000000
39753  23.925  -57.326  1.423 0.5000000000
39752  25.034  -57.001  1.251 0.3000000119
41947  23.635  -56.097  1.832 0.5000000000
40845  24.242  -56.546  1.602 0.4000000060
40844  25.114  -56.231  1.675 0.4000000060
39750  26.600  -57.622  1.791 0.3000000119
39751  26.010  -57.255  1.404 0.3000000119
39736  27.186  -57.607  2.524 0.3000000119
39737  26.561  -56.834  2.278 0.3000000119
148586  28.955  -56.827  4.110 0.3000000119
38693  27.898  -57.957  3.159 0.3000000119
39724  27.350  -56.785  3.087 0.4000000060
43987  19.542  -53.567  10.747 0.3000000119
39735  30.859  -56.734  3.427 0.4000000060
40805  29.899  -56.600  4.119 0.4000000060
39723  28.072  -56.977  3.665 0.4000000060
45074  19.615  -52.789  11.004 0.3000000119
165116  20.017  -50.525  11.012 0.3000000119
50045  21.945  -47.838  12.485 0.3000000119
50044  22.472  -47.072  12.802 0.3000000119
51041  22.164  -46.274  12.743 0.3000000119
52063  22.705  -45.476  13.079 0.3000000119
54266  23.638  -43.309  13.801 0.3000000119
150620  25.132  -42.852  14.024 0.3000000119
164319  25.072  -42.154  14.137 0.3000000119
55156  24.241  -42.494  13.976 0.3000000119
55157  23.166  -42.517  13.802 0.3000000119
55158  22.384  -42.479  13.272 0.3000000119
56082  27.185  -41.633  14.137 0.3000000119
56083  26.344  -41.595  14.208 0.3000000119
56084  25.490  -41.512  14.167 0.3000000119
56085  24.586  -41.582  14.060 0.3000000119
145374  27.553  -40.909  13.822 0.3000000119
145373  26.754  -40.871  14.003 0.3000000119
145372  25.954  -40.813  14.076 0.3000000119
151771  25.621  -40.211  13.861 0.3000000119
57159  25.007  -40.712  13.989 0.3000000119
151772  26.296  -40.222  13.818 0.3000000119
58343  24.929  -39.780  13.716 0.3000000119
151773  27.057  -40.249  13.695 0.3000000119
58341  26.544  -39.601  13.585 0.3000000119
58342  25.789  -39.630  13.659 0.3000000119
37565  22.516  -59.361  1.916 0.5000000000
40806  29.261  -56.080  3.867 0.4000000060
45088  19.096  -52.124  10.308 0.3000000119
170583  21.085  -54.035  8.258 0.3000000119
160192  21.343  -54.703  8.970 0.3000000119
42917  20.132  -54.381  10.622 0.3000000119
31568  20.838  -63.628  7.552 0.4000000060
31569  20.227  -63.846  6.969 0.4000000060
32853  20.798  -63.073  7.010 0.4000000060
32880  20.074  -62.681  4.908 0.4000000060
34111  20.232  -61.946  4.455 0.3000000119
34077  20.835  -62.450  6.344 0.4000000060
34094  20.634  -62.039  5.385 0.4000000060
35210  20.972  -61.237  5.625 0.4000000060
35250  24.306  -61.591  2.521 0.3000000119
34076  21.355  -61.877  6.815 0.4000000060
37512  21.041  -59.732  4.989 0.3000000119
147062  21.209  -58.849  5.148 0.3000000119
36383  21.220  -60.370  5.944 0.4000000060
38665  20.875  -57.861  3.982 0.3000000119
151076  21.031  -58.828  4.420 0.3000000119
39696  20.911  -56.925  4.417 0.3000000119
37511  21.361  -59.291  5.883 0.4000000060
38649  21.406  -58.249  5.614 0.3000000119
39695  21.339  -57.123  5.238 0.3000000119
32854  20.310  -63.202  6.235 0.4000000060
155058  20.341  -62.762  5.636 0.4000000060
41887  20.883  -55.211  5.463 0.3000000119
31552  21.872  -64.112  9.024 0.3000000119
40794  20.267  -55.862  4.161 0.3000000119
28984  23.850  -67.172  8.253 0.4000000060
28985  22.967  -67.199  8.359 0.3000000119
30262  24.806  -66.264  8.305 0.4000000060
30263  23.983  -66.016  9.001 0.4000000060
30278  26.157  -65.610  7.070 0.4000000060
31553  21.263  -63.984  8.277 0.3000000119
32821  26.308  -63.360  9.496 0.6000000238
32841  28.410  -63.204  7.205 0.5000000000
32866  26.849  -64.270  4.975 0.4000000060
32867  19.805  -63.350  5.397 0.4000000060
32879  26.774  -63.680  4.227 0.4000000060
34074  28.412  -62.779  6.468 0.5000000000
34093  21.024  -61.780  6.130 0.4000000060
35152  24.611  -61.718  9.466 0.6000000238
35195  21.722  -61.281  7.344 0.5000000000
35196  21.322  -61.225  6.462 0.5000000000
36323  22.583  -60.222  8.273 0.6000000238
36411  24.504  -60.167  3.365 0.6000000238
37461  22.584  -59.468  8.352 0.6000000238
37492  21.528  -59.821  6.590 0.5000000000
37527  25.857  -59.869  4.254 0.6000000238
37528  25.239  -59.354  4.049 0.8000000119
37529  24.514  -58.976  3.933 0.6000000238
38566  29.068  -58.818  10.086 0.8999999762
38587  22.538  -58.643  8.443 0.6000000238
38632  27.608  -58.226  6.427 0.8000000119
38650  21.172  -58.012  4.803 0.3000000119
38663  23.209  -58.007  3.939 0.6999999881
38681  22.749  -58.477  3.392 0.6000000238
39615  29.047  -57.650  10.615 0.8999999762
39663  29.074  -57.680  7.489 1.0000000000
40691  29.999  -56.861  10.225 0.8999999762
40732  22.463  -56.188  8.965 0.6000000238
40749  22.124  -55.924  7.345 0.4000000060
40784  20.882  -55.951  4.921 0.3000000119
40793  22.464  -56.523  3.827 0.6999999881
40807  28.484  -56.322  3.848 0.4000000060
40823  29.525  -55.579  3.280 0.5000000000
40827  22.474  -56.633  2.717 0.6999999881
40841  30.903  -56.153  1.025 0.5000000000
40843  25.781  -56.588  1.718 0.4000000060
40860  30.562  -55.581  1.157 0.5000000000
41847  22.124  -54.775  7.702 0.5000000000
41886  22.359  -55.117  4.311 0.8000000119
41913  22.111  -55.101  2.961 0.6999999881
41929  25.607  -55.160  2.267 0.6000000238
41957  30.899  -55.591  -0.342 0.5000000000
41971  30.892  -55.290  -0.963 0.5000000000
42891  29.025  -53.748  11.528 0.8999999762
42896  24.713  -54.490  11.714 0.6999999881
42909  30.989  -54.292  10.519 0.8999999762
42964  21.656  -54.075  7.510 0.5000000000
43024  22.032  -54.117  3.417 0.6999999881
43036  27.594  -54.689  3.265 0.5000000000
43042  22.253  -54.493  2.762 0.6999999881
43056  29.446  -54.385  2.140 0.5000000000
43057  28.435  -54.298  2.810 0.6000000238
43059  26.711  -54.050  2.992 0.6999999881
43067  31.128  -54.519  0.161 0.5000000000
43940  24.779  -53.481  12.369 0.6999999881
44023  31.207  -52.916  7.874 1.0000000000
44068  33.853  -53.450  4.603 0.6000000238
44092  32.887  -54.062  3.101 0.6000000238
44093  32.413  -53.686  2.600 0.6000000238
44096  24.488  -53.089  3.017 0.8000000119
44109  30.810  -53.542  1.424 0.6000000238
44110  30.134  -53.549  1.615 0.6000000238
44113  26.015  -52.938  3.165 0.8000000119
44121  31.285  -54.094  0.782 0.5000000000
44122  30.698  -54.075  0.851 0.5000000000
45037  25.452  -53.244  12.366 0.8000000119
45125  29.429  -52.479  6.768 1.0000000000
45132  22.931  -52.010  5.477 0.8999999762
45146  22.441  -52.268  5.171 0.8999999762
45159  32.310  -52.696  4.006 0.6000000238
45171  31.617  -52.324  3.641 0.6000000238
45174  22.279  -52.421  4.302 0.8999999762
45184  31.979  -53.228  2.898 0.6000000238
45186  30.618  -52.353  2.341 0.6000000238
45189  24.323  -52.481  3.285 0.8999999762
46087  24.938  -51.158  13.091 0.6000000238
46088  24.119  -51.040  13.215 0.6000000238
46110  26.924  -51.787  12.379 0.6999999881
46112  25.297  -51.904  12.876 0.6000000238
46129  28.530  -51.820  12.201 0.8999999762
46130  27.678  -51.802  12.272 0.8999999762
46196  23.138  -51.500  5.451 0.8999999762
46227  22.380  -51.891  4.748 0.8999999762
46237  30.471  -51.301  3.457 0.6999999881
46250  30.905  -51.988  3.139 0.6000000238
46254  28.071  -51.299  2.437 0.6999999881
46267  29.299  -51.947  2.175 0.6999999881
46268  28.576  -51.953  2.292 0.6999999881
47077  23.942  -50.256  13.201 0.6000000238
47165  27.168  -50.212  6.419 1.0000000000
47191  32.247  -50.776  5.291 0.6000000238
47192  31.361  -50.654  4.781 0.6999999881
47204  30.086  -50.637  3.752 0.6999999881
48154  24.782  -49.759  6.005 0.8999999762
48155  24.541  -49.700  5.730 0.8999999762
48170  31.673  -49.206  5.474 0.6999999881
48171  30.973  -48.985  5.336 0.6999999881
48198  29.068  -49.624  3.622 0.6999999881
48200  26.156  -49.515  3.253 0.8999999762
48203  24.036  -50.217  4.354 0.8999999762
48212  27.981  -49.844  2.741 0.6999999881
49130  28.989  -48.874  7.559 1.0000000000
49131  27.970  -48.250  7.610 1.0000000000
49135  25.094  -48.452  6.501 1.0000000000
49147  24.673  -48.923  5.860 0.8999999762
49159  30.939  -48.164  5.496 0.6999999881
49160  30.150  -47.952  5.384 0.6999999881
49171  28.105  -48.441  4.243 0.6999999881
49172  27.499  -48.116  4.169 0.8000000119
49185  28.629  -49.049  4.002 0.6999999881
49186  27.463  -48.561  3.670 0.6999999881
49188  25.779  -48.889  3.675 0.8999999762
49189  25.009  -49.225  4.056 0.8999999762
50072  32.449  -47.000  9.850 0.8000000119
50100  24.885  -48.258  6.405 0.8999999762
50112  24.661  -47.742  6.269 0.8999999762
50113  24.711  -48.419  6.155 0.8999999762
50132  24.552  -47.518  5.817 0.8999999762
50145  27.287  -47.531  4.433 0.6999999881
51074  30.792  -46.681  9.124 0.8000000119
51099  26.203  -46.317  7.767 1.0000000000
51121  30.453  -46.347  5.837 0.6999999881
51122  29.511  -46.347  5.887 0.6999999881
52147  25.536  -45.675  7.419 1.0000000000
52162  24.589  -45.362  6.443 1.0000000000
52179  28.111  -45.537  5.798 0.8000000119
52182  24.548  -45.982  5.774 0.8999999762
52198  24.793  -45.426  5.256 0.8999999762
53304  24.793  -44.565  6.743 1.0000000000
53336  29.183  -44.238  5.775 0.6999999881
53338  26.201  -44.094  5.327 0.8000000119
53354  30.758  -44.254  4.880 0.5000000000
53355  25.205  -44.342  5.296 0.8999999762
54259  31.325  -43.481  13.400 0.4000000060
54264  25.909  -43.135  14.098 0.4000000060
54316  32.831  -43.788  9.810 0.6999999881
54334  29.680  -43.636  8.579 0.8000000119
54336  25.953  -43.517  7.970 0.8999999762
54367  28.220  -43.449  5.539 0.6999999881
54370  24.801  -43.550  5.865 0.8999999762
54380  30.301  -43.595  4.614 0.6000000238
54382  28.933  -43.112  5.238 0.6000000238
54396  30.152  -42.952  3.969 0.6000000238
55226  28.553  -42.420  8.484 0.8000000119
55230  25.425  -42.934  7.396 0.8999999762
55231  25.435  -42.133  7.305 0.8999999762
55242  25.191  -42.444  6.987 0.8999999762
55264  27.210  -42.707  5.315 0.6999999881
55265  25.432  -42.416  5.895 0.8000000119
55266  24.977  -42.897  6.093 0.8999999762
56156  26.170  -42.122  8.066 0.8999999762
56168  25.609  -41.502  7.377 0.8999999762
56179  25.444  -41.301  6.993 0.8999999762
56201  25.922  -41.155  5.329 0.8000000119
57156  31.060  -40.598  13.304 0.4000000060
57275  26.645  -40.679  4.889 0.8000000119
57286  28.242  -40.494  4.388 0.6000000238
58351  32.669  -39.872  12.854 0.4000000060
58430  29.416  -39.580  7.418 0.6999999881
58433  26.041  -39.530  7.367 0.8000000119
58460  26.948  -39.471  4.597 0.6000000238
58470  30.100  -39.591  3.323 0.6000000238
58471  29.225  -39.521  3.695 0.6000000238
58483  31.480  -39.839  2.868 0.5000000000
58484  30.811  -39.681  2.982 0.5000000000
59463  31.688  -38.363  12.786 0.3000000119
59535  33.125  -37.958  7.913 0.5000000000
59544  25.101  -37.725  6.551 0.8000000119
59557  30.300  -38.225  6.730 0.5000000000
59560  25.228  -38.295  6.513 0.8000000119
59572  25.176  -38.364  5.859 0.8000000119
60570  28.799  -37.100  12.773 0.3000000119
60651  25.711  -37.493  6.875 0.8000000119
60668  26.635  -37.110  6.582 0.6999999881
60669  24.928  -37.251  6.314 0.8000000119
60678  24.870  -37.091  5.855 0.8000000119
60709  26.640  -36.772  4.168 0.6000000238
60720  32.292  -37.444  2.456 0.4000000060
60723  29.970  -37.553  3.175 0.6000000238
61758  25.364  -36.823  6.605 0.8000000119
61759  24.999  -36.972  6.382 0.8000000119
61796  29.536  -36.116  5.695 0.5000000000
61797  25.047  -36.444  5.511 0.8000000119
61808  25.839  -36.878  4.556 0.6999999881
61810  25.108  -35.990  4.938 0.8000000119
61823  25.737  -36.069  4.275 0.6000000238
61824  25.202  -35.504  4.428 0.6999999881
61833  31.614  -36.631  2.477 0.5000000000
61841  33.184  -36.284  1.916 0.4000000060
62861  31.690  -36.035  5.898 0.4000000060
62864  26.953  -35.872  5.870 0.8000000119
62865  25.976  -35.724  6.013 0.8000000119
62866  25.347  -35.546  5.463 0.6999999881
62867  25.112  -36.218  5.653 0.6999999881
62884  25.181  -35.066  4.750 0.6000000238
62895  25.235  -34.769  4.244 0.6000000238
62908  24.895  -35.032  3.920 0.6999999881
62915  31.343  -35.612  2.379 0.5000000000
63841  27.539  -35.266  5.516 0.6999999881
63855  31.271  -34.132  4.828 0.3000000119
63860  25.741  -34.690  5.215 0.6000000238
63899  35.591  -34.559  1.664 0.3000000119
63900  34.982  -34.762  1.480 0.3000000119
64883  26.061  -34.097  4.533 0.6000000238
64893  25.851  -34.225  4.162 0.6000000238
64901  26.562  -33.153  3.915 0.6000000238
64902  26.145  -33.694  3.960 0.6000000238
64913  28.488  -32.569  3.195 0.5000000000
65892  29.340  -32.222  4.333 0.4000000060
65894  28.020  -32.757  4.258 0.5000000000
65904  33.047  -31.958  4.731 0.3000000119
65908  27.286  -32.865  4.195 0.5000000000
65920  27.372  -32.748  3.923 0.6000000238
65930  30.460  -31.683  2.591 0.4000000060
65934  28.001  -32.598  3.579 0.5000000000
66852  28.826  -31.906  4.101 0.4000000060
66868  28.900  -31.450  3.589 0.4000000060
66880  28.952  -31.161  3.108 0.4000000060
66896  28.766  -31.411  2.951 0.4000000060
67840  31.928  -30.142  3.730 0.3000000119
67868  30.593  -29.724  2.659 0.4000000060
141934  23.751  -51.083  5.754 0.8999999762
143111  25.370  -49.520  13.099 0.6000000238
143269  29.125  -38.739  3.607 0.6000000238
143714  28.536  -33.280  3.177 0.5000000000
144482  36.137  -33.193  1.344 0.3000000119
144819  27.197  -44.991  8.455 0.8999999762
147180  29.678  -52.644  1.968 0.6999999881
148536  30.024  -41.701  3.601 0.6000000238
149095  26.293  -62.632  9.728 0.6000000238
149536  27.957  -37.732  3.830 0.6000000238
151298  28.749  -57.698  3.932 0.3000000119
151351  27.554  -62.171  5.208 0.6000000238
151791  35.937  -33.917  1.513 0.3000000119
151862  21.830  -53.770  11.815 0.4000000060
151901  25.749  -38.861  5.146 0.8000000119
153407  27.774  -44.769  5.784 0.8000000119
153672  29.539  -32.675  2.560 0.4000000060
154225  27.288  -56.826  10.916 0.8999999762
154527  22.911  -53.656  5.217 0.8999999762
155622  31.436  -53.680  8.906 1.0000000000
156683  28.208  -61.022  6.483 0.6000000238
156889  22.336  -55.787  2.827 0.6999999881
156918  21.999  -53.619  4.041 0.8999999762
157062  31.771  -54.435  0.112 0.5000000000
158241  32.281  -46.671  5.592 0.6000000238
158570  32.746  -52.401  4.743 0.6000000238
158834  30.627  -55.986  -1.023 0.5000000000
159392  29.954  -55.004  1.892 0.5000000000
159889  27.541  -33.419  4.511 0.5000000000
160151  25.541  -50.298  6.227 0.8999999762
160166  28.038  -34.090  4.751 0.4000000060
160338  26.165  -35.002  3.684 0.6000000238
160370  26.122  -37.510  6.775 0.8000000119
161315  28.397  -32.245  4.137 0.4000000060
161563  26.556  -49.712  6.512 1.0000000000
162267  30.643  -46.865  5.759 0.6999999881
162605  32.884  -37.597  2.529 0.4000000060
162993  28.896  -47.120  13.161 0.4000000060
163062  29.439  -40.067  13.350 0.3000000119
163487  25.435  -66.672  6.481 0.3000000119
163998  25.024  -43.734  5.539 0.8999999762
164738  23.167  -60.612  8.543 0.5000000000
165041  23.277  -55.463  10.374 0.6000000238
165129  19.724  -51.077  10.796 0.3000000119
165182  30.393  -44.558  8.738 0.8000000119
165623  29.960  -36.713  6.053 0.6999999881
166712  33.709  -34.039  1.610 0.3000000119
166834  28.996  -40.359  4.061 0.6000000238
166891  25.709  -58.830  10.488 0.6999999881
166950  25.437  -38.802  6.835 0.8000000119
166997  28.148  -37.672  6.554 0.6999999881
167580  26.298  -50.182  3.054 0.8000000119
167614  26.973  -52.556  6.253 0.8999999762
167814  30.432  -51.162  7.452 1.0000000000
168285  24.253  -54.148  5.631 0.8999999762
168307  22.829  -52.516  5.412 0.8999999762
168352  27.619  -57.316  3.166 0.3000000119
168669  31.697  -34.329  2.037 0.4000000060
168834  24.627  -65.830  8.878 0.4000000060
169152  32.994  -48.001  5.672 0.6000000238
169499  29.566  -33.492  2.635 0.6000000238
170127  26.692  -51.227  12.578 0.6999999881
170140  28.157  -35.443  5.544 0.6000000238
170182  21.556  -59.275  6.466 0.5000000000
170256  23.898  -49.758  13.196 0.5000000000
170376  29.327  -38.106  13.201 0.3000000119
170442  26.696  -42.856  5.336 0.8000000119
170989  25.826  -36.300  6.336 0.8000000119
171335  27.854  -36.734  12.544 0.3000000119
171395  22.138  -63.552  9.052 0.5000000000
