#Insight Transform File V1.0
#Transform 0
Transform: AffineTransform_float_3_3
Parameters: 1 -0.00101883 0.000258282 0.00101802 0.999995 0.00305526 -0.000261607 -0.00305474 0.999996 0.0510803 -0.231997 -0.130723
FixedParameters: 0 0 0

#Transform 1
Transform: AffineTransform_float_3_3
Parameters: 1 -0.000656243 0.000205608 0.000655409 0.999995 0.00326889 -0.000207964 -0.00326911 0.999994 0.0710369 -0.227464 -0.177478
FixedParameters: 0 0 0

#Transform 2
Transform: AffineTransform_float_3_3
Parameters: 0.999999 -0.000855463 0.000144635 0.000854361 0.999994 0.00312912 -0.000146829 -0.00312888 0.999995 0.0630223 -0.168834 -0.188077
FixedParameters: 0 0 0

#Transform 3
Transform: AffineTransform_float_3_3
Parameters: 1 -0.000670538 0.000151568 0.000669137 0.999995 0.0031221 -0.00015356 -0.0031219 0.999995 0.0720874 -0.165555 -0.205152
FixedParameters: 0 0 0

#Transform 4
Transform: AffineTransform_float_3_3
Parameters: 1 -0.000629586 0.000306294 0.000628233 0.999995 0.00304419 -0.000308191 -0.00304381 0.999996 0.0542927 -0.160638 -0.192888
FixedParameters: 0 0 0

#Transform 5
Transform: AffineTransform_float_3_3
Parameters: 0.999999 -0.000817994 0.000153317 0.000817533 0.999994 0.00315613 -0.000156547 -0.00315587 0.999995 0.0645657 -0.189743 -0.197058
FixedParameters: 0 0 0

#Transform 6
Transform: AffineTransform_float_3_3
Parameters: 1 -0.000680527 0.000113788 0.000679597 0.999994 0.00323508 -0.000115032 -0.00323492 0.999995 0.0675094 -0.148781 -0.191456
FixedParameters: 0 0 0

#Transform 7
Transform: AffineTransform_float_3_3
Parameters: 0.999999 -0.000832447 0.000106564 0.000832309 0.999995 0.00303002 -0.000109675 -0.00302898 0.999996 0.0538835 -0.114998 -0.185704
FixedParameters: 0 0 0

#Transform 8
Transform: AffineTransform_float_3_3
Parameters: 1 -0.000686932 8.95186e-05 0.00068587 0.999994 0.00338206 -9.19707e-05 -0.00338194 0.999995 0.0583051 -0.166586 -0.160418
FixedParameters: 0 0 0

#Transform 9
Transform: AffineTransform_float_3_3
Parameters: 1 -0.000659868 0.000191914 0.000659029 0.999993 0.00351013 -0.000194612 -0.00350987 0.999994 0.0454253 -0.1774 -0.142265
FixedParameters: 0 0 0

#Transform 10
Transform: AffineTransform_float_3_3
Parameters: 1 -0.000651058 0.000225154 0.000650505 0.999996 0.0029459 -0.00022609 -0.0029461 0.999995 0.0554109 -0.140668 -0.174916
FixedParameters: 0 0 0

#Transform 11
Transform: AffineTransform_float_3_3
Parameters: 1 -0.000651278 0.000224289 0.00065054 0.999996 0.00279015 -0.000225989 -0.00278985 0.999996 0.0541403 -0.0908115 -0.179138
FixedParameters: 0 0 0

#Transform 12
Transform: AffineTransform_float_3_3
Parameters: 0.999999 -0.000761071 -0.000188743 0.000761071 0.999998 0.00188086 0.000187105 -0.00188114 0.999998 0.0457228 -0.0780684 -0.130746
FixedParameters: 0 0 0

#Transform 13
Transform: AffineTransform_float_3_3
Parameters: 0.999999 0.000753182 -0.000148234 -0.000753017 0.999997 0.00229111 0.000149753 -0.00229089 0.999998 0.0675178 -0.106874 -0.128127
FixedParameters: 0 0 0

#Transform 14
Transform: AffineTransform_float_3_3
Parameters: 0.999999 0.00135414 -0.00013387 -0.00135325 0.999997 0.00161493 0.000136051 -0.00161507 0.999998 0.0900531 -0.0476297 -0.105928
FixedParameters: 0 0 0

#Transform 15
Transform: AffineTransform_float_3_3
Parameters: 1 0.00061275 -0.000329828 -0.000612997 0.999998 0.0014802 0.000330935 -0.0014798 0.999999 0.0447618 -0.0739621 -0.036447
FixedParameters: 0 0 0

#Transform 16
Transform: AffineTransform_float_3_3
Parameters: 1 -0.000127553 -1.24625e-05 0.000127822 1 0.000423998 1.33201e-05 -0.000424002 1 0.0258205 -0.046154 -0.0307216
FixedParameters: 0 0 0

#Transform 17
Transform: AffineTransform_float_3_3
Parameters: 1 0.000241473 -0.000111175 -0.000241378 1 0.000424027 0.00011138 -0.000423973 1 -0.00368345 0.0202629 -0.00649321
FixedParameters: 0 0 0

#Transform 18
Transform: AffineTransform_float_3_3
Parameters: 1 -0.000182615 2.38028e-06 0.000182616 1 -0.000197 -2.30833e-06 0.000197 1 0.0200575 -0.0249439 0.00856084
FixedParameters: 0 0 0

#Transform 19
Transform: AffineTransform_float_3_3
Parameters: 1 -0.000320685 0.000453338 0.000320454 1 0.000254145 -0.000453501 -0.000253855 1 -0.0154553 -0.013876 0.0171901
FixedParameters: 0 0 0

#Transform 20
Transform: AffineTransform_float_3_3
Parameters: 1 -0.000182615 2.36549e-06 0.000182616 1 -0.000116 -2.32313e-06 0.000116 1 -0.000327253 -0.0261258 0.0101272
FixedParameters: 0 0 0

#Transform 21
Transform: AffineTransform_float_3_3
Parameters: 1 -0.000197641 -5.3627e-05 0.000197613 1 -0.000265011 5.37318e-05 0.000264989 1 -0.0122594 -0.0350604 0.0862121
FixedParameters: 0 0 0

#Transform 22
Transform: AffineTransform_float_3_3
Parameters: 1 -0.000182615 2.42356e-06 0.000182617 1 -0.000433999 -2.26505e-06 0.000434 1 -0.000328839 -0.0165559 0.0791881
FixedParameters: 0 0 0

#Transform 23
Transform: AffineTransform_float_3_3
Parameters: 1 -0.00042236 -9.98593e-05 0.00042224 0.999999 -0.000598042 0.000100364 0.000597957 1 -0.0026344 -0.0351161 0.0344514
FixedParameters: 0 0 0

#Transform 24
Transform: AffineTransform_float_3_3
Parameters: 1 -0.000528129 -3.11928e-05 0.000528106 1 -0.000359016 3.1572e-05 0.000358983 1 -0.016635 -0.0126838 0.0376827
FixedParameters: 0 0 0

#Transform 25
Transform: AffineTransform_float_3_3
Parameters: 1 -0.00024181 -0.000217683 0.000241185 0.999999 -0.000841052 0.000217124 0.000840947 0.999999 0.0211783 0.00352267 0.0513213
FixedParameters: 0 0 0

#Transform 26
Transform: AffineTransform_float_3_3
Parameters: 1 -0.000303183 -0.000445522 0.000302232 1 -0.00106614 0.000446168 0.00106587 1 0.0492767 -0.0100257 0.0388368
FixedParameters: 0 0 0

#Transform 27
Transform: AffineTransform_float_3_3
Parameters: 1 -0.000307945 3.68055e-05 0.000307909 1 0.000491011 -3.71079e-05 -0.000490988 1 0.00860632 -0.0139189 0.0634077
FixedParameters: 0 0 0

#Transform 28
Transform: AffineTransform_float_3_3
Parameters: 1 -0.000244864 -0.000229338 0.000244601 1 -0.000573056 0.000229618 0.000572944 1 0.0306742 -0.0145654 0.0218659
FixedParameters: 0 0 0

#Transform 29
Transform: AffineTransform_float_3_3
Parameters: 1 -0.000614866 -1.09656e-05 0.000615822 0.999999 -0.000455007 1.12667e-05 0.000454993 1 -0.0157749 0.0120112 0.093033
FixedParameters: 0 0 0

#Transform 30
Transform: AffineTransform_float_3_3
Parameters: 1 -0.000303239 -0.000445484 0.000302176 0.999999 -0.00119314 0.000446206 0.00119287 0.999999 0.00690582 0.0457321 0.126227
FixedParameters: 0 0 0

#Transform 31
Transform: AffineTransform_float_3_3
Parameters: 1 -0.000303089 -0.000445586 0.000302326 0.999999 -0.000856134 0.000446104 0.000855864 0.999999 0.00692977 -0.0242393 0.131236
FixedParameters: 0 0 0

#Transform 32
Transform: AffineTransform_float_3_3
Parameters: 1 -0.000302974 -0.000445664 0.000302441 1 -0.000598135 0.000446026 0.000597865 0.999999 0.00691809 0.0477887 0.117508
FixedParameters: 0 0 0

#Transform 33
Transform: AffineTransform_float_3_3
Parameters: 0.999999 0.000310005 -0.000710055 -0.000311582 0.999999 -0.00129278 0.000710217 0.00129322 0.999999 0.0464558 0.0471972 0.0686419
FixedParameters: 0 0 0

#Transform 34
Transform: AffineTransform_float_3_3
Parameters: 1 0.000477578 -8.77296e-05 -0.000477626 1 -0.000276958 8.7465e-05 0.000277042 1 0.0343074 0.035777 0.0371898
FixedParameters: 0 0 0

#Transform 35
Transform: AffineTransform_float_3_3
Parameters: 1 0.000477659 -8.72825e-05 -0.000477544 0.999999 0.000659041 8.7912e-05 -0.000658958 1 0.0342722 -0.0382355 0.0354667
FixedParameters: 0 0 0

#Transform 36
Transform: AffineTransform_float_3_3
Parameters: 0.999999 0.000821503 -1.993e-05 -0.000820985 0.999998 0.00171477 2.05562e-05 -0.00171523 0.999998 0.0435684 -0.109615 -0.00749114
FixedParameters: 0 0 0

#Transform 37
Transform: AffineTransform_float_3_3
Parameters: 1 0.00110193 -3.48832e-05 -0.00110254 0.999996 0.00233504 3.71329e-05 -0.00233496 0.999998 0.0639467 -0.151656 -0.0224051
FixedParameters: 0 0 0

#Transform 38
Transform: AffineTransform_float_3_3
Parameters: 1 0.00120014 8.21458e-05 -0.00120037 0.999996 0.00260558 -7.90478e-05 -0.00260541 0.999996 0.064993 -0.146453 -0.0472769
FixedParameters: 0 0 0

#Transform 39
Transform: AffineTransform_float_3_3
Parameters: 0.999999 0.00123176 -0.000169198 -0.0012309 0.999996 0.0027319 0.000171802 -0.00273111 0.999996 0.074816 -0.150446 -0.0546392
FixedParameters: 0 0 0

#Transform 40
Transform: AffineTransform_float_3_3
Parameters: 0.999999 0.00132679 -0.000243868 -0.00132616 0.999995 0.00285508 0.000248545 -0.00285492 0.999996 0.0822063 -0.132626 -0.0642925
FixedParameters: 0 0 0

#Transform 41
Transform: AffineTransform_float_3_3
Parameters: 1 0.00115965 -7.04601e-05 -0.00115907 0.999995 0.00270608 7.3578e-05 -0.00270592 0.999997 0.0680264 -0.109824 -0.0602133
FixedParameters: 0 0 0

#Transform 42
Transform: AffineTransform_float_3_3
Parameters: 0.999999 0.00134235 -0.00035696 -0.00134151 0.999995 0.00261223 0.000360107 -0.00261177 0.999996 0.0866001 -0.101142 -0.0387228
FixedParameters: 0 0 0

#Transform 43
Transform: AffineTransform_float_3_3
Parameters: 0.999999 0.0013234 -0.000428445 -0.0013219 0.999995 0.00264557 0.000432544 -0.00264443 0.999997 0.0880403 -0.114594 -0.0584643
FixedParameters: 0 0 0

#Transform 44
Transform: AffineTransform_float_3_3
Parameters: 0.999999 0.00138237 -0.000205914 -0.00138128 0.999995 0.00279797 0.000209523 -0.00279703 0.999996 0.083634 -0.150667 -0.0577571
FixedParameters: 0 0 0

#Transform 45
Transform: AffineTransform_float_3_3
Parameters: 0.999999 0.00136236 -0.000281487 -0.00136091 0.999996 0.00267014 0.000284636 -0.00266987 0.999997 0.0912657 -0.141065 -0.0692982
FixedParameters: 0 0 0

#Transform 46
Transform: AffineTransform_float_3_3
Parameters: 0.999999 0.00136442 -0.000511741 -0.00136345 0.999996 0.00264445 0.000516315 -0.00264355 0.999997 0.105731 -0.125316 -0.0581394
FixedParameters: 0 0 0

#Transform 47
Transform: AffineTransform_float_3_3
Parameters: 0.999999 0.00142247 -0.000647992 -0.00142018 0.999995 0.00275867 0.000651002 -0.00275733 0.999996 0.112123 -0.118677 -0.0572999
FixedParameters: 0 0 0

#Transform 48
Transform: AffineTransform_float_3_3
Parameters: 0.999999 0.00145731 -0.000536087 -0.00145531 0.999995 0.00281953 0.000540434 -0.00281847 0.999996 0.102142 -0.102849 -0.0511867
FixedParameters: 0 0 0

#Transform 49
Transform: AffineTransform_float_3_3
Parameters: 0.999999 0.00148627 -0.000426766 -0.00148484 0.999994 0.00287939 0.000431457 -0.00287861 0.999996 0.103387 -0.126338 -0.0632608
FixedParameters: 0 0 0

#Transform 50
Transform: AffineTransform_float_3_3
Parameters: 0.999999 0.00147736 -0.000179183 -0.00147637 0.999994 0.00291202 0.000183662 -0.00291198 0.999996 0.0913052 -0.142871 -0.0571261
FixedParameters: 0 0 0

#Transform 51
Transform: AffineTransform_float_3_3
Parameters: 0.999999 0.00154695 -0.000197679 -0.00154613 0.999994 0.00287106 0.000201471 -0.00287094 0.999996 0.0954276 -0.10892 -0.0511171
FixedParameters: 0 0 0

#Transform 52
Transform: AffineTransform_float_3_3
Parameters: 0.999999 0.0014665 -0.000501377 -0.00146476 0.999995 0.00275849 0.000505598 -0.00275751 0.999996 0.106589 -0.109287 -0.0455684
FixedParameters: 0 0 0

#Transform 53
Transform: AffineTransform_float_3_3
Parameters: 0.999999 0.00154697 -0.000197548 -0.00154612 0.999995 0.00295581 0.000201603 -0.00295619 0.999995 0.0953913 -0.124741 -0.0518446
FixedParameters: 0 0 0

#Transform 54
Transform: AffineTransform_float_3_3
Parameters: 0.999999 0.00143896 -0.000605472 -0.00143665 0.999995 0.00296844 0.000609178 -0.00296856 0.999995 0.109368 -0.125592 -0.054127
FixedParameters: 0 0 0

#Transform 55
Transform: AffineTransform_float_3_3
Parameters: 0.999999 0.00143853 -0.000607212 -0.00143604 0.999994 0.00310263 0.0006113 -0.00310137 0.999995 0.106145 -0.111745 -0.0657439
FixedParameters: 0 0 0

#Transform 56
Transform: AffineTransform_float_3_3
Parameters: 0.999999 0.00144308 -0.000589951 -0.00144082 0.999995 0.00300561 0.000593788 -0.0030044 0.999996 0.103232 -0.0642114 -0.0728992
FixedParameters: 0 0 0

#Transform 57
Transform: AffineTransform_float_3_3
Parameters: 0.999999 0.00149535 -0.000392506 -0.00149388 0.999994 0.00316534 0.000398103 -0.00316466 0.999995 0.0993671 -0.0739752 -0.0533185
FixedParameters: 0 0 0

#Transform 58
Transform: AffineTransform_float_3_3
Parameters: 0.999999 0.00145549 -0.000543203 -0.00145325 0.999993 0.00324361 0.000547808 -0.00324339 0.999994 0.102233 -0.129894 -0.0434739
FixedParameters: 0 0 0

#Transform 59
Transform: AffineTransform_float_3_3
Parameters: 0.999999 0.00143539 -0.000619356 -0.00143246 0.999993 0.00339764 0.000624269 -0.00339636 0.999994 0.103716 -0.137624 -0.0507097
FixedParameters: 0 0 0

#Transform 60
Transform: AffineTransform_float_3_3
Parameters: 0.999999 0.00132592 -6.33604e-05 -0.00132656 0.999995 0.00306177 6.76173e-05 -0.00306123 0.999995 0.0632414 -0.099756 -0.00620917
FixedParameters: 0 0 0

#Transform 61
Transform: AffineTransform_float_3_3
Parameters: 0.999999 0.00128523 -0.000580428 -0.00128389 0.999995 0.0028685 0.000584192 -0.0028675 0.999996 0.0775788 -0.0792966 -0.0238914
FixedParameters: 0 0 0

#Transform 62
Transform: AffineTransform_float_3_3
Parameters: 0.999999 0.00119847 -0.000556863 -0.00119678 0.999993 0.00330348 0.00056117 -0.00330351 0.999994 0.075414 -0.0688576 -0.0191281
FixedParameters: 0 0 0

#Transform 63
Transform: AffineTransform_float_3_3
Parameters: 1 0.00113799 -0.000343514 -0.00113686 0.999995 0.00313514 0.000346782 -0.00313486 0.999995 0.0525171 -0.0709936 -0.029807
FixedParameters: 0 0 0

#Transform 64
Transform: AffineTransform_float_3_3
Parameters: 0.999999 0.00125826 -0.000573033 -0.00125676 0.999995 0.00304848 0.000577094 -0.00304753 0.999995 0.0739994 -0.0972136 -0.0213266
FixedParameters: 0 0 0

#Transform 65
Transform: AffineTransform_float_3_3
Parameters: 1 0.00112043 -0.000468402 -0.0011194 0.999995 0.00294828 0.000472366 -0.00294772 0.999995 0.0791076 -0.0984138 -0.0425703
FixedParameters: 0 0 0

#Transform 66
Transform: AffineTransform_float_3_3
Parameters: 0.999999 0.00126804 -0.000536163 -0.00126568 0.999994 0.00315443 0.000540291 -0.00315357 0.999995 0.083177 -0.0788475 -0.0601951
FixedParameters: 0 0 0

#Transform 67
Transform: AffineTransform_float_3_3
Parameters: 0.999999 0.0012618 -0.000559991 -0.00126021 0.999994 0.00342446 0.000564056 -0.00342354 0.999994 0.0835484 -0.118984 -0.0653
FixedParameters: 0 0 0

#Transform 68
Transform: AffineTransform_float_3_3
Parameters: 0.999999 0.00131613 -0.00035443 -0.00131492 0.999994 0.00314422 0.000358838 -0.00314378 0.999995 0.0796212 -0.0412405 -0.0627467
FixedParameters: 0 0 0

#Transform 69
Transform: AffineTransform_float_3_3
Parameters: 0.999999 0.00146739 -0.000380888 -0.00146622 0.999993 0.00321831 0.000385499 -0.00321769 0.999995 0.0905456 -0.115425 -0.0460534
FixedParameters: 0 0 0

#Transform 70
Transform: AffineTransform_float_3_3
Parameters: 0.999998 0.00150409 -0.000621399 -0.00150244 0.999994 0.00313769 0.00062626 -0.00313631 0.999995 0.100109 -0.103109 -0.0527744
FixedParameters: 0 0 0

#Transform 71
Transform: AffineTransform_float_3_3
Parameters: 0.999999 0.00156445 -0.000787802 -0.00156214 0.999995 0.00288774 0.000792257 -0.00288627 0.999995 0.112051 -0.0872569 -0.0429445
FixedParameters: 0 0 0

#Transform 72
Transform: AffineTransform_float_3_3
Parameters: 0.999998 0.00158652 -0.000681337 -0.00158464 0.999994 0.00322065 0.000686013 -0.00322035 0.999995 0.116067 -0.122584 -0.0387159
FixedParameters: 0 0 0

#Transform 73
Transform: AffineTransform_float_3_3
Parameters: 0.999998 0.00168184 -0.000892304 -0.00167916 0.999993 0.00344801 0.000898611 -0.003446 0.999993 0.124279 -0.0836962 -0.0740542
FixedParameters: 0 0 0

#Transform 74
Transform: AffineTransform_float_3_3
Parameters: 0.999999 0.00158293 -0.000898454 -0.00157946 0.999993 0.00332524 0.000903431 -0.00332376 0.999994 0.119499 -0.0805912 -0.0710226
FixedParameters: 0 0 0

#Transform 75
Transform: AffineTransform_float_3_3
Parameters: 0.999998 0.00168122 -0.00089493 -0.00167822 0.999992 0.00361126 0.00090178 -0.00360874 0.999993 0.124274 -0.125932 -0.067677
FixedParameters: 0 0 0

#Transform 76
Transform: AffineTransform_float_3_3
Parameters: 0.999998 0.00169072 -0.000858145 -0.00168796 0.999994 0.00306602 0.000862966 -0.00306498 0.999995 0.123546 -0.075555 -0.0382061
FixedParameters: 0 0 0

#Transform 77
Transform: AffineTransform_float_3_3
Parameters: 0.999998 0.00154829 -0.000430912 -0.00154662 0.999993 0.00342142 0.00043667 -0.00342058 0.999994 0.102317 -0.102916 -0.0516517
FixedParameters: 0 0 0

#Transform 78
Transform: AffineTransform_float_3_3
Parameters: 0.999998 0.0016796 -0.000892854 -0.00167701 0.999992 0.00339232 0.00089896 -0.00339068 0.999994 0.128344 -0.116457 -0.0550264
FixedParameters: 0 0 0

#Transform 79
Transform: AffineTransform_float_3_3
Parameters: 0.999999 0.00169566 -0.000769649 -0.00169275 0.999992 0.00350988 0.000776004 -0.00350912 0.999993 0.131793 -0.100828 -0.0407011
FixedParameters: 0 0 0

#Transform 80
Transform: AffineTransform_float_3_3
Parameters: 0.999999 0.00139951 -0.000391176 -0.00139886 0.999992 0.0036983 0.000396953 -0.0036977 0.999993 0.0935843 -0.0938214 -0.0322461
FixedParameters: 0 0 0

#Transform 81
Transform: AffineTransform_float_3_3
Parameters: 0.999998 0.00172557 -0.000804884 -0.00172279 0.999993 0.00328296 0.000810667 -0.00328204 0.999994 0.123639 -0.0622567 -0.0399617
FixedParameters: 0 0 0

#Transform 82
Transform: AffineTransform_float_3_3
Parameters: 0.999998 0.00171369 -0.00085052 -0.00171106 0.999992 0.00373196 0.000857054 -0.00373004 0.999992 0.124508 -0.0933038 -0.0501402
FixedParameters: 0 0 0

#Transform 83
Transform: AffineTransform_float_3_3
Parameters: 0.999998 0.00170058 -0.000900006 -0.00169777 0.999992 0.00362935 0.000906093 -0.00362765 0.999993 0.125442 -0.0893167 -0.0510926
FixedParameters: 0 0 0

#Transform 84
Transform: AffineTransform_float_3_3
Parameters: 0.999999 0.00150339 -0.000883038 -0.00149968 0.999992 0.00366615 0.000887543 -0.00366485 0.999993 0.114888 -0.121533 -0.0517933
FixedParameters: 0 0 0

#Transform 85
Transform: AffineTransform_float_3_3
Parameters: 0.999999 0.00128929 -0.00075745 -0.00128622 0.999993 0.00350779 0.000761913 -0.0035072 0.999993 0.0999929 -0.0922161 -0.0229895
FixedParameters: 0 0 0

#Transform 86
Transform: AffineTransform_float_3_3
Parameters: 0.999999 0.0012947 -0.000736547 -0.00129194 0.999994 0.0032237 0.000741279 -0.00322229 0.999994 0.0996499 -0.0514382 -0.0133104
FixedParameters: 0 0 0

#Transform 87
Transform: AffineTransform_float_3_3
Parameters: 0.999999 0.00127163 -0.000823073 -0.00126921 0.999995 0.00284286 0.000825725 -0.00284214 0.999996 0.101323 -0.0277143 -0.024798
FixedParameters: 0 0 0

#Transform 88
Transform: AffineTransform_float_3_3
Parameters: 0.999999 0.00127139 -0.000823452 -0.00126919 0.999996 0.00254486 0.000826312 -0.00254413 0.999996 0.0810756 -0.0900179 0.0329823
FixedParameters: 0 0 0

#Transform 89
Transform: AffineTransform_float_3_3
Parameters: 0.999999 0.0012707 -0.00082451 -0.00126865 0.999998 0.00171287 0.000825961 -0.00171214 0.999999 0.0745861 -0.016599 0.00232432
FixedParameters: 0 0 0

#Transform 90
Transform: AffineTransform_float_3_3
Parameters: 0.999999 0.00116466 -0.00079584 -0.00116315 0.999997 0.00204068 0.00079795 -0.00203932 0.999997 0.0886665 -0.00353909 -0.0205193
FixedParameters: 0 0 0

#Transform 91
Transform: AffineTransform_float_3_3
Parameters: 0.999998 0.00143145 -0.000784388 -0.00142943 0.999998 0.00178387 0.000786591 -0.00178213 0.999998 0.101243 0.0304046 -0.0615839
FixedParameters: 0 0 0

#Transform 92
Transform: AffineTransform_float_3_3
Parameters: 0.999998 0.00144026 -0.000751886 -0.00143771 0.999997 0.00220784 0.00075534 -0.00220617 0.999998 0.102897 0.0245784 -0.071054
FixedParameters: 0 0 0

#Transform 93
Transform: AffineTransform_float_3_3
Parameters: 1 0.000969339 -0.000745353 -0.000968173 0.999996 0.00259479 0.000748 -0.00259421 0.999997 0.0731481 -0.0442291 0.0463972
FixedParameters: 0 0 0

#Transform 94
Transform: AffineTransform_float_3_3
Parameters: 0.999999 0.00125003 -0.000820829 -0.00124868 0.999998 0.00188384 0.000822896 -0.00188316 0.999998 0.0834934 -0.0257505 0.0343617
FixedParameters: 0 0 0

#Transform 95
Transform: AffineTransform_float_3_3
Parameters: 0.999999 0.00121198 -0.000648999 -0.001211 0.999997 0.00209154 0.000651427 -0.00209046 0.999997 0.037878 0.023868 0.0460051
FixedParameters: 0 0 0

#Transform 96
Transform: AffineTransform_float_3_3
Parameters: 0.999999 0.00122379 -0.00091695 -0.00122368 0.999999 0.000728872 0.000918025 -0.000727127 0.999999 0.0375964 0.069512 0.0781186
FixedParameters: 0 0 0

#Transform 97
Transform: AffineTransform_float_3_3
Parameters: 0.999997 0.00158002 -0.00157635 -0.00157979 0.999999 0.000159375 0.00157588 -0.000156627 0.999999 0.10559 0.0244945 0.086568
FixedParameters: 0 0 0

#Transform 98
Transform: AffineTransform_float_3_3
Parameters: 0.999969 0.00544875 -0.00577907 -0.00546163 0.999982 -0.00218913 0.00576717 0.00222087 0.999981 0.00648664 0.158467 0.0978359
FixedParameters: 0 0 0

#Transform 99
Transform: AffineTransform_float_3_3
Parameters: 0.99998 0.0044244 -0.00447003 -0.00442999 0.99999 -0.00138859 0.00446408 0.00140842 0.999989 0.0200165 0.0967826 0.102124
FixedParameters: 0 0 0

#Transform 100
Transform: AffineTransform_float_3_3
Parameters: 0.999981 0.00449616 -0.00435408 -0.0044979 0.99999 -0.000359784 0.00435243 0.000379216 0.999991 0.0379829 0.0792878 0.0655312
FixedParameters: 0 0 0

#Transform 101
Transform: AffineTransform_float_3_3
Parameters: 0.999983 0.00408518 -0.00428686 -0.00408787 0.999992 -0.00047848 0.00428455 0.000496517 0.999991 0.0152236 0.104242 0.0911284
FixedParameters: 0 0 0

#Transform 102
Transform: AffineTransform_float_3_3
Parameters: 0.999981 0.00405337 -0.00462223 -0.00405427 0.999992 -0.000115874 0.00462218 0.000135127 0.999989 0.0244144 0.0556967 0.0744824
FixedParameters: 0 0 0

#Transform 103
Transform: AffineTransform_float_3_3
Parameters: 0.999983 0.00395438 -0.0043363 -0.00395451 0.999992 -6.53039e-06 0.00433618 2.34691e-05 0.999991 0.0291156 0.0563165 0.0680169
FixedParameters: 0 0 0

#Transform 104
Transform: AffineTransform_float_3_3
Parameters: 0.999982 0.00414541 -0.00428137 -0.0041447 0.999991 9.18184e-05 0.00428206 -7.41787e-05 0.999991 0.0370309 0.060105 0.065532
FixedParameters: 0 0 0

#Transform 105
Transform: AffineTransform_float_3_3
Parameters: 0.999984 0.00392687 -0.00401939 -0.00392744 0.999993 -0.000215347 0.00401834 0.000231654 0.999992 0.000642019 0.0913253 0.0798022
FixedParameters: 0 0 0

#Transform 106
Transform: AffineTransform_float_3_3
Parameters: 0.999986 0.00365099 -0.00396193 -0.00365096 0.999993 1.08359e-05 0.00396196 3.83596e-06 0.999992 0.000994692 0.058702 0.0623425
FixedParameters: 0 0 0

#Transform 107
Transform: AffineTransform_float_3_3
Parameters: 0.999986 0.00376939 -0.00351761 -0.00376996 0.999993 -0.000248755 0.00351639 0.000262245 0.999994 -0.023757 0.125002 0.0930841
FixedParameters: 0 0 0

#Transform 108
Transform: AffineTransform_float_3_3
Parameters: 0.999984 0.00357419 -0.00423829 -0.00357734 0.999994 -0.000828413 0.00423539 0.000843589 0.99999 -0.00962035 0.143066 0.0603543
FixedParameters: 0 0 0

#Transform 109
Transform: AffineTransform_float_3_3
Parameters: 0.999986 0.00354658 -0.00392494 -0.00355075 0.999994 -0.00118178 0.0039203 0.00119622 0.999992 0.00189497 0.140305 0.0802201
FixedParameters: 0 0 0

#Transform 110
Transform: AffineTransform_float_3_3
Parameters: 0.999987 0.00349787 -0.00364597 -0.00350209 0.999994 -0.00101501 0.00364313 0.00102799 0.999993 -0.0190946 0.144789 0.0872888
FixedParameters: 0 0 0

#Transform 111
Transform: AffineTransform_float_3_3
Parameters: 0.999989 0.00326233 -0.00358364 -0.003266 0.999994 -0.00126189 0.00358012 0.00127411 0.999992 -0.023593 0.142572 0.0882237
FixedParameters: 0 0 0

#Transform 112
Transform: AffineTransform_float_3_3
Parameters: 0.999987 0.00315875 -0.00396927 -0.00316279 0.999995 -0.000844586 0.00396627 0.000856411 0.999992 -0.0163467 0.0887476 0.108493
FixedParameters: 0 0 0

#Transform 113
Transform: AffineTransform_float_3_3
Parameters: 0.999988 0.0032435 -0.0036562 -0.00324698 0.999994 -0.00100765 0.00365271 0.00101935 0.999993 0.0029128 0.126124 0.0864872
FixedParameters: 0 0 0

#Transform 114
Transform: AffineTransform_float_3_3
Parameters: 0.999988 0.00323091 -0.00370117 -0.00323479 0.999994 -0.00118055 0.00369633 0.00119244 0.999992 -0.00502968 0.136567 0.0778089
FixedParameters: 0 0 0

#Transform 115
Transform: AffineTransform_float_3_3
Parameters: 0.999987 0.00367138 -0.00360291 -0.00367472 0.999993 -0.000868535 0.00359983 0.000882465 0.999993 -0.00267807 0.0969683 0.104777
FixedParameters: 0 0 0

#Transform 116
Transform: AffineTransform_float_3_3
Parameters: 0.999988 0.00364431 -0.00332437 -0.00364538 0.999993 -0.000194964 0.00332387 0.000207035 0.999994 0.00416965 0.012547 0.105188
FixedParameters: 0 0 0

#Transform 117
Transform: AffineTransform_float_3_3
Parameters: 0.999987 0.00371 -0.00343299 -0.00370968 0.999993 5.27228e-05 0.00343333 -4.0276e-05 0.999994 0.0180652 0.0498675 0.0978316
FixedParameters: 0 0 0

#Transform 118
Transform: AffineTransform_float_3_3
Parameters: 0.999987 0.00391241 -0.00346491 -0.00391277 0.999992 -4.47064e-05 0.00346451 5.82922e-05 0.999994 0.0322316 0.083401 0.0965039
FixedParameters: 0 0 0

#Transform 119
Transform: AffineTransform_float_3_3
Parameters: 0.999984 0.00412025 -0.00371987 -0.00412134 0.999991 -0.00013905 0.00371867 0.000153945 0.999993 0.0377858 0.081613 0.101808
FixedParameters: 0 0 0

#Transform 120
Transform: AffineTransform_float_3_3
Parameters: 0.999987 0.00373777 -0.00351758 -0.0037373 0.999993 -6.28677e-05 0.0035168 7.61329e-05 0.999994 -0.00225129 0.100719 0.0946888
FixedParameters: 0 0 0

#Transform 121
Transform: AffineTransform_float_3_3
Parameters: 0.999988 0.00344527 -0.00354348 -0.00344949 0.999994 -0.00118055 0.00353936 0.00119245 0.999993 -0.0345298 0.125657 0.115796
FixedParameters: 0 0 0

#Transform 122
Transform: AffineTransform_float_3_3
Parameters: 0.999986 0.00306337 -0.00431484 -0.0030285 0.999964 0.00789461 0.00433871 -0.00788138 0.99996 -0.0549845 0.0163194 -0.238134
FixedParameters: 0 0 0

#Transform 123
Transform: AffineTransform_float_3_3
Parameters: 0.999989 0.00279079 -0.00373436 -0.00275023 0.999938 0.0107526 0.00376427 -0.0107424 0.999935 -0.0439442 -0.0869931 -0.340156
FixedParameters: 0 0 0

#Transform 124
Transform: AffineTransform_float_3_3
Parameters: 0.999988 0.0031642 -0.00390293 -0.00314053 0.999978 0.00592414 0.00392146 -0.00591186 0.999975 -0.0204407 0.018405 -0.168209
FixedParameters: 0 0 0

#Transform 125
Transform: AffineTransform_float_3_3
Parameters: 0.999989 0.00266564 -0.00380074 -0.00265056 0.999989 0.00385835 0.00381055 -0.00384865 0.999986 -0.069352 0.0775502 -0.0729832
FixedParameters: 0 0 0

#Transform 126
Transform: AffineTransform_float_3_3
Parameters: 0.99999 0.0027169 -0.00374439 -0.0027065 0.999993 0.00289608 0.00375274 -0.00288592 0.999988 -0.0291418 0.0744194 -0.0656705
FixedParameters: 0 0 0

#Transform 127
Transform: AffineTransform_float_3_3
Parameters: 0.99999 0.00275925 -0.00347446 -0.00274892 0.999992 0.00283475 0.0034822 -0.00282525 0.999991 -0.050061 0.105981 -0.0412175
FixedParameters: 0 0 0

#Transform 128
Transform: AffineTransform_float_3_3
Parameters: 0.999989 0.00270572 -0.00367105 -0.00269736 0.999994 0.0023441 0.00367777 -0.0023339 0.999991 -0.0151544 0.119868 -0.0810663
FixedParameters: 0 0 0

#Transform 129
Transform: AffineTransform_float_3_3
Parameters: 0.999991 0.00278136 -0.00338748 -0.00277269 0.999993 0.00248027 0.00339409 -0.00247073 0.999991 -0.0427938 0.0890881 -0.034396
FixedParameters: 0 0 0

#Transform 130
Transform: AffineTransform_float_3_3
Parameters: 0.99999 0.00269938 -0.0036975 -0.00268947 0.999993 0.00257189 0.00370445 -0.00256211 0.999989 -0.0510675 0.119926 -0.0472964
FixedParameters: 0 0 0

#Transform 131
Transform: AffineTransform_float_3_3
Parameters: 0.999989 0.00271615 -0.00363149 -0.00270719 0.999994 0.00232003 0.00363787 -0.00230997 0.999991 -0.0254275 0.110112 -0.0623276
FixedParameters: 0 0 0

#Transform 132
Transform: AffineTransform_float_3_3
Parameters: 0.999986 0.00338465 -0.00387928 -0.00337537 0.999991 0.00256268 0.003888 -0.00254932 0.999989 -0.11449 0.139912 0.0144148
FixedParameters: 0 0 0

#Transform 133
Transform: AffineTransform_float_3_3
Parameters: 0.999987 0.00320237 -0.00391135 -0.00319543 0.999993 0.00189833 0.00391728 -0.00188567 0.99999 -0.0699364 0.134455 -0.0499266
FixedParameters: 0 0 0

#Transform 134
Transform: AffineTransform_float_3_3
Parameters: 0.999988 0.00304195 -0.00386869 -0.00303394 0.999994 0.00189756 0.00387472 -0.00188643 0.999991 -0.0555705 0.163946 -0.0674548
FixedParameters: 0 0 0

#Transform 135
Transform: AffineTransform_float_3_3
Parameters: 0.999989 0.00277608 -0.00379616 -0.00276714 0.999994 0.00237945 0.00380244 -0.00236855 0.99999 -0.0549232 0.0845993 -0.0421579
FixedParameters: 0 0 0

#Transform 136
Transform: AffineTransform_float_3_3
Parameters: 0.999989 0.00277547 -0.00379661 -0.00276652 0.999994 0.00221876 0.0038027 -0.00220823 0.999991 -0.0541574 0.13811 -0.0670669
FixedParameters: 0 0 0

#Transform 137
Transform: AffineTransform_float_3_3
Parameters: 0.999989 0.00277835 -0.0037945 -0.00276731 0.999992 0.00297777 0.00380269 -0.00296723 0.999989 -0.0684477 0.088424 -0.0124762
FixedParameters: 0 0 0

#Transform 138
Transform: AffineTransform_float_3_3
Parameters: 0.999989 0.00279293 -0.00373244 -0.00278445 0.999993 0.00235665 0.00373867 -0.00234635 0.99999 -0.050809 0.129547 -0.0800911
FixedParameters: 0 0 0

#Transform 139
Transform: AffineTransform_float_3_3
Parameters: 0.99999 0.00281359 -0.00365424 -0.00280449 0.999993 0.00232451 0.0036611 -0.00231449 0.999991 -0.0378169 0.105893 -0.0550502
FixedParameters: 0 0 0

#Transform 140
Transform: AffineTransform_float_3_3
Parameters: 0.99999 0.00281379 -0.00366409 -0.0028015 0.999991 0.00328822 0.00367326 -0.00327778 0.999987 -0.0720158 0.0873679 -0.0248942
FixedParameters: 0 0 0

#Transform 141
Transform: AffineTransform_float_3_3
Parameters: 0.999988 0.00274002 -0.00393 -0.00273176 0.999994 0.002212 0.00393519 -0.00220101 0.99999 -0.048077 0.117344 -0.0355124
FixedParameters: 0 0 0

#Transform 142
Transform: AffineTransform_float_3_3
Parameters: 0.999989 0.00274638 -0.00366526 -0.00273744 0.999993 0.00262905 0.00367207 -0.00261995 0.99999 -0.0843592 0.136102 -0.00360611
FixedParameters: 0 0 0

#Transform 143
Transform: AffineTransform_float_3_3
Parameters: 0.999989 0.00278709 -0.0037523 -0.00277872 0.999994 0.00216669 0.00375815 -0.00215631 0.999991 -0.0483979 0.120738 -0.052475
FixedParameters: 0 0 0

#Transform 144
Transform: AffineTransform_float_3_3
Parameters: 0.999989 0.00288454 -0.00387079 -0.00287668 0.999993 0.00203421 0.0038763 -0.00202379 0.99999 -0.0419178 0.164189 -0.0835901
FixedParameters: 0 0 0

#Transform 145
Transform: AffineTransform_float_3_3
Parameters: 0.999989 0.00276496 -0.00383779 -0.002756 0.999993 0.00235584 0.00384388 -0.00234516 0.99999 -0.0467099 0.122989 -0.0570022
FixedParameters: 0 0 0

#Transform 146
Transform: AffineTransform_float_3_3
Parameters: 0.999989 0.00276634 -0.00362451 -0.00275912 0.999994 0.00221601 0.00363081 -0.00220699 0.999991 -0.0536344 0.129547 -0.0417305
FixedParameters: 0 0 0

#Transform 147
Transform: AffineTransform_float_3_3
Parameters: 0.999989 0.00252962 -0.00380186 -0.00251977 0.999994 0.00245903 0.00380833 -0.00244897 0.99999 -0.0464782 0.110972 -0.0262589
FixedParameters: 0 0 0

#Transform 148
Transform: AffineTransform_float_3_3
Parameters: 0.999991 0.00242803 -0.00345608 -0.00241954 0.999994 0.00250874 0.0034623 -0.00250026 0.999991 -0.10274 0.142103 -0.0144612
FixedParameters: 0 0 0

#Transform 149
Transform: AffineTransform_float_3_3
Parameters: 0.999989 0.00259405 -0.00389366 -0.00258421 0.999994 0.00239958 0.00390014 -0.00238942 0.99999 -0.0682062 0.153774 -0.0344469
FixedParameters: 0 0 0
