#!ascii label  , from subject sub-v1s2x0051484_ses-1 vox2ras=TkReg
1107
161617  -9.461  -53.467  81.776 0.0000000000
57614  -31.855  -40.128  77.170 0.0000000000
66409  -29.992  -32.991  74.483 0.0000000000
59506  -24.787  -39.551  81.296 0.0000000000
146826  -37.791  -24.899  63.042 0.0000000000
70396  -32.882  -26.924  66.068 0.0000000000
58535  -31.611  -39.863  82.023 0.0000000000
57585  -28.002  -41.812  78.558 0.0000000000
77335  -44.076  -21.723  66.734 0.0000000000
80911  -45.831  -16.426  64.821 0.0000000000
80947  -48.443  -15.846  61.075 0.0000000000
69319  -34.589  -28.779  74.310 0.0000000000
69379  -29.727  -29.014  70.024 0.0000000000
71355  -35.972  -25.600  71.797 0.0000000000
73403  -40.329  -25.291  68.507 0.0000000000
157142  -18.977  -41.607  79.146 0.0000000000
147222  -7.339  -56.376  84.069 0.0000000000
62521  -31.303  -36.605  76.118 0.0000000000
66365  -33.243  -31.968  77.932 0.0000000000
56561  -21.698  -42.094  75.301 0.0000000000
60593  -25.025  -38.216  74.131 0.0000000000
81877  -46.038  -16.242  55.569 0.0000000000
83828  -49.851  -13.504  58.313 0.0000000000
69479  -36.844  -27.303  64.154 0.0000000000
71428  -42.528  -25.387  66.937 0.0000000000
48334  -10.647  -50.442  80.030 0.0000000000
36525  -4.097  -60.991  79.228 0.0000000000
79209  -44.568  -18.909  66.090 0.0000000000
150644  -35.210  -27.338  73.151 0.0000000000
55414  -16.194  -42.094  77.432 0.0000000000
42785  -8.926  -54.957  82.903 0.0000000000
59595  -31.722  -38.926  74.554 0.0000000000
59584  -31.758  -38.447  76.619 0.0000000000
141826  -23.186  -40.145  78.500 0.0000000000
58600  -22.764  -39.368  75.514 0.0000000000
59556  -25.083  -38.982  77.907 0.0000000000
56538  -30.422  -42.257  77.468 0.0000000000
57611  -28.844  -42.073  75.977 0.0000000000
56567  -31.246  -42.131  75.239 0.0000000000
56474  -23.277  -41.553  82.446 0.0000000000
56516  -22.149  -41.942  79.326 0.0000000000
80094  -41.684  -18.471  59.774 0.0000000000
80982  -44.895  -17.351  55.834 0.0000000000
81864  -49.620  -15.131  59.543 0.0000000000
70378  -30.764  -27.602  67.898 0.0000000000
144468  -35.135  -27.322  65.136 0.0000000000
71384  -41.827  -26.331  68.250 0.0000000000
161711  -13.286  -45.091  80.072 0.0000000000
51194  -12.266  -46.251  80.843 0.0000000000
161153  -11.149  -47.210  82.821 0.0000000000
49339  -11.549  -48.793  78.229 0.0000000000
38689  -5.961  -60.448  78.155 0.0000000000
58552  -31.588  -39.904  79.561 0.0000000000
60547  -31.553  -38.371  78.778 0.0000000000
60527  -31.609  -38.074  81.017 0.0000000000
143609  -27.257  -40.593  83.255 0.0000000000
160565  -26.906  -40.906  80.149 0.0000000000
56476  -28.889  -42.099  81.344 0.0000000000
160171  -31.248  -41.854  80.148 0.0000000000
75412  -41.151  -23.224  64.894 0.0000000000
78336  -41.853  -20.462  63.963 0.0000000000
143320  -42.580  -18.203  62.659 0.0000000000
80098  -44.645  -16.866  61.096 0.0000000000
80111  -45.880  -16.164  59.973 0.0000000000
80939  -47.188  -15.867  62.100 0.0000000000
67366  -31.117  -30.584  74.714 0.0000000000
67392  -29.364  -30.918  72.491 0.0000000000
69356  -31.900  -28.320  72.214 0.0000000000
141670  -32.530  -27.382  71.169 0.0000000000
71378  -33.577  -25.783  68.645 0.0000000000
72407  -36.136  -26.260  66.839 0.0000000000
73375  -37.724  -24.243  69.196 0.0000000000
54333  -16.275  -42.338  80.957 0.0000000000
54362  -14.573  -43.388  78.374 0.0000000000
85755  -48.860  -11.921  54.237 0.0000000000
40695  -4.967  -56.687  83.515 0.0000000000
61601  -30.798  -37.499  73.697 0.0000000000
63475  -30.214  -35.039  75.080 0.0000000000
151646  -32.022  -36.629  77.184 0.0000000000
64405  -32.062  -34.641  77.057 0.0000000000
66383  -31.737  -32.272  76.198 0.0000000000
68342  -32.986  -30.028  76.355 0.0000000000
58575  -26.648  -40.387  76.961 0.0000000000
54334  -20.896  -42.356  81.002 0.0000000000
55419  -21.068  -43.234  77.221 0.0000000000
80978  -46.866  -15.204  58.503 0.0000000000
82871  -47.165  -13.964  56.485 0.0000000000
83843  -47.923  -13.027  55.907 0.0000000000
84796  -50.336  -12.170  57.619 0.0000000000
43918  -9.004  -54.257  78.471 0.0000000000
42819  -8.402  -55.451  79.908 0.0000000000
71466  -37.449  -26.463  63.360 0.0000000000
69424  -37.477  -27.286  66.697 0.0000000000
70440  -39.830  -26.743  65.700 0.0000000000
72452  -40.272  -24.879  65.106 0.0000000000
74442  -44.298  -23.417  67.089 0.0000000000
46243  -10.210  -52.199  80.405 0.0000000000
40715  -7.410  -57.427  80.743 0.0000000000
142655  -5.581  -58.183  82.225 0.0000000000
39724  -4.220  -58.242  81.271 0.0000000000
43865  -9.238  -54.288  82.835 0.0000000000
57627  -32.147  -40.883  75.312 0.0000000000
58604  -31.798  -39.242  76.235 0.0000000000
58588  -31.777  -39.549  76.806 0.0000000000
58550  -23.346  -39.947  80.351 0.0000000000
58560  -23.554  -39.273  78.295 0.0000000000
59529  -24.583  -39.143  79.865 0.0000000000
56555  -31.805  -41.560  76.895 0.0000000000
56554  -31.217  -42.084  76.254 0.0000000000
57612  -31.841  -41.585  75.818 0.0000000000
57626  -31.643  -41.643  74.724 0.0000000000
57532  -25.314  -40.362  83.858 0.0000000000
56441  -24.703  -41.196  84.992 0.0000000000
57541  -24.008  -40.919  82.515 0.0000000000
57572  -22.784  -40.675  80.252 0.0000000000
80137  -44.484  -16.911  57.446 0.0000000000
64454  -29.734  -34.548  73.486 0.0000000000
65473  -29.590  -33.743  73.271 0.0000000000
70379  -31.713  -27.161  67.472 0.0000000000
70415  -31.419  -28.039  65.769 0.0000000000
70397  -33.875  -26.822  65.830 0.0000000000
52223  -12.574  -45.661  78.939 0.0000000000
155935  -12.645  -45.807  80.533 0.0000000000
139614  -12.149  -46.309  79.950 0.0000000000
50260  -11.541  -46.969  80.334 0.0000000000
50279  -11.806  -48.075  77.835 0.0000000000
58543  -31.528  -39.794  80.322 0.0000000000
58544  -31.546  -39.362  80.276 0.0000000000
60519  -31.580  -38.841  81.741 0.0000000000
150177  -29.185  -40.972  84.197 0.0000000000
57545  -28.220  -41.109  83.035 0.0000000000
56455  -29.809  -41.388  83.322 0.0000000000
57547  -31.676  -40.265  82.940 0.0000000000
56480  -30.656  -40.855  81.746 0.0000000000
147397  -31.318  -40.264  81.387 0.0000000000
56503  -31.322  -40.686  80.044 0.0000000000
76347  -42.912  -22.556  65.931 0.0000000000
149635  -41.332  -22.079  64.144 0.0000000000
77345  -43.167  -20.972  65.742 0.0000000000
165599  -44.704  -17.577  64.979 0.0000000000
160587  -43.944  -18.140  64.193 0.0000000000
79228  -44.016  -17.738  63.310 0.0000000000
79248  -43.895  -17.405  61.842 0.0000000000
160148  -45.378  -16.671  62.209 0.0000000000
80087  -45.491  -16.526  61.516 0.0000000000
80928  -46.587  -16.177  62.894 0.0000000000
69317  -32.507  -29.219  74.599 0.0000000000
68374  -31.107  -29.374  73.469 0.0000000000
69346  -33.001  -28.359  73.329 0.0000000000
71338  -35.927  -26.277  72.515 0.0000000000
145322  -33.956  -26.950  72.080 0.0000000000
70341  -34.126  -26.416  71.414 0.0000000000
71368  -33.510  -25.822  69.932 0.0000000000
142398  -34.845  -25.247  70.296 0.0000000000
72382  -36.199  -24.563  69.143 0.0000000000
72374  -37.087  -24.353  70.691 0.0000000000
55375  -19.632  -41.766  80.782 0.0000000000
55362  -18.758  -41.671  81.465 0.0000000000
55384  -18.181  -41.565  79.695 0.0000000000
54375  -15.126  -42.823  77.416 0.0000000000
86694  -49.551  -10.969  54.935 0.0000000000
86699  -50.413  -10.333  54.804 0.0000000000
40686  -6.174  -56.894  83.916 0.0000000000
146166  -31.609  -37.649  75.826 0.0000000000
60604  -31.483  -38.642  73.803 0.0000000000
61593  -31.064  -37.087  75.333 0.0000000000
62530  -30.646  -36.407  75.176 0.0000000000
62531  -30.950  -36.284  75.770 0.0000000000
61546  -31.683  -37.574  79.196 0.0000000000
149893  -31.743  -37.618  78.252 0.0000000000
62496  -32.179  -36.129  78.350 0.0000000000
65409  -33.001  -33.248  78.630 0.0000000000
64398  -32.304  -34.436  77.511 0.0000000000
65427  -32.333  -33.364  76.973 0.0000000000
65432  -31.894  -33.652  76.569 0.0000000000
66376  -32.140  -32.844  76.648 0.0000000000
67346  -32.233  -31.030  76.246 0.0000000000
67340  -33.143  -31.231  77.468 0.0000000000
60591  -23.677  -38.002  74.879 0.0000000000
57574  -27.470  -41.383  79.407 0.0000000000
57583  -26.722  -40.547  77.965 0.0000000000
57599  -27.344  -41.245  77.328 0.0000000000
57643  -28.348  -41.198  73.735 0.0000000000
141277  -21.889  -42.751  82.407 0.0000000000
56534  -22.299  -42.592  77.424 0.0000000000
55404  -21.333  -42.893  78.408 0.0000000000
56533  -21.679  -43.093  76.802 0.0000000000
55433  -20.187  -42.964  75.460 0.0000000000
80101  -46.966  -15.707  60.215 0.0000000000
80129  -46.096  -16.025  59.182 0.0000000000
80956  -47.457  -15.516  59.931 0.0000000000
82856  -50.114  -14.752  59.147 0.0000000000
81872  -48.209  -14.393  58.620 0.0000000000
82864  -48.653  -13.831  58.307 0.0000000000
83835  -47.574  -13.516  56.154 0.0000000000
83837  -49.199  -12.999  57.613 0.0000000000
84794  -48.603  -12.625  56.696 0.0000000000
84787  -50.080  -12.887  57.989 0.0000000000
68383  -29.840  -29.546  71.415 0.0000000000
67402  -28.651  -31.288  70.933 0.0000000000
146188  -36.322  -27.301  62.197 0.0000000000
70459  -37.096  -27.138  63.575 0.0000000000
72396  -38.224  -25.777  67.718 0.0000000000
70380  -36.752  -26.989  66.660 0.0000000000
71381  -38.898  -26.699  67.607 0.0000000000
71413  -42.572  -26.001  67.691 0.0000000000
160103  -40.418  -27.127  66.616 0.0000000000
70442  -41.072  -26.068  65.995 0.0000000000
71436  -40.074  -25.992  65.377 0.0000000000
71439  -41.839  -25.094  66.084 0.0000000000
73442  -41.956  -24.069  65.761 0.0000000000
72430  -43.057  -24.659  66.855 0.0000000000
49320  -10.578  -48.765  80.571 0.0000000000
48318  -9.895  -49.761  81.656 0.0000000000
47288  -9.984  -51.016  81.778 0.0000000000
47293  -10.409  -51.305  80.072 0.0000000000
46260  -10.221  -52.343  78.717 0.0000000000
47319  -10.577  -51.592  78.142 0.0000000000
41769  -7.516  -57.133  77.786 0.0000000000
41755  -7.754  -56.811  80.073 0.0000000000
40731  -7.245  -57.723  78.467 0.0000000000
37632  -4.935  -60.227  79.579 0.0000000000
39732  -5.940  -59.171  80.524 0.0000000000
38671  -4.683  -59.495  80.542 0.0000000000
38656  -5.009  -58.567  81.816 0.0000000000
38670  -4.321  -59.394  80.356 0.0000000000
56446  -30.874  -41.092  84.253 0.0000000000
77337  -45.581  -20.886  67.515 0.0000000000
163101  -44.410  -20.251  66.521 0.0000000000
79201  -45.880  -18.998  67.486 0.0000000000
69347  -34.752  -27.790  73.386 0.0000000000
137644  -19.067  -42.808  76.764 0.0000000000
55401  -18.108  -41.656  78.018 0.0000000000
43842  -8.910  -54.910  84.666 0.0000000000
41718  -8.092  -56.049  83.749 0.0000000000
58618  -31.932  -39.975  74.199 0.0000000000
60595  -31.753  -38.301  75.557 0.0000000000
61580  -31.716  -37.265  76.640 0.0000000000
67330  -33.784  -30.843  78.187 0.0000000000
57597  -22.570  -41.732  76.984 0.0000000000
58584  -22.213  -40.175  75.384 0.0000000000
58574  -23.192  -39.950  77.490 0.0000000000
60568  -23.902  -38.585  76.824 0.0000000000
60570  -24.744  -38.518  76.125 0.0000000000
139503  -29.949  -42.255  78.066 0.0000000000
56536  -28.914  -42.094  76.772 0.0000000000
56552  -29.644  -42.241  76.073 0.0000000000
56565  -29.952  -42.272  75.144 0.0000000000
57644  -31.422  -41.890  73.649 0.0000000000
139725  -23.283  -41.749  83.800 0.0000000000
54327  -22.243  -42.434  81.867 0.0000000000
56484  -22.489  -41.675  81.035 0.0000000000
157945  -22.618  -41.761  78.862 0.0000000000
79256  -41.112  -18.893  60.447 0.0000000000
80983  -45.387  -16.543  55.992 0.0000000000
81834  -49.470  -16.158  61.338 0.0000000000
81851  -48.956  -15.400  59.895 0.0000000000
145027  -30.180  -28.377  69.408 0.0000000000
70456  -34.303  -27.619  63.120 0.0000000000
158549  -35.775  -27.453  64.794 0.0000000000
73392  -41.937  -25.500  69.176 0.0000000000
71383  -40.640  -26.640  67.997 0.0000000000
72386  -43.259  -26.151  69.167 0.0000000000
53234  -14.371  -44.135  81.075 0.0000000000
52188  -13.969  -44.845  82.215 0.0000000000
51168  -12.449  -46.081  83.015 0.0000000000
50236  -11.767  -46.616  82.472 0.0000000000
49321  -10.932  -47.879  80.389 0.0000000000
159523  -10.904  -49.315  79.348 0.0000000000
47320  -11.066  -51.019  77.606 0.0000000000
49347  -11.483  -49.596  77.704 0.0000000000
57602  -31.794  -40.240  77.966 0.0000000000
58577  -31.695  -39.206  77.917 0.0000000000
145445  -31.643  -39.018  78.940 0.0000000000
60537  -31.562  -38.396  79.523 0.0000000000
58524  -25.739  -40.019  82.608 0.0000000000
156506  -26.225  -39.833  81.052 0.0000000000
58534  -26.739  -40.382  81.916 0.0000000000
56475  -28.077  -41.846  80.945 0.0000000000
56487  -28.732  -42.165  80.383 0.0000000000
56478  -30.344  -41.207  82.382 0.0000000000
56489  -30.436  -42.165  81.164 0.0000000000
56500  -30.172  -42.380  79.544 0.0000000000
138135  -31.082  -42.151  78.949 0.0000000000
56520  -31.620  -41.424  78.810 0.0000000000
57525  -26.560  -40.300  84.671 0.0000000000
153052  -39.784  -24.019  63.862 0.0000000000
75419  -37.929  -23.377  62.825 0.0000000000
76355  -40.173  -22.391  63.600 0.0000000000
77357  -40.521  -21.673  63.437 0.0000000000
78348  -40.712  -20.299  62.829 0.0000000000
78323  -43.387  -19.829  65.402 0.0000000000
78350  -42.031  -19.444  63.598 0.0000000000
79233  -41.601  -18.803  62.235 0.0000000000
143575  -41.984  -18.495  61.261 0.0000000000
137021  -43.337  -17.428  60.379 0.0000000000
80109  -43.795  -17.205  59.778 0.0000000000
80128  -44.525  -16.778  58.555 0.0000000000
137859  -45.010  -16.547  60.168 0.0000000000
80088  -46.795  -15.878  61.325 0.0000000000
80940  -47.633  -15.771  61.370 0.0000000000
80921  -47.979  -15.565  64.064 0.0000000000
81821  -49.304  -16.060  62.639 0.0000000000
66390  -30.282  -31.955  74.490 0.0000000000
160198  -29.544  -32.274  73.410 0.0000000000
67383  -30.221  -31.040  73.719 0.0000000000
68384  -30.307  -29.417  72.181 0.0000000000
69354  -30.481  -28.884  71.212 0.0000000000
146257  -33.168  -27.748  72.402 0.0000000000
70339  -31.828  -28.026  71.419 0.0000000000
70355  -30.985  -28.049  70.054 0.0000000000
70356  -31.526  -27.339  69.731 0.0000000000
71376  -32.317  -26.650  68.162 0.0000000000
71389  -33.169  -26.333  67.766 0.0000000000
71411  -34.558  -26.422  66.403 0.0000000000
71379  -34.585  -25.559  68.006 0.0000000000
72394  -36.390  -25.082  67.975 0.0000000000
73401  -38.414  -24.953  68.276 0.0000000000
74404  -39.938  -23.645  69.416 0.0000000000
73391  -40.553  -24.394  68.931 0.0000000000
143129  -15.505  -43.054  81.443 0.0000000000
55382  -16.046  -42.011  79.252 0.0000000000
54346  -15.380  -42.789  79.695 0.0000000000
157714  -14.906  -43.483  81.097 0.0000000000
53250  -14.179  -44.052  79.281 0.0000000000
63487  -29.977  -35.580  74.381 0.0000000000
64424  -30.339  -34.220  75.098 0.0000000000
59558  -31.649  -38.582  77.671 0.0000000000
61575  -31.883  -37.330  77.060 0.0000000000
146699  -31.853  -36.826  76.824 0.0000000000
63458  -32.057  -35.782  77.210 0.0000000000
62522  -31.588  -35.975  76.548 0.0000000000
156985  -31.119  -34.780  76.211 0.0000000000
145413  -30.821  -33.811  75.707 0.0000000000
144211  -30.523  -32.613  75.100 0.0000000000
150407  -30.747  -31.643  75.078 0.0000000000
68351  -32.426  -29.921  75.504 0.0000000000
69305  -33.430  -29.294  75.640 0.0000000000
68315  -34.549  -29.866  77.985 0.0000000000
69290  -34.819  -29.388  76.527 0.0000000000
59543  -25.590  -39.354  78.757 0.0000000000
59557  -25.910  -39.654  77.667 0.0000000000
59583  -26.199  -39.393  75.281 0.0000000000
57609  -27.788  -41.373  75.884 0.0000000000
149975  -27.419  -40.447  74.496 0.0000000000
55354  -20.629  -42.128  82.444 0.0000000000
139322  -20.330  -42.004  80.140 0.0000000000
159994  -21.667  -42.236  80.498 0.0000000000
137681  -20.842  -42.406  78.898 0.0000000000
55417  -19.648  -42.661  77.655 0.0000000000
55432  -19.549  -42.968  76.037 0.0000000000
160574  -45.241  -16.286  58.176 0.0000000000
80977  -45.511  -15.960  57.381 0.0000000000
80984  -45.809  -15.636  56.731 0.0000000000
81862  -47.691  -14.931  58.967 0.0000000000
81871  -47.242  -14.615  58.082 0.0000000000
81878  -46.252  -15.285  56.172 0.0000000000
82879  -47.151  -14.400  55.258 0.0000000000
83842  -47.606  -13.818  54.981 0.0000000000
83850  -48.147  -14.044  53.975 0.0000000000
84803  -48.264  -12.432  55.596 0.0000000000
85750  -49.282  -11.432  55.777 0.0000000000
45049  -9.481  -53.516  80.239 0.0000000000
43891  -8.868  -54.886  80.342 0.0000000000
43905  -8.617  -54.759  78.828 0.0000000000
66425  -29.025  -32.571  72.208 0.0000000000
72450  -38.026  -25.846  63.855 0.0000000000
71412  -35.702  -26.718  66.306 0.0000000000
70399  -36.493  -27.230  66.265 0.0000000000
164410  -36.958  -27.485  65.533 0.0000000000
160208  -39.660  -27.127  67.474 0.0000000000
69445  -38.930  -27.514  66.273 0.0000000000
69460  -38.042  -27.333  65.351 0.0000000000
70460  -38.290  -26.619  64.676 0.0000000000
71453  -38.844  -25.800  64.660 0.0000000000
73453  -39.068  -24.929  64.023 0.0000000000
74466  -40.617  -23.870  64.647 0.0000000000
74453  -42.122  -23.647  65.718 0.0000000000
76339  -44.618  -22.595  67.135 0.0000000000
46222  -9.852  -52.688  82.785 0.0000000000
47280  -10.054  -51.622  82.756 0.0000000000
46229  -10.004  -52.932  80.776 0.0000000000
46242  -9.997  -52.847  79.705 0.0000000000
46279  -9.901  -52.976  77.839 0.0000000000
147558  -8.568  -55.412  80.845 0.0000000000
41744  -8.281  -56.056  82.007 0.0000000000
40705  -7.302  -57.307  81.819 0.0000000000
39733  -6.427  -58.837  79.827 0.0000000000
40714  -6.919  -58.037  81.315 0.0000000000
159519  -6.150  -57.367  83.135 0.0000000000
39709  -5.368  -57.640  82.842 0.0000000000
39708  -4.814  -57.495  82.639 0.0000000000
36524  -3.912  -61.299  79.113 0.0000000000
38669  -4.000  -59.280  80.068 0.0000000000
45021  -9.460  -53.477  82.366 0.0000000000
43877  -9.238  -54.099  81.770 0.0000000000
58587  -31.884  -40.188  76.225 0.0000000000
58541  -24.199  -39.588  80.722 0.0000000000
58549  -23.788  -39.464  79.803 0.0000000000
59517  -25.025  -39.333  80.610 0.0000000000
57601  -31.980  -40.939  77.458 0.0000000000
57613  -32.187  -40.913  76.496 0.0000000000
156510  -25.265  -40.275  83.194 0.0000000000
57542  -24.456  -40.837  83.348 0.0000000000
58531  -24.294  -40.140  81.723 0.0000000000
80127  -43.909  -17.447  57.848 0.0000000000
64436  -29.777  -33.818  74.033 0.0000000000
70395  -32.018  -27.388  66.435 0.0000000000
70416  -32.266  -27.576  65.480 0.0000000000
70417  -33.141  -27.285  65.232 0.0000000000
51221  -12.156  -46.621  77.912 0.0000000000
51208  -12.121  -46.293  78.937 0.0000000000
50280  -11.790  -47.191  78.321 0.0000000000
144819  -31.498  -39.894  81.152 0.0000000000
141432  -31.505  -39.705  81.002 0.0000000000
59508  -31.654  -39.506  82.363 0.0000000000
56454  -29.346  -41.259  83.296 0.0000000000
138609  -29.821  -41.139  83.978 0.0000000000
57557  -31.521  -40.064  81.944 0.0000000000
164076  -31.376  -40.313  82.218 0.0000000000
162797  -31.273  -40.427  80.695 0.0000000000
56444  -29.439  -40.976  84.798 0.0000000000
152816  -43.301  -21.956  66.091 0.0000000000
154551  -42.653  -21.800  65.404 0.0000000000
80062  -45.161  -17.014  64.397 0.0000000000
80069  -44.520  -17.501  64.048 0.0000000000
80076  -44.779  -17.085  62.888 0.0000000000
80070  -45.159  -16.918  63.531 0.0000000000
80077  -45.652  -16.589  62.824 0.0000000000
80919  -45.825  -16.471  63.702 0.0000000000
69318  -33.587  -28.960  74.574 0.0000000000
69329  -32.418  -28.807  73.850 0.0000000000
69330  -33.146  -28.734  73.950 0.0000000000
71337  -35.387  -26.179  71.935 0.0000000000
71354  -34.803  -25.989  71.285 0.0000000000
152476  -35.425  -25.464  71.080 0.0000000000
72373  -36.168  -24.816  70.610 0.0000000000
71356  -36.586  -25.146  71.564 0.0000000000
151162  -19.293  -41.633  79.908 0.0000000000
55374  -18.418  -41.610  80.583 0.0000000000
85751  -50.043  -10.816  56.223 0.0000000000
41704  -7.884  -55.971  84.668 0.0000000000
157118  -7.076  -56.296  84.820 0.0000000000
40677  -6.315  -56.325  84.626 0.0000000000
41703  -6.716  -56.629  84.237 0.0000000000
61586  -31.392  -37.272  75.769 0.0000000000
62487  -32.024  -36.410  79.002 0.0000000000
62486  -31.696  -35.407  79.618 0.0000000000
159607  -33.256  -32.518  78.387 0.0000000000
65420  -32.815  -33.009  77.562 0.0000000000
66371  -32.670  -32.441  77.226 0.0000000000
67347  -32.443  -31.860  76.765 0.0000000000
56560  -21.215  -42.396  74.714 0.0000000000
57584  -27.339  -41.302  78.327 0.0000000000
164696  -27.928  -41.707  77.862 0.0000000000
56548  -22.030  -42.430  76.355 0.0000000000
56547  -21.418  -42.821  75.778 0.0000000000
80991  -46.688  -17.083  54.826 0.0000000000
80946  -47.620  -15.655  60.599 0.0000000000
82865  -49.600  -13.978  58.697 0.0000000000
83827  -48.969  -13.426  57.955 0.0000000000
68395  -29.411  -29.641  70.668 0.0000000000
68394  -28.860  -30.410  70.409 0.0000000000
68404  -29.112  -29.732  69.739 0.0000000000
70437  -35.968  -27.415  63.971 0.0000000000
70457  -35.204  -27.472  62.942 0.0000000000
70458  -36.128  -27.367  62.855 0.0000000000
72397  -39.144  -25.968  67.899 0.0000000000
71380  -38.114  -26.685  67.362 0.0000000000
70424  -41.937  -26.020  66.997 0.0000000000
71427  -41.642  -25.687  66.374 0.0000000000
71438  -41.195  -25.385  65.781 0.0000000000
164264  -42.377  -24.787  66.370 0.0000000000
49332  -10.717  -49.544  79.972 0.0000000000
49307  -10.271  -48.802  81.439 0.0000000000
48327  -10.323  -49.761  80.766 0.0000000000
48317  -10.287  -50.725  80.748 0.0000000000
47300  -10.496  -51.492  79.158 0.0000000000
157905  -10.768  -50.903  79.465 0.0000000000
37641  -4.659  -61.163  79.076 0.0000000000
37631  -4.328  -60.175  79.661 0.0000000000
69333  -35.724  -28.037  74.466 0.0000000000
55416  -18.016  -42.247  76.546 0.0000000000
154807  -9.047  -54.784  83.705 0.0000000000
42784  -8.525  -55.404  83.319 0.0000000000
43855  -8.453  -55.380  84.272 0.0000000000
153081  -32.096  -40.563  74.476 0.0000000000
59596  -31.806  -39.191  75.359 0.0000000000
157169  -31.796  -38.555  76.078 0.0000000000
141875  -31.727  -37.843  76.295 0.0000000000
57598  -23.074  -41.064  77.694 0.0000000000
57608  -22.785  -40.714  76.632 0.0000000000
59555  -24.205  -38.745  77.958 0.0000000000
59554  -23.518  -39.089  77.253 0.0000000000
60569  -24.209  -38.421  76.291 0.0000000000
60558  -24.545  -38.739  77.006 0.0000000000
56537  -29.706  -42.240  77.151 0.0000000000
56553  -30.536  -42.311  75.661 0.0000000000
56566  -30.626  -42.303  74.716 0.0000000000
163767  -31.182  -42.118  74.409 0.0000000000
57645  -31.944  -41.258  73.869 0.0000000000
56464  -23.841  -41.344  83.658 0.0000000000
55346  -23.814  -41.437  84.258 0.0000000000
160178  -23.355  -41.673  83.235 0.0000000000
151998  -22.936  -41.924  82.633 0.0000000000
156153  -22.690  -41.121  79.439 0.0000000000
57582  -22.992  -41.178  78.658 0.0000000000
56535  -22.880  -41.965  78.009 0.0000000000
79257  -41.757  -18.624  60.722 0.0000000000
69397  -30.284  -28.007  68.541 0.0000000000
69396  -29.761  -28.566  68.373 0.0000000000
70377  -30.149  -28.201  67.829 0.0000000000
70435  -34.175  -27.394  64.175 0.0000000000
70436  -35.070  -27.376  64.033 0.0000000000
73393  -42.711  -25.532  69.503 0.0000000000
72385  -42.489  -25.980  69.280 0.0000000000
71400  -44.221  -25.938  68.419 0.0000000000
52210  -13.744  -44.695  80.599 0.0000000000
52197  -13.886  -44.747  81.435 0.0000000000
51181  -12.836  -45.680  81.298 0.0000000000
51169  -12.868  -45.649  82.298 0.0000000000
50249  -11.779  -46.614  81.446 0.0000000000
50259  -11.202  -47.813  79.576 0.0000000000
49333  -11.107  -48.642  79.016 0.0000000000
155160  -10.817  -48.647  79.796 0.0000000000
49338  -11.188  -49.473  78.648 0.0000000000
57587  -31.667  -40.169  78.801 0.0000000000
58562  -31.719  -39.733  78.236 0.0000000000
148249  -31.676  -39.465  78.743 0.0000000000
159112  -31.551  -38.666  80.841 0.0000000000
59519  -31.558  -38.827  80.217 0.0000000000
60528  -31.610  -38.202  80.118 0.0000000000
57543  -26.547  -40.306  82.867 0.0000000000
56465  -29.117  -41.693  82.287 0.0000000000
57555  -28.189  -41.585  81.914 0.0000000000
56486  -27.995  -41.926  80.111 0.0000000000
56457  -30.897  -41.113  83.579 0.0000000000
56467  -30.460  -41.327  83.132 0.0000000000
56490  -30.925  -41.264  80.803 0.0000000000
56479  -30.561  -41.334  81.506 0.0000000000
55378  -30.910  -41.985  80.616 0.0000000000
137526  -30.375  -42.397  80.315 0.0000000000
158352  -30.428  -42.291  78.892 0.0000000000
56501  -30.967  -42.262  79.741 0.0000000000
57576  -31.489  -40.335  79.592 0.0000000000
57575  -31.518  -40.758  79.172 0.0000000000
57586  -31.731  -40.853  78.345 0.0000000000
57534  -27.463  -40.529  83.968 0.0000000000
57533  -26.390  -40.165  83.891 0.0000000000
146736  -40.390  -23.687  64.163 0.0000000000
75410  -39.914  -23.226  63.723 0.0000000000
145429  -40.555  -22.980  64.056 0.0000000000
77359  -41.909  -21.702  64.590 0.0000000000
163555  -41.073  -21.707  63.692 0.0000000000
77358  -41.411  -21.277  63.843 0.0000000000
77375  -40.923  -21.068  63.357 0.0000000000
78335  -41.281  -20.397  63.347 0.0000000000
78324  -44.131  -19.475  65.851 0.0000000000
79227  -43.324  -18.391  63.730 0.0000000000
79226  -42.553  -18.833  63.538 0.0000000000
79234  -41.975  -18.715  62.905 0.0000000000
79246  -42.179  -18.207  61.969 0.0000000000
80097  -43.563  -17.369  61.103 0.0000000000
137477  -44.106  -16.990  60.363 0.0000000000
80078  -46.210  -16.278  61.977 0.0000000000
142796  -46.146  -16.127  61.209 0.0000000000
80930  -48.592  -15.869  62.566 0.0000000000
158358  -30.578  -31.097  74.424 0.0000000000
68360  -30.795  -30.226  73.973 0.0000000000
69345  -31.931  -28.645  73.194 0.0000000000
68373  -30.496  -29.875  73.173 0.0000000000
69344  -31.077  -28.938  72.663 0.0000000000
69355  -31.128  -28.619  71.716 0.0000000000
160358  -34.145  -27.737  73.080 0.0000000000
70326  -33.781  -27.494  72.541 0.0000000000
70340  -33.360  -26.824  71.360 0.0000000000
137281  -33.249  -27.407  71.916 0.0000000000
156885  -31.681  -27.718  70.626 0.0000000000
161945  -32.134  -27.112  70.319 0.0000000000
71367  -32.949  -26.128  69.440 0.0000000000
71377  -32.830  -26.265  68.685 0.0000000000
71390  -34.088  -26.031  67.362 0.0000000000
72383  -36.845  -24.318  69.512 0.0000000000
73388  -37.318  -24.805  68.315 0.0000000000
73389  -38.670  -24.242  68.933 0.0000000000
74395  -40.286  -23.303  70.194 0.0000000000
74406  -41.940  -24.425  69.740 0.0000000000
138832  -17.403  -41.861  81.263 0.0000000000
54323  -16.340  -42.437  81.799 0.0000000000
138710  -17.464  -41.799  77.348 0.0000000000
55400  -16.867  -41.712  78.401 0.0000000000
54363  -15.472  -42.514  78.581 0.0000000000
54345  -14.810  -43.296  79.268 0.0000000000
148759  -15.435  -42.948  80.612 0.0000000000
53235  -14.704  -43.595  80.209 0.0000000000
142024  -14.148  -44.281  80.204 0.0000000000
40684  -4.916  -56.165  84.090 0.0000000000
161418  -30.329  -35.802  74.964 0.0000000000
64437  -29.905  -34.619  74.359 0.0000000000
58563  -31.642  -38.807  78.317 0.0000000000
146707  -31.625  -38.131  78.013 0.0000000000
61558  -32.039  -36.916  77.774 0.0000000000
61568  -31.845  -37.552  77.579 0.0000000000
161703  -31.978  -37.136  77.330 0.0000000000
162085  -32.052  -35.103  77.243 0.0000000000
156023  -31.853  -35.404  76.897 0.0000000000
63463  -31.546  -35.176  76.575 0.0000000000
64413  -31.634  -34.396  76.559 0.0000000000
66384  -31.704  -33.187  76.322 0.0000000000
159526  -31.332  -33.884  76.248 0.0000000000
152698  -31.319  -33.143  75.926 0.0000000000
140530  -30.854  -33.110  75.510 0.0000000000
67367  -31.096  -32.362  75.607 0.0000000000
67339  -32.816  -30.873  76.819 0.0000000000
163768  -32.949  -29.252  75.091 0.0000000000
67331  -34.424  -30.395  78.603 0.0000000000
144420  -35.180  -29.777  78.231 0.0000000000
69306  -35.148  -29.239  75.615 0.0000000000
146081  -21.849  -40.109  74.330 0.0000000000
58599  -22.288  -39.422  74.565 0.0000000000
58542  -26.394  -40.106  80.246 0.0000000000
163594  -25.946  -39.706  79.998 0.0000000000
58551  -26.132  -39.984  79.409 0.0000000000
59570  -25.981  -39.644  76.413 0.0000000000
58585  -26.708  -40.198  75.903 0.0000000000
57610  -28.296  -41.809  76.330 0.0000000000
57624  -28.423  -41.723  75.535 0.0000000000
55364  -20.918  -42.429  81.716 0.0000000000
55376  -20.469  -42.178  81.035 0.0000000000
165185  -22.063  -42.008  80.590 0.0000000000
54336  -21.944  -42.407  81.231 0.0000000000
55388  -21.809  -42.041  79.841 0.0000000000
55403  -20.485  -43.016  78.034 0.0000000000
138513  -20.101  -42.368  78.564 0.0000000000
55418  -20.041  -43.133  77.045 0.0000000000
151802  -20.437  -43.169  76.372 0.0000000000
138125  -45.227  -16.402  59.280 0.0000000000
80968  -46.549  -15.675  58.861 0.0000000000
80967  -45.969  -15.913  58.381 0.0000000000
154320  -46.163  -15.542  57.968 0.0000000000
80970  -48.038  -15.250  59.644 0.0000000000
81863  -48.647  -14.902  59.338 0.0000000000
82863  -47.670  -14.024  57.667 0.0000000000
81879  -46.777  -14.489  56.934 0.0000000000
82870  -46.709  -14.881  55.680 0.0000000000
84802  -47.964  -13.148  54.791 0.0000000000
84795  -49.405  -12.365  57.252 0.0000000000
84804  -48.869  -11.957  56.334 0.0000000000
85744  -49.665  -11.622  56.822 0.0000000000
85745  -50.623  -11.455  57.210 0.0000000000
45065  -9.410  -53.555  79.187 0.0000000000
43906  -9.068  -54.332  79.651 0.0000000000
67382  -29.700  -31.447  73.228 0.0000000000
66407  -29.234  -31.902  72.826 0.0000000000
67391  -28.834  -31.505  71.984 0.0000000000
70477  -36.877  -26.935  62.810 0.0000000000
72463  -37.349  -26.185  62.839 0.0000000000
71391  -35.110  -25.946  66.969 0.0000000000
70381  -37.502  -27.099  66.946 0.0000000000
70419  -36.212  -27.438  65.605 0.0000000000
69442  -37.096  -27.475  66.153 0.0000000000
152382  -41.455  -26.405  68.285 0.0000000000
71395  -40.210  -26.945  67.674 0.0000000000
70421  -39.914  -27.305  66.397 0.0000000000
69428  -39.380  -27.496  66.502 0.0000000000
70420  -39.342  -27.306  65.932 0.0000000000
69461  -38.706  -27.310  65.658 0.0000000000
70439  -38.264  -27.076  65.010 0.0000000000
137803  -38.958  -26.763  65.333 0.0000000000
71455  -40.259  -25.374  65.294 0.0000000000
71454  -39.649  -25.429  65.006 0.0000000000
72451  -38.943  -25.344  64.390 0.0000000000
73454  -39.786  -24.801  64.606 0.0000000000
74465  -40.205  -24.245  64.362 0.0000000000
73455  -40.442  -24.336  64.850 0.0000000000
148037  -42.690  -23.884  66.182 0.0000000000
74454  -42.752  -23.511  66.129 0.0000000000
75402  -43.215  -23.096  66.349 0.0000000000
75392  -44.069  -23.050  66.898 0.0000000000
47281  -9.961  -50.800  82.795 0.0000000000
46230  -10.130  -52.197  81.258 0.0000000000
140460  -10.035  -52.144  82.039 0.0000000000
43876  -8.973  -54.841  81.257 0.0000000000
41743  -8.013  -56.699  81.274 0.0000000000
41729  -7.785  -56.683  82.352 0.0000000000
38678  -6.086  -59.796  78.199 0.0000000000
39738  -6.444  -59.070  78.656 0.0000000000
39725  -5.608  -58.867  81.391 0.0000000000
39726  -6.396  -58.600  80.881 0.0000000000
145254  -6.210  -58.331  81.685 0.0000000000
40704  -6.444  -57.795  82.309 0.0000000000
162792  -5.839  -57.814  82.723 0.0000000000
153301  -4.596  -57.968  81.935 0.0000000000
39707  -4.379  -57.242  82.462 0.0000000000
36523  -3.745  -60.492  79.143 0.0000000000
37630  -4.134  -60.140  79.578 0.0000000000
58603  -31.922  -40.033  75.333 0.0000000000
59571  -31.748  -38.999  76.887 0.0000000000
57571  -23.026  -40.243  79.485 0.0000000000
59541  -24.051  -39.000  79.058 0.0000000000
59542  -24.863  -38.999  78.927 0.0000000000
56539  -31.175  -42.082  77.408 0.0000000000
144151  -30.459  -42.281  76.650 0.0000000000
56452  -25.534  -40.516  84.624 0.0000000000
56451  -24.510  -40.975  84.198 0.0000000000
57552  -23.409  -40.932  81.794 0.0000000000
57562  -23.429  -40.335  81.040 0.0000000000
80107  -42.485  -17.997  59.379 0.0000000000
80975  -44.496  -17.262  56.516 0.0000000000
63486  -29.784  -35.327  73.651 0.0000000000
70393  -30.361  -28.283  67.048 0.0000000000
70394  -31.096  -27.734  66.754 0.0000000000
69423  -30.654  -28.557  66.124 0.0000000000
70434  -33.185  -27.671  64.303 0.0000000000
70418  -34.097  -27.210  65.094 0.0000000000
52224  -13.085  -45.182  79.296 0.0000000000
52209  -13.262  -45.285  80.800 0.0000000000
51195  -12.705  -45.631  79.800 0.0000000000
50272  -11.638  -47.030  79.275 0.0000000000
50271  -11.462  -47.910  78.698 0.0000000000
58553  -31.601  -39.429  79.531 0.0000000000
58536  -31.528  -39.306  81.201 0.0000000000
56453  -28.440  -40.825  84.044 0.0000000000
56469  -30.933  -40.853  82.755 0.0000000000
57546  -31.373  -40.517  82.770 0.0000000000
57556  -31.020  -40.539  81.833 0.0000000000
56491  -31.105  -40.697  80.943 0.0000000000
146366  -31.246  -41.248  80.125 0.0000000000
56492  -31.425  -40.195  80.406 0.0000000000
140074  -28.366  -40.701  85.137 0.0000000000
75413  -41.751  -23.197  65.306 0.0000000000
76356  -41.019  -22.760  64.400 0.0000000000
142947  -42.197  -22.553  65.291 0.0000000000
77360  -42.419  -20.826  64.851 0.0000000000
80061  -44.839  -18.110  65.847 0.0000000000
79219  -44.229  -18.272  65.143 0.0000000000
79235  -43.336  -17.832  62.693 0.0000000000
79236  -44.160  -17.437  62.505 0.0000000000
80086  -44.734  -16.997  61.986 0.0000000000
68361  -31.587  -29.466  74.150 0.0000000000
70328  -35.368  -26.792  72.677 0.0000000000
70313  -34.597  -27.266  72.713 0.0000000000
70327  -34.726  -26.602  72.068 0.0000000000
70358  -32.872  -26.584  70.400 0.0000000000
161258  -33.608  -26.285  70.799 0.0000000000
71353  -34.189  -25.797  70.582 0.0000000000
71369  -34.341  -25.284  69.263 0.0000000000
72372  -35.500  -24.821  70.059 0.0000000000
142889  -19.304  -41.653  82.296 0.0000000000
55373  -17.188  -41.730  80.355 0.0000000000
53266  -13.797  -44.065  78.158 0.0000000000
149702  -49.108  -11.493  54.883 0.0000000000
85756  -49.356  -11.475  54.041 0.0000000000
86707  -49.991  -10.997  53.786 0.0000000000
86708  -50.844  -10.640  53.420 0.0000000000
40685  -5.568  -56.452  84.099 0.0000000000
60594  -31.581  -37.895  75.019 0.0000000000
61592  -31.201  -37.782  74.283 0.0000000000
151612  -30.780  -37.094  74.618 0.0000000000
63476  -30.686  -35.512  75.649 0.0000000000
146513  -31.944  -36.989  78.462 0.0000000000
64393  -32.482  -34.174  78.155 0.0000000000
142570  -32.712  -33.560  77.896 0.0000000000
149762  -32.365  -33.879  77.264 0.0000000000
152675  -32.058  -34.135  76.812 0.0000000000
68332  -33.429  -30.143  77.108 0.0000000000
68317  -35.974  -29.452  77.778 0.0000000000
59581  -23.070  -38.642  75.034 0.0000000000
57563  -26.754  -40.609  79.596 0.0000000000
57573  -26.771  -40.673  78.869 0.0000000000
57625  -29.164  -42.011  75.128 0.0000000000
148567  -28.589  -41.575  74.733 0.0000000000
54325  -21.574  -42.624  81.942 0.0000000000
56515  -22.377  -42.417  78.381 0.0000000000
55405  -21.863  -42.487  78.888 0.0000000000
55420  -21.924  -43.141  77.884 0.0000000000
55434  -21.030  -43.212  76.110 0.0000000000
55449  -20.779  -42.819  75.092 0.0000000000
80112  -46.470  -15.875  59.897 0.0000000000
80955  -46.786  -15.683  59.570 0.0000000000
80969  -47.203  -15.366  59.285 0.0000000000
82855  -49.190  -14.422  59.065 0.0000000000
82872  -48.070  -13.553  57.292 0.0000000000
83836  -48.357  -13.144  56.995 0.0000000000
43930  -8.994  -54.357  77.164 0.0000000000
68382  -29.138  -30.417  71.499 0.0000000000
67411  -28.510  -31.196  69.894 0.0000000000
70478  -37.639  -26.712  63.914 0.0000000000
72408  -36.657  -25.927  67.187 0.0000000000
161062  -36.938  -26.729  66.920 0.0000000000
71392  -37.459  -26.670  67.123 0.0000000000
144000  -37.996  -27.067  67.140 0.0000000000
70382  -38.127  -27.242  67.030 0.0000000000
71397  -41.845  -26.382  67.990 0.0000000000
70386  -41.154  -26.610  67.579 0.0000000000
70403  -41.326  -26.584  67.050 0.0000000000
70422  -40.851  -26.697  66.429 0.0000000000
70441  -40.503  -26.407  65.801 0.0000000000
71437  -40.636  -25.707  65.572 0.0000000000
72438  -40.714  -25.052  65.412 0.0000000000
72453  -40.795  -24.492  65.245 0.0000000000
72440  -41.877  -24.533  65.874 0.0000000000
73443  -42.553  -24.325  66.276 0.0000000000
73429  -43.494  -24.021  66.737 0.0000000000
49296  -10.547  -47.929  82.111 0.0000000000
49295  -10.123  -48.818  82.407 0.0000000000
164739  -10.058  -50.346  81.170 0.0000000000
141554  -10.242  -51.482  80.867 0.0000000000
148438  -10.302  -52.077  79.640 0.0000000000
46280  -10.282  -52.302  77.484 0.0000000000
41770  -7.809  -56.308  78.147 0.0000000000
41762  -8.044  -56.188  79.357 0.0000000000
41761  -7.543  -56.911  78.882 0.0000000000
40723  -7.327  -57.567  79.607 0.0000000000
37642  -5.388  -60.834  78.652 0.0000000000
38677  -5.748  -59.578  79.409 0.0000000000
38672  -5.272  -59.474  80.587 0.0000000000
38664  -4.976  -59.121  81.255 0.0000000000
38663  -4.568  -58.854  81.230 0.0000000000
38662  -4.184  -58.825  80.807 0.0000000000
56456  -30.440  -41.219  83.926 0.0000000000
57536  -31.722  -40.250  83.517 0.0000000000
77336  -44.776  -21.054  67.054 0.0000000000
78314  -44.831  -19.918  66.836 0.0000000000
79210  -45.062  -18.898  66.846 0.0000000000
151059  -45.922  -16.738  66.035 0.0000000000
69320  -35.381  -28.828  74.790 0.0000000000
69331  -34.035  -28.366  73.622 0.0000000000
69332  -35.028  -28.267  74.003 0.0000000000
69348  -35.418  -27.645  73.760 0.0000000000
70314  -35.824  -27.047  73.358 0.0000000000
163164  -35.859  -26.663  72.937 0.0000000000
72364  -37.164  -25.048  71.913 0.0000000000
137645  -18.697  -42.029  77.371 0.0000000000
61579  -31.525  -37.195  76.243 0.0000000000
151077  -33.744  -31.409  78.600 0.0000000000
57607  -22.140  -41.344  75.883 0.0000000000
152117  -23.034  -39.733  76.404 0.0000000000
59568  -23.361  -38.907  76.176 0.0000000000
60582  -23.743  -38.331  75.835 0.0000000000
60583  -24.219  -38.128  75.506 0.0000000000
60584  -24.889  -38.296  75.140 0.0000000000
56517  -28.819  -42.137  77.963 0.0000000000
54314  -22.254  -42.606  82.550 0.0000000000
55365  -22.579  -42.261  82.413 0.0000000000
55377  -22.222  -42.118  81.180 0.0000000000
55389  -22.141  -41.879  80.334 0.0000000000
56498  -22.759  -41.034  81.018 0.0000000000
56497  -22.443  -41.458  80.024 0.0000000000
79244  -40.506  -19.375  61.042 0.0000000000
80990  -45.956  -17.185  55.152 0.0000000000
80957  -48.268  -15.559  60.270 0.0000000000
81842  -49.203  -15.822  60.548 0.0000000000
83829  -50.822  -13.617  58.353 0.0000000000
69378  -29.396  -29.102  69.052 0.0000000000
73404  -41.191  -25.456  68.811 0.0000000000
72398  -40.105  -26.158  68.117 0.0000000000
72384  -41.751  -26.022  68.710 0.0000000000
72400  -42.185  -26.274  68.489 0.0000000000
71385  -42.425  -26.245  68.358 0.0000000000
71398  -42.557  -26.418  67.836 0.0000000000
71399  -43.381  -26.064  68.291 0.0000000000
71415  -43.939  -25.541  68.091 0.0000000000
72420  -43.511  -25.087  67.505 0.0000000000
52196  -13.439  -45.227  81.794 0.0000000000
50235  -11.155  -47.239  81.830 0.0000000000
50248  -11.227  -47.331  81.028 0.0000000000
49308  -10.663  -47.939  81.179 0.0000000000
48335  -10.964  -50.152  79.250 0.0000000000
48343  -11.187  -50.279  78.202 0.0000000000
148627  -4.930  -61.804  79.131 0.0000000000
148077  -31.730  -39.702  77.740 0.0000000000
59530  -31.590  -38.921  79.508 0.0000000000
60518  -31.599  -38.302  82.215 0.0000000000
59507  -25.511  -39.573  81.220 0.0000000000
58533  -26.063  -39.815  81.814 0.0000000000
163105  -26.467  -40.096  81.450 0.0000000000
57553  -26.810  -40.547  80.968 0.0000000000
57544  -27.400  -40.953  82.415 0.0000000000
57554  -27.449  -41.166  81.443 0.0000000000
57564  -27.502  -41.292  80.497 0.0000000000
56499  -28.536  -42.096  79.298 0.0000000000
56466  -29.969  -41.706  82.542 0.0000000000
56477  -29.779  -42.146  81.677 0.0000000000
159530  -30.614  -40.917  82.284 0.0000000000
158217  -30.227  -41.676  81.818 0.0000000000
56488  -29.634  -42.352  80.798 0.0000000000
142441  -29.480  -42.343  79.868 0.0000000000
157473  -29.540  -42.265  78.916 0.0000000000
56518  -30.774  -42.195  78.189 0.0000000000
56502  -31.418  -41.881  79.414 0.0000000000
56519  -31.430  -41.992  78.474 0.0000000000
56540  -31.759  -41.593  77.901 0.0000000000
56442  -25.881  -40.561  85.479 0.0000000000
147319  -25.862  -40.124  83.344 0.0000000000
74464  -39.025  -24.393  63.699 0.0000000000
74463  -38.161  -24.202  63.213 0.0000000000
75409  -38.888  -23.496  63.382 0.0000000000
154466  -40.853  -22.281  63.849 0.0000000000
77356  -39.626  -21.632  63.157 0.0000000000
77346  -43.963  -20.556  66.270 0.0000000000
78322  -42.807  -20.118  64.997 0.0000000000
79218  -43.589  -18.814  64.840 0.0000000000
78338  -42.993  -19.283  64.472 0.0000000000
78337  -42.403  -19.820  64.266 0.0000000000
78349  -41.549  -19.504  63.169 0.0000000000
78360  -41.169  -19.595  62.581 0.0000000000
78359  -40.618  -19.697  62.014 0.0000000000
79245  -41.307  -18.989  61.488 0.0000000000
80095  -42.185  -18.142  60.465 0.0000000000
79247  -42.941  -17.766  61.845 0.0000000000
79258  -42.580  -17.787  61.053 0.0000000000
80096  -42.770  -17.743  60.205 0.0000000000
80108  -43.255  -17.560  59.532 0.0000000000
139911  -43.883  -17.311  58.948 0.0000000000
80110  -44.424  -16.805  59.534 0.0000000000
80099  -45.651  -16.328  60.745 0.0000000000
80100  -46.450  -15.922  60.580 0.0000000000
80089  -47.085  -15.752  60.803 0.0000000000
163703  -48.238  -15.846  61.619 0.0000000000
80920  -46.828  -15.921  63.999 0.0000000000
140047  -47.760  -15.881  62.977 0.0000000000
80929  -48.056  -15.811  62.098 0.0000000000
80941  -48.840  -16.103  61.918 0.0000000000
141063  -49.678  -16.293  62.049 0.0000000000
66426  -29.607  -32.994  73.772 0.0000000000
66408  -29.843  -32.130  73.897 0.0000000000
68372  -29.978  -30.466  72.823 0.0000000000
160065  -29.769  -30.148  72.072 0.0000000000
69368  -29.977  -29.063  70.763 0.0000000000
69358  -33.491  -27.903  72.956 0.0000000000
69357  -32.721  -28.097  72.623 0.0000000000
70325  -32.592  -27.858  71.933 0.0000000000
69369  -31.131  -28.346  70.874 0.0000000000
147745  -30.478  -28.622  70.383 0.0000000000
138960  -30.796  -27.639  69.094 0.0000000000
70373  -31.496  -27.063  68.641 0.0000000000
70357  -32.245  -26.647  69.371 0.0000000000
71388  -32.601  -26.769  67.079 0.0000000000
71410  -33.535  -26.495  66.711 0.0000000000
72393  -35.575  -25.473  67.677 0.0000000000
163738  -34.931  -25.241  68.424 0.0000000000
72395  -37.372  -25.752  67.472 0.0000000000
73402  -39.387  -25.082  68.308 0.0000000000
72375  -37.624  -24.407  71.390 0.0000000000
73376  -38.059  -23.953  70.253 0.0000000000
157889  -39.709  -23.300  71.073 0.0000000000
74394  -39.338  -23.415  70.358 0.0000000000
74393  -38.997  -23.781  69.629 0.0000000000
73390  -39.621  -24.300  68.830 0.0000000000
155048  -41.299  -24.649  69.208 0.0000000000
73378  -42.969  -24.711  70.116 0.0000000000
140236  -18.088  -41.559  78.807 0.0000000000
55383  -17.037  -41.656  79.431 0.0000000000
55372  -16.124  -42.150  80.082 0.0000000000
52225  -13.630  -44.659  79.740 0.0000000000
53249  -13.462  -44.679  78.814 0.0000000000
86695  -51.336  -9.789  55.064 0.0000000000
86700  -51.211  -10.063  54.038 0.0000000000
62541  -29.998  -36.189  73.579 0.0000000000
65457  -30.088  -33.839  74.603 0.0000000000
58576  -31.717  -39.378  77.337 0.0000000000
160127  -31.685  -38.905  77.388 0.0000000000
59572  -31.706  -38.450  77.127 0.0000000000
60571  -31.723  -37.987  77.355 0.0000000000
60585  -31.756  -37.863  76.845 0.0000000000
62516  -31.647  -36.674  76.539 0.0000000000
62508  -32.191  -35.970  77.706 0.0000000000
63455  -32.189  -35.096  77.662 0.0000000000
140330  -31.863  -36.232  76.844 0.0000000000
63468  -31.209  -35.721  76.200 0.0000000000
64425  -30.641  -34.589  75.688 0.0000000000
163065  -30.944  -34.250  76.039 0.0000000000
65442  -30.434  -33.451  75.099 0.0000000000
67354  -31.497  -31.130  75.548 0.0000000000
68350  -31.764  -30.007  74.941 0.0000000000
68333  -33.796  -30.263  77.729 0.0000000000
68314  -34.166  -29.604  77.321 0.0000000000
68316  -35.568  -29.532  77.498 0.0000000000
69272  -35.002  -29.538  77.272 0.0000000000
69289  -33.772  -29.453  76.571 0.0000000000
159486  -34.281  -29.269  75.911 0.0000000000
154448  -34.437  -29.093  75.083 0.0000000000
157026  -25.419  -39.358  79.772 0.0000000000
58561  -26.210  -40.040  78.549 0.0000000000
140627  -25.258  -39.034  76.844 0.0000000000
59569  -25.450  -38.889  75.760 0.0000000000
59582  -25.670  -38.650  74.648 0.0000000000
57600  -28.180  -41.773  77.152 0.0000000000
138738  -27.739  -41.475  76.624 0.0000000000
58586  -27.231  -40.950  76.372 0.0000000000
57623  -27.958  -41.120  74.855 0.0000000000
58602  -27.336  -40.699  75.432 0.0000000000
58601  -26.885  -39.935  74.815 0.0000000000
59594  -26.405  -39.111  74.063 0.0000000000
55363  -20.069  -41.900  81.590 0.0000000000
55385  -19.844  -41.830  79.173 0.0000000000
54326  -21.912  -42.685  81.890 0.0000000000
54335  -21.587  -42.457  81.201 0.0000000000
54347  -21.323  -42.340  80.431 0.0000000000
55387  -21.399  -42.343  79.531 0.0000000000
55386  -20.925  -42.277  79.873 0.0000000000
157365  -20.500  -42.092  79.287 0.0000000000
55402  -19.193  -41.805  78.299 0.0000000000
80976  -44.904  -16.575  56.842 0.0000000000
81870  -46.435  -15.044  57.456 0.0000000000
81885  -46.619  -15.941  55.188 0.0000000000
82878  -47.136  -15.538  54.796 0.0000000000
82886  -47.726  -15.060  54.276 0.0000000000
84810  -48.406  -12.582  54.422 0.0000000000
85749  -48.658  -11.833  55.234 0.0000000000
86689  -50.941  -10.834  56.936 0.0000000000
45033  -9.508  -53.490  81.190 0.0000000000
43892  -9.195  -54.213  80.751 0.0000000000
154951  -8.627  -54.940  79.541 0.0000000000
42829  -8.254  -55.453  78.701 0.0000000000
43917  -8.505  -54.957  77.804 0.0000000000
42838  -8.180  -55.791  77.446 0.0000000000
146076  -29.413  -32.866  73.037 0.0000000000
65472  -29.305  -33.606  72.341 0.0000000000
68415  -28.815  -30.080  68.663 0.0000000000
143018  -38.259  -25.294  63.699 0.0000000000
70398  -34.902  -26.936  65.735 0.0000000000
137250  -35.691  -27.205  65.870 0.0000000000
69458  -36.522  -27.440  64.880 0.0000000000
71382  -39.720  -26.843  67.729 0.0000000000
71394  -39.147  -27.116  67.412 0.0000000000
70383  -38.745  -27.331  67.129 0.0000000000
70384  -39.910  -27.232  67.298 0.0000000000
69427  -38.996  -27.531  66.830 0.0000000000
69425  -37.917  -27.447  66.431 0.0000000000
69443  -37.642  -27.489  65.784 0.0000000000
69459  -37.316  -27.377  65.051 0.0000000000
70438  -37.620  -27.174  64.587 0.0000000000
145835  -37.797  -26.912  64.393 0.0000000000
71452  -38.166  -26.232  64.305 0.0000000000
71435  -39.375  -26.134  65.170 0.0000000000
162255  -38.447  -24.820  63.525 0.0000000000
162787  -39.656  -24.540  64.113 0.0000000000
74467  -40.896  -23.612  64.903 0.0000000000
73456  -40.863  -23.987  65.072 0.0000000000
73457  -41.378  -23.720  65.283 0.0000000000
75401  -42.459  -23.149  65.790 0.0000000000
76348  -43.705  -22.535  66.597 0.0000000000
73430  -43.955  -24.428  67.321 0.0000000000
45022  -9.819  -52.923  81.757 0.0000000000
46259  -9.826  -53.053  78.731 0.0000000000
45078  -9.342  -53.572  78.096 0.0000000000
48342  -10.959  -50.927  78.694 0.0000000000
42798  -8.954  -54.844  82.164 0.0000000000
42808  -8.591  -55.385  81.680 0.0000000000
41756  -8.215  -56.135  80.469 0.0000000000
161080  -8.359  -55.937  81.280 0.0000000000
42797  -8.550  -55.417  82.495 0.0000000000
41730  -8.191  -56.081  82.873 0.0000000000
41717  -7.569  -56.564  83.256 0.0000000000
40738  -6.849  -58.465  78.072 0.0000000000
40730  -6.893  -58.315  79.118 0.0000000000
40722  -7.000  -58.200  80.278 0.0000000000
40697  -7.067  -57.226  82.829 0.0000000000
40687  -6.855  -57.017  83.680 0.0000000000
40696  -5.501  -57.034  83.428 0.0000000000
153783  -4.987  -58.053  82.401 0.0000000000
158232  -4.582  -56.944  83.018 0.0000000000
36533  -4.347  -61.842  79.194 0.0000000000
51180  -12.436  -46.074  81.590 0.0000000000
52187  -13.475  -45.200  82.740 0.0000000000
52236  -12.351  -45.965  78.312 0.0000000000
55366  -22.626  -41.932  81.925 0.0000000000
56463  -23.717  -41.397  83.068 0.0000000000
56485  -22.831  -41.404  81.710 0.0000000000
58523  -24.805  -40.239  82.604 0.0000000000
58532  -25.176  -39.737  81.936 0.0000000000
59518  -25.768  -39.591  80.502 0.0000000000
69426  -38.529  -27.502  66.554 0.0000000000
69444  -38.357  -27.498  66.026 0.0000000000
70385  -40.478  -26.952  67.427 0.0000000000
70387  -41.855  -26.321  67.688 0.0000000000
70400  -38.273  -27.440  66.796 0.0000000000
70401  -39.642  -27.470  66.901 0.0000000000
70402  -40.742  -27.009  67.019 0.0000000000
70423  -41.373  -26.249  66.545 0.0000000000
70461  -38.767  -26.264  64.852 0.0000000000
71393  -38.526  -27.111  67.284 0.0000000000
71396  -41.063  -26.595  67.935 0.0000000000
71414  -43.192  -25.652  67.730 0.0000000000
72381  -35.322  -24.896  68.921 0.0000000000
72399  -40.985  -26.180  68.410 0.0000000000
72439  -41.275  -24.765  65.589 0.0000000000
73441  -41.323  -24.230  65.430 0.0000000000
74396  -41.276  -23.435  70.319 0.0000000000
74405  -40.898  -23.792  69.494 0.0000000000
74441  -43.416  -23.520  66.577 0.0000000000
75411  -40.767  -23.374  64.531 0.0000000000
76357  -41.531  -22.614  64.776 0.0000000000
143493  -31.820  -40.010  82.951 0.0000000000
144370  -40.337  -26.925  66.153 0.0000000000
150528  -40.214  -27.323  66.958 0.0000000000
154699  -39.347  -27.346  67.204 0.0000000000
155998  -23.434  -39.462  79.098 0.0000000000
156816  -45.232  -17.233  65.455 0.0000000000
160592  -5.590  -60.255  78.673 0.0000000000
163375  -31.820  -34.758  76.795 0.0000000000
163908  -5.022  -57.143  83.061 0.0000000000
163909  -31.403  -41.184  79.506 0.0000000000
164016  -26.296  -40.093  82.313 0.0000000000
164257  -42.907  -18.271  63.137 0.0000000000
