#!ascii label  , from subject sub-v1s2x0051484_ses-1 vox2ras=TkReg
1156
21206  -37.316  -76.229  1.739 0.5000000000
22296  -35.369  -75.592  1.054 0.8000000119
23373  -33.841  -74.500  -0.170 0.8000000119
22309  -34.995  -75.224  0.408 0.8000000119
22310  -35.803  -75.131  0.740 0.8000000119
139924  -37.416  -77.531  2.528 0.5000000000
21204  -35.781  -76.011  1.650 0.5000000000
146368  -37.250  -75.257  1.177 0.6000000238
143252  -34.753  -72.645  1.386 0.6999999881
24439  -34.320  -73.581  0.293 0.6999999881
23376  -36.264  -74.544  0.616 0.8000000119
23377  -37.113  -74.534  0.985 0.6999999881
19024  -38.322  -77.939  2.712 0.6000000238
20099  -37.689  -76.737  2.150 0.5000000000
21216  -38.437  -76.040  1.460 0.6000000238
26515  -33.314  -71.726  2.357 0.6999999881
21215  -37.760  -75.776  1.380 0.6000000238
22314  -39.272  -75.250  1.049 0.6000000238
26525  -33.991  -72.209  1.905 0.6999999881
25481  -33.739  -72.467  1.280 0.6999999881
24427  -36.499  -73.522  0.752 0.6999999881
23378  -38.679  -74.859  1.027 0.6000000238
23380  -40.092  -74.527  1.188 0.6000000238
139897  -37.272  -73.753  0.966 0.8000000119
140963  -38.304  -73.688  1.144 0.8000000119
24442  -38.909  -74.193  1.093 0.6999999881
20089  -39.055  -77.122  2.760 0.4000000060
151069  -39.222  -76.128  1.789 0.6000000238
26505  -33.564  -71.586  3.070 0.6999999881
23365  -40.820  -74.076  1.731 0.6000000238
26516  -34.357  -71.991  2.550 0.6999999881
143915  -34.865  -72.388  2.010 0.6999999881
25482  -35.573  -72.884  1.074 0.6999999881
25483  -36.395  -72.916  1.087 0.6999999881
25495  -37.718  -73.193  1.232 0.6000000238
157512  -39.282  -73.520  1.245 0.6999999881
26535  -41.913  -71.219  0.864 0.5000000000
26528  -37.662  -72.100  1.830 0.6000000238
25485  -38.155  -72.564  1.565 0.6000000238
25486  -39.149  -72.336  1.549 0.6000000238
26531  -40.706  -71.363  1.178 0.6000000238
160733  -39.315  -71.653  1.641 0.6000000238
27554  -41.291  -70.310  1.221 0.5000000000
21166  -39.756  -75.874  3.671 0.4000000060
20091  -39.723  -76.230  2.984 0.5000000000
27519  -33.252  -70.992  4.391 0.6999999881
22286  -40.693  -74.183  2.642 0.6000000238
23366  -41.054  -73.763  2.124 0.6000000238
26517  -35.473  -72.231  2.511 0.6999999881
24446  -41.624  -72.580  1.610 0.6000000238
160012  -36.387  -72.287  2.195 0.6999999881
25501  -42.695  -71.666  1.308 0.5000000000
26537  -43.256  -71.201  1.305 0.6000000238
26519  -38.137  -71.418  2.244 0.6999999881
26529  -38.548  -71.836  1.813 0.6000000238
27558  -41.722  -70.660  0.944 0.5000000000
27560  -43.224  -70.793  1.208 0.5000000000
157704  -40.504  -70.528  1.387 0.5000000000
27503  -30.769  -70.373  5.012 0.6000000238
28639  -31.310  -69.858  5.809 0.6000000238
22257  -39.640  -75.172  4.170 0.5000000000
23333  -40.256  -73.797  3.695 0.5000000000
27505  -32.597  -70.529  4.867 0.6999999881
27518  -31.802  -70.764  4.106 0.6999999881
22275  -40.513  -74.261  3.119 0.5000000000
165344  -41.330  -72.985  2.808 0.5000000000
25471  -41.720  -72.204  3.002 0.4000000060
26492  -33.837  -71.393  3.865 0.6999999881
24416  -41.772  -72.430  2.585 0.5000000000
26493  -34.786  -71.386  4.019 0.6999999881
26507  -35.454  -71.760  3.367 0.6999999881
26510  -43.271  -71.347  2.211 0.5000000000
27546  -37.138  -71.467  3.120 0.6999999881
27548  -38.466  -70.586  2.571 0.6000000238
26532  -43.282  -71.307  1.521 0.5000000000
27552  -38.958  -70.990  1.964 0.6000000238
27556  -44.166  -70.172  1.815 0.5000000000
28668  -39.417  -69.445  2.240 0.5000000000
28671  -40.055  -69.832  1.807 0.5000000000
28672  -40.726  -69.772  1.693 0.5000000000
139139  -43.229  -69.249  1.481 0.5000000000
28674  -42.373  -69.472  1.493 0.5000000000
153015  -44.853  -67.622  1.833 0.3000000119
164650  -40.508  -71.335  4.448 0.3000000119
137218  -30.000  -69.611  6.672 0.6000000238
146132  -30.845  -69.460  6.488 0.6000000238
25464  -40.545  -72.702  3.748 0.4000000060
26508  -41.371  -71.902  3.502 0.4000000060
153528  -33.959  -69.726  5.477 0.6000000238
26509  -42.590  -71.482  2.962 0.5000000000
27520  -34.186  -70.916  4.573 0.6999999881
27521  -35.197  -70.634  4.614 0.6999999881
27541  -44.041  -70.498  2.657 0.5000000000
27538  -37.335  -70.732  3.523 0.5000000000
27542  -44.646  -70.093  2.259 0.5000000000
27539  -37.999  -70.256  3.271 0.5000000000
28667  -45.019  -68.789  2.274 0.4000000060
28677  -44.891  -68.732  1.938 0.3000000119
29843  -45.066  -68.176  1.958 0.4000000060
29839  -41.764  -68.880  2.063 0.5000000000
144643  -43.425  -68.392  1.745 0.4000000060
28611  -29.599  -69.129  7.512 0.6000000238
28612  -30.503  -68.991  7.255 0.6000000238
157873  -31.389  -69.394  6.394 0.6000000238
28626  -32.810  -69.202  6.198 0.6000000238
28627  -33.799  -69.015  6.011 0.6000000238
27526  -42.432  -70.290  3.822 0.3000000119
27540  -43.093  -70.652  3.319 0.4000000060
27507  -34.490  -70.131  5.106 0.6000000238
28657  -43.287  -69.467  3.803 0.3000000119
28652  -35.957  -69.964  4.671 0.6000000238
27522  -36.018  -70.711  4.304 0.6999999881
143032  -43.911  -67.986  3.621 0.3000000119
28658  -44.064  -69.412  3.256 0.3000000119
27523  -36.784  -70.208  4.188 0.6000000238
30933  -44.224  -67.285  3.563 0.3000000119
29824  -44.503  -68.637  3.006 0.3000000119
29821  -37.637  -68.530  3.812 0.5000000000
158680  -37.495  -69.992  3.778 0.5000000000
28664  -37.917  -69.413  3.578 0.5000000000
32008  -45.147  -66.600  2.491 0.3000000119
30934  -44.843  -67.271  2.867 0.3000000119
29834  -39.654  -68.651  2.529 0.5000000000
29835  -40.247  -68.193  2.531 0.5000000000
32020  -45.289  -66.354  2.060 0.3000000119
30941  -39.340  -67.689  2.960 0.5000000000
30948  -42.845  -67.698  2.050 0.4000000060
161929  -44.472  -67.164  1.797 0.3000000119
29785  -30.069  -68.427  8.042 0.5000000000
141679  -30.969  -68.293  7.735 0.6000000238
144997  -31.844  -68.143  7.519 0.5000000000
28642  -34.606  -69.322  5.572 0.6000000238
29799  -34.579  -68.500  5.917 0.5000000000
33137  -43.797  -65.162  4.204 0.3000000119
28644  -35.859  -69.217  4.969 0.6000000238
34235  -44.052  -64.316  3.910 0.3000000119
33138  -44.206  -65.849  3.806 0.3000000119
28653  -36.546  -69.271  4.606 0.6000000238
29830  -38.354  -68.657  3.368 0.5000000000
30942  -39.996  -67.108  2.904 0.5000000000
154221  -42.104  -67.176  2.328 0.4000000060
32017  -41.773  -66.313  2.475 0.4000000060
29776  -30.503  -67.632  8.413 0.5000000000
162035  -32.063  -67.528  7.838 0.5000000000
29786  -32.736  -67.778  7.417 0.5000000000
29797  -32.348  -68.623  6.853 0.5000000000
29787  -33.611  -67.494  7.050 0.5000000000
36435  -42.271  -63.125  4.910 0.3000000119
35281  -42.770  -63.647  4.789 0.3000000119
29812  -35.340  -68.751  5.438 0.6000000238
29813  -36.158  -68.355  4.868 0.6000000238
30930  -37.384  -67.585  4.013 0.5000000000
30939  -38.639  -67.876  3.223 0.5000000000
33160  -44.053  -65.530  1.926 0.4000000060
137305  -42.188  -64.969  1.961 0.4000000060
30881  -31.804  -66.997  8.240 0.5000000000
30890  -32.519  -67.006  7.859 0.5000000000
31962  -33.772  -66.272  6.966 0.5000000000
36434  -41.558  -62.933  5.290 0.4000000060
37548  -41.436  -62.277  4.970 0.4000000060
153125  -34.596  -67.798  6.177 0.5000000000
30921  -35.519  -67.191  5.533 0.5000000000
36442  -42.063  -62.501  4.663 0.4000000060
36443  -42.926  -62.777  4.364 0.3000000119
31976  -35.280  -66.433  5.699 0.4000000060
36444  -43.632  -62.787  3.777 0.3000000119
30922  -36.120  -67.312  5.025 0.5000000000
30929  -36.706  -67.464  4.455 0.4000000060
152592  -37.767  -66.901  3.766 0.4000000060
156117  -41.741  -65.515  2.299 0.4000000060
31950  -31.369  -66.268  8.296 0.5000000000
31951  -32.141  -66.212  8.002 0.5000000000
33082  -33.032  -65.532  6.917 0.5000000000
151253  -41.007  -62.417  5.379 0.4000000060
31975  -34.621  -66.345  6.250 0.5000000000
33105  -34.218  -65.560  6.099 0.4000000060
37552  -41.714  -61.673  4.528 0.4000000060
146597  -42.314  -61.265  4.121 0.4000000060
33106  -34.958  -65.772  5.634 0.4000000060
31988  -36.472  -66.567  4.609 0.4000000060
144903  -42.971  -61.294  3.774 0.4000000060
158460  -37.117  -66.611  4.054 0.4000000060
32006  -37.671  -66.179  3.564 0.4000000060
33149  -38.151  -65.688  3.136 0.4000000060
32013  -39.854  -66.121  3.050 0.4000000060
33154  -39.699  -65.245  2.952 0.4000000060
33158  -41.275  -64.863  2.112 0.4000000060
35303  -42.585  -63.332  1.639 0.4000000060
161939  -42.182  -63.749  1.663 0.4000000060
33080  -31.055  -65.231  6.883 0.5000000000
33081  -32.124  -65.420  7.064 0.4000000060
38582  -39.946  -60.727  5.591 0.4000000060
38583  -40.581  -60.854  5.114 0.4000000060
33103  -32.512  -65.286  5.820 0.5000000000
33123  -33.386  -65.300  5.306 0.4000000060
31997  -36.016  -65.792  4.614 0.4000000060
158746  -42.147  -59.408  3.919 0.4000000060
156035  -36.605  -66.015  4.129 0.4000000060
33148  -37.318  -65.441  3.078 0.4000000060
140144  -43.593  -62.689  2.127 0.3000000119
33155  -40.351  -64.821  2.520 0.4000000060
33102  -31.431  -65.269  5.713 0.4000000060
145802  -31.648  -65.435  4.625 0.5000000000
33122  -32.293  -65.315  4.403 0.4000000060
39640  -40.782  -58.987  4.865 0.4000000060
33133  -33.300  -65.083  4.176 0.4000000060
33124  -34.311  -65.339  4.998 0.4000000060
33145  -34.664  -64.700  3.647 0.4000000060
33135  -35.407  -65.190  3.971 0.4000000060
33136  -36.240  -65.439  3.763 0.4000000060
33151  -36.932  -64.731  2.700 0.4000000060
33152  -37.802  -65.026  2.659 0.4000000060
139346  -39.045  -64.985  2.847 0.4000000060
36457  -42.637  -61.903  1.354 0.4000000060
35301  -40.733  -63.232  1.854 0.4000000060
35302  -41.583  -63.388  1.658 0.4000000060
33131  -31.409  -65.363  4.179 0.4000000060
33132  -32.259  -65.127  4.063 0.4000000060
34234  -33.158  -64.784  3.854 0.4000000060
33144  -33.817  -64.738  3.819 0.4000000060
33146  -35.676  -64.751  3.368 0.4000000060
34245  -36.374  -64.199  2.764 0.4000000060
36458  -43.431  -61.965  1.691 0.4000000060
35296  -37.595  -63.635  2.497 0.4000000060
35298  -39.141  -63.776  2.317 0.4000000060
145786  -38.404  -63.491  2.392 0.4000000060
150131  -39.706  -63.160  2.213 0.4000000060
152090  -40.353  -62.869  1.995 0.4000000060
34233  -31.694  -65.204  4.050 0.4000000060
156107  -33.360  -64.407  3.637 0.4000000060
35290  -33.908  -63.788  3.407 0.4000000060
35291  -34.501  -63.971  3.246 0.4000000060
34243  -34.918  -64.307  3.342 0.4000000060
144716  -35.548  -63.001  3.166 0.4000000060
35293  -35.943  -63.703  2.904 0.4000000060
36450  -37.230  -62.928  2.749 0.4000000060
36451  -38.112  -62.920  2.492 0.4000000060
36455  -40.691  -62.228  1.885 0.4000000060
36456  -41.536  -62.059  1.506 0.4000000060
35286  -31.572  -64.379  4.070 0.4000000060
34241  -32.496  -64.634  3.884 0.4000000060
36439  -32.285  -63.205  4.248 0.4000000060
35287  -33.154  -63.589  3.803 0.4000000060
141106  -34.668  -63.102  3.335 0.4000000060
36449  -36.377  -62.983  3.011 0.4000000060
37562  -37.811  -62.064  2.945 0.4000000060
37571  -43.625  -60.383  1.737 0.4000000060
141633  -43.458  -60.788  1.519 0.3000000119
149298  -38.816  -62.294  2.601 0.4000000060
37567  -40.991  -61.478  1.692 0.5000000000
38602  -42.136  -60.469  1.365 0.4000000060
37565  -40.252  -61.618  2.145 0.5000000000
36431  -31.956  -62.447  5.041 0.4000000060
36432  -33.084  -62.429  4.422 0.4000000060
37549  -33.629  -61.788  4.647 0.4000000060
36440  -33.889  -62.586  3.967 0.4000000060
37563  -38.578  -61.414  2.943 0.4000000060
38599  -40.517  -60.795  2.026 0.5000000000
36419  -31.997  -62.363  6.024 0.4000000060
37544  -33.284  -61.800  5.235 0.4000000060
37545  -34.024  -61.270  5.113 0.4000000060
38598  -39.786  -60.821  2.495 0.4000000060
152728  -40.613  -59.292  2.075 0.5000000000
36406  -32.813  -62.286  6.651 0.4000000060
37537  -33.355  -61.835  6.222 0.4000000060
37538  -34.020  -61.383  5.957 0.4000000060
142213  -39.903  -58.996  2.596 0.5000000000
37501  -32.843  -61.299  9.271 0.4000000060
148832  -32.919  -62.228  7.719 0.4000000060
37515  -33.253  -61.516  8.517 0.4000000060
37529  -33.383  -61.979  7.067 0.4000000060
38571  -34.353  -60.734  7.735 0.4000000060
38572  -35.164  -60.055  7.283 0.5000000000
36371  -32.557  -62.038  8.688 0.4000000060
32015  -41.021  -66.281  2.718 0.5000000000
33159  -42.495  -65.797  2.192 0.4000000060
20098  -37.008  -76.641  2.211 0.5000000000
22308  -34.027  -75.213  0.093 0.8000000119
23388  -32.995  -74.527  -0.406 0.8000000119
155106  -32.931  -72.954  0.280 0.6999999881
19023  -37.859  -78.241  2.734 0.5000000000
25479  -31.716  -72.101  1.003 0.6999999881
18013  -38.251  -78.790  3.026 0.5000000000
26514  -32.373  -71.569  2.243 0.6999999881
20069  -39.451  -77.067  3.684 0.4000000060
18015  -39.104  -77.859  3.231 0.4000000060
26504  -32.633  -71.444  2.917 0.6999999881
27504  -31.609  -70.413  4.945 0.6999999881
20061  -39.424  -76.592  4.363 0.4000000060
22244  -39.419  -75.052  4.523 0.4000000060
27489  -29.664  -70.212  6.037 0.6000000238
25463  -39.989  -72.694  4.265 0.4000000060
161849  -28.807  -69.273  7.830 0.6000000238
154567  -28.260  -68.880  8.425 0.5000000000
29775  -29.550  -67.799  8.582 0.5000000000
30879  -30.438  -67.015  8.694 0.5000000000
33061  -29.952  -65.762  8.036 0.4000000060
33101  -30.277  -65.389  5.356 0.4000000060
164508  -29.349  -65.354  5.260 0.4000000060
34222  -30.255  -65.111  4.453 0.4000000060
145812  -30.922  -64.023  4.268 0.4000000060
35278  -31.370  -63.153  4.543 0.4000000060
36430  -31.101  -62.510  5.394 0.4000000060
142989  -31.302  -62.471  6.516 0.4000000060
36404  -31.484  -62.591  7.437 0.4000000060
37500  -32.222  -61.716  9.362 0.4000000060
148916  -34.511  -75.610  0.783 0.8000000119
24441  -36.015  -73.962  0.463 0.8000000119
20101  -39.049  -76.542  2.247 0.5000000000
24438  -33.395  -73.645  0.006 0.6999999881
26526  -35.765  -72.549  1.662 0.6999999881
22298  -40.168  -75.209  1.739 0.6000000238
24444  -40.462  -73.593  1.317 0.6999999881
25496  -38.745  -73.050  1.363 0.6999999881
24422  -42.331  -72.065  1.928 0.6000000238
25499  -41.412  -72.073  1.202 0.6000000238
26533  -40.803  -72.077  1.245 0.6000000238
27506  -33.616  -70.385  5.035 0.6999999881
25487  -42.844  -71.538  1.648 0.5000000000
28640  -32.249  -69.918  5.649 0.6000000238
146643  -39.997  -73.868  3.947 0.5000000000
25470  -41.047  -72.708  3.336 0.5000000000
26497  -42.033  -70.959  3.640 0.3000000119
29838  -40.901  -69.003  2.089 0.5000000000
144938  -34.073  -68.116  6.495 0.6000000238
30938  -38.013  -67.696  3.554 0.5000000000
30944  -41.303  -67.147  2.570 0.5000000000
138641  -40.436  -65.747  2.868 0.4000000060
32007  -38.509  -66.721  3.409 0.4000000060
138011  -43.171  -65.169  1.970 0.4000000060
34251  -39.915  -64.056  2.276 0.4000000060
34248  -37.646  -64.355  2.488 0.4000000060
34232  -30.953  -65.143  4.196 0.4000000060
36453  -39.805  -62.469  2.267 0.4000000060
37530  -33.953  -61.455  6.910 0.4000000060
15912  -19.130  -81.504  2.695 0.4000000060
15914  -21.170  -81.440  2.537 0.4000000060
153232  -21.547  -81.319  3.209 0.4000000060
142476  -22.946  -81.421  2.277 0.4000000060
16947  -21.799  -80.671  3.747 0.4000000060
15900  -22.243  -81.061  3.388 0.4000000060
15902  -24.039  -81.159  3.252 0.4000000060
16949  -23.648  -80.741  3.501 0.4000000060
16964  -26.540  -80.975  2.185 0.5000000000
16936  -21.799  -80.191  3.911 0.4000000060
16948  -22.684  -80.535  3.634 0.4000000060
18005  -24.395  -79.571  2.849 0.5000000000
18006  -25.391  -80.079  2.652 0.5000000000
18026  -26.919  -79.849  1.477 0.6000000238
161264  -20.802  -79.591  3.994 0.4000000060
17991  -21.544  -79.713  3.748 0.4000000060
19015  -23.709  -79.184  2.438 0.4000000060
18007  -26.344  -80.366  2.186 0.5000000000
17999  -39.177  -78.261  3.764 0.3000000119
18983  -39.133  -77.971  4.479 0.4000000060
22243  -39.091  -74.835  4.991 0.3000000119
16983  -27.078  -80.736  1.800 0.5000000000
18010  -35.859  -79.788  3.087 0.5000000000
16970  -38.050  -79.725  3.482 0.4000000060
20095  -21.977  -78.034  0.669 0.4000000060
18024  -25.020  -79.165  1.970 0.5000000000
18025  -25.986  -79.437  1.763 0.5000000000
19032  -21.595  -78.334  1.440 0.4000000060
18003  -21.882  -79.221  3.117 0.4000000060
18027  -27.847  -80.305  1.119 0.6000000238
18028  -28.755  -80.091  0.382 0.6000000238
18029  -30.437  -79.098  1.107 0.6999999881
19022  -37.184  -78.608  2.915 0.5000000000
18042  -30.020  -79.529  0.495 0.6999999881
18031  -32.535  -79.826  2.245 0.6999999881
17996  -34.709  -78.855  3.410 0.6999999881
18030  -31.188  -79.596  1.290 0.6999999881
137207  -32.757  -78.905  3.100 0.6999999881
19035  -24.398  -78.666  0.944 0.5000000000
19036  -25.366  -78.732  0.787 0.6000000238
18039  -27.285  -79.288  0.664 0.6000000238
19046  -28.429  -78.626  0.281 0.6000000238
19040  -22.800  -78.147  0.316 0.4000000060
19041  -23.764  -78.315  0.070 0.5000000000
19043  -25.643  -78.387  -0.245 0.6000000238
143945  -28.445  -79.267  0.365 0.6000000238
19048  -29.689  -78.536  0.885 0.6000000238
19017  -30.292  -77.942  1.644 0.6000000238
24400  -39.564  -73.385  4.656 0.3000000119
18041  -29.251  -79.070  0.413 0.6000000238
19038  -30.926  -78.727  1.787 0.6999999881
20068  -35.288  -78.037  3.312 0.6000000238
162703  -36.973  -77.908  2.784 0.5000000000
20106  -23.006  -77.192  -0.325 0.6000000238
20107  -23.862  -77.509  -0.683 0.6000000238
20109  -25.378  -77.881  -1.079 0.6999999881
19051  -25.910  -78.157  -0.791 0.6000000238
19053  -27.769  -78.059  -0.243 0.6000000238
19037  -29.581  -77.597  1.004 0.6000000238
163826  -22.848  -77.681  -0.101 0.5000000000
19042  -24.688  -78.340  -0.200 0.6000000238
20081  -30.685  -77.248  2.181 0.6000000238
19019  -32.129  -77.903  3.034 0.6999999881
20084  -33.778  -77.110  3.123 0.6999999881
19020  -33.196  -77.915  3.438 0.6999999881
20086  -35.858  -77.192  2.887 0.6000000238
19002  -34.268  -77.960  3.440 0.6999999881
21219  -24.357  -76.793  -0.702 0.6000000238
21221  -25.801  -77.024  -0.791 0.6999999881
21222  -26.768  -76.907  -0.785 0.6999999881
20110  -26.274  -77.780  -0.844 0.6999999881
20105  -29.192  -77.314  0.167 0.6000000238
21193  -35.397  -76.459  2.306 0.5000000000
21189  -30.710  -76.690  2.000 0.6999999881
20083  -32.636  -77.030  3.117 0.6999999881
20085  -34.870  -77.130  3.047 0.6000000238
22321  -30.202  -75.500  -0.887 0.6999999881
22306  -32.121  -75.525  -0.177 0.6999999881
147016  -28.463  -75.747  -0.797 0.6999999881
21225  -30.421  -76.138  -0.501 0.6000000238
22293  -31.619  -75.787  0.471 0.5000000000
21223  -28.298  -76.643  -0.904 0.6999999881
21224  -29.497  -76.612  -0.465 0.6000000238
21201  -31.911  -75.964  1.489 0.6999999881
21203  -34.948  -75.944  1.576 0.5000000000
20096  -29.665  -77.021  0.950 0.6000000238
154627  -32.224  -76.383  2.432 0.6999999881
21192  -34.423  -76.406  2.426 0.6000000238
23386  -31.608  -74.930  -0.759 0.6999999881
23387  -32.298  -75.068  -0.552 0.6999999881
24449  -32.122  -74.290  -0.577 0.6999999881
152362  -33.995  -75.891  1.560 0.6000000238
22294  -32.557  -75.647  0.566 0.6999999881
18012  -37.710  -79.212  3.067 0.5000000000
145197  -20.799  -81.416  3.302 0.4000000060
16951  -25.033  -80.884  2.977 0.4000000060
19013  -21.314  -78.655  2.397 0.4000000060
18004  -23.405  -79.590  3.164 0.4000000060
19034  -23.442  -78.726  1.319 0.4000000060
19033  -22.448  -78.530  1.353 0.4000000060
16965  -33.475  -79.680  2.847 0.6999999881
17995  -33.769  -78.817  3.393 0.6999999881
19044  -26.602  -78.551  -0.060 0.6000000238
19054  -28.433  -77.785  -0.074 0.6000000238
19049  -24.192  -78.040  -0.722 0.6999999881
19050  -25.029  -78.126  -0.941 0.6000000238
20112  -28.046  -77.382  -0.666 0.6000000238
156300  -29.776  -76.189  -0.802 0.6999999881
21200  -30.965  -76.146  1.390 0.6000000238
22322  -31.098  -75.510  -0.770 0.6000000238
22318  -26.209  -75.861  -0.542 0.5000000000
21210  -22.355  -76.427  0.021 0.4000000060
21218  -23.610  -76.781  -0.474 0.5000000000
23370  -27.664  -74.637  -0.208 0.6000000238
21209  -21.546  -76.468  0.285 0.4000000060
22299  -22.044  -75.486  0.519 0.5000000000
21211  -23.102  -76.154  -0.072 0.5000000000
22302  -24.636  -75.423  0.017 0.5000000000
22304  -26.624  -74.691  -0.080 0.5000000000
140480  -26.983  -73.830  0.401 0.5000000000
22317  -25.224  -76.163  -0.593 0.5000000000
145173  -29.496  -74.964  -0.744 0.6000000238
23384  -29.953  -74.507  -0.630 0.5000000000
143497  -28.064  -73.880  0.064 0.5000000000
23372  -29.617  -73.664  -0.114 0.6999999881
146205  -29.089  -73.167  0.189 0.6000000238
25490  -31.264  -72.546  0.490 0.6000000238
164751  -21.406  -74.469  1.763 0.5000000000
22290  -22.702  -74.603  1.185 0.5000000000
23368  -24.745  -74.287  0.980 0.5000000000
141582  -25.486  -73.951  1.039 0.5000000000
24448  -31.263  -74.065  -0.503 0.6000000238
24432  -27.521  -73.459  0.651 0.6000000238
25488  -29.794  -72.488  0.875 0.5000000000
25478  -30.884  -72.112  1.134 0.6000000238
23361  -22.962  -74.078  1.987 0.5000000000
23362  -24.305  -74.098  1.663 0.5000000000
23354  -24.511  -74.048  1.877 0.5000000000
23364  -25.973  -73.795  1.308 0.5000000000
24423  -27.375  -73.364  1.047 0.5000000000
25491  -32.167  -72.734  0.373 0.6000000238
24424  -28.221  -73.133  1.043 0.5000000000
25477  -30.222  -72.173  1.303 0.6000000238
23352  -22.457  -74.112  2.255 0.5000000000
23353  -23.704  -74.094  1.984 0.5000000000
22282  -24.852  -74.410  2.329 0.5000000000
22283  -25.855  -74.720  2.381 0.5000000000
22284  -27.030  -75.006  2.694 0.6000000238
23356  -26.340  -74.044  1.907 0.4000000060
22273  -28.625  -74.833  3.663 0.4000000060
23357  -27.225  -74.096  2.144 0.5000000000
23358  -27.980  -73.608  2.139 0.5000000000
24418  -27.004  -73.645  1.454 0.4000000060
23309  -29.147  -73.833  4.674 0.4000000060
23331  -29.429  -73.440  4.073 0.5000000000
24413  -28.986  -73.281  2.634 0.5000000000
24396  -28.964  -73.133  5.151 0.4000000060
25474  -29.769  -72.118  2.089 0.6000000238
26511  -30.147  -71.927  1.980 0.6000000238
151950  -30.895  -71.520  2.325 0.6000000238
27535  -31.244  -70.990  3.352 0.6000000238
23345  -28.771  -74.092  3.167 0.5000000000
24397  -29.332  -73.057  4.558 0.5000000000
25462  -29.774  -71.485  4.006 0.5000000000
24414  -29.475  -72.859  3.282 0.5000000000
25454  -28.793  -72.172  5.410 0.4000000060
27501  -29.503  -70.749  5.450 0.5000000000
27533  -30.204  -70.958  3.752 0.6000000238
137446  -30.128  -71.574  2.686 0.6000000238
27534  -30.587  -70.919  3.552 0.6000000238
27502  -30.105  -70.503  5.160 0.5000000000
28610  -27.930  -69.836  7.757 0.3000000119
27487  -28.211  -70.490  6.744 0.4000000060
27500  -28.530  -70.971  5.997 0.4000000060
27488  -28.983  -70.455  6.222 0.5000000000
27516  -30.402  -70.720  4.291 0.5000000000
27517  -31.025  -70.653  4.141 0.6000000238
33078  -29.332  -65.594  7.247 0.3000000119
33060  -29.023  -66.152  8.268 0.3000000119
150664  -29.059  -67.137  8.803 0.4000000060
29774  -28.621  -68.005  8.704 0.4000000060
33099  -28.705  -65.526  6.064 0.3000000119
157404  -29.640  -64.321  4.674 0.3000000119
33119  -29.693  -65.170  4.732 0.3000000119
36428  -29.522  -63.141  5.243 0.3000000119
35277  -30.612  -63.159  4.709 0.3000000119
36429  -30.219  -62.719  5.236 0.3000000119
163297  -30.153  -62.529  6.395 0.3000000119
146336  -30.568  -62.588  7.144 0.3000000119
36383  -31.208  -62.617  8.224 0.3000000119
28624  -29.023  -69.860  6.953 0.5000000000
33100  -29.531  -65.391  6.170 0.3000000119
23385  -30.810  -74.794  -0.806 0.5000000000
22301  -23.435  -75.023  0.668 0.5000000000
140640  -27.770  -73.346  1.378 0.5000000000
26512  -30.439  -71.544  2.510 0.6000000238
16968  -36.408  -80.274  3.100 0.3000000119
16987  -33.194  -80.502  2.047 0.6000000238
18009  -35.073  -79.787  3.058 0.6000000238
163821  -37.643  -79.099  5.949 0.3000000119
17965  -38.132  -79.294  5.671 0.3000000119
16923  -38.641  -79.664  4.976 0.3000000119
17967  -38.918  -78.585  4.627 0.3000000119
15856  -38.037  -80.376  5.290 0.3000000119
16938  -38.576  -79.752  4.534 0.3000000119
16954  -38.939  -79.081  3.993 0.3000000119
16966  -34.283  -80.352  2.550 0.6000000238
162618  -34.994  -80.472  2.641 0.5000000000
20053  -36.944  -77.455  5.843 0.3000000119
161055  -38.349  -77.975  5.538 0.3000000119
18981  -38.510  -78.649  5.327 0.3000000119
152419  -38.929  -76.797  5.092 0.3000000119
15905  -37.739  -80.946  4.064 0.3000000119
16952  -37.596  -80.544  3.687 0.3000000119
15922  -36.240  -81.121  2.964 0.4000000060
20103  -22.188  -77.410  0.108 0.4000000060
146653  -36.000  -77.151  5.875 0.3000000119
152862  -37.665  -76.893  5.618 0.3000000119
163937  -38.231  -76.443  5.451 0.3000000119
145422  -38.702  -76.254  5.296 0.3000000119
15950  -24.534  -81.640  0.992 0.5000000000
15951  -25.322  -81.892  0.295 0.5000000000
15933  -21.538  -81.285  1.735 0.4000000060
15934  -22.383  -81.324  1.592 0.4000000060
165189  -23.859  -81.514  1.195 0.4000000060
139242  -24.411  -81.674  -0.247 0.5000000000
15954  -29.094  -81.618  0.076 0.5000000000
14914  -27.401  -82.261  0.515 0.5000000000
15935  -24.995  -81.519  1.958 0.5000000000
15952  -26.450  -82.067  0.863 0.5000000000
142885  -24.026  -81.510  1.923 0.4000000060
15977  -30.951  -81.532  -0.488 0.6000000238
15956  -30.529  -81.037  -0.252 0.6000000238
15953  -28.150  -81.999  0.646 0.5000000000
15917  -24.453  -81.333  2.672 0.3000000119
15919  -26.284  -81.213  2.132 0.4000000060
15937  -26.792  -81.577  1.564 0.5000000000
17007  -32.234  -81.182  0.902 0.6000000238
145726  -30.380  -80.313  0.069 0.6000000238
17004  -29.399  -80.784  0.042 0.6000000238
15920  -26.983  -81.186  1.795 0.4000000060
15939  -28.388  -81.151  0.853 0.5000000000
15940  -33.749  -81.051  1.926 0.6000000238
15889  -37.261  -81.412  4.301 0.3000000119
15921  -35.506  -81.383  2.603 0.4000000060
16985  -31.494  -80.409  0.757 0.6000000238
15855  -37.564  -80.906  5.309 0.3000000119
17957  -37.658  -79.762  5.893 0.3000000119
161227  -36.592  -81.480  3.386 0.3000000119
15942  -34.816  -80.998  2.222 0.5000000000
18043  -30.783  -79.995  0.536 0.6000000238
157135  -32.828  -81.016  1.549 0.6000000238
162863  -31.812  -80.780  0.821 0.6000000238
162509  -36.316  -81.993  3.543 0.3000000119
14932  -31.781  -81.947  -0.173 0.5000000000
14915  -32.330  -82.215  0.385 0.5000000000
138886  -32.522  -81.727  0.737 0.5000000000
13931  -32.861  -82.726  1.052 0.4000000060
14917  -33.662  -81.957  1.585 0.5000000000
13930  -32.228  -83.070  0.523 0.5000000000
14930  -30.587  -82.650  -0.863 0.5000000000
12979  -32.577  -83.477  1.339 0.4000000060
13921  -33.258  -83.189  1.749 0.4000000060
13922  -34.012  -82.970  2.337 0.4000000060
15941  -34.093  -81.523  1.912 0.5000000000
15976  -30.308  -81.872  -0.614 0.5000000000
139518  -30.698  -82.118  -0.759 0.5000000000
14905  -35.287  -82.117  2.672 0.4000000060
13969  -18.923  -83.181  -2.468 0.3000000119
13953  -19.376  -83.224  -1.717 0.3000000119
13954  -20.327  -83.176  -1.862 0.3000000119
13015  -20.874  -83.795  -1.043 0.4000000060
13971  -20.830  -82.955  -2.770 0.3000000119
12996  -20.968  -84.228  -0.064 0.4000000060
13016  -21.973  -84.057  -1.310 0.4000000060
13955  -21.365  -83.476  -2.008 0.3000000119
13984  -21.280  -82.529  -3.392 0.3000000119
12976  -21.965  -84.609  0.198 0.4000000060
12997  -22.479  -84.445  -0.608 0.4000000060
13036  -22.221  -83.703  -1.975 0.4000000060
13972  -21.740  -83.141  -2.664 0.4000000060
16007  -22.138  -81.700  -3.404 0.4000000060
13985  -22.107  -82.764  -2.950 0.4000000060
11182  -24.233  -85.608  1.072 0.3000000119
145914  -22.865  -84.712  0.142 0.4000000060
12067  -24.278  -84.780  -0.208 0.4000000060
12077  -23.771  -84.420  -0.731 0.4000000060
164189  -23.916  -83.433  -1.932 0.4000000060
154719  -23.794  -82.891  -2.215 0.4000000060
16008  -22.750  -81.891  -2.867 0.4000000060
11185  -26.376  -86.295  0.899 0.3000000119
11202  -24.932  -85.235  -0.050 0.4000000060
12079  -25.405  -84.753  -0.914 0.4000000060
12078  -24.540  -84.739  -0.460 0.4000000060
13040  -25.332  -83.656  -1.378 0.4000000060
162576  -25.838  -83.351  -1.237 0.4000000060
13975  -24.507  -83.186  -1.764 0.4000000060
13976  -25.310  -82.988  -1.440 0.4000000060
14954  -23.537  -82.231  -2.274 0.4000000060
16000  -23.125  -81.659  -2.375 0.4000000060
11204  -26.920  -85.883  -0.212 0.4000000060
12068  -26.787  -85.283  -0.874 0.4000000060
13977  -26.260  -83.248  -1.173 0.4000000060
14957  -25.953  -82.970  -1.133 0.4000000060
15988  -23.580  -81.548  -1.675 0.4000000060
157433  -24.158  -82.313  -1.853 0.4000000060
17041  -22.848  -81.150  -2.241 0.4000000060
12081  -27.369  -84.707  -1.229 0.4000000060
13020  -27.210  -84.031  -1.376 0.4000000060
142172  -27.631  -83.182  -1.069 0.4000000060
14925  -25.639  -82.538  -1.025 0.4000000060
148040  -24.244  -81.686  -1.092 0.4000000060
15972  -24.999  -81.978  -0.803 0.4000000060
145104  -28.407  -84.199  -1.311 0.4000000060
14944  -29.010  -83.059  -1.176 0.4000000060
15974  -28.852  -82.313  -0.249 0.4000000060
13000  -30.753  -83.893  -0.228 0.4000000060
13959  -29.261  -83.339  -1.237 0.4000000060
157984  -29.636  -82.907  -1.158 0.4000000060
12958  -32.263  -84.159  1.830 0.3000000119
12936  -33.944  -83.458  2.941 0.3000000119
14926  -26.748  -82.536  -0.266 0.4000000060
13941  -30.364  -83.380  -0.871 0.4000000060
13913  -34.510  -83.106  2.980 0.3000000119
159669  -29.224  -82.605  -0.795 0.4000000060
161413  -21.686  -84.270  -0.596 0.4000000060
13017  -22.846  -84.186  -1.201 0.4000000060
13018  -23.380  -84.109  -1.252 0.4000000060
13973  -22.657  -83.212  -2.447 0.4000000060
11183  -25.042  -85.836  0.920 0.4000000060
11201  -24.431  -85.251  0.366 0.4000000060
11165  -25.697  -86.196  1.379 0.3000000119
12089  -24.170  -84.322  -1.054 0.4000000060
154580  -27.021  -86.274  0.475 0.3000000119
144271  -26.332  -86.029  0.272 0.4000000060
11223  -26.191  -85.605  -0.366 0.4000000060
13019  -26.643  -84.556  -1.240 0.4000000060
12070  -28.227  -85.424  -0.498 0.4000000060
14943  -28.107  -83.321  -1.176 0.4000000060
14942  -24.415  -82.099  -1.466 0.4000000060
14928  -28.510  -82.917  -0.923 0.4000000060
13023  -29.654  -83.690  -1.088 0.4000000060
140216  -22.008  -85.078  2.202 0.3000000119
12928  -19.551  -84.874  2.175 0.3000000119
12954  -19.222  -84.507  1.356 0.3000000119
12955  -20.208  -84.795  1.572 0.3000000119
12054  -21.809  -84.855  1.239 0.3000000119
144416  -20.096  -84.367  0.661 0.3000000119
12975  -21.150  -84.590  0.644 0.3000000119
12043  -22.748  -85.261  1.700 0.3000000119
12055  -22.756  -84.959  0.875 0.3000000119
139112  -23.580  -85.064  0.605 0.3000000119
11206  -28.420  -85.909  0.221 0.3000000119
164478  -29.347  -85.371  0.137 0.3000000119
12977  -30.269  -84.713  0.170 0.3000000119
12058  -31.032  -84.451  0.696 0.3000000119
12044  -23.488  -85.661  2.031 0.3000000119
12083  -28.657  -84.676  -0.915 0.3000000119
11164  -24.778  -85.983  1.606 0.3000000119
11184  -25.763  -85.972  0.684 0.4000000060
11186  -27.850  -86.357  0.762 0.3000000119
11203  -25.654  -85.662  0.077 0.4000000060
11205  -27.678  -86.045  -0.020 0.4000000060
11207  -29.061  -85.682  0.410 0.3000000119
11222  -25.360  -85.170  -0.462 0.4000000060
12056  -23.482  -85.417  1.329 0.3000000119
12066  -23.487  -84.630  -0.253 0.4000000060
12069  -27.511  -85.415  -0.708 0.4000000060
12071  -28.983  -85.291  -0.254 0.3000000119
12080  -26.043  -85.033  -0.920 0.4000000060
12082  -28.018  -84.763  -1.112 0.4000000060
12090  -24.994  -84.296  -1.168 0.4000000060
12091  -25.837  -84.359  -1.189 0.4000000060
12927  -18.675  -84.823  2.075 0.3000000119
12935  -33.385  -83.862  2.968 0.3000000119
12953  -18.342  -84.623  1.410 0.3000000119
12956  -20.870  -84.756  1.181 0.3000000119
12959  -33.383  -83.593  2.433 0.3000000119
12978  -31.886  -83.915  1.002 0.4000000060
12998  -29.352  -84.485  -0.787 0.3000000119
12999  -30.055  -84.230  -0.597 0.4000000060
13021  -27.885  -84.131  -1.384 0.4000000060
13022  -28.996  -83.979  -1.290 0.4000000060
13037  -22.816  -83.689  -1.826 0.4000000060
13038  -23.604  -83.821  -1.619 0.4000000060
13039  -24.398  -83.809  -1.527 0.4000000060
13041  -26.366  -83.799  -1.279 0.4000000060
13914  -35.132  -82.942  3.412 0.3000000119
13929  -31.502  -83.497  0.142 0.4000000060
13942  -31.107  -83.004  -0.608 0.4000000060
13943  -31.727  -82.588  -0.138 0.5000000000
13956  -26.896  -83.254  -1.118 0.4000000060
13957  -27.035  -83.511  -1.241 0.4000000060
13958  -28.468  -83.620  -1.305 0.4000000060
13960  -29.962  -83.035  -1.187 0.4000000060
13970  -19.819  -82.845  -2.622 0.3000000119
13974  -23.284  -83.332  -2.188 0.4000000060
13986  -22.900  -82.609  -2.590 0.4000000060
14861  -37.294  -81.395  4.870 0.3000000119
14885  -36.765  -81.780  3.928 0.3000000119
14903  -33.548  -82.494  1.637 0.5000000000
14904  -34.368  -82.191  2.112 0.4000000060
14916  -33.046  -82.096  1.046 0.5000000000
14927  -27.876  -82.662  -0.304 0.4000000060
14929  -29.719  -82.549  -0.894 0.4000000060
14931  -31.249  -82.136  -0.599 0.5000000000
14955  -24.371  -82.635  -1.882 0.4000000060
14956  -24.929  -82.573  -1.480 0.4000000060
14969  -21.758  -82.174  -3.582 0.4000000060
14970  -22.291  -82.191  -3.151 0.4000000060
15872  -37.881  -80.772  4.908 0.3000000119
15890  -37.674  -81.027  4.509 0.3000000119
15899  -21.314  -81.053  3.714 0.4000000060
15901  -23.236  -81.069  3.310 0.4000000060
15903  -24.633  -81.106  3.055 0.4000000060
15904  -37.188  -81.207  3.774 0.3000000119
15913  -20.187  -81.411  2.382 0.4000000060
15915  -22.106  -81.374  2.585 0.4000000060
15916  -23.596  -81.365  2.758 0.4000000060
15918  -25.332  -81.192  2.535 0.3000000119
15923  -36.957  -80.706  3.343 0.3000000119
15936  -25.944  -81.537  1.789 0.5000000000
15938  -27.525  -81.479  1.307 0.5000000000
15955  -29.922  -81.296  -0.322 0.6000000238
15957  -31.608  -81.033  0.400 0.6000000238
15958  -31.973  -81.580  0.272 0.5000000000
15959  -33.133  -81.532  1.384 0.5000000000
15971  -23.706  -81.317  -0.826 0.4000000060
15973  -25.842  -82.251  -0.275 0.4000000060
15975  -29.611  -82.039  -0.472 0.5000000000
15978  -31.429  -81.479  -0.152 0.6000000238
16001  -23.719  -81.963  -1.967 0.4000000060
16006  -21.509  -81.618  -3.778 0.4000000060
16912  -37.662  -80.393  5.675 0.3000000119
16922  -38.357  -80.207  4.951 0.3000000119
16937  -38.124  -80.468  4.417 0.3000000119
16950  -24.358  -80.873  3.342 0.4000000060
16953  -38.456  -79.813  3.951 0.3000000119
16963  -25.857  -80.916  2.551 0.5000000000
16967  -35.615  -80.590  2.800 0.5000000000
16969  -37.506  -80.023  3.371 0.4000000060
16984  -27.586  -81.048  1.488 0.4000000060
16986  -32.231  -80.549  1.343 0.6000000238
17005  -30.071  -80.603  -0.135 0.6000000238
17006  -31.049  -80.799  0.047 0.6000000238
17958  -38.121  -79.924  5.549 0.3000000119
17966  -38.724  -79.001  4.937 0.3000000119
17980  -38.809  -79.110  4.587 0.3000000119
17981  -39.079  -78.476  4.262 0.4000000060
17992  -22.502  -79.798  3.539 0.4000000060
17993  -24.006  -80.183  3.422 0.5000000000
17994  -24.668  -80.330  3.167 0.4000000060
17997  -35.632  -78.993  3.324 0.6999999881
17998  -38.607  -79.085  3.481 0.5000000000
18008  -31.743  -79.017  2.294 0.6999999881
18011  -36.451  -79.291  3.130 0.5000000000
18014  -38.700  -78.368  3.092 0.4000000060
18038  -26.372  -78.956  0.730 0.6000000238
18040  -28.004  -79.413  0.477 0.6000000238
18980  -38.005  -78.554  5.766 0.3000000119
18982  -38.880  -78.250  4.849 0.3000000119
18992  -39.360  -77.651  4.031 0.3000000119
19001  -21.042  -79.084  3.287 0.4000000060
19003  -39.308  -77.586  3.593 0.4000000060
19014  -22.956  -79.039  2.297 0.4000000060
19016  -24.212  -79.043  1.969 0.5000000000
19018  -31.151  -77.903  2.419 0.6999999881
19021  -36.335  -78.181  3.092 0.5000000000
19025  -38.746  -77.708  2.808 0.4000000060
19039  -38.501  -77.065  2.397 0.5000000000
19045  -27.809  -78.705  0.136 0.6000000238
19047  -28.956  -78.160  0.519 0.6000000238
19052  -26.952  -78.247  -0.402 0.6000000238
20054  -37.828  -77.759  5.747 0.3000000119
20055  -38.729  -77.720  5.166 0.3000000119
20056  -39.140  -77.327  4.724 0.3000000119
20070  -39.538  -76.698  3.940 0.4000000060
20082  -31.457  -76.986  2.725 0.6999999881
20087  -36.690  -77.258  2.663 0.6000000238
20088  -38.014  -77.402  2.370 0.6000000238
20090  -39.413  -77.000  3.226 0.4000000060
20094  -21.220  -77.446  0.678 0.4000000060
20097  -30.085  -77.098  1.613 0.6000000238
20100  -38.187  -76.743  2.087 0.5000000000
20102  -39.556  -76.110  2.310 0.6000000238
20104  -23.402  -77.857  -0.328 0.6999999881
20108  -24.623  -77.756  -0.998 0.6000000238
20111  -27.232  -77.592  -0.669 0.6000000238
20113  -28.801  -77.071  -0.612 0.6000000238
21153  -37.644  -76.076  5.419 0.3000000119
21155  -39.438  -75.840  4.466 0.4000000060
21165  -39.654  -75.915  4.083 0.5000000000
21179  -39.914  -75.711  3.210 0.5000000000
21190  -31.375  -76.393  2.139 0.6999999881
21191  -33.321  -76.378  2.535 0.6999999881
21194  -36.246  -76.535  2.240 0.5000000000
21195  -40.021  -75.512  2.448 0.6000000238
21198  -20.711  -76.361  0.663 0.4000000060
21199  -30.203  -76.587  1.206 0.6000000238
21202  -32.940  -75.904  1.568 0.6000000238
21205  -36.550  -76.119  1.719 0.5000000000
21207  -38.025  -76.348  1.714 0.5000000000
21208  -39.757  -75.768  1.683 0.6000000238
21212  -23.850  -75.856  -0.105 0.5000000000
21213  -29.884  -76.625  0.179 0.6000000238
21214  -36.911  -75.700  1.404 0.5000000000
21217  -39.152  -75.858  1.353 0.6000000238
21220  -25.018  -77.257  -0.955 0.6000000238
22258  -39.809  -75.181  3.822 0.5000000000
22259  -40.172  -74.406  3.561 0.5000000000
22272  -27.951  -75.447  3.667 0.4000000060
22274  -40.047  -75.077  3.412 0.4000000060
22281  -23.952  -74.349  2.324 0.5000000000
22285  -40.284  -75.002  2.812 0.6000000238
22291  -23.555  -74.238  1.603 0.5000000000
22292  -30.724  -76.141  0.307 0.5000000000
22295  -33.551  -75.614  0.629 0.8000000119
22297  -36.155  -75.617  1.275 0.6000000238
22300  -22.696  -75.500  0.369 0.5000000000
22303  -25.555  -74.743  0.206 0.5000000000
22305  -31.330  -75.764  -0.277 0.6000000238
22307  -33.023  -75.271  -0.099 0.8000000119
22311  -36.585  -75.138  1.047 0.6000000238
22312  -37.902  -75.065  1.086 0.6000000238
22313  -38.538  -75.519  1.184 0.6000000238
22315  -39.874  -75.252  1.209 0.6000000238
22316  -40.355  -74.634  1.513 0.6000000238
22319  -27.401  -75.939  -0.731 0.6999999881
22320  -29.353  -75.699  -0.875 0.6999999881
22323  -31.713  -75.376  -0.524 0.6000000238
23316  -39.566  -74.176  4.470 0.3000000119
23330  -29.162  -74.349  4.095 0.4000000060
23332  -39.766  -74.449  4.108 0.5000000000
23342  -22.164  -74.241  2.613 0.5000000000
23344  -27.987  -74.585  2.873 0.5000000000
23346  -29.255  -73.636  3.524 0.5000000000
23347  -40.730  -73.607  3.190 0.5000000000
23351  -21.864  -74.108  2.414 0.5000000000
23355  -25.351  -74.006  1.797 0.5000000000
23359  -41.130  -73.431  2.639 0.6000000238
23360  -22.271  -74.212  1.930 0.5000000000
23363  -25.068  -73.951  1.514 0.5000000000
23367  -24.047  -74.362  1.183 0.5000000000
23369  -26.190  -73.905  0.697 0.5000000000
23371  -29.029  -74.011  -0.162 0.5000000000
23374  -34.686  -74.579  0.083 0.8000000119
23375  -35.518  -74.620  0.305 0.8000000119
23379  -39.420  -74.665  1.038 0.6000000238
23381  -40.714  -73.880  1.497 0.6000000238
23382  -41.214  -73.337  1.694 0.6000000238
23383  -28.700  -74.843  -0.474 0.5000000000
24407  -29.562  -72.478  4.010 0.5000000000
24408  -39.991  -73.407  4.058 0.5000000000
24409  -40.482  -73.309  3.623 0.4000000060
24415  -41.063  -73.062  3.138 0.5000000000
24417  -42.290  -72.063  2.207 0.6000000238
24419  -28.552  -73.040  1.700 0.5000000000
24420  -29.317  -72.550  2.260 0.6000000238
24421  -41.765  -72.555  2.331 0.6000000238
24425  -29.118  -72.826  0.805 0.5000000000
24426  -35.825  -73.337  0.705 0.6999999881
24428  -36.964  -73.235  1.059 0.6000000238
24429  -41.616  -72.871  2.035 0.6000000238
24430  -42.219  -72.096  1.571 0.6000000238
24431  -26.763  -73.535  0.924 0.5000000000
24433  -28.433  -73.293  0.460 0.6000000238
24434  -29.786  -72.951  0.257 0.6000000238
24435  -30.777  -73.100  0.024 0.6000000238
24436  -31.712  -73.331  -0.127 0.6000000238
24437  -32.583  -73.554  -0.182 0.6999999881
24440  -35.227  -73.865  0.455 0.6999999881
24443  -39.726  -73.995  1.167 0.6999999881
24445  -41.206  -72.922  1.475 0.6999999881
24447  -30.365  -73.835  -0.314 0.6000000238
25455  -29.348  -72.106  4.776 0.5000000000
25469  -29.793  -71.904  3.076 0.5000000000
25472  -42.448  -71.825  2.426 0.5000000000
25473  -29.124  -72.651  1.486 0.5000000000
25475  -42.752  -71.602  2.173 0.5000000000
25476  -29.692  -72.343  1.413 0.5000000000
25480  -32.752  -72.348  0.984 0.6999999881
25484  -37.249  -72.747  1.409 0.6999999881
25489  -30.410  -72.489  0.663 0.6000000238
25492  -33.611  -72.865  0.545 0.6999999881
25493  -34.305  -72.852  0.833 0.6999999881
25494  -35.005  -73.135  0.776 0.6999999881
25497  -39.893  -72.735  1.304 0.6000000238
25498  -40.720  -72.796  1.308 0.6999999881
25500  -41.949  -72.177  1.361 0.5000000000
26484  -29.125  -71.355  5.375 0.4000000060
26485  -29.663  -71.093  4.673 0.5000000000
26487  -39.990  -71.890  4.578 0.4000000060
26491  -29.959  -70.994  4.011 0.5000000000
26494  -35.582  -71.232  4.049 0.6999999881
26495  -36.449  -71.250  3.701 0.6999999881
26496  -40.549  -71.955  4.040 0.3000000119
26502  -30.047  -71.189  3.403 0.6000000238
26503  -30.317  -71.180  3.131 0.6000000238
26506  -34.486  -71.709  3.290 0.6999999881
26513  -31.543  -71.515  2.221 0.6999999881
26518  -36.429  -71.971  2.924 0.6999999881
26520  -43.475  -71.259  1.854 0.5000000000
26521  -30.606  -71.846  1.823 0.6000000238
26522  -31.254  -71.773  1.660 0.6999999881
26523  -32.103  -71.760  1.588 0.6999999881
26524  -33.051  -71.891  1.701 0.6999999881
26527  -36.804  -72.424  1.718 0.6000000238
26530  -40.027  -71.901  1.376 0.6000000238
26534  -41.419  -71.595  0.998 0.5000000000
26536  -42.686  -71.367  1.039 0.6000000238
27515  -29.985  -70.818  4.483 0.5000000000
27524  -40.742  -70.682  4.581 0.3000000119
27527  -43.668  -70.038  3.360 0.4000000060
27528  -44.299  -69.933  2.807 0.3000000119
27536  -32.099  -71.116  3.461 0.6000000238
27537  -32.936  -71.301  3.636 0.6999999881
27543  -30.710  -71.205  2.934 0.6000000238
27544  -31.162  -71.282  2.730 0.6000000238
27545  -31.782  -71.314  2.809 0.6999999881
27547  -37.820  -71.112  2.902 0.6000000238
27549  -38.942  -70.121  2.180 0.5000000000
27550  -43.992  -70.867  2.084 0.5000000000
27551  -44.473  -70.280  2.174 0.5000000000
27553  -39.595  -70.313  1.820 0.6000000238
27555  -43.816  -70.870  1.639 0.5000000000
27557  -41.256  -70.953  0.971 0.6000000238
27559  -42.388  -70.714  0.965 0.5000000000
28596  -29.164  -68.581  8.271 0.5000000000
28613  -31.421  -68.891  6.942 0.5000000000
28625  -30.427  -70.015  5.856 0.6000000238
28641  -33.185  -69.819  5.565 0.6000000238
28643  -35.277  -69.699  5.144 0.6000000238
28654  -37.263  -69.326  4.114 0.5000000000
28656  -42.402  -69.580  4.133 0.3000000119
28665  -38.642  -69.602  2.924 0.5000000000
28666  -44.715  -69.452  2.497 0.5000000000
28669  -44.840  -69.509  2.179 0.4000000060
28670  -45.014  -68.787  2.075 0.4000000060
28673  -41.525  -69.643  1.591 0.5000000000
28675  -43.711  -69.939  1.560 0.5000000000
28676  -44.531  -69.376  1.906 0.3000000119
28678  -41.998  -70.100  1.088 0.5000000000
28679  -42.851  -70.034  1.172 0.5000000000
29798  -33.263  -68.414  6.735 0.6000000238
29800  -35.085  -67.910  5.743 0.5000000000
29820  -36.952  -68.434  4.318 0.5000000000
29823  -43.655  -68.750  3.755 0.3000000119
29825  -44.533  -67.845  3.128 0.3000000119
29831  -45.022  -68.010  2.528 0.3000000119
29833  -39.022  -68.661  2.844 0.5000000000
29836  -45.182  -68.071  2.122 0.4000000060
29837  -40.108  -69.114  2.031 0.5000000000
29840  -42.634  -68.661  1.931 0.5000000000
29841  -43.993  -68.888  1.569 0.5000000000
29842  -44.582  -68.455  1.836 0.3000000119
30880  -31.083  -67.015  8.556 0.5000000000
30891  -33.171  -66.968  7.492 0.5000000000
30905  -34.304  -67.203  6.567 0.5000000000
30906  -34.900  -67.145  6.014 0.5000000000
30932  -43.598  -67.357  4.108 0.3000000119
30940  -45.273  -67.295  2.224 0.4000000060
30943  -40.637  -67.458  2.672 0.5000000000
30945  -45.262  -67.241  2.061 0.4000000060
30946  -41.101  -68.110  2.346 0.5000000000
30947  -41.946  -67.963  2.242 0.4000000060
31948  -28.365  -66.786  8.536 0.3000000119
31949  -30.609  -66.338  8.451 0.5000000000
31961  -32.881  -66.204  7.555 0.5000000000
31987  -35.899  -66.465  5.192 0.4000000060
32000  -44.538  -66.601  3.344 0.3000000119
32005  -36.941  -65.796  3.609 0.4000000060
32012  -39.346  -66.628  3.132 0.5000000000
32014  -40.547  -66.632  2.854 0.5000000000
32016  -45.328  -66.646  2.173 0.3000000119
32018  -42.705  -66.705  2.163 0.4000000060
32019  -44.373  -66.403  1.862 0.3000000119
33062  -30.777  -65.571  7.832 0.5000000000
33063  -31.520  -65.602  7.719 0.5000000000
33079  -30.154  -65.355  7.030 0.4000000060
33104  -33.452  -65.428  6.347 0.4000000060
33118  -28.823  -65.189  5.148 0.3000000119
33120  -30.630  -65.280  4.417 0.4000000060
33121  -31.014  -65.473  4.529 0.4000000060
33125  -35.212  -65.488  4.829 0.4000000060
33134  -34.446  -65.080  4.124 0.4000000060
33139  -44.706  -65.963  3.049 0.3000000119
33147  -36.535  -65.135  3.157 0.4000000060
33150  -45.140  -66.001  2.257 0.3000000119
33153  -39.033  -65.733  3.098 0.4000000060
33156  -41.080  -65.586  2.554 0.4000000060
34225  -43.509  -64.588  4.454 0.3000000119
34231  -30.347  -64.213  4.435 0.4000000060
34242  -33.998  -64.453  3.501 0.4000000060
34244  -35.696  -64.233  3.046 0.4000000060
34247  -37.008  -64.131  2.573 0.4000000060
34249  -38.513  -64.532  2.524 0.4000000060
34250  -39.423  -64.513  2.576 0.4000000060
34254  -40.752  -63.994  1.939 0.4000000060
34255  -41.774  -64.201  1.811 0.4000000060
34256  -43.804  -64.567  1.948 0.4000000060
35280  -41.954  -63.641  5.332 0.4000000060
35288  -43.413  -63.314  4.245 0.3000000119
35289  -43.897  -63.477  3.813 0.3000000119
35292  -35.181  -63.776  3.121 0.4000000060
35295  -36.724  -63.638  2.698 0.4000000060
35297  -38.238  -63.970  2.400 0.4000000060
35299  -40.071  -63.461  2.091 0.4000000060
35304  -43.490  -63.550  1.978 0.3000000119
36384  -32.075  -62.521  8.069 0.4000000060
36405  -32.147  -62.519  7.090 0.4000000060
36418  -30.498  -62.467  6.015 0.3000000119
36441  -34.609  -62.092  3.870 0.4000000060
36447  -36.849  -62.178  3.234 0.4000000060
36452  -39.011  -63.061  2.388 0.4000000060
37546  -40.289  -61.392  5.536 0.4000000060
37547  -40.919  -61.700  5.126 0.4000000060
37550  -34.310  -61.407  4.529 0.4000000060
37553  -42.594  -61.946  4.200 0.4000000060
37554  -43.339  -62.048  3.792 0.4000000060
37564  -39.432  -61.615  2.576 0.4000000060
37568  -41.853  -61.286  1.361 0.4000000060
37569  -42.777  -61.049  1.271 0.3000000119
38570  -33.626  -61.511  7.729 0.4000000060
38587  -41.151  -61.027  4.682 0.4000000060
38588  -41.752  -60.759  4.300 0.4000000060
38589  -42.496  -60.586  3.855 0.4000000060
38597  -39.119  -60.868  2.919 0.4000000060
38604  -43.382  -60.131  1.529 0.3000000119
38605  -43.734  -60.118  1.951 0.4000000060
38606  -43.564  -59.948  1.748 0.4000000060
39635  -39.714  -59.828  5.623 0.4000000060
39639  -41.029  -60.061  4.670 0.4000000060
39642  -42.737  -59.705  3.606 0.4000000060
39649  -40.049  -59.919  2.377 0.5000000000
39655  -43.617  -59.445  1.870 0.4000000060
139487  -38.034  -74.357  0.986 0.6999999881
139869  -32.499  -70.980  4.108 0.6999999881
139958  -31.398  -67.611  8.114 0.5000000000
139999  -29.651  -79.939  0.126 0.6999999881
140044  -39.878  -74.590  3.901 0.5000000000
140345  -27.318  -81.932  1.094 0.5000000000
140372  -25.485  -81.711  1.255 0.5000000000
140479  -23.275  -81.438  1.455 0.4000000060
141687  -24.140  -74.928  0.570 0.5000000000
142355  -22.140  -78.853  2.310 0.4000000060
142359  -26.811  -82.970  -0.935 0.4000000060
142459  -23.303  -80.143  3.542 0.4000000060
142540  -35.643  -67.928  5.326 0.6000000238
142553  -34.269  -79.504  3.156 0.6000000238
142600  -42.781  -64.196  1.831 0.4000000060
142713  -38.350  -75.763  5.377 0.3000000119
142723  -37.085  -79.730  3.185 0.5000000000
142766  -37.268  -71.868  2.381 0.6999999881
143184  -29.637  -84.962  -0.157 0.3000000119
143638  -34.640  -60.877  6.669 0.4000000060
144590  -30.165  -82.523  -0.922 0.4000000060
145094  -43.066  -62.677  1.612 0.4000000060
145217  -29.898  -67.276  8.711 0.5000000000
145278  -43.493  -71.021  2.580 0.5000000000
145418  -44.092  -67.918  1.738 0.3000000119
145502  -39.846  -71.128  1.506 0.6000000238
145798  -40.056  -73.332  1.234 0.6999999881
145875  -40.516  -74.621  2.157 0.6000000238
146256  -31.935  -69.331  6.316 0.6000000238
146459  -27.705  -83.612  -1.295 0.4000000060
147047  -29.085  -76.404  -0.842 0.6999999881
147099  -41.116  -71.169  4.056 0.4000000060
147244  -43.288  -61.420  1.451 0.3000000119
147484  -42.851  -68.808  4.216 0.3000000119
147537  -32.669  -62.177  5.633 0.4000000060
148074  -43.005  -70.027  3.741 0.3000000119
148265  -40.316  -60.209  5.223 0.4000000060
148570  -43.497  -63.933  4.391 0.3000000119
148680  -42.105  -62.671  1.492 0.4000000060
148888  -38.452  -79.489  5.279 0.3000000119
149606  -38.431  -77.136  5.461 0.3000000119
150858  -39.340  -77.273  4.302 0.4000000060
150915  -43.431  -66.111  1.987 0.4000000060
150949  -22.301  -83.333  -2.400 0.4000000060
151361  -27.605  -76.946  -0.883 0.6999999881
151411  -42.103  -71.812  0.987 0.6000000238
151633  -41.136  -62.716  1.707 0.4000000060
151966  -24.870  -84.695  -0.777 0.4000000060
152076  -36.222  -64.575  2.984 0.4000000060
152158  -25.203  -85.603  0.409 0.4000000060
152805  -39.612  -76.434  3.482 0.4000000060
153071  -43.222  -68.060  4.189 0.3000000119
153468  -43.908  -66.651  4.017 0.3000000119
153781  -29.837  -66.589  8.611 0.4000000060
154208  -38.638  -76.399  1.782 0.6000000238
154369  -27.490  -83.376  -1.191 0.4000000060
154531  -22.856  -81.303  2.967 0.4000000060
155833  -38.960  -78.573  3.490 0.3000000119
155983  -43.626  -61.354  1.748 0.4000000060
156245  -45.048  -66.742  1.848 0.3000000119
156378  -39.718  -74.997  1.031 0.6000000238
157045  -38.029  -80.371  3.905 0.3000000119
157820  -28.966  -79.426  0.308 0.6000000238
158112  -40.738  -60.077  1.891 0.5000000000
158503  -38.383  -79.969  5.226 0.3000000119
158583  -30.030  -63.366  4.784 0.3000000119
158757  -23.456  -81.473  2.121 0.4000000060
158871  -38.505  -65.180  2.824 0.4000000060
159328  -34.833  -81.630  2.291 0.5000000000
159438  -31.810  -79.966  1.558 0.6999999881
160131  -39.398  -76.588  2.714 0.5000000000
160450  -35.552  -65.915  5.279 0.4000000060
160598  -32.869  -83.759  1.985 0.3000000119
160909  -35.995  -81.777  3.034 0.3000000119
160917  -43.637  -67.113  1.905 0.4000000060
160980  -21.926  -74.722  1.179 0.5000000000
162001  -27.355  -78.791  0.142 0.6000000238
162029  -27.498  -73.824  0.216 0.5000000000
162514  -32.621  -62.330  4.899 0.4000000060
162971  -44.450  -65.529  3.421 0.3000000119
162993  -34.929  -72.031  2.939 0.6999999881
163260  -44.422  -70.460  2.220 0.5000000000
163263  -22.605  -79.296  2.984 0.4000000060
163632  -36.603  -74.020  0.665 0.8000000119
164100  -33.479  -74.962  -0.227 0.8000000119
164254  -43.499  -67.781  1.847 0.4000000060
