#!ascii label  , from subject sub-v1s2x0051484_ses-1 vox2ras=TkReg
582
21133  -25.918  -76.995  6.644 0.6999999881
22220  -26.692  -75.853  6.750 0.6000000238
22221  -27.146  -75.440  6.344 0.6000000238
23308  -28.819  -74.624  4.875 0.4000000060
143531  -21.840  -77.930  12.906 0.6999999881
159066  -22.308  -77.253  13.090 0.6999999881
19927  -21.929  -78.176  12.258 0.6999999881
21019  -22.516  -76.712  12.366 0.6000000238
19946  -22.321  -78.041  11.693 0.6999999881
21034  -22.552  -77.250  11.625 0.6000000238
18888  -22.281  -78.513  11.134 0.6000000238
21055  -22.808  -76.867  10.944 0.6000000238
19974  -23.559  -77.530  9.596 0.6000000238
21056  -23.120  -76.272  10.488 0.6000000238
22156  -23.250  -75.435  10.371 0.5000000000
145866  -24.394  -76.086  9.493 0.5000000000
22157  -24.052  -75.313  9.957 0.5000000000
23274  -25.451  -74.404  8.614 0.6000000238
21092  -25.585  -76.271  8.029 0.6000000238
23275  -25.791  -74.390  7.992 0.6000000238
23280  -26.185  -74.700  7.366 0.6000000238
23289  -26.778  -74.424  6.523 0.6000000238
21007  -22.309  -76.885  13.873 0.6000000238
145320  -22.509  -75.926  12.791 0.6000000238
22129  -22.467  -75.789  11.905 0.6000000238
22142  -22.468  -75.575  11.224 0.6000000238
23251  -22.364  -74.733  10.990 0.6000000238
152836  -22.657  -76.139  10.958 0.6000000238
24342  -23.098  -73.810  10.401 0.6000000238
24343  -24.062  -73.763  10.093 0.6000000238
22175  -24.740  -75.213  9.455 0.6000000238
152711  -24.695  -73.888  9.653 0.6999999881
24358  -25.143  -73.704  9.006 0.6000000238
24365  -25.590  -73.637  8.085 0.6000000238
24383  -27.450  -74.006  5.933 0.5000000000
24395  -28.224  -73.600  5.574 0.5000000000
20992  -22.286  -76.444  14.672 0.6000000238
142127  -22.586  -75.970  13.826 0.6000000238
23227  -22.197  -74.467  12.413 0.6000000238
151922  -22.404  -75.240  12.334 0.6000000238
24316  -22.089  -73.974  11.225 0.6000000238
24340  -21.773  -73.358  10.886 0.6000000238
24354  -21.807  -72.940  10.464 0.6000000238
24341  -22.277  -73.801  10.739 0.6000000238
23252  -22.724  -74.697  10.609 0.6000000238
24355  -22.620  -73.034  10.274 0.6000000238
24356  -23.657  -72.988  10.049 0.6999999881
24366  -25.924  -74.012  7.482 0.6000000238
24374  -26.222  -73.882  6.812 0.6000000238
159308  -28.754  -74.006  5.202 0.4000000060
22098  -22.497  -75.585  14.832 0.6000000238
149131  -22.607  -75.003  14.153 0.6000000238
23208  -22.419  -74.348  13.430 0.6000000238
23226  -21.865  -73.995  11.786 0.6000000238
25384  -21.194  -72.650  10.814 0.5000000000
141503  -21.229  -72.280  10.053 0.6000000238
142361  -22.089  -72.397  9.812 0.6999999881
25427  -24.152  -71.662  7.630 0.6000000238
25399  -24.012  -72.504  9.189 0.6000000238
25417  -24.956  -72.544  8.093 0.6000000238
25418  -25.425  -72.839  7.621 0.6000000238
25429  -25.623  -72.562  6.700 0.6000000238
146359  -26.462  -72.723  5.955 0.6000000238
24382  -26.706  -73.513  6.129 0.6000000238
25453  -28.303  -72.807  5.554 0.4000000060
25441  -27.376  -72.946  5.781 0.5000000000
22080  -22.243  -75.243  15.686 0.5000000000
23186  -22.588  -74.085  14.450 0.6000000238
24272  -22.353  -73.495  13.688 0.6000000238
24271  -21.886  -72.972  13.021 0.6000000238
24292  -21.602  -73.321  12.139 0.5000000000
26396  -20.749  -71.765  11.568 0.5000000000
25370  -21.152  -72.503  11.622 0.5000000000
25383  -20.585  -71.783  10.368 0.6000000238
26443  -20.353  -71.032  8.938 0.6000000238
26426  -20.756  -71.579  9.549 0.6999999881
26445  -22.162  -71.333  8.365 0.6999999881
25415  -22.612  -71.825  9.003 0.6999999881
26472  -23.187  -70.558  6.676 0.6000000238
25416  -23.558  -71.990  8.610 0.6999999881
26461  -23.710  -71.169  7.066 0.6000000238
26473  -24.201  -70.956  6.659 0.6000000238
25428  -25.033  -72.120  7.245 0.6000000238
26463  -25.360  -71.882  6.542 0.6000000238
157935  -25.486  -71.610  6.423 0.6000000238
26475  -26.777  -71.939  5.897 0.5000000000
26476  -27.667  -71.417  5.983 0.4000000060
142968  -22.534  -73.717  15.573 0.6000000238
25346  -22.240  -72.625  13.889 0.6000000238
25361  -21.434  -72.439  12.484 0.6000000238
26397  -20.683  -71.164  11.481 0.5000000000
141091  -20.497  -71.480  10.923 0.6000000238
27409  -20.381  -70.965  10.748 0.5000000000
26411  -20.222  -71.109  10.269 0.5000000000
26425  -20.206  -71.131  9.699 0.5000000000
26457  -19.991  -70.507  8.352 0.5000000000
26458  -20.733  -70.775  8.060 0.6000000238
153563  -19.836  -69.819  7.038 0.5000000000
147125  -20.274  -70.327  7.501 0.5000000000
26459  -21.693  -70.854  7.740 0.6000000238
27495  -19.993  -69.680  6.217 0.4000000060
27472  -22.165  -70.479  6.882 0.6999999881
28634  -21.402  -69.551  5.655 0.4000000060
154049  -23.085  -70.172  6.308 0.5000000000
27483  -23.696  -70.402  6.506 0.6000000238
27499  -23.260  -69.941  6.189 0.5000000000
27484  -24.400  -70.770  6.592 0.6000000238
28638  -23.858  -69.633  6.321 0.5000000000
143836  -25.028  -71.098  6.465 0.6000000238
27475  -27.243  -70.604  7.143 0.5000000000
28622  -24.325  -70.274  6.589 0.6000000238
164116  -25.675  -70.498  7.075 0.6000000238
27485  -26.863  -71.168  6.303 0.6000000238
25330  -22.443  -72.158  14.779 0.5000000000
25345  -21.756  -72.148  13.280 0.5000000000
26383  -21.063  -71.361  12.148 0.5000000000
27410  -20.962  -70.567  11.171 0.4000000060
27443  -19.935  -70.200  9.443 0.4000000060
27442  -19.711  -70.081  9.060 0.5000000000
27458  -19.563  -70.060  8.495 0.5000000000
27441  -19.328  -69.542  8.425 0.5000000000
30914  -20.067  -68.133  5.387 0.4000000060
28620  -19.227  -69.291  5.984 0.4000000060
28633  -20.311  -69.444  5.707 0.4000000060
29808  -21.959  -69.313  5.376 0.5000000000
28635  -22.184  -69.684  5.758 0.5000000000
29809  -22.571  -68.791  5.243 0.5000000000
28636  -22.801  -69.477  5.742 0.5000000000
28637  -23.466  -69.478  6.087 0.5000000000
28594  -26.362  -69.223  8.418 0.5000000000
28609  -26.799  -69.987  7.954 0.5000000000
27473  -25.053  -70.603  6.666 0.6000000238
27474  -26.344  -70.616  7.163 0.5000000000
28577  -19.523  -69.627  8.861 0.4000000060
28576  -18.946  -69.102  8.325 0.5000000000
28592  -18.733  -69.155  7.811 0.5000000000
29793  -17.940  -68.680  6.412 0.5000000000
30915  -21.205  -68.091  5.187 0.4000000060
29810  -23.325  -68.795  5.601 0.5000000000
29772  -26.204  -68.460  8.473 0.5000000000
28595  -27.307  -69.166  8.473 0.3000000119
30917  -23.141  -68.027  5.182 0.5000000000
29796  -24.551  -68.486  6.524 0.5000000000
29784  -25.042  -68.902  7.454 0.5000000000
29770  -17.914  -68.229  7.668 0.4000000060
29794  -18.475  -68.830  5.946 0.4000000060
30899  -17.732  -67.278  6.833 0.4000000060
31971  -20.077  -66.543  6.033 0.4000000060
30901  -19.477  -67.209  5.853 0.4000000060
31981  -21.623  -67.156  5.518 0.4000000060
154877  -20.998  -66.413  6.000 0.4000000060
31982  -22.649  -67.137  5.402 0.5000000000
30877  -26.956  -67.775  8.708 0.4000000060
160711  -26.853  -68.549  8.664 0.4000000060
29811  -23.923  -68.771  6.031 0.5000000000
29771  -25.604  -68.332  8.061 0.5000000000
30918  -23.898  -67.998  5.442 0.5000000000
30919  -25.221  -67.466  6.199 0.5000000000
30903  -25.266  -67.999  7.158 0.5000000000
33094  -21.367  -65.703  6.380 0.4000000060
140812  -21.975  -66.330  5.913 0.4000000060
31946  -26.677  -67.193  8.107 0.4000000060
31983  -23.722  -67.156  5.433 0.5000000000
138470  -24.579  -67.653  5.856 0.5000000000
161399  -22.187  -65.683  6.282 0.4000000060
31958  -26.480  -66.835  7.026 0.4000000060
31959  -27.244  -66.516  7.424 0.3000000119
33113  -24.000  -66.236  5.955 0.5000000000
31984  -25.040  -66.792  5.652 0.5000000000
30920  -25.858  -66.731  5.956 0.5000000000
33075  -21.885  -65.082  6.669 0.4000000060
31986  -26.522  -66.186  5.733 0.3000000119
31974  -26.971  -66.328  6.265 0.3000000119
33096  -23.494  -65.434  6.348 0.4000000060
31985  -25.808  -66.420  5.691 0.5000000000
33097  -24.329  -65.441  6.179 0.4000000060
33114  -24.818  -66.166  5.707 0.5000000000
33115  -25.557  -66.036  5.597 0.5000000000
34209  -22.512  -64.582  6.886 0.4000000060
156650  -27.299  -65.798  5.689 0.3000000119
33117  -28.039  -65.406  5.559 0.3000000119
163031  -23.158  -64.866  6.756 0.4000000060
146930  -25.896  -65.352  5.647 0.4000000060
34210  -23.834  -64.760  6.715 0.4000000060
33098  -25.152  -65.403  5.894 0.4000000060
147650  -22.561  -63.117  7.504 0.5000000000
34219  -26.927  -64.902  5.530 0.3000000119
148330  -27.546  -65.220  5.459 0.4000000060
144998  -28.426  -64.095  5.302 0.4000000060
33118  -28.823  -65.189  5.148 0.4000000060
34202  -23.234  -64.245  7.070 0.4000000060
156656  -25.516  -64.660  6.178 0.5000000000
35269  -26.756  -64.079  5.981 0.4000000060
35268  -25.144  -63.910  6.872 0.5000000000
34211  -24.673  -64.667  6.508 0.5000000000
149800  -26.003  -63.969  6.475 0.5000000000
160331  -26.522  -63.337  6.692 0.4000000060
142872  -27.246  -63.362  6.266 0.4000000060
35270  -27.986  -63.257  5.884 0.4000000060
34221  -28.954  -64.814  4.909 0.3000000119
35257  -23.258  -63.464  7.395 0.5000000000
35258  -24.737  -63.094  7.332 0.5000000000
142791  -27.859  -62.384  7.095 0.4000000060
36403  -29.062  -62.428  7.164 0.3000000119
37525  -23.617  -61.666  7.992 0.5000000000
36402  -27.185  -62.220  7.334 0.4000000060
36414  -27.633  -62.691  6.652 0.4000000060
36415  -28.389  -62.593  6.465 0.4000000060
36416  -29.191  -62.671  6.095 0.4000000060
36417  -29.852  -62.586  5.852 0.3000000119
36398  -23.196  -62.571  7.710 0.5000000000
35259  -25.785  -63.106  7.181 0.5000000000
163886  -26.384  -62.825  7.135 0.5000000000
36399  -24.221  -62.336  7.663 0.5000000000
37528  -27.671  -62.042  7.857 0.4000000060
36380  -28.553  -62.321  8.069 0.4000000060
38565  -23.022  -60.994  8.280 0.5000000000
143624  -29.763  -62.546  6.676 0.3000000119
37527  -25.514  -61.535  7.762 0.5000000000
143552  -25.981  -61.301  7.874 0.5000000000
36401  -26.251  -62.087  7.429 0.5000000000
36400  -25.210  -62.239  7.543 0.5000000000
37514  -28.050  -61.981  8.844 0.4000000060
153814  -22.502  -60.337  8.628 0.5000000000
38557  -25.453  -60.314  8.646 0.5000000000
36381  -29.416  -62.481  8.249 0.3000000119
146927  -29.823  -62.587  7.520 0.3000000119
38554  -23.441  -60.218  8.536 0.5000000000
38556  -24.887  -60.171  8.504 0.5000000000
37526  -24.654  -61.432  7.937 0.5000000000
22192  -26.190  -75.589  7.430 0.6000000238
23307  -28.158  -74.579  5.580 0.5000000000
21073  -23.693  -76.671  9.856 0.6000000238
25430  -26.080  -73.040  6.382 0.6000000238
25414  -21.645  -71.765  9.291 0.6999999881
145342  -25.814  -71.290  6.230 0.6000000238
26460  -22.700  -70.926  7.398 0.6999999881
27482  -22.467  -70.152  6.324 0.5000000000
26474  -24.980  -71.340  6.570 0.6000000238
27457  -19.154  -69.577  7.918 0.5000000000
28619  -18.436  -69.114  6.459 0.5000000000
27481  -21.597  -70.108  6.447 0.4000000060
28623  -24.558  -69.636  6.852 0.5000000000
28608  -25.920  -69.928  7.870 0.5000000000
30902  -20.601  -67.207  5.636 0.4000000060
30916  -22.209  -68.014  5.051 0.5000000000
30900  -18.384  -67.227  6.366 0.4000000060
33116  -26.239  -65.855  5.547 0.4000000060
35275  -27.574  -64.277  5.533 0.4000000060
36427  -28.756  -63.185  5.635 0.3000000119
38566  -23.944  -60.855  8.267 0.5000000000
140067  -15.531  -76.857  7.392 0.5000000000
22216  -16.484  -74.875  6.553 0.5000000000
22204  -16.342  -75.663  6.962 0.5000000000
23327  -19.241  -74.007  3.744 0.5000000000
23325  -17.478  -73.362  4.279 0.5000000000
23288  -16.785  -74.183  5.916 0.4000000060
21108  -16.253  -76.518  7.373 0.5000000000
21128  -16.953  -75.471  6.774 0.6000000238
21109  -16.974  -76.185  7.135 0.6000000238
23306  -18.574  -74.014  4.419 0.5000000000
22231  -17.601  -74.314  5.561 0.5000000000
23340  -20.677  -73.996  2.951 0.4000000060
17915  -16.001  -79.609  9.134 0.6999999881
154734  -17.046  -78.221  8.803 0.6999999881
20007  -17.020  -77.078  7.688 0.6999999881
21130  -18.818  -75.930  6.333 0.5000000000
143051  -17.626  -76.557  7.298 0.6999999881
22250  -19.826  -74.541  4.126 0.5000000000
22233  -19.192  -74.740  4.773 0.5000000000
22219  -18.805  -75.204  5.596 0.5000000000
23341  -21.415  -74.121  2.779 0.5000000000
23328  -20.147  -74.158  3.395 0.5000000000
15785  -16.794  -81.699  10.115 0.5000000000
15799  -16.364  -81.136  9.371 0.6999999881
147755  -16.583  -79.792  10.090 0.6999999881
16872  -16.136  -80.258  9.262 0.6999999881
18901  -16.941  -78.941  9.868 0.6999999881
19988  -16.749  -77.772  8.233 0.6000000238
139431  -19.830  -76.311  6.290 0.6999999881
21111  -19.304  -76.733  6.933 0.6000000238
22251  -20.553  -74.878  4.099 0.5000000000
22235  -20.956  -75.708  4.923 0.6000000238
21147  -20.381  -75.978  5.643 0.6000000238
23329  -20.987  -74.385  3.344 0.5000000000
23343  -23.011  -74.254  2.384 0.5000000000
15786  -17.204  -81.095  10.813 0.5000000000
16861  -17.069  -79.930  10.805 0.6999999881
18931  -17.903  -78.120  8.911 0.6999999881
18919  -18.288  -78.434  9.589 0.6999999881
18903  -18.004  -78.595  10.354 0.6999999881
20009  -18.840  -77.293  7.568 0.8000000119
18932  -19.266  -78.006  8.045 0.6999999881
21131  -20.768  -76.672  6.313 0.6000000238
21112  -20.093  -76.935  6.791 0.6999999881
21158  -21.796  -75.854  4.794 0.6999999881
21148  -21.504  -76.189  5.349 0.6000000238
22267  -22.629  -74.744  3.226 0.6000000238
22253  -22.214  -75.389  4.016 0.6000000238
22269  -24.401  -75.173  2.967 0.6000000238
14772  -17.570  -82.595  11.655 0.5000000000
17868  -18.154  -80.200  12.140 0.6000000238
14783  -17.314  -82.235  10.908 0.5000000000
16849  -17.687  -80.568  11.533 0.6000000238
17903  -17.853  -78.821  10.893 0.6999999881
18920  -19.783  -79.228  9.743 0.6999999881
137725  -18.779  -78.771  10.214 0.6000000238
137260  -18.775  -78.281  8.821 0.6999999881
144270  -19.731  -78.737  8.710 0.6999999881
20010  -19.753  -77.454  7.361 0.6999999881
21159  -22.626  -76.283  4.807 0.6999999881
21174  -23.977  -75.932  3.680 0.6999999881
22254  -23.081  -75.636  3.893 0.6999999881
145180  -17.880  -82.089  12.265 0.5000000000
17869  -18.514  -79.433  12.344 0.6000000238
17890  -18.057  -78.982  11.520 0.6000000238
18884  -18.480  -78.858  11.127 0.6000000238
18953  -21.237  -78.339  7.668 0.8000000119
18933  -21.672  -78.878  8.305 0.5000000000
17917  -20.822  -79.466  9.660 0.6000000238
20011  -20.766  -77.526  7.066 0.6999999881
137190  -22.846  -77.896  7.140 0.6999999881
20059  -24.176  -77.209  5.135 0.6999999881
145803  -23.959  -77.556  5.951 0.6999999881
22270  -25.351  -75.450  2.969 0.5000000000
21175  -24.891  -76.155  3.608 0.6999999881
141531  -27.152  -75.762  3.491 0.5000000000
15750  -18.136  -81.638  12.913 0.5000000000
17855  -18.840  -79.694  13.431 0.5000000000
17870  -19.048  -79.002  12.952 0.6000000238
18862  -19.560  -78.830  12.577 0.6000000238
18861  -18.756  -78.910  12.071 0.6000000238
18886  -20.503  -78.849  12.043 0.6000000238
18905  -20.160  -79.183  11.273 0.6000000238
18887  -21.633  -78.669  11.682 0.6000000238
20013  -23.710  -77.997  7.831 0.6000000238
18935  -23.222  -78.368  8.535 0.5000000000
18906  -21.865  -79.087  10.837 0.5000000000
20033  -23.813  -77.718  6.856 0.6000000238
20014  -24.552  -77.549  7.501 0.6000000238
20050  -25.383  -77.386  5.609 0.6000000238
153795  -25.384  -77.385  6.311 0.6000000238
21164  -27.252  -76.375  4.877 0.5000000000
16816  -18.580  -80.504  13.996 0.5000000000
17856  -19.278  -79.179  13.801 0.6000000238
18863  -20.438  -78.609  12.970 0.6000000238
17919  -22.545  -78.946  9.432 0.5000000000
18907  -22.557  -78.642  10.370 0.5000000000
19993  -25.040  -77.030  8.030 0.4000000060
19992  -24.403  -77.392  8.363 0.5000000000
19975  -24.152  -77.031  9.164 0.5000000000
21134  -26.453  -76.571  6.383 0.6000000238
16804  -18.370  -80.330  14.729 0.5000000000
155866  -19.300  -79.150  14.495 0.6000000238
18850  -19.721  -78.738  14.138 0.6000000238
18852  -21.179  -78.266  13.400 0.6000000238
21091  -24.832  -76.605  8.697 0.5000000000
21074  -25.097  -75.740  8.821 0.4000000060
16784  -17.799  -80.341  15.252 0.5000000000
17826  -18.935  -79.257  15.222 0.5000000000
18839  -20.188  -78.364  14.600 0.6000000238
144062  -21.768  -77.627  13.714 0.6000000238
17824  -17.282  -79.702  15.826 0.5000000000
17825  -18.136  -79.522  15.631 0.5000000000
18820  -19.880  -78.302  15.276 0.6000000238
19898  -21.016  -77.987  14.342 0.6000000238
17805  -16.784  -79.054  16.248 0.5000000000
18818  -18.558  -78.821  15.988 0.5000000000
19873  -19.744  -77.938  15.928 0.5000000000
19875  -21.129  -77.140  15.541 0.6000000238
162987  -21.088  -77.561  14.940 0.6000000238
18798  -18.078  -78.242  16.517 0.5000000000
19859  -19.352  -77.320  16.504 0.5000000000
19857  -17.484  -77.565  16.706 0.5000000000
158170  -21.795  -76.696  15.267 0.5000000000
20951  -18.916  -76.589  16.843 0.5000000000
20953  -20.663  -76.541  16.240 0.5000000000
20949  -16.874  -77.016  16.583 0.5000000000
149166  -18.611  -75.783  16.910 0.5000000000
20952  -19.822  -76.566  16.625 0.5000000000
20972  -21.395  -76.351  15.836 0.4000000060
147113  -17.672  -75.408  16.663 0.5000000000
152565  -19.517  -75.826  16.862 0.5000000000
22053  -21.023  -75.336  16.676 0.4000000060
20954  -20.984  -75.944  16.296 0.4000000060
146221  -19.209  -75.122  16.944 0.4000000060
161694  -20.548  -74.410  16.948 0.4000000060
23148  -21.539  -73.968  16.764 0.4000000060
20015  -25.418  -77.120  7.251 0.6000000238
20036  -26.547  -76.787  5.498 0.5000000000
21178  -27.510  -76.066  4.092 0.4000000060
17906  -22.057  -79.247  10.153 0.6000000238
22054  -21.767  -74.786  16.434 0.4000000060
162544  -22.291  -73.497  16.239 0.4000000060
19990  -18.378  -77.752  8.234 0.6999999881
20012  -21.799  -77.787  7.092 0.6999999881
20048  -22.471  -76.921  5.669 0.6999999881
152550  -22.219  -77.370  6.409 0.6999999881
17928  -21.245  -79.345  8.917 0.6000000238
17904  -20.445  -79.394  10.499 0.6000000238
21161  -24.494  -76.726  4.360 0.6999999881
18954  -22.186  -78.365  7.749 0.6999999881
20032  -23.095  -77.507  6.201 0.6999999881
20051  -25.783  -77.208  5.111 0.6000000238
21177  -26.778  -76.308  3.905 0.6000000238
15707  -18.030  -80.959  14.563 0.5000000000
15727  -18.199  -81.303  13.725 0.5000000000
15751  -18.473  -80.604  12.970 0.5000000000
15771  -17.695  -81.668  11.567 0.6000000238
16831  -18.100  -81.178  12.234 0.6000000238
16860  -16.551  -80.493  10.015 0.6999999881
17847  -18.861  -79.736  14.434 0.6000000238
17889  -17.802  -79.598  11.525 0.6000000238
17891  -21.029  -79.235  11.141 0.5000000000
17901  -16.951  -79.344  10.298 0.6999999881
17902  -17.480  -79.191  10.932 0.6999999881
17905  -21.350  -79.394  10.323 0.6000000238
17916  -16.443  -79.348  9.606 0.6999999881
17918  -21.689  -79.397  9.545 0.6000000238
17927  -20.454  -79.258  9.049 0.6000000238
17929  -21.978  -79.245  8.873 0.6000000238
18799  -18.940  -78.079  16.285 0.5000000000
18817  -17.705  -78.987  16.195 0.5000000000
18819  -19.291  -78.540  15.625 0.5000000000
18838  -19.568  -78.734  14.888 0.6000000238
18851  -20.380  -78.475  13.796 0.6000000238
18864  -21.295  -78.456  12.559 0.6999999881
18885  -19.360  -78.911  11.744 0.6000000238
18902  -17.425  -78.854  10.361 0.6999999881
18904  -19.462  -79.086  10.794 0.6000000238
18916  -15.984  -78.946  8.979 0.6999999881
18917  -16.630  -78.742  9.248 0.6999999881
18918  -17.449  -78.520  9.621 0.6999999881
18921  -23.212  -78.314  9.320 0.5000000000
18934  -22.515  -78.726  8.510 0.5000000000
18952  -20.231  -78.228  7.804 0.6999999881
18955  -22.922  -78.327  7.919 0.6000000238
19858  -18.440  -77.414  16.732 0.5000000000
19860  -20.221  -77.241  16.090 0.5000000000
19874  -20.479  -77.809  15.250 0.6000000238
19899  -21.708  -77.249  14.649 0.6000000238
19914  -22.292  -77.572  12.340 0.6999999881
19958  -22.715  -77.797  10.883 0.6000000238
19959  -23.177  -77.192  10.303 0.6000000238
19973  -23.099  -78.026  10.076 0.5000000000
19989  -17.502  -77.702  8.267 0.6000000238
19991  -23.802  -77.862  8.810 0.5000000000
20008  -17.971  -77.142  7.735 0.6999999881
20031  -21.444  -77.219  6.546 0.6999999881
20034  -24.668  -77.587  6.610 0.6000000238
20035  -25.963  -77.183  5.935 0.6000000238
20049  -24.764  -77.511  5.751 0.6000000238
20060  -24.998  -77.319  4.990 0.6000000238
20950  -17.785  -76.548  16.847 0.5000000000
20973  -22.074  -76.030  15.435 0.4000000060
21008  -22.478  -76.566  13.204 0.6999999881
21057  -23.703  -75.955  10.022 0.6000000238
21110  -18.389  -76.569  7.125 0.6999999881
21113  -26.114  -76.404  7.154 0.6999999881
21129  -17.730  -75.823  6.727 0.5000000000
21132  -21.655  -76.685  5.931 0.6000000238
21135  -27.168  -76.082  5.946 0.5000000000
21146  -19.534  -75.586  5.619 0.6000000238
21149  -23.302  -77.082  5.354 0.6999999881
21160  -23.595  -76.517  4.533 0.6999999881
21162  -25.383  -76.842  4.340 0.6999999881
21163  -26.296  -76.779  4.524 0.6000000238
21176  -25.828  -76.290  3.686 0.6999999881
22051  -18.467  -75.070  16.878 0.5000000000
22052  -20.353  -75.872  16.679 0.5000000000
22079  -21.613  -75.641  16.097 0.4000000060
22116  -22.476  -75.177  13.143 0.6000000238
22155  -22.662  -75.505  10.784 0.6000000238
22176  -25.190  -75.020  8.882 0.6000000238
22191  -25.677  -75.169  8.208 0.6000000238
22203  -15.668  -75.967  7.096 0.5000000000
22205  -26.731  -75.154  6.785 0.6000000238
22217  -17.262  -74.952  6.287 0.6000000238
22218  -18.115  -75.103  6.000 0.5000000000
22232  -18.374  -74.484  5.197 0.5000000000
22234  -20.068  -75.280  4.864 0.5000000000
22236  -27.689  -75.368  5.813 0.5000000000
22237  -28.303  -75.327  5.147 0.4000000060
22252  -21.383  -75.153  4.074 0.6000000238
22255  -27.997  -75.797  4.610 0.4000000060
22256  -28.612  -75.158  4.382 0.4000000060
22266  -21.799  -74.581  3.310 0.6000000238
22268  -23.502  -74.903  3.100 0.6000000238
22271  -26.339  -75.647  3.152 0.5000000000
23149  -22.147  -73.998  16.351 0.4000000060
23237  -22.288  -74.819  11.620 0.6000000238
23253  -23.591  -74.611  10.274 0.5000000000
23268  -24.405  -74.533  9.882 0.5000000000
23269  -24.986  -74.475  9.296 0.6000000238
23290  -27.349  -74.848  6.192 0.5000000000
23304  -17.161  -73.635  5.088 0.5000000000
23305  -17.915  -73.751  4.734 0.5000000000
24253  -22.554  -73.144  14.635 0.6000000238
24293  -22.051  -73.764  12.776 0.6000000238
24315  -21.602  -73.303  11.372 0.6000000238
24357  -24.568  -73.115  9.472 0.6999999881
24364  -25.153  -72.998  8.571 0.6000000238
24373  -25.816  -73.341  7.122 0.6000000238
25369  -20.704  -72.080  11.059 0.5000000000
25398  -23.071  -72.434  9.544 0.6999999881
25400  -24.647  -72.630  8.760 0.6000000238
25440  -25.877  -72.173  6.132 0.6000000238
25442  -27.915  -72.118  5.732 0.4000000060
26424  -20.086  -70.590  9.634 0.5000000000
26442  -19.956  -70.542  9.094 0.5000000000
26444  -21.150  -71.288  8.656 0.6999999881
26446  -23.160  -71.431  8.007 0.6999999881
26462  -24.710  -71.475  6.863 0.6000000238
26477  -28.453  -71.544  5.724 0.4000000060
27426  -20.187  -70.662  10.047 0.4000000060
27469  -19.185  -69.465  6.659 0.5000000000
27470  -19.570  -70.064  7.818 0.5000000000
27471  -21.202  -70.407  7.187 0.4000000060
27480  -20.662  -70.015  6.688 0.4000000060
27486  -27.676  -70.987  6.382 0.5000000000
27496  -21.014  -69.769  6.104 0.4000000060
27497  -21.922  -69.871  6.017 0.5000000000
27498  -22.650  -69.891  6.043 0.5000000000
28593  -25.584  -69.133  8.162 0.5000000000
28606  -18.708  -69.255  7.243 0.5000000000
28607  -25.220  -69.856  7.391 0.5000000000
28621  -23.807  -70.128  6.409 0.5000000000
29773  -27.647  -68.278  8.709 0.4000000060
29783  -18.075  -68.855  7.141 0.5000000000
29795  -24.126  -69.372  6.441 0.5000000000
29806  -19.553  -68.949  5.570 0.4000000060
29807  -20.886  -69.027  5.279 0.4000000060
30876  -26.220  -67.844  8.350 0.5000000000
30888  -17.731  -67.400  7.510 0.4000000060
30889  -25.944  -67.536  7.635 0.5000000000
30904  -25.853  -67.176  6.581 0.5000000000
30913  -18.880  -68.125  5.819 0.4000000060
31972  -22.974  -66.156  5.961 0.4000000060
31973  -26.356  -66.611  6.190 0.3000000119
33095  -22.705  -65.289  6.504 0.4000000060
34212  -26.258  -64.704  5.788 0.5000000000
34220  -28.233  -64.955  5.186 0.4000000060
35256  -22.473  -63.808  7.211 0.5000000000
35267  -24.128  -63.924  7.158 0.4000000060
35276  -29.057  -63.899  5.089 0.3000000119
36413  -26.902  -62.734  6.953 0.4000000060
38555  -24.223  -60.124  8.479 0.5000000000
38567  -24.635  -60.681  8.280 0.5000000000
38568  -25.332  -60.881  8.179 0.5000000000
137151  -21.058  -76.261  5.654 0.6000000238
137984  -19.699  -78.765  13.374 0.6000000238
138000  -21.404  -71.679  12.753 0.5000000000
141283  -22.335  -74.519  15.896 0.4000000060
143924  -22.572  -74.711  15.126 0.5000000000
144168  -22.584  -76.410  11.482 0.6000000238
144180  -20.749  -78.876  8.353 0.6999999881
145026  -26.875  -65.598  5.532 0.3000000119
145456  -24.400  -72.216  8.247 0.6000000238
145856  -17.960  -68.108  6.255 0.4000000060
145943  -23.903  -63.061  7.437 0.5000000000
146324  -19.054  -78.701  9.425 0.6999999881
147323  -17.724  -68.124  6.884 0.5000000000
147440  -22.020  -76.364  5.356 0.6000000238
147566  -24.453  -66.803  5.639 0.5000000000
149554  -27.741  -75.837  5.315 0.5000000000
149821  -24.356  -67.311  5.619 0.5000000000
152156  -17.764  -82.300  12.873 0.5000000000
152190  -21.788  -68.751  5.073 0.5000000000
154648  -20.186  -74.998  16.946 0.4000000060
155044  -16.273  -79.897  9.627 0.6999999881
156202  -21.035  -74.599  16.883 0.4000000060
156303  -18.439  -79.878  15.114 0.5000000000
157717  -26.474  -65.319  5.551 0.4000000060
157751  -21.857  -73.914  12.220 0.5000000000
158167  -19.273  -69.587  7.372 0.5000000000
158510  -21.049  -71.945  12.133 0.5000000000
159054  -28.309  -62.364  7.276 0.4000000060
163214  -22.898  -78.500  9.811 0.6000000238
164620  -18.370  -68.795  7.840 0.5000000000
164974  -22.934  -78.651  8.939 0.5000000000
165360  -22.572  -72.794  15.412 0.4000000060
165529  -25.338  -66.991  5.801 0.5000000000
