#!ascii label  , from subject sub-v1s2x0051491_ses-1 vox2ras=TkReg
1135
98662  -53.896  11.989  41.734 0.0000000000
108677  -46.790  26.306  49.749 0.0000000000
104027  -45.256  19.334  50.801 0.0000000000
104132  -47.990  19.321  40.493 0.0000000000
137434  -49.239  30.144  46.295 0.0000000000
106892  -51.336  23.814  45.858 0.0000000000
107570  -48.930  24.398  39.742 0.0000000000
102702  -44.981  18.124  41.697 0.0000000000
97149  -50.778  9.350  50.608 0.0000000000
99328  -52.784  13.257  47.822 0.0000000000
109829  -39.823  27.920  51.908 0.0000000000
111514  -43.523  31.448  47.378 0.0000000000
114411  -46.772  35.861  44.967 0.0000000000
101989  -52.194  16.348  47.146 0.0000000000
106834  -48.741  24.466  51.971 0.0000000000
104076  -47.534  19.703  45.072 0.0000000000
102716  -51.890  16.712  40.762 0.0000000000
101404  -48.390  15.462  42.159 0.0000000000
100009  -44.150  13.401  46.339 0.0000000000
98750  -53.503  11.864  39.321 0.0000000000
111004  -49.032  29.422  43.825 0.0000000000
109297  -49.897  26.865  42.737 0.0000000000
109325  -48.387  26.632  41.453 0.0000000000
106933  -46.138  23.347  40.618 0.0000000000
98587  -51.344  11.251  48.023 0.0000000000
99969  -51.480  14.269  50.114 0.0000000000
141459  -41.110  31.161  53.983 0.0000000000
113198  -45.368  34.100  46.372 0.0000000000
137325  -51.376  17.418  49.801 0.0000000000
102640  -48.778  17.232  49.406 0.0000000000
109232  -46.463  27.937  52.571 0.0000000000
109247  -50.181  26.237  51.935 0.0000000000
106194  -48.944  22.811  41.934 0.0000000000
106155  -48.717  22.722  46.115 0.0000000000
104098  -47.755  19.762  42.951 0.0000000000
140083  -49.517  17.684  43.045 0.0000000000
103410  -49.688  17.446  41.352 0.0000000000
101426  -50.238  15.957  40.333 0.0000000000
102055  -47.890  16.850  40.622 0.0000000000
102017  -45.015  16.346  43.901 0.0000000000
109855  -47.842  28.457  47.534 0.0000000000
130061  -50.106  25.850  48.734 0.0000000000
108707  -50.170  26.238  46.115 0.0000000000
107545  -50.873  24.346  42.554 0.0000000000
105506  -49.192  21.841  39.057 0.0000000000
103416  -46.794  18.463  39.573 0.0000000000
105494  -46.536  21.658  39.556 0.0000000000
104791  -44.429  20.537  42.279 0.0000000000
97161  -53.632  8.416  49.073 0.0000000000
97918  -53.773  10.345  46.535 0.0000000000
99366  -53.692  12.619  46.082 0.0000000000
112575  -44.956  32.991  54.145 0.0000000000
109810  -43.777  28.888  53.130 0.0000000000
109252  -43.062  26.926  50.375 0.0000000000
109850  -44.415  28.608  48.350 0.0000000000
111508  -46.628  31.793  48.345 0.0000000000
112647  -48.214  32.483  46.524 0.0000000000
112108  -47.892  33.200  44.870 0.0000000000
113254  -47.511  35.210  43.093 0.0000000000
101954  -53.434  16.054  50.575 0.0000000000
101368  -53.436  15.591  48.018 0.0000000000
100702  -53.167  14.619  44.697 0.0000000000
106095  -45.327  22.465  50.283 0.0000000000
106857  -49.935  24.050  49.458 0.0000000000
106124  -47.921  22.982  48.292 0.0000000000
124612  -46.225  19.749  47.857 0.0000000000
101998  -48.845  16.643  45.895 0.0000000000
102029  -51.600  16.348  43.091 0.0000000000
100741  -53.550  14.231  40.424 0.0000000000
100062  -52.510  13.801  39.725 0.0000000000
100034  -50.974  13.046  42.344 0.0000000000
99377  -48.150  12.756  44.268 0.0000000000
102037  -46.435  16.662  41.988 0.0000000000
100700  -46.565  14.220  44.852 0.0000000000
99373  -44.859  12.244  45.074 0.0000000000
143855  -54.133  11.314  42.643 0.0000000000
97957  -54.333  10.694  40.403 0.0000000000
98715  -54.043  11.937  39.834 0.0000000000
143602  -48.534  29.606  43.970 0.0000000000
109897  -48.891  27.872  42.551 0.0000000000
109896  -48.409  27.605  42.484 0.0000000000
109323  -46.940  26.280  41.296 0.0000000000
103323  -46.589  18.357  49.966 0.0000000000
108666  -46.985  26.534  50.883 0.0000000000
105483  -48.224  20.938  40.655 0.0000000000
104792  -47.743  21.432  42.395 0.0000000000
104120  -47.854  19.790  41.174 0.0000000000
104121  -48.291  18.736  42.071 0.0000000000
104133  -48.272  18.605  41.290 0.0000000000
103419  -48.594  17.527  40.682 0.0000000000
103418  -47.925  18.061  40.398 0.0000000000
110417  -48.691  29.509  47.111 0.0000000000
109274  -49.163  27.390  47.054 0.0000000000
137963  -49.581  27.559  45.527 0.0000000000
108763  -50.124  25.696  41.381 0.0000000000
108162  -50.909  25.229  42.338 0.0000000000
107560  -50.386  24.539  40.635 0.0000000000
106927  -50.136  23.566  41.025 0.0000000000
106945  -49.561  23.140  39.195 0.0000000000
105504  -47.800  21.174  38.893 0.0000000000
106212  -47.651  22.604  39.133 0.0000000000
105472  -45.468  22.093  41.212 0.0000000000
98589  -52.489  12.095  47.567 0.0000000000
97910  -52.858  10.713  47.236 0.0000000000
98596  -53.192  11.644  47.121 0.0000000000
98604  -53.794  11.286  46.414 0.0000000000
99342  -53.358  12.793  47.213 0.0000000000
110379  -39.979  29.039  53.141 0.0000000000
110369  -42.413  29.542  53.900 0.0000000000
109818  -41.315  28.201  52.977 0.0000000000
109229  -42.791  27.432  52.149 0.0000000000
109250  -41.518  27.404  50.995 0.0000000000
110414  -42.245  30.225  47.778 0.0000000000
110402  -43.380  29.415  48.428 0.0000000000
110962  -44.447  30.521  48.274 0.0000000000
110405  -46.001  29.935  48.301 0.0000000000
141456  -45.256  31.650  48.225 0.0000000000
113811  -46.270  35.592  45.383 0.0000000000
113187  -47.019  34.015  46.851 0.0000000000
113814  -47.043  34.691  45.743 0.0000000000
112092  -48.196  32.574  45.667 0.0000000000
112676  -47.652  34.193  44.750 0.0000000000
112693  -47.666  34.031  44.275 0.0000000000
113847  -47.505  35.368  43.846 0.0000000000
103997  -51.063  18.898  54.920 0.0000000000
102596  -52.065  17.144  55.231 0.0000000000
102608  -52.423  17.342  53.167 0.0000000000
101333  -53.104  15.855  52.074 0.0000000000
102614  -52.598  17.350  52.236 0.0000000000
102666  -52.028  16.756  48.299 0.0000000000
102657  -52.875  16.781  48.892 0.0000000000
128823  -52.901  16.160  47.137 0.0000000000
129542  -53.215  15.340  46.164 0.0000000000
138112  -52.645  15.688  45.615 0.0000000000
133106  -47.384  24.468  53.665 0.0000000000
106832  -45.760  23.473  52.316 0.0000000000
139369  -46.615  23.534  50.980 0.0000000000
108108  -51.004  24.799  48.096 0.0000000000
107494  -50.857  24.800  49.507 0.0000000000
127984  -51.033  23.730  47.269 0.0000000000
105454  -47.419  21.356  45.694 0.0000000000
106137  -48.620  22.772  47.337 0.0000000000
105439  -47.266  21.403  46.789 0.0000000000
105428  -46.720  21.256  47.516 0.0000000000
103355  -47.055  19.360  46.670 0.0000000000
102671  -47.519  18.147  46.521 0.0000000000
103365  -48.183  18.317  44.976 0.0000000000
102697  -50.585  17.315  42.013 0.0000000000
128729  -50.822  16.900  43.101 0.0000000000
102692  -51.873  16.601  42.174 0.0000000000
132063  -52.870  15.607  41.663 0.0000000000
142869  -52.911  15.425  40.263 0.0000000000
101434  -53.133  14.394  39.436 0.0000000000
102063  -52.394  15.308  39.681 0.0000000000
101413  -49.477  15.575  41.111 0.0000000000
100731  -51.006  14.387  41.309 0.0000000000
100720  -49.897  14.150  42.656 0.0000000000
100026  -49.457  12.687  43.476 0.0000000000
100709  -48.670  14.008  43.821 0.0000000000
103407  -45.884  18.485  40.318 0.0000000000
102704  -46.397  17.325  40.997 0.0000000000
102703  -45.682  17.694  41.263 0.0000000000
101379  -44.380  15.488  45.501 0.0000000000
101385  -45.456  15.533  44.530 0.0000000000
100692  -45.315  14.165  45.576 0.0000000000
99364  -45.984  13.018  45.261 0.0000000000
99354  -44.663  13.060  45.924 0.0000000000
98610  -43.104  11.823  45.266 0.0000000000
96368  -54.364  8.729  44.968 0.0000000000
98714  -52.857  11.667  39.230 0.0000000000
110995  -49.249  29.805  44.609 0.0000000000
109867  -49.546  28.309  44.063 0.0000000000
109871  -49.377  28.204  43.375 0.0000000000
109327  -49.223  26.897  41.696 0.0000000000
108169  -48.515  25.482  40.719 0.0000000000
107559  -47.628  24.071  40.121 0.0000000000
132688  -47.797  25.440  40.738 0.0000000000
97894  -51.086  9.851  49.028 0.0000000000
98581  -50.136  11.577  48.925 0.0000000000
99320  -52.335  13.667  48.510 0.0000000000
110945  -38.368  29.633  51.457 0.0000000000
112076  -43.871  32.906  46.399 0.0000000000
114419  -45.237  36.100  43.988 0.0000000000
114957  -46.960  36.453  43.087 0.0000000000
103315  -51.544  18.194  51.621 0.0000000000
102641  -49.789  17.210  49.602 0.0000000000
101975  -50.148  16.436  48.132 0.0000000000
107486  -49.853  25.139  52.168 0.0000000000
124459  -50.596  23.628  44.221 0.0000000000
106157  -50.171  23.231  46.156 0.0000000000
106175  -48.338  22.802  43.834 0.0000000000
105462  -47.544  22.001  44.029 0.0000000000
122791  -47.654  19.859  43.699 0.0000000000
146885  -48.488  18.472  43.774 0.0000000000
104109  -48.340  18.831  42.843 0.0000000000
103399  -49.814  17.534  42.030 0.0000000000
102714  -50.409  17.045  40.800 0.0000000000
102058  -50.996  16.056  39.936 0.0000000000
102723  -50.167  16.657  40.444 0.0000000000
102052  -49.299  16.176  40.686 0.0000000000
101418  -48.115  16.356  41.066 0.0000000000
102035  -44.917  17.385  42.609 0.0000000000
104717  -43.521  21.063  51.967 0.0000000000
109263  -47.292  26.874  48.263 0.0000000000
122518  -48.943  26.222  49.015 0.0000000000
109265  -48.674  26.636  48.069 0.0000000000
108701  -50.112  25.934  47.792 0.0000000000
108123  -50.924  24.875  45.946 0.0000000000
109283  -49.900  26.838  44.316 0.0000000000
137807  -50.718  25.463  44.334 0.0000000000
137750  -51.203  23.958  43.950 0.0000000000
106918  -50.200  23.683  41.938 0.0000000000
106203  -49.373  22.229  40.117 0.0000000000
104828  -48.547  21.173  39.398 0.0000000000
104145  -47.676  19.667  39.380 0.0000000000
104838  -47.987  20.536  39.072 0.0000000000
104826  -46.695  20.197  39.200 0.0000000000
104131  -45.652  19.687  40.336 0.0000000000
106202  -46.357  22.465  40.063 0.0000000000
104813  -45.521  20.580  40.652 0.0000000000
97167  -52.390  9.238  48.505 0.0000000000
97169  -53.509  8.783  47.972 0.0000000000
97182  -54.140  9.410  46.599 0.0000000000
124347  -54.282  10.511  45.373 0.0000000000
98626  -54.154  11.344  44.997 0.0000000000
98644  -53.761  12.012  43.166 0.0000000000
111473  -46.191  31.659  54.288 0.0000000000
110928  -44.445  30.820  53.751 0.0000000000
110380  -45.981  29.697  53.427 0.0000000000
134201  -45.029  28.203  52.625 0.0000000000
109242  -45.272  27.112  51.648 0.0000000000
108676  -45.293  26.487  50.164 0.0000000000
109840  -40.512  28.108  49.850 0.0000000000
133566  -42.035  28.379  49.201 0.0000000000
109843  -43.715  27.937  48.802 0.0000000000
109261  -45.650  26.979  48.742 0.0000000000
109852  -46.363  28.183  47.912 0.0000000000
135204  -47.003  30.110  48.135 0.0000000000
110978  -48.728  31.078  47.399 0.0000000000
112064  -45.741  32.863  47.604 0.0000000000
112066  -47.737  32.760  47.399 0.0000000000
111529  -48.762  31.426  46.979 0.0000000000
111541  -48.702  31.189  45.387 0.0000000000
111553  -48.414  30.793  44.687 0.0000000000
112125  -47.381  32.629  44.165 0.0000000000
112692  -47.287  33.540  43.777 0.0000000000
114441  -47.512  36.003  42.752 0.0000000000
100655  -52.957  15.298  50.411 0.0000000000
100665  -53.082  14.954  49.471 0.0000000000
102633  -52.791  17.198  50.344 0.0000000000
101966  -53.512  15.853  49.265 0.0000000000
100004  -53.184  14.198  47.974 0.0000000000
100680  -53.509  13.954  46.904 0.0000000000
100019  -53.466  13.363  44.570 0.0000000000
100027  -53.474  13.400  43.237 0.0000000000
104726  -44.583  20.945  50.139 0.0000000000
108681  -50.307  26.099  50.526 0.0000000000
107489  -50.575  25.165  51.031 0.0000000000
106848  -49.225  24.354  50.582 0.0000000000
106138  -49.428  23.146  47.642 0.0000000000
145073  -48.693  23.343  48.525 0.0000000000
106846  -48.006  23.719  49.744 0.0000000000
106110  -46.641  22.808  49.203 0.0000000000
105409  -45.479  21.377  49.164 0.0000000000
103322  -45.765  18.898  49.415 0.0000000000
103344  -46.920  17.885  48.554 0.0000000000
102665  -48.116  16.886  47.517 0.0000000000
102000  -50.357  15.972  46.320 0.0000000000
102682  -49.346  17.307  44.245 0.0000000000
102019  -50.513  16.253  44.513 0.0000000000
102010  -51.437  15.809  44.978 0.0000000000
101395  -52.440  15.254  43.854 0.0000000000
100722  -53.357  14.541  42.176 0.0000000000
142800  -53.679  13.410  40.453 0.0000000000
100075  -53.945  13.090  39.909 0.0000000000
100072  -52.824  13.812  38.981 0.0000000000
99404  -52.313  12.331  40.569 0.0000000000
100747  -51.578  15.176  39.950 0.0000000000
100053  -51.746  13.916  40.853 0.0000000000
99398  -51.086  12.055  41.717 0.0000000000
99390  -49.980  12.271  42.868 0.0000000000
98641  -48.342  11.899  43.474 0.0000000000
102719  -46.963  17.722  40.019 0.0000000000
102049  -46.925  16.933  40.993 0.0000000000
101403  -47.611  15.756  42.344 0.0000000000
102027  -45.342  16.727  43.073 0.0000000000
101393  -46.551  15.644  43.477 0.0000000000
101394  -47.345  15.293  43.295 0.0000000000
100701  -47.347  13.839  44.646 0.0000000000
99375  -46.654  12.686  44.716 0.0000000000
98681  -54.254  11.240  41.516 0.0000000000
98682  -54.183  11.737  40.908 0.0000000000
97958  -54.236  11.420  40.172 0.0000000000
98699  -54.152  11.854  40.338 0.0000000000
137441  -48.254  28.933  43.725 0.0000000000
110454  -48.638  28.317  43.052 0.0000000000
109880  -47.978  27.923  43.117 0.0000000000
103310  -46.905  18.454  51.025 0.0000000000
104037  -45.885  18.762  50.400 0.0000000000
144450  -46.136  26.425  50.252 0.0000000000
108667  -48.192  26.526  51.152 0.0000000000
108678  -47.788  26.247  50.133 0.0000000000
104804  -47.837  20.978  41.596 0.0000000000
103408  -48.232  18.337  40.663 0.0000000000
110420  -49.059  29.595  46.704 0.0000000000
109860  -49.190  28.368  46.495 0.0000000000
110421  -49.360  29.162  46.019 0.0000000000
108183  -49.659  24.886  40.397 0.0000000000
108184  -50.183  24.853  40.559 0.0000000000
106947  -50.023  24.425  40.224 0.0000000000
106946  -49.907  23.831  39.771 0.0000000000
128968  -49.319  23.881  39.381 0.0000000000
106213  -48.551  22.711  38.899 0.0000000000
136296  -48.788  23.923  39.388 0.0000000000
97150  -51.593  8.960  50.763 0.0000000000
99327  -52.578  12.954  47.786 0.0000000000
98595  -52.804  11.856  47.401 0.0000000000
99340  -52.922  12.482  47.499 0.0000000000
99341  -53.158  12.595  47.367 0.0000000000
110378  -39.458  28.692  52.559 0.0000000000
109817  -40.342  28.359  52.802 0.0000000000
109227  -40.888  27.772  52.249 0.0000000000
109238  -41.411  27.484  51.728 0.0000000000
109249  -40.767  27.613  51.373 0.0000000000
111527  -42.615  31.501  46.759 0.0000000000
110987  -41.966  30.773  47.114 0.0000000000
110976  -42.851  30.825  47.529 0.0000000000
110961  -43.098  30.171  48.093 0.0000000000
110977  -43.694  30.763  47.967 0.0000000000
111515  -44.431  31.424  47.985 0.0000000000
113822  -46.803  35.503  45.298 0.0000000000
113813  -46.917  34.930  45.692 0.0000000000
113823  -47.000  35.302  45.233 0.0000000000
113212  -47.517  34.290  45.240 0.0000000000
113824  -47.208  35.061  45.157 0.0000000000
113224  -47.562  34.808  44.550 0.0000000000
113835  -47.267  35.517  44.465 0.0000000000
103996  -50.877  19.016  54.152 0.0000000000
103293  -51.239  18.613  53.405 0.0000000000
144321  -51.724  17.910  54.093 0.0000000000
103294  -51.826  18.037  53.470 0.0000000000
137874  -51.749  16.473  47.599 0.0000000000
140843  -52.338  16.574  47.765 0.0000000000
102002  -52.516  16.206  46.910 0.0000000000
101375  -52.965  15.804  46.347 0.0000000000
102012  -52.595  15.964  46.311 0.0000000000
107484  -48.447  24.516  52.831 0.0000000000
106829  -47.617  24.251  53.047 0.0000000000
106833  -46.865  23.806  52.466 0.0000000000
123859  -47.858  24.181  52.271 0.0000000000
107514  -51.343  23.967  46.558 0.0000000000
107504  -51.110  24.197  47.626 0.0000000000
106891  -51.053  23.584  46.358 0.0000000000
104769  -47.328  20.701  45.047 0.0000000000
105447  -47.459  21.514  46.367 0.0000000000
104763  -47.273  20.613  45.781 0.0000000000
104754  -47.129  20.703  46.442 0.0000000000
104066  -47.272  19.747  46.042 0.0000000000
103364  -47.688  18.965  45.438 0.0000000000
104077  -47.975  18.908  44.749 0.0000000000
102706  -51.268  17.085  41.371 0.0000000000
102698  -51.288  17.060  42.021 0.0000000000
102707  -51.961  16.729  41.434 0.0000000000
102045  -52.509  16.169  41.551 0.0000000000
102053  -52.520  16.170  40.819 0.0000000000
102060  -52.643  15.397  39.844 0.0000000000
102725  -52.332  16.115  40.206 0.0000000000
100729  -49.252  15.140  41.959 0.0000000000
100719  -49.009  14.576  42.937 0.0000000000
103397  -45.466  18.304  41.026 0.0000000000
100691  -44.645  14.607  45.838 0.0000000000
101380  -45.089  15.057  45.260 0.0000000000
100686  -44.739  13.761  45.970 0.0000000000
100013  -45.332  13.367  45.612 0.0000000000
99353  -43.986  12.799  46.238 0.0000000000
97193  -54.416  9.197  44.301 0.0000000000
98749  -53.010  11.023  38.893 0.0000000000
141253  -49.079  29.783  44.227 0.0000000000
110433  -49.300  29.089  43.915 0.0000000000
110445  -49.131  28.813  43.434 0.0000000000
109310  -48.690  27.267  41.921 0.0000000000
109898  -49.137  27.689  42.478 0.0000000000
109326  -48.908  26.871  41.517 0.0000000000
108762  -49.172  26.326  41.341 0.0000000000
108761  -48.706  26.168  41.155 0.0000000000
108760  -48.054  26.013  41.056 0.0000000000
108758  -46.686  25.834  41.085 0.0000000000
98580  -49.523  11.671  49.425 0.0000000000
99319  -51.864  13.376  48.560 0.0000000000
99980  -52.303  14.221  49.208 0.0000000000
110946  -38.838  30.132  52.126 0.0000000000
135388  -44.922  35.718  44.556 0.0000000000
114430  -45.097  36.220  42.922 0.0000000000
113858  -44.306  35.847  42.587 0.0000000000
103336  -48.155  17.661  49.931 0.0000000000
102629  -49.140  17.562  50.170 0.0000000000
102654  -50.489  16.889  48.977 0.0000000000
102653  -49.445  16.787  48.816 0.0000000000
109823  -46.932  28.432  52.967 0.0000000000
108660  -50.166  25.970  52.282 0.0000000000
106186  -49.215  23.310  42.725 0.0000000000
125044  -49.913  23.520  44.188 0.0000000000
106185  -48.518  22.829  42.805 0.0000000000
142426  -47.601  20.602  42.413 0.0000000000
105468  -47.794  22.153  42.977 0.0000000000
104780  -47.444  21.004  43.161 0.0000000000
104770  -47.286  20.892  44.217 0.0000000000
103382  -48.200  18.929  43.448 0.0000000000
103398  -48.996  17.966  41.825 0.0000000000
102705  -50.538  17.268  41.372 0.0000000000
102713  -49.492  17.247  40.790 0.0000000000
102721  -48.238  17.143  40.531 0.0000000000
102056  -48.763  16.562  40.683 0.0000000000
102051  -48.407  16.442  40.852 0.0000000000
102050  -47.631  16.720  40.852 0.0000000000
109268  -47.583  27.602  47.748 0.0000000000
109264  -47.989  26.965  47.990 0.0000000000
109269  -48.246  27.552  47.613 0.0000000000
140365  -49.821  26.609  46.467 0.0000000000
109271  -49.667  26.600  47.100 0.0000000000
127507  -50.184  26.045  46.956 0.0000000000
108708  -50.584  25.455  46.539 0.0000000000
108714  -50.486  25.707  45.607 0.0000000000
109287  -49.676  27.578  43.733 0.0000000000
137006  -49.672  27.629  44.351 0.0000000000
109288  -49.954  26.848  43.475 0.0000000000
108153  -51.082  24.724  42.743 0.0000000000
108142  -50.802  25.384  43.693 0.0000000000
108143  -51.116  24.702  43.516 0.0000000000
107530  -51.264  24.192  44.105 0.0000000000
107537  -51.039  24.232  43.332 0.0000000000
106912  -50.952  23.982  43.472 0.0000000000
106919  -50.612  23.983  42.765 0.0000000000
106214  -49.539  22.495  39.482 0.0000000000
106204  -49.806  23.003  40.229 0.0000000000
136059  -49.194  21.795  39.509 0.0000000000
105484  -48.782  21.426  39.999 0.0000000000
105505  -48.536  21.470  38.997 0.0000000000
104827  -46.948  21.041  38.994 0.0000000000
145096  -46.435  20.870  39.453 0.0000000000
133095  -46.629  23.753  40.406 0.0000000000
106934  -46.704  23.118  40.003 0.0000000000
104803  -45.328  21.244  41.174 0.0000000000
97901  -51.312  10.296  48.381 0.0000000000
97166  -51.725  9.493  48.766 0.0000000000
97902  -51.841  10.298  47.884 0.0000000000
97911  -53.287  10.468  46.940 0.0000000000
97175  -53.084  9.612  47.427 0.0000000000
97176  -53.645  9.431  47.135 0.0000000000
126840  -54.258  9.923  46.015 0.0000000000
98613  -53.799  11.984  46.329 0.0000000000
98612  -54.112  11.339  45.894 0.0000000000
99365  -53.927  11.993  45.579 0.0000000000
99385  -53.859  12.016  44.493 0.0000000000
113118  -45.198  33.712  54.605 0.0000000000
112550  -45.634  33.270  55.015 0.0000000000
112577  -45.804  32.736  54.637 0.0000000000
112009  -46.135  32.239  54.601 0.0000000000
112008  -45.895  32.402  54.352 0.0000000000
112003  -41.721  32.256  53.844 0.0000000000
111468  -42.455  31.856  54.344 0.0000000000
110370  -43.294  29.589  53.677 0.0000000000
110927  -43.574  30.463  53.918 0.0000000000
110371  -44.350  29.770  53.461 0.0000000000
110372  -45.313  30.378  53.544 0.0000000000
146762  -45.276  29.481  53.260 0.0000000000
109811  -44.747  28.867  52.975 0.0000000000
136623  -43.499  27.081  51.635 0.0000000000
109241  -44.293  27.058  51.588 0.0000000000
108663  -43.781  26.769  50.874 0.0000000000
108664  -44.788  26.684  50.912 0.0000000000
108675  -44.399  26.631  50.119 0.0000000000
109841  -41.431  27.989  49.755 0.0000000000
136671  -41.829  29.068  48.679 0.0000000000
132478  -43.792  28.850  48.444 0.0000000000
109849  -43.253  28.623  48.695 0.0000000000
109260  -44.744  27.559  48.678 0.0000000000
134690  -45.074  28.419  48.225 0.0000000000
109851  -45.623  27.816  48.259 0.0000000000
135221  -45.745  28.840  48.041 0.0000000000
110965  -46.633  30.907  48.420 0.0000000000
110966  -47.575  30.899  48.189 0.0000000000
110407  -47.822  30.231  47.771 0.0000000000
111510  -48.009  31.427  48.009 0.0000000000
112644  -44.807  33.442  46.580 0.0000000000
112063  -44.832  32.870  47.142 0.0000000000
112631  -45.593  33.535  47.014 0.0000000000
112634  -47.521  33.330  46.857 0.0000000000
112633  -47.372  33.457  47.079 0.0000000000
112635  -48.011  32.631  46.981 0.0000000000
112067  -48.258  32.049  47.356 0.0000000000
112068  -48.480  31.950  46.990 0.0000000000
111530  -48.864  31.191  45.952 0.0000000000
136782  -48.336  32.374  46.114 0.0000000000
112109  -48.107  32.660  45.278 0.0000000000
112127  -48.206  32.011  44.991 0.0000000000
146615  -48.104  31.543  44.712 0.0000000000
112126  -47.899  32.478  44.644 0.0000000000
113238  -47.525  34.820  43.838 0.0000000000
113237  -47.424  34.556  43.474 0.0000000000
143655  -46.689  33.331  43.254 0.0000000000
112702  -46.972  34.123  42.976 0.0000000000
114433  -47.195  36.252  43.126 0.0000000000
100641  -52.532  15.581  52.330 0.0000000000
131234  -53.348  16.157  51.485 0.0000000000
100654  -52.756  15.516  51.359 0.0000000000
101337  -53.164  15.761  51.040 0.0000000000
100664  -52.931  14.894  49.680 0.0000000000
101344  -53.183  15.277  49.918 0.0000000000
103328  -51.259  17.963  50.896 0.0000000000
103329  -52.117  17.812  50.863 0.0000000000
146868  -52.246  17.501  50.090 0.0000000000
101978  -53.092  16.485  48.355 0.0000000000
101965  -53.312  16.401  49.037 0.0000000000
101979  -53.464  16.063  48.537 0.0000000000
101361  -53.417  15.426  48.769 0.0000000000
100679  -53.350  14.905  48.168 0.0000000000
130626  -53.402  14.377  47.491 0.0000000000
136869  -53.459  15.082  47.544 0.0000000000
100694  -53.353  14.695  45.742 0.0000000000
100703  -53.297  14.031  44.014 0.0000000000
139731  -45.479  23.152  51.556 0.0000000000
105398  -44.517  21.702  50.622 0.0000000000
146095  -49.944  25.981  49.189 0.0000000000
108687  -49.736  26.108  49.648 0.0000000000
108688  -50.304  25.866  49.644 0.0000000000
106858  -50.628  24.261  49.024 0.0000000000
107492  -50.722  24.931  50.408 0.0000000000
146500  -50.340  24.641  50.423 0.0000000000
106842  -49.604  24.565  51.142 0.0000000000
129587  -49.386  24.206  49.932 0.0000000000
106156  -49.394  23.109  45.704 0.0000000000
106148  -50.037  23.106  46.960 0.0000000000
106147  -49.420  22.940  46.536 0.0000000000
106136  -47.907  22.558  47.570 0.0000000000
106125  -48.651  23.070  47.958 0.0000000000
106112  -48.415  23.492  49.046 0.0000000000
106111  -47.546  23.198  49.023 0.0000000000
106097  -47.200  23.403  49.677 0.0000000000
106123  -46.944  22.525  48.458 0.0000000000
104739  -46.260  20.661  47.948 0.0000000000
104051  -45.870  20.094  48.332 0.0000000000
135190  -45.417  19.934  48.960 0.0000000000
104044  -45.919  19.250  48.528 0.0000000000
103334  -46.379  18.418  48.971 0.0000000000
103343  -46.473  18.737  47.944 0.0000000000
102672  -48.039  17.261  46.410 0.0000000000
102664  -47.444  17.689  47.196 0.0000000000
101986  -48.811  16.435  46.870 0.0000000000
147018  -49.461  16.210  46.360 0.0000000000
101999  -49.604  16.291  45.564 0.0000000000
103383  -48.871  18.140  43.305 0.0000000000
103375  -48.871  17.909  43.874 0.0000000000
102690  -49.556  17.477  43.552 0.0000000000
102683  -50.308  16.913  43.627 0.0000000000
102020  -51.027  16.290  43.852 0.0000000000
102021  -51.718  15.787  44.234 0.0000000000
102022  -52.278  15.574  44.648 0.0000000000
102030  -52.115  15.710  43.468 0.0000000000
101415  -53.412  14.789  40.781 0.0000000000
101406  -53.233  15.062  41.724 0.0000000000
100732  -53.508  14.428  41.105 0.0000000000
100723  -53.559  13.976  41.447 0.0000000000
100733  -53.622  13.882  41.004 0.0000000000
133284  -53.785  13.115  40.032 0.0000000000
100751  -53.628  13.909  40.041 0.0000000000
100749  -52.841  14.348  39.339 0.0000000000
128990  -52.950  14.097  39.254 0.0000000000
99409  -52.855  12.781  39.592 0.0000000000
101427  -51.091  15.676  40.039 0.0000000000
101421  -50.716  15.573  40.322 0.0000000000
100721  -50.696  13.795  42.212 0.0000000000
100043  -51.397  13.438  41.723 0.0000000000
100044  -52.007  12.989  41.250 0.0000000000
99392  -51.361  12.686  41.845 0.0000000000
98661  -50.359  11.887  42.145 0.0000000000
99391  -50.692  12.484  42.357 0.0000000000
99384  -48.689  12.436  43.783 0.0000000000
99383  -48.057  12.246  43.986 0.0000000000
98640  -47.398  11.861  43.678 0.0000000000
99376  -47.470  12.468  44.307 0.0000000000
104144  -47.266  19.007  39.364 0.0000000000
103417  -47.363  18.173  39.794 0.0000000000
102043  -46.754  16.857  41.330 0.0000000000
101410  -47.151  16.391  41.748 0.0000000000
102026  -44.573  17.097  43.354 0.0000000000
101386  -46.223  15.151  44.360 0.0000000000
101392  -45.801  16.019  43.704 0.0000000000
100707  -47.009  14.772  44.181 0.0000000000
100708  -47.828  14.399  44.005 0.0000000000
99363  -45.187  12.794  45.462 0.0000000000
99374  -45.716  12.492  44.945 0.0000000000
98624  -46.099  12.063  44.318 0.0000000000
97935  -54.302  10.740  43.358 0.0000000000
122802  -54.403  10.404  42.346 0.0000000000
97235  -53.973  10.045  39.556 0.0000000000
111003  -48.735  29.724  44.045 0.0000000000
110444  -49.026  28.991  43.480 0.0000000000
110443  -48.768  29.002  43.507 0.0000000000
109309  -48.050  26.991  41.879 0.0000000000
109324  -47.665  26.426  41.361 0.0000000000
109308  -47.268  26.801  41.773 0.0000000000
103324  -47.575  18.111  50.418 0.0000000000
103335  -47.194  17.916  49.521 0.0000000000
109243  -46.459  27.193  51.848 0.0000000000
109244  -47.663  26.978  51.855 0.0000000000
108668  -49.160  26.591  51.438 0.0000000000
105474  -48.712  21.944  40.963 0.0000000000
105473  -48.187  22.098  42.062 0.0000000000
104108  -47.745  19.738  42.186 0.0000000000
103409  -48.857  17.831  41.144 0.0000000000
102720  -47.526  17.445  40.292 0.0000000000
109856  -48.459  28.453  47.316 0.0000000000
109270  -48.786  27.442  47.456 0.0000000000
109857  -48.856  28.452  47.010 0.0000000000
109275  -49.464  27.345  46.321 0.0000000000
109279  -49.768  26.912  45.770 0.0000000000
109313  -49.899  26.515  42.174 0.0000000000
108739  -50.365  25.922  42.445 0.0000000000
108751  -50.157  26.035  41.879 0.0000000000
132124  -50.609  25.445  41.798 0.0000000000
107553  -50.632  24.383  41.090 0.0000000000
106928  -50.551  24.120  41.889 0.0000000000
128123  -50.381  23.935  40.927 0.0000000000
106215  -49.792  23.212  39.758 0.0000000000
106224  -49.401  22.419  38.986 0.0000000000
106223  -48.990  22.116  38.830 0.0000000000
105495  -47.272  21.830  38.996 0.0000000000
97152  -53.087  8.538  50.310 0.0000000000
98588  -51.977  11.665  47.650 0.0000000000
97909  -52.394  11.036  47.442 0.0000000000
143144  -53.497  11.180  46.730 0.0000000000
98597  -53.527  12.024  46.872 0.0000000000
99355  -53.580  12.665  46.753 0.0000000000
140915  -44.688  33.956  54.454 0.0000000000
110924  -40.731  30.236  53.903 0.0000000000
110925  -41.453  30.549  54.189 0.0000000000
110368  -41.540  29.714  54.036 0.0000000000
109808  -41.856  28.830  53.546 0.0000000000
109809  -42.821  28.812  53.355 0.0000000000
109820  -43.277  28.132  52.739 0.0000000000
109819  -42.302  28.107  52.902 0.0000000000
109239  -42.079  27.222  51.557 0.0000000000
109251  -42.241  27.187  50.569 0.0000000000
110975  -41.386  30.220  47.483 0.0000000000
110401  -42.504  29.600  48.348 0.0000000000
143093  -43.822  30.092  48.227 0.0000000000
110403  -44.323  29.603  48.300 0.0000000000
110404  -45.106  29.326  48.212 0.0000000000
130826  -45.157  30.202  48.387 0.0000000000
110963  -45.150  30.990  48.416 0.0000000000
111507  -45.892  31.363  48.440 0.0000000000
113211  -45.973  34.913  46.041 0.0000000000
112645  -46.304  34.177  46.682 0.0000000000
113199  -46.751  34.599  46.196 0.0000000000
113200  -47.022  34.333  46.247 0.0000000000
112646  -47.722  33.318  46.365 0.0000000000
112659  -48.076  32.982  45.967 0.0000000000
112658  -47.669  33.621  45.749 0.0000000000
112677  -47.834  33.349  45.363 0.0000000000
146326  -47.704  33.274  44.392 0.0000000000
113859  -47.502  35.581  43.315 0.0000000000
104699  -49.716  19.676  55.038 0.0000000000
103987  -50.496  19.364  54.964 0.0000000000
103989  -51.236  18.667  55.701 0.0000000000
131342  -51.662  17.811  54.709 0.0000000000
136011  -53.112  16.096  52.788 0.0000000000
102615  -52.963  16.586  52.810 0.0000000000
102624  -53.084  16.710  51.838 0.0000000000
102634  -53.197  16.684  50.970 0.0000000000
102655  -51.475  17.076  49.080 0.0000000000
102643  -51.963  17.356  49.587 0.0000000000
102656  -52.296  16.981  48.908 0.0000000000
101977  -52.644  16.685  48.200 0.0000000000
101992  -53.211  16.150  47.827 0.0000000000
101376  -53.292  15.633  47.120 0.0000000000
101381  -53.083  15.179  45.266 0.0000000000
144427  -46.323  23.735  52.814 0.0000000000
106838  -46.300  23.481  51.668 0.0000000000
106088  -45.771  23.149  50.901 0.0000000000
108105  -50.689  25.385  48.483 0.0000000000
108689  -50.710  25.513  49.407 0.0000000000
107496  -50.900  24.531  48.577 0.0000000000
106869  -50.887  23.951  48.165 0.0000000000
106868  -50.313  23.750  48.593 0.0000000000
105448  -47.908  22.138  46.023 0.0000000000
106146  -48.526  22.563  46.740 0.0000000000
144339  -47.862  22.134  46.597 0.0000000000
105430  -47.810  22.143  46.969 0.0000000000
105429  -47.283  21.751  47.228 0.0000000000
105419  -47.177  22.171  47.799 0.0000000000
104745  -46.923  20.914  46.978 0.0000000000
104753  -46.897  20.081  46.768 0.0000000000
104058  -46.663  19.477  47.253 0.0000000000
136327  -47.053  18.631  47.067 0.0000000000
103356  -47.381  18.851  46.234 0.0000000000
103357  -47.812  18.173  45.773 0.0000000000
125691  -48.435  17.510  45.392 0.0000000000
103384  -49.932  17.473  42.593 0.0000000000
102691  -50.119  17.332  43.058 0.0000000000
124797  -50.643  17.210  42.558 0.0000000000
131267  -51.248  16.882  42.577 0.0000000000
102038  -52.329  16.026  42.411 0.0000000000
102046  -52.932  15.606  40.935 0.0000000000
101422  -53.246  15.111  40.513 0.0000000000
100750  -53.360  14.470  39.776 0.0000000000
101430  -53.092  14.893  39.736 0.0000000000
101429  -52.979  15.009  39.692 0.0000000000
100755  -52.548  14.741  39.561 0.0000000000
101420  -49.785  15.836  40.607 0.0000000000
100738  -50.396  15.260  40.836 0.0000000000
100730  -50.128  14.766  41.661 0.0000000000
100033  -50.334  13.063  43.005 0.0000000000
100710  -49.468  13.526  43.479 0.0000000000
100025  -48.843  13.082  44.016 0.0000000000
103415  -46.273  18.797  39.741 0.0000000000
102710  -46.406  18.070  40.016 0.0000000000
122745  -46.054  17.835  40.613 0.0000000000
102042  -46.057  17.186  41.589 0.0000000000
101384  -44.708  15.919  44.730 0.0000000000
100699  -45.804  14.620  45.041 0.0000000000
100693  -45.995  13.720  45.302 0.0000000000
98611  -43.994  11.944  45.174 0.0000000000
99362  -44.432  12.518  45.686 0.0000000000
99361  -43.642  12.285  45.879 0.0000000000
121960  -54.237  8.219  45.618 0.0000000000
110423  -49.367  29.754  45.402 0.0000000000
136748  -49.466  28.850  45.308 0.0000000000
110425  -49.439  29.011  44.616 0.0000000000
109882  -49.103  28.279  42.976 0.0000000000
109296  -49.413  27.653  42.780 0.0000000000
109312  -49.443  27.118  42.186 0.0000000000
108750  -49.628  26.380  41.690 0.0000000000
108775  -49.211  25.551  40.828 0.0000000000
108182  -49.035  24.909  40.258 0.0000000000
107569  -48.290  24.248  39.928 0.0000000000
108181  -48.378  24.859  40.313 0.0000000000
108168  -47.556  24.782  40.482 0.0000000000
107558  -46.978  24.281  40.460 0.0000000000
108759  -47.335  25.934  41.001 0.0000000000
135038  -46.722  24.962  40.815 0.0000000000
97157  -50.924  9.479  49.869 0.0000000000
97893  -50.425  10.348  49.262 0.0000000000
97900  -50.783  10.853  48.553 0.0000000000
99317  -50.542  12.805  48.977 0.0000000000
98586  -50.899  12.041  48.409 0.0000000000
99325  -51.609  12.444  48.092 0.0000000000
99326  -52.194  12.811  47.894 0.0000000000
99993  -52.613  13.872  48.474 0.0000000000
111466  -40.594  31.084  53.546 0.0000000000
110940  -39.438  29.689  52.872 0.0000000000
110386  -38.788  29.190  52.132 0.0000000000
109828  -38.994  28.482  51.886 0.0000000000
111528  -43.397  32.058  46.791 0.0000000000
139171  -44.995  34.605  45.852 0.0000000000
113210  -45.180  35.320  45.273 0.0000000000
113833  -45.756  36.000  44.798 0.0000000000
114420  -46.208  36.308  44.243 0.0000000000
114421  -46.817  36.124  44.313 0.0000000000
114432  -46.668  36.389  43.622 0.0000000000
114439  -45.886  36.500  42.588 0.0000000000
102630  -50.091  17.554  50.292 0.0000000000
102642  -50.716  17.298  49.704 0.0000000000
101976  -51.179  16.597  48.278 0.0000000000
101988  -50.820  16.222  47.390 0.0000000000
108074  -49.443  25.324  52.819 0.0000000000
107485  -49.187  24.819  52.530 0.0000000000
106168  -50.888  23.504  44.935 0.0000000000
106158  -50.779  23.409  45.782 0.0000000000
106167  -50.263  23.369  45.135 0.0000000000
106166  -49.227  23.250  44.634 0.0000000000
106165  -48.289  22.653  45.111 0.0000000000
105455  -47.496  21.691  45.059 0.0000000000
104087  -47.527  20.010  44.431 0.0000000000
104088  -47.970  19.120  44.176 0.0000000000
103390  -49.101  17.986  42.630 0.0000000000
102715  -51.183  16.944  40.759 0.0000000000
144212  -51.702  16.547  40.287 0.0000000000
102724  -51.089  16.562  40.283 0.0000000000
102057  -49.770  16.330  40.497 0.0000000000
102722  -49.157  16.852  40.606 0.0000000000
101419  -48.921  16.107  40.889 0.0000000000
101412  -48.620  15.858  41.338 0.0000000000
102695  -44.519  17.941  42.297 0.0000000000
102025  -44.144  17.760  42.952 0.0000000000
102016  -44.261  16.726  44.159 0.0000000000
101374  -44.015  15.028  46.188 0.0000000000
100685  -44.179  14.170  46.341 0.0000000000
108685  -47.491  26.317  49.103 0.0000000000
108686  -48.406  26.256  49.482 0.0000000000
108694  -48.140  26.479  48.599 0.0000000000
108695  -49.452  26.120  48.718 0.0000000000
108700  -49.364  26.469  47.811 0.0000000000
108702  -50.643  25.334  47.514 0.0000000000
108114  -51.087  24.601  46.962 0.0000000000
107515  -51.475  24.046  45.719 0.0000000000
109864  -49.585  28.123  44.898 0.0000000000
109282  -49.713  27.253  44.989 0.0000000000
108713  -50.063  26.507  45.245 0.0000000000
108729  -50.329  26.062  43.195 0.0000000000
132161  -50.327  26.103  43.929 0.0000000000
108720  -50.384  25.975  44.729 0.0000000000
108133  -50.851  25.174  45.053 0.0000000000
107524  -51.413  24.144  44.896 0.0000000000
106901  -51.397  23.836  45.231 0.0000000000
106169  -51.084  23.774  44.227 0.0000000000
106188  -50.331  23.801  42.733 0.0000000000
106187  -49.722  23.437  42.236 0.0000000000
142109  -49.569  22.997  41.114 0.0000000000
104814  -48.205  20.476  40.135 0.0000000000
132629  -47.738  18.885  39.975 0.0000000000
127201  -48.071  20.014  39.659 0.0000000000
104153  -47.332  19.845  39.106 0.0000000000
104837  -47.402  20.532  38.966 0.0000000000
104143  -46.732  19.289  39.323 0.0000000000
145359  -45.862  19.085  40.115 0.0000000000
103406  -45.463  18.988  40.768 0.0000000000
106943  -48.052  23.458  39.493 0.0000000000
106211  -46.899  22.469  39.488 0.0000000000
106201  -45.913  22.395  40.634 0.0000000000
105482  -46.117  21.830  40.171 0.0000000000
105493  -46.063  21.129  40.027 0.0000000000
97158  -51.685  9.141  49.738 0.0000000000
97159  -52.422  8.863  49.557 0.0000000000
97160  -53.075  8.636  49.331 0.0000000000
97903  -52.509  9.863  47.633 0.0000000000
97168  -52.997  8.933  48.253 0.0000000000
121963  -54.095  8.993  47.122 0.0000000000
121961  -54.350  8.308  46.369 0.0000000000
122619  -54.431  8.953  45.943 0.0000000000
97187  -54.394  9.502  45.223 0.0000000000
123861  -54.363  9.937  44.578 0.0000000000
97924  -54.120  10.717  46.113 0.0000000000
141058  -54.302  10.652  44.321 0.0000000000
98643  -54.101  11.375  43.859 0.0000000000
112006  -44.771  32.564  54.049 0.0000000000
134914  -42.799  31.075  54.336 0.0000000000
111469  -43.725  31.408  54.088 0.0000000000
111471  -45.352  31.894  53.859 0.0000000000
142698  -45.124  31.203  53.712 0.0000000000
110930  -46.245  30.855  53.966 0.0000000000
110373  -46.448  29.932  53.743 0.0000000000
109822  -45.866  28.692  52.940 0.0000000000
137806  -45.632  27.750  52.340 0.0000000000
109821  -44.213  28.186  52.643 0.0000000000
109231  -44.700  27.619  52.176 0.0000000000
108665  -45.809  26.646  50.986 0.0000000000
108684  -45.864  26.512  49.455 0.0000000000
109834  -40.029  27.833  50.784 0.0000000000
124292  -40.995  27.708  50.492 0.0000000000
109835  -41.659  27.559  50.286 0.0000000000
109255  -42.664  27.341  49.814 0.0000000000
109848  -42.669  28.862  48.752 0.0000000000
109842  -42.807  28.017  49.175 0.0000000000
109256  -43.301  27.285  49.551 0.0000000000
109257  -44.091  27.062  49.376 0.0000000000
109258  -44.956  26.746  49.353 0.0000000000
108693  -46.550  26.585  48.841 0.0000000000
109262  -46.401  27.282  48.295 0.0000000000
137605  -46.943  27.618  47.891 0.0000000000
109853  -47.112  28.401  47.703 0.0000000000
110406  -46.571  29.172  47.881 0.0000000000
110415  -47.403  29.326  47.690 0.0000000000
110416  -48.150  29.412  47.424 0.0000000000
136538  -48.497  30.368  47.420 0.0000000000
137455  -48.938  30.488  47.082 0.0000000000
111516  -45.014  32.221  47.794 0.0000000000
112055  -45.924  32.175  48.167 0.0000000000
144627  -46.583  32.308  48.169 0.0000000000
112632  -46.571  33.472  47.309 0.0000000000
112056  -47.227  32.414  48.052 0.0000000000
111517  -48.391  31.529  47.621 0.0000000000
110979  -48.931  31.066  47.070 0.0000000000
137481  -49.064  30.548  46.816 0.0000000000
110989  -49.151  30.565  45.927 0.0000000000
110992  -49.116  30.547  45.286 0.0000000000
136510  -49.123  30.367  44.887 0.0000000000
111554  -48.528  31.062  44.998 0.0000000000
130564  -48.822  30.159  44.408 0.0000000000
111002  -47.974  30.574  44.396 0.0000000000
145894  -47.148  36.077  43.712 0.0000000000
114423  -47.337  35.854  43.691 0.0000000000
99963  -51.842  14.850  50.836 0.0000000000
100660  -52.475  15.110  50.681 0.0000000000
99970  -52.169  14.566  50.016 0.0000000000
99971  -52.662  14.779  49.870 0.0000000000
99981  -52.615  14.407  49.144 0.0000000000
99982  -52.828  14.533  49.060 0.0000000000
103316  -52.181  17.914  51.794 0.0000000000
102623  -52.706  17.354  51.313 0.0000000000
147407  -53.239  16.579  50.244 0.0000000000
102644  -52.566  17.127  49.540 0.0000000000
102645  -53.078  16.755  49.598 0.0000000000
101960  -53.383  15.695  49.918 0.0000000000
101350  -53.301  15.319  49.435 0.0000000000
127399  -53.127  14.770  48.842 0.0000000000
99994  -52.944  14.089  48.349 0.0000000000
99329  -53.067  13.378  47.693 0.0000000000
100005  -53.371  13.472  47.277 0.0000000000
100010  -53.566  13.297  46.546 0.0000000000
100687  -53.483  14.753  46.763 0.0000000000
100688  -53.556  14.006  46.188 0.0000000000
100014  -53.568  13.312  45.685 0.0000000000
99386  -53.577  12.692  43.867 0.0000000000
99393  -53.616  12.716  42.478 0.0000000000
144350  -43.665  21.769  51.811 0.0000000000
104725  -44.208  20.726  50.745 0.0000000000
104035  -44.669  20.109  50.301 0.0000000000
125422  -49.155  26.238  49.830 0.0000000000
108669  -50.010  26.406  51.359 0.0000000000
139849  -50.621  25.714  50.225 0.0000000000
108671  -50.665  25.669  50.724 0.0000000000
140734  -50.414  25.928  51.791 0.0000000000
107488  -50.308  25.166  51.568 0.0000000000
106835  -49.435  24.697  51.829 0.0000000000
147017  -48.746  24.397  51.370 0.0000000000
106149  -50.599  23.339  46.484 0.0000000000
106139  -50.139  23.296  47.525 0.0000000000
106127  -49.896  23.418  48.149 0.0000000000
141385  -49.271  22.886  47.084 0.0000000000
106126  -49.228  23.381  48.372 0.0000000000
106867  -49.644  23.636  48.853 0.0000000000
106855  -48.827  24.030  49.856 0.0000000000
106847  -48.770  24.327  50.824 0.0000000000
106840  -48.177  24.238  51.319 0.0000000000
106845  -47.424  23.806  50.544 0.0000000000
106096  -46.344  23.178  50.094 0.0000000000
105418  -46.472  21.610  48.128 0.0000000000
105410  -46.109  22.005  48.742 0.0000000000
106109  -45.756  22.314  49.482 0.0000000000
105399  -45.059  21.573  49.835 0.0000000000
104731  -45.010  20.584  49.545 0.0000000000
104036  -45.211  19.507  49.869 0.0000000000
102639  -47.776  17.429  49.061 0.0000000000
102650  -46.983  18.038  47.735 0.0000000000
102651  -47.495  17.367  48.109 0.0000000000
102652  -48.401  16.924  48.527 0.0000000000
101974  -49.087  16.483  47.883 0.0000000000
101987  -49.772  16.175  47.179 0.0000000000
125860  -51.443  16.120  46.737 0.0000000000
103374  -48.379  18.415  44.286 0.0000000000
102681  -48.711  17.743  44.558 0.0000000000
102007  -49.108  16.975  45.008 0.0000000000
102018  -49.916  16.940  44.078 0.0000000000
102008  -49.777  16.578  44.726 0.0000000000
102009  -50.245  16.035  45.298 0.0000000000
122937  -51.056  15.860  45.670 0.0000000000
102001  -52.017  16.015  46.207 0.0000000000
102011  -52.184  15.791  45.395 0.0000000000
101387  -52.706  15.404  44.944 0.0000000000
101388  -52.792  14.950  44.262 0.0000000000
101405  -52.649  15.443  42.648 0.0000000000
101396  -52.905  14.959  43.006 0.0000000000
100711  -53.115  14.542  43.492 0.0000000000
100712  -53.433  14.034  42.678 0.0000000000
100035  -53.571  13.416  41.892 0.0000000000
99400  -53.737  12.785  41.289 0.0000000000
99406  -53.965  12.433  40.086 0.0000000000
147053  -54.235  12.806  39.954 0.0000000000
99421  -53.996  12.783  39.530 0.0000000000
100757  -53.493  14.017  39.743 0.0000000000
100073  -52.960  13.894  39.075 0.0000000000
99419  -52.841  13.044  39.246 0.0000000000
98698  -52.594  12.052  39.685 0.0000000000
146418  -51.935  15.537  39.681 0.0000000000
101428  -51.867  15.290  39.710 0.0000000000
100748  -52.093  14.622  39.785 0.0000000000
100739  -51.300  14.866  40.495 0.0000000000
100740  -51.979  14.295  40.195 0.0000000000
100054  -52.361  13.398  40.324 0.0000000000
99399  -51.733  12.294  41.337 0.0000000000
98680  -51.513  11.600  40.899 0.0000000000
98679  -50.688  11.642  41.419 0.0000000000
98642  -49.174  12.050  43.239 0.0000000000
102711  -46.668  17.469  40.469 0.0000000000
102712  -47.229  17.155  40.520 0.0000000000
102044  -47.413  16.607  41.176 0.0000000000
101411  -47.868  16.145  41.550 0.0000000000
102696  -45.294  17.569  41.923 0.0000000000
102028  -46.112  16.389  42.811 0.0000000000
101402  -46.857  16.065  42.561 0.0000000000
100718  -48.138  14.919  43.098 0.0000000000
100018  -48.116  13.470  44.371 0.0000000000
133482  -47.474  13.037  44.680 0.0000000000
100017  -46.715  13.357  44.992 0.0000000000
97220  -54.258  9.989  40.118 0.0000000000
97947  -54.284  11.301  40.671 0.0000000000
98730  -52.789  11.925  39.151 0.0000000000
98731  -53.083  12.439  39.120 0.0000000000
99378  -53.670  12.655  45.121 0.0000000000
99405  -52.695  12.916  39.782 0.0000000000
99410  -54.003  12.340  39.933 0.0000000000
99420  -53.559  12.900  39.521 0.0000000000
99428  -53.949  12.431  39.574 0.0000000000
100045  -53.664  13.339  41.093 0.0000000000
100055  -53.780  12.882  40.528 0.0000000000
100063  -53.704  13.471  39.877 0.0000000000
100064  -53.924  13.246  40.043 0.0000000000
100074  -53.486  13.380  39.556 0.0000000000
100695  -53.384  14.023  45.196 0.0000000000
100742  -53.669  13.684  40.175 0.0000000000
100756  -53.037  14.504  39.427 0.0000000000
101324  -52.824  15.887  53.158 0.0000000000
101338  -53.230  15.613  50.369 0.0000000000
101414  -53.205  15.259  41.066 0.0000000000
101423  -53.431  14.591  40.210 0.0000000000
101433  -52.557  15.033  39.599 0.0000000000
101947  -53.234  16.212  52.218 0.0000000000
101959  -53.428  16.214  49.772 0.0000000000
101990  -52.625  16.431  47.525 0.0000000000
101991  -52.897  16.440  47.812 0.0000000000
102059  -51.901  16.048  39.775 0.0000000000
102631  -50.942  17.629  50.324 0.0000000000
102632  -51.669  17.652  50.254 0.0000000000
103288  -51.370  18.395  54.211 0.0000000000
103326  -49.504  17.926  50.832 0.0000000000
103998  -51.356  18.337  55.020 0.0000000000
104142  -46.185  19.549  39.680 0.0000000000
104738  -45.803  20.925  48.564 0.0000000000
104744  -46.576  20.352  47.366 0.0000000000
105387  -43.899  21.346  51.273 0.0000000000
105481  -45.737  21.535  40.630 0.0000000000
106113  -49.062  23.618  49.015 0.0000000000
106176  -49.157  23.357  43.561 0.0000000000
106177  -49.993  23.672  43.289 0.0000000000
106178  -50.715  23.836  43.470 0.0000000000
106222  -48.193  21.950  38.896 0.0000000000
106828  -46.770  24.039  53.178 0.0000000000
106839  -47.231  23.822  51.601 0.0000000000
106841  -49.097  24.462  51.300 0.0000000000
106849  -49.827  24.423  50.369 0.0000000000
106850  -50.426  24.515  49.872 0.0000000000
106856  -49.364  23.894  49.433 0.0000000000
106879  -50.542  23.557  47.795 0.0000000000
106880  -50.633  23.390  47.065 0.0000000000
106900  -51.163  23.620  45.505 0.0000000000
106905  -51.231  23.711  44.893 0.0000000000
106906  -51.356  23.883  44.546 0.0000000000
106920  -50.785  24.132  42.846 0.0000000000
106935  -47.188  23.616  40.015 0.0000000000
106936  -50.061  23.613  40.324 0.0000000000
106937  -50.312  24.092  40.440 0.0000000000
106942  -47.252  23.050  39.584 0.0000000000
106944  -48.986  23.383  38.987 0.0000000000
106956  -49.188  22.732  38.877 0.0000000000
107476  -48.866  24.971  53.213 0.0000000000
107491  -50.238  24.777  50.992 0.0000000000
107571  -49.487  24.370  39.902 0.0000000000
108065  -49.898  25.651  52.508 0.0000000000
108083  -50.278  25.592  51.983 0.0000000000
108084  -50.535  25.583  51.312 0.0000000000
108092  -50.708  25.340  50.719 0.0000000000
108098  -50.854  25.285  50.041 0.0000000000
108115  -51.320  24.261  46.114 0.0000000000
108124  -51.286  24.456  45.358 0.0000000000
108134  -51.152  24.730  44.399 0.0000000000
108152  -50.870  25.330  42.966 0.0000000000
108163  -50.957  24.742  41.865 0.0000000000
108170  -49.965  25.355  40.809 0.0000000000
108171  -50.587  25.043  41.059 0.0000000000
108670  -50.495  26.030  51.234 0.0000000000
108674  -43.686  26.785  50.056 0.0000000000
109228  -41.795  27.660  52.313 0.0000000000
109230  -43.789  27.542  52.171 0.0000000000
109233  -47.303  27.694  52.490 0.0000000000
109240  -42.885  26.961  51.255 0.0000000000
109311  -49.053  27.360  41.996 0.0000000000
109861  -49.443  28.224  45.756 0.0000000000
109881  -48.917  28.481  43.095 0.0000000000
110367  -40.794  29.068  53.553 0.0000000000
110385  -38.506  28.859  51.352 0.0000000000
110926  -42.842  30.183  54.091 0.0000000000
110929  -45.747  31.135  53.766 0.0000000000
110941  -40.068  30.499  53.308 0.0000000000
110964  -45.777  30.682  48.462 0.0000000000
110967  -48.279  30.985  47.838 0.0000000000
110988  -48.963  30.982  46.628 0.0000000000
111470  -44.565  31.730  53.907 0.0000000000
111472  -45.898  31.862  53.998 0.0000000000
111509  -47.397  31.587  48.229 0.0000000000
111518  -48.648  31.492  47.229 0.0000000000
111988  -46.290  32.109  54.875 0.0000000000
112007  -45.281  32.558  54.098 0.0000000000
112057  -47.965  32.005  47.830 0.0000000000
112062  -44.163  32.151  47.253 0.0000000000
112065  -46.554  32.796  47.922 0.0000000000
112077  -48.618  31.772  46.513 0.0000000000
112093  -48.506  31.891  45.858 0.0000000000
112110  -48.334  31.951  45.395 0.0000000000
112539  -45.578  33.215  55.167 0.0000000000
112559  -45.520  33.363  54.775 0.0000000000
112560  -46.186  32.725  54.790 0.0000000000
112574  -44.816  33.262  54.260 0.0000000000
112576  -45.523  32.998  54.500 0.0000000000
113098  -45.382  33.922  55.085 0.0000000000
113107  -45.221  34.172  54.832 0.0000000000
113188  -47.221  33.828  46.699 0.0000000000
113201  -47.188  33.973  46.353 0.0000000000
113812  -46.642  35.143  45.712 0.0000000000
113834  -46.998  35.644  44.957 0.0000000000
114410  -46.554  36.003  44.910 0.0000000000
114422  -47.101  35.871  44.270 0.0000000000
114431  -45.856  36.444  43.418 0.0000000000
114440  -47.292  36.278  42.265 0.0000000000
114956  -46.581  36.539  42.950 0.0000000000
121962  -54.335  8.721  46.739 0.0000000000
121964  -54.227  8.541  47.363 0.0000000000
123779  -53.989  12.832  39.894 0.0000000000
125125  -47.014  36.211  43.690 0.0000000000
127580  -50.998  25.052  49.067 0.0000000000
127831  -41.830  31.303  54.297 0.0000000000
128563  -47.301  34.204  45.787 0.0000000000
130502  -53.146  15.189  39.992 0.0000000000
133235  -54.127  11.952  40.081 0.0000000000
134273  -53.080  14.035  38.977 0.0000000000
134309  -42.123  27.693  49.734 0.0000000000
134759  -53.981  12.259  40.724 0.0000000000
135974  -47.187  33.143  47.567 0.0000000000
136514  -46.502  30.011  53.860 0.0000000000
137214  -42.128  30.378  54.270 0.0000000000
140678  -49.935  24.830  51.610 0.0000000000
141378  -40.159  29.673  53.436 0.0000000000
141463  -46.022  30.429  53.681 0.0000000000
141641  -48.294  24.123  50.458 0.0000000000
141699  -47.088  25.452  40.863 0.0000000000
141797  -49.588  25.848  41.209 0.0000000000
144070  -49.658  27.472  43.169 0.0000000000
146358  -52.935  15.543  45.694 0.0000000000
146782  -50.590  25.905  50.712 0.0000000000
146909  -45.451  34.223  55.095 0.0000000000
147076  -46.506  25.460  41.027 0.0000000000
147460  -45.405  20.705  49.043 0.0000000000
147502  -47.130  33.534  47.213 0.0000000000
147792  -41.403  31.685  53.895 0.0000000000
147799  -45.154  36.180  43.417 0.0000000000
