#!ascii label  , from subject sub-v1s2x0051491_ses-1 vox2ras=TkReg
879
15434  -34.759  -77.231  9.211 0.5000000000
16347  -33.218  -75.998  9.168 0.8000000119
139059  -31.941  -73.838  9.075 0.8000000119
17324  -32.127  -75.617  9.460 0.8000000119
17325  -32.905  -75.423  9.169 0.8000000119
14637  -34.965  -77.966  9.458 0.5000000000
15433  -33.971  -76.937  9.304 0.5000000000
16348  -33.868  -76.174  9.093 0.6000000238
135301  -31.171  -72.749  9.213 0.6999999881
18316  -33.243  -74.604  8.667 0.8000000119
17330  -34.055  -75.018  8.363 0.6999999881
14638  -35.834  -78.078  9.525 0.6000000238
15435  -35.540  -77.455  9.147 0.5000000000
16350  -35.318  -76.755  8.858 0.6000000238
22418  -29.744  -71.111  9.542 0.6999999881
16349  -34.588  -76.436  8.957 0.6000000238
17332  -35.575  -75.630  7.992 0.6000000238
21326  -30.490  -71.675  9.518 0.6999999881
20318  -30.359  -72.367  9.492 0.6999999881
19326  -32.399  -73.255  8.506 0.6999999881
17331  -34.794  -75.343  8.129 0.6000000238
18320  -35.405  -74.813  7.827 0.6000000238
136873  -33.024  -73.743  8.170 0.8000000119
18318  -33.773  -74.182  8.085 0.8000000119
18319  -34.574  -74.514  7.926 0.6999999881
141724  -36.670  -77.891  9.712 0.4000000060
141901  -35.928  -76.997  8.877 0.6000000238
146300  -29.670  -70.663  9.895 0.6999999881
134575  -36.204  -75.125  7.835 0.6000000238
22408  -30.960  -70.869  10.091 0.6999999881
21327  -31.786  -71.943  9.085 0.6999999881
20319  -31.927  -72.557  8.842 0.6999999881
146805  -32.579  -72.631  8.355 0.6999999881
20325  -32.965  -72.980  7.929 0.6000000238
19329  -34.969  -73.113  7.598 0.6999999881
132007  -35.506  -71.282  7.654 0.5000000000
21328  -32.858  -71.666  8.532 0.6000000238
20321  -33.064  -72.188  8.060 0.6000000238
21340  -33.909  -71.906  7.829 0.6000000238
146321  -34.827  -71.041  7.803 0.6000000238
138956  -34.193  -71.209  8.023 0.6000000238
22423  -34.479  -70.529  8.005 0.5000000000
15438  -37.303  -76.793  9.361 0.4000000060
16352  -37.175  -76.388  8.814 0.5000000000
23446  -29.908  -69.747  10.676 0.6999999881
143649  -37.092  -75.883  8.317 0.6000000238
18322  -37.607  -74.316  7.893 0.6000000238
22420  -31.620  -71.410  9.501 0.6999999881
141963  -37.080  -73.072  7.549 0.6000000238
22409  -32.431  -70.953  9.366 0.6999999881
20329  -36.690  -72.413  7.503 0.5000000000
21342  -36.436  -71.583  7.517 0.6000000238
22421  -33.019  -70.936  8.836 0.6999999881
21329  -33.461  -71.419  8.278 0.6000000238
22433  -35.304  -70.507  7.713 0.5000000000
22434  -36.375  -70.660  7.492 0.5000000000
131208  -34.033  -69.917  8.394 0.5000000000
25569  -28.434  -67.470  10.462 0.6000000238
125257  -28.889  -66.865  10.983 0.6000000238
16346  -37.651  -76.015  9.793 0.5000000000
17322  -37.666  -75.217  9.293 0.5000000000
24492  -29.286  -68.602  10.767 0.6999999881
24505  -28.865  -68.955  10.196 0.6999999881
17328  -37.537  -75.339  8.605 0.5000000000
18323  -37.951  -74.075  8.181 0.5000000000
20322  -38.430  -72.941  8.227 0.4000000060
138288  -30.444  -70.253  10.473 0.6999999881
19333  -38.222  -73.392  7.982 0.5000000000
23460  -31.434  -70.074  10.496 0.6999999881
20331  -38.372  -72.673  7.909 0.5000000000
147057  -32.040  -70.576  9.959 0.6999999881
23470  -32.857  -70.118  9.423 0.6000000238
127795  -37.334  -71.763  7.511 0.5000000000
136983  -33.407  -70.189  8.801 0.6000000238
22435  -37.384  -70.473  7.460 0.5000000000
23471  -33.417  -69.330  8.819 0.5000000000
24516  -33.658  -68.524  8.589 0.5000000000
23472  -34.278  -69.002  8.201 0.5000000000
132568  -36.126  -68.910  7.352 0.5000000000
135683  -35.264  -68.996  7.637 0.5000000000
25600  -36.378  -67.539  7.402 0.3000000119
131139  -38.316  -73.083  9.514 0.3000000119
130374  -28.066  -66.745  10.478 0.6000000238
19318  -37.958  -73.879  9.024 0.4000000060
20307  -38.755  -72.481  9.122 0.4000000060
25571  -29.910  -68.253  11.533 0.6000000238
21331  -38.677  -72.050  8.344 0.5000000000
24493  -30.730  -68.525  11.438 0.6999999881
23447  -30.857  -69.451  10.975 0.6999999881
21344  -38.205  -71.159  7.897 0.5000000000
23461  -32.346  -69.542  10.088 0.5000000000
22436  -38.057  -70.482  7.810 0.5000000000
23462  -32.911  -69.211  9.418 0.5000000000
132462  -37.408  -68.880  7.479 0.4000000060
23484  -36.851  -69.220  7.280 0.3000000119
25601  -37.213  -67.506  7.633 0.4000000060
24529  -34.808  -68.225  7.818 0.5000000000
24530  -35.778  -68.248  7.401 0.4000000060
27722  -27.540  -66.074  10.590 0.6000000238
26666  -28.518  -65.973  10.876 0.6000000238
26667  -29.528  -66.102  11.812 0.6000000238
26654  -30.385  -66.570  12.248 0.6000000238
124515  -38.888  -70.846  9.085 0.3000000119
22438  -38.574  -71.495  8.378 0.4000000060
25558  -30.683  -67.590  11.923 0.6000000238
126465  -38.587  -70.054  8.622 0.3000000119
24481  -31.283  -67.978  11.537 0.6000000238
23448  -31.730  -69.305  10.644 0.6999999881
24518  -38.310  -68.400  8.746 0.3000000119
22437  -38.430  -70.693  8.285 0.3000000119
24494  -31.642  -68.563  11.001 0.6000000238
26680  -37.802  -67.089  8.897 0.3000000119
24533  -38.012  -68.360  8.166 0.3000000119
26669  -32.347  -66.804  10.330 0.5000000000
25573  -32.471  -67.837  10.208 0.5000000000
24506  -32.733  -68.589  9.733 0.5000000000
26689  -37.269  -66.485  8.833 0.3000000119
25602  -37.683  -67.770  8.038 0.3000000119
24507  -33.150  -68.489  9.022 0.5000000000
25590  -33.556  -67.731  8.682 0.5000000000
129674  -37.090  -66.841  7.914 0.3000000119
25589  -33.328  -66.972  9.109 0.5000000000
136997  -35.797  -66.049  7.938 0.4000000060
26696  -36.063  -66.814  7.668 0.3000000119
28820  -27.332  -64.674  11.185 0.5000000000
129172  -28.187  -64.524  11.543 0.6000000238
27724  -28.835  -65.178  11.531 0.5000000000
27713  -30.824  -65.762  12.312 0.5000000000
26679  -37.440  -66.498  9.363 0.3000000119
25559  -31.366  -67.339  11.653 0.6000000238
28825  -36.821  -64.637  9.767 0.3000000119
25572  -31.867  -67.538  11.009 0.6000000238
126634  -32.855  -66.904  9.629 0.5000000000
27742  -33.506  -65.534  9.362 0.5000000000
137438  -34.917  -65.873  8.249 0.4000000060
27744  -34.903  -65.208  8.477 0.4000000060
28821  -29.028  -64.396  12.160 0.5000000000
28807  -29.843  -64.263  12.657 0.5000000000
28822  -29.654  -65.100  12.289 0.5000000000
28810  -36.024  -64.558  11.057 0.3000000119
28824  -36.639  -64.602  10.326 0.3000000119
27714  -31.592  -65.668  11.453 0.6000000238
26668  -31.758  -66.657  11.165 0.6000000238
26677  -32.232  -65.939  10.450 0.5000000000
26686  -33.164  -66.218  9.420 0.5000000000
28848  -35.983  -64.736  8.404 0.4000000060
28847  -35.199  -63.959  8.820 0.4000000060
146511  -28.609  -63.370  12.809 0.5000000000
29898  -29.239  -63.695  12.726 0.5000000000
29899  -30.142  -63.505  12.961 0.5000000000
144596  -35.313  -64.458  11.788 0.4000000060
139791  -35.528  -63.188  11.539 0.4000000060
130017  -30.667  -64.076  12.561 0.5000000000
28809  -31.181  -64.803  12.126 0.5000000000
133906  -36.090  -63.076  10.981 0.4000000060
29915  -36.777  -62.976  10.275 0.3000000119
29901  -31.502  -63.763  11.870 0.4000000060
29916  -37.036  -62.912  9.660 0.3000000119
28823  -31.850  -64.611  11.109 0.5000000000
27725  -32.216  -65.205  10.543 0.4000000060
27733  -32.745  -65.362  9.993 0.4000000060
28842  -34.493  -64.005  9.163 0.4000000060
30931  -28.384  -62.780  13.119 0.5000000000
30932  -29.477  -62.966  13.262 0.5000000000
141168  -30.174  -62.282  13.261 0.5000000000
29887  -35.142  -63.640  11.934 0.4000000060
29900  -30.928  -63.355  12.623 0.5000000000
29885  -30.598  -62.795  12.960 0.4000000060
30935  -35.645  -62.517  11.454 0.4000000060
30936  -36.413  -62.136  10.785 0.4000000060
132254  -31.356  -62.827  12.204 0.4000000060
133613  -31.972  -63.029  11.289 0.4000000060
31937  -36.897  -61.397  10.403 0.4000000060
29914  -32.250  -63.817  10.777 0.4000000060
134724  -32.820  -63.827  10.198 0.4000000060
28839  -33.121  -64.170  9.919 0.4000000060
135781  -33.504  -64.095  9.664 0.4000000060
140018  -34.832  -62.447  9.117 0.4000000060
30960  -35.753  -61.569  8.366 0.4000000060
30965  -35.400  -62.432  8.723 0.4000000060
31925  -28.138  -61.932  13.326 0.5000000000
30917  -29.246  -62.099  13.434 0.4000000060
30919  -34.497  -62.627  12.571 0.4000000060
135214  -35.048  -61.986  12.004 0.4000000060
30918  -30.180  -61.526  13.195 0.5000000000
141275  -35.804  -60.239  11.215 0.4000000060
30944  -32.268  -62.413  10.853 0.4000000060
30951  -32.852  -62.583  10.325 0.4000000060
30967  -36.562  -61.636  8.567 0.3000000119
131254  -34.233  -62.764  9.365 0.4000000060
31913  -29.040  -61.058  13.372 0.4000000060
31914  -30.153  -60.623  13.081 0.4000000060
31915  -34.820  -61.220  12.243 0.4000000060
31926  -30.849  -61.126  12.454 0.4000000060
30933  -30.983  -62.017  12.571 0.4000000060
32921  -31.350  -60.818  11.654 0.4000000060
30934  -31.666  -62.213  11.641 0.4000000060
31936  -31.954  -61.511  11.156 0.4000000060
134418  -32.551  -61.908  10.579 0.4000000060
30957  -33.304  -62.665  10.004 0.4000000060
135108  -33.521  -61.746  9.783 0.4000000060
32948  -35.553  -60.712  8.011 0.4000000060
31955  -34.435  -61.317  9.006 0.4000000060
31956  -35.075  -61.176  8.464 0.4000000060
140188  -29.379  -60.000  13.282 0.4000000060
144763  -30.085  -59.900  12.805 0.4000000060
33891  -30.347  -59.515  12.293 0.4000000060
141523  -30.797  -59.432  11.655 0.4000000060
32931  -31.914  -60.566  11.009 0.4000000060
32940  -32.483  -60.293  10.452 0.4000000060
32954  -36.415  -60.858  8.117 0.4000000060
32945  -33.491  -60.690  9.555 0.4000000060
32941  -33.030  -59.982  9.888 0.4000000060
145432  -33.837  -61.266  9.363 0.4000000060
32946  -33.935  -60.559  8.990 0.4000000060
33881  -29.693  -59.184  12.770 0.4000000060
34886  -30.332  -58.888  12.031 0.4000000060
143591  -31.305  -59.258  11.048 0.4000000060
32930  -31.299  -59.995  11.348 0.4000000060
34905  -31.362  -58.541  10.769 0.4000000060
33900  -31.842  -59.757  10.773 0.4000000060
33915  -32.426  -59.448  10.271 0.4000000060
33916  -32.891  -58.992  9.614 0.4000000060
135256  -35.376  -59.988  7.914 0.3000000119
135798  -33.969  -59.072  8.567 0.4000000060
32947  -34.719  -60.434  8.404 0.4000000060
34876  -28.979  -58.523  12.871 0.4000000060
34885  -29.740  -58.334  12.409 0.4000000060
35874  -29.764  -57.533  12.068 0.4000000060
35875  -30.349  -58.122  11.716 0.4000000060
35887  -30.924  -57.957  11.053 0.4000000060
34906  -31.871  -58.328  10.227 0.4000000060
34907  -32.402  -58.187  9.670 0.4000000060
33936  -36.747  -59.353  8.442 0.4000000060
33935  -36.441  -59.505  8.071 0.3000000119
136847  -33.328  -58.855  8.967 0.4000000060
34919  -34.566  -58.383  8.064 0.5000000000
34920  -35.472  -58.495  7.826 0.4000000060
34918  -33.726  -58.203  8.548 0.5000000000
35873  -29.108  -56.905  12.383 0.4000000060
133644  -29.796  -56.792  11.796 0.4000000060
137962  -30.182  -56.184  11.242 0.4000000060
35886  -30.407  -57.214  11.342 0.4000000060
34917  -32.921  -58.181  9.017 0.4000000060
35912  -34.408  -57.338  8.003 0.5000000000
36785  -28.763  -56.043  12.483 0.4000000060
37614  -29.135  -55.281  12.109 0.4000000060
37620  -29.773  -55.328  11.479 0.4000000060
35911  -33.356  -57.312  8.568 0.4000000060
36815  -33.968  -56.375  8.142 0.5000000000
38518  -28.809  -54.427  12.251 0.4000000060
38522  -29.500  -54.524  11.723 0.4000000060
128933  -28.551  -51.409  12.701 0.4000000060
146696  -28.553  -53.637  12.362 0.4000000060
135442  -28.689  -51.889  12.409 0.4000000060
40593  -28.801  -52.749  12.228 0.4000000060
41502  -29.539  -52.138  12.017 0.4000000060
41503  -30.452  -51.792  11.751 0.5000000000
40584  -28.169  -52.337  12.562 0.4000000060
26687  -33.677  -66.318  9.000 0.5000000000
27743  -34.220  -65.560  8.836 0.5000000000
137437  -35.385  -64.642  8.499 0.4000000060
15430  -34.119  -77.723  9.499 0.5000000000
17323  -31.819  -74.786  9.640 0.8000000119
18315  -31.284  -73.985  9.768 0.8000000119
138024  -30.624  -72.924  9.430 0.6999999881
14618  -35.267  -79.014  10.504 0.5000000000
20317  -29.376  -72.304  9.610 0.6999999881
14619  -36.534  -78.287  10.715 0.5000000000
22417  -29.133  -71.174  9.318 0.6999999881
15431  -37.343  -77.141  9.960 0.4000000060
142724  -36.754  -78.144  10.203 0.4000000060
144987  -29.716  -70.205  10.274 0.6999999881
24491  -28.668  -68.200  10.371 0.6999999881
15416  -37.447  -77.005  10.674 0.4000000060
17311  -37.655  -75.625  9.973 0.4000000060
25568  -27.682  -67.495  10.350 0.6000000238
19302  -37.743  -73.849  9.929 0.4000000060
140549  -26.975  -65.464  10.816 0.6000000238
28819  -26.449  -64.856  10.977 0.5000000000
29912  -27.557  -64.012  11.764 0.5000000000
29897  -27.826  -63.390  12.459 0.5000000000
140559  -27.356  -62.626  12.719 0.4000000060
125330  -27.802  -61.038  13.250 0.4000000060
32913  -27.266  -60.242  12.972 0.4000000060
139930  -28.283  -60.156  13.156 0.4000000060
34875  -28.122  -58.634  12.773 0.4000000060
130226  -28.421  -58.092  12.733 0.4000000060
35862  -29.083  -57.791  12.606 0.4000000060
129653  -28.423  -56.638  12.726 0.4000000060
36770  -28.108  -56.013  12.993 0.4000000060
38517  -27.972  -54.267  12.770 0.4000000060
41487  -27.900  -51.675  12.765 0.4000000060
139995  -32.552  -76.193  9.384 0.8000000119
139017  -32.603  -73.988  8.655 0.8000000119
15436  -36.278  -77.460  9.186 0.5000000000
19324  -31.218  -73.301  9.302 0.6999999881
135738  -32.375  -71.585  9.001 0.6999999881
130103  -36.259  -75.809  8.014 0.6000000238
129504  -35.237  -73.945  7.672 0.6999999881
127611  -34.217  -73.064  7.694 0.6999999881
19332  -37.826  -73.242  7.762 0.6000000238
21341  -35.533  -72.245  7.586 0.6000000238
20327  -34.491  -72.439  7.658 0.6000000238
135817  -30.007  -69.063  11.120 0.6999999881
20330  -37.609  -72.502  7.624 0.5000000000
25557  -29.758  -67.271  11.751 0.6000000238
18299  -37.599  -74.660  9.848 0.5000000000
19327  -38.084  -73.561  8.493 0.5000000000
21316  -38.978  -71.972  9.026 0.3000000119
24517  -34.079  -68.170  8.256 0.5000000000
27712  -30.169  -65.730  12.417 0.6000000238
26678  -32.761  -66.093  9.811 0.5000000000
26688  -34.268  -66.485  8.440 0.5000000000
28841  -33.893  -64.676  9.324 0.4000000060
28840  -33.312  -64.839  9.686 0.4000000060
136175  -35.837  -63.938  8.525 0.4000000060
31954  -33.993  -61.991  9.420 0.4000000060
31953  -33.040  -61.845  10.212 0.4000000060
33880  -28.677  -59.277  13.080 0.4000000060
33926  -33.475  -59.726  9.147 0.4000000060
40594  -29.584  -52.766  11.792 0.4000000060
12007  -23.429  -81.900  13.716 0.4000000060
11101  -23.767  -82.336  14.399 0.4000000060
12933  -24.434  -80.781  14.973 0.4000000060
12962  -24.252  -80.179  12.755 0.4000000060
12948  -24.268  -80.437  13.860 0.4000000060
12934  -24.987  -79.929  15.066 0.4000000060
143964  -25.280  -79.637  14.192 0.4000000060
135469  -26.474  -78.833  14.299 0.5000000000
12963  -25.094  -79.677  13.171 0.4000000060
147155  -25.785  -79.270  12.783 0.5000000000
139246  -25.930  -79.207  13.556 0.5000000000
140332  -27.575  -78.713  12.845 0.6000000238
13808  -24.428  -79.652  10.819 0.4000000060
13786  -24.772  -79.625  11.875 0.4000000060
134427  -25.916  -79.227  10.553 0.4000000060
13769  -26.832  -78.793  13.192 0.5000000000
14620  -37.074  -77.923  10.657 0.3000000119
15411  -37.458  -77.242  11.376 0.4000000060
17309  -37.418  -75.341  10.649 0.3000000119
13770  -27.485  -78.568  13.811 0.5000000000
13795  -33.967  -79.087  12.249 0.5000000000
13797  -35.510  -78.554  11.703 0.4000000060
136844  -25.110  -78.296  9.721 0.4000000060
13787  -25.664  -79.206  11.844 0.5000000000
13788  -26.342  -78.974  12.452 0.5000000000
13841  -24.804  -78.994  9.829 0.4000000060
128162  -24.831  -79.392  10.113 0.4000000060
13771  -28.263  -78.704  12.968 0.6000000238
14581  -29.087  -78.790  13.078 0.6000000238
13791  -29.650  -79.138  12.272 0.6999999881
13818  -34.367  -79.217  11.504 0.5000000000
13772  -29.918  -78.942  13.226 0.6999999881
13774  -31.397  -78.916  13.427 0.6999999881
125950  -33.294  -79.269  12.241 0.6999999881
13792  -30.505  -79.275  12.492 0.6999999881
13793  -31.344  -79.289  12.786 0.6999999881
13829  -26.482  -79.230  9.948 0.5000000000
13810  -26.646  -79.041  11.080 0.6000000238
13811  -27.663  -79.141  10.869 0.6000000238
13812  -28.526  -79.236  10.958 0.6000000238
14626  -25.680  -78.689  9.724 0.4000000060
14609  -26.287  -78.942  9.779 0.5000000000
13830  -27.307  -79.277  10.007 0.6000000238
13789  -28.022  -78.821  11.983 0.6000000238
13813  -29.368  -79.296  11.154 0.6000000238
13814  -30.230  -79.352  11.432 0.6000000238
18298  -37.552  -74.857  10.181 0.3000000119
13790  -28.827  -78.930  12.084 0.6000000238
13815  -31.202  -79.453  11.687 0.6999999881
13837  -33.997  -79.268  10.809 0.6000000238
122660  -34.509  -79.058  10.257 0.5000000000
16338  -25.757  -77.280  9.569 0.6000000238
140128  -26.322  -77.639  9.559 0.6000000238
15423  -26.970  -77.524  9.564 0.6999999881
14611  -27.791  -78.870  9.767 0.6000000238
14612  -28.629  -78.839  9.797 0.6000000238
13833  -29.910  -79.232  10.392 0.6000000238
15422  -25.785  -78.037  9.610 0.5000000000
14610  -26.983  -78.939  9.780 0.6000000238
132056  -30.779  -79.255  10.648 0.6000000238
13834  -31.587  -79.300  10.741 0.6999999881
14615  -31.956  -78.944  10.063 0.6999999881
129891  -31.996  -79.477  11.410 0.6999999881
14617  -33.695  -79.039  10.173 0.6000000238
13836  -33.204  -79.319  10.780 0.6999999881
16339  -26.517  -76.752  9.620 0.6000000238
16340  -27.355  -76.721  9.672 0.6999999881
16341  -28.112  -76.333  9.861 0.6999999881
15424  -27.785  -77.343  9.572 0.6999999881
141893  -29.040  -78.097  9.628 0.6000000238
15429  -33.263  -77.392  9.614 0.5000000000
14630  -30.499  -78.695  9.920 0.6999999881
14614  -31.244  -78.975  10.138 0.6999999881
14633  -33.421  -78.280  9.804 0.6000000238
17319  -29.539  -75.038  10.948 0.6999999881
17321  -31.200  -75.761  9.792 0.6999999881
129027  -30.081  -76.127  10.005 0.6000000238
147056  -30.189  -77.126  9.664 0.5000000000
15425  -28.607  -77.168  9.629 0.6999999881
144154  -29.448  -77.064  9.678 0.6000000238
15426  -30.751  -77.737  9.709 0.6999999881
15428  -32.437  -76.992  9.581 0.5000000000
14613  -29.479  -78.764  9.854 0.6000000238
14631  -31.401  -78.304  9.849 0.6999999881
14632  -32.397  -78.048  9.763 0.6000000238
18312  -30.421  -74.189  10.592 0.6999999881
140824  -31.149  -74.799  10.164 0.6999999881
15427  -31.590  -77.394  9.677 0.6000000238
13819  -35.096  -79.064  11.292 0.5000000000
16343  -30.880  -76.776  9.660 0.6000000238
11990  -23.851  -81.371  14.322 0.4000000060
13768  -25.671  -79.333  14.747 0.4000000060
13827  -24.134  -79.433  10.133 0.4000000060
13828  -25.610  -79.173  9.913 0.4000000060
13794  -32.733  -79.283  12.523 0.6999999881
13816  -32.765  -79.454  11.650 0.6999999881
13831  -28.180  -79.313  10.078 0.6000000238
13832  -29.032  -79.290  10.184 0.6000000238
14627  -26.494  -78.318  9.626 0.6999999881
14628  -27.365  -78.232  9.601 0.6000000238
14629  -28.213  -78.153  9.599 0.6000000238
16342  -29.020  -76.099  10.123 0.6999999881
138273  -29.902  -77.983  9.662 0.6000000238
17320  -30.524  -75.184  10.461 0.6000000238
17317  -27.231  -75.808  10.151 0.5000000000
16337  -25.042  -77.020  9.600 0.4000000060
130390  -25.606  -76.444  9.602 0.5000000000
131106  -27.485  -74.740  10.836 0.6000000238
16336  -23.835  -76.105  9.717 0.4000000060
17314  -24.275  -75.348  9.711 0.5000000000
130247  -24.770  -76.114  9.638 0.5000000000
17316  -26.094  -75.808  9.855 0.5000000000
131204  -26.402  -74.955  10.424 0.5000000000
18309  -26.713  -73.950  10.592 0.5000000000
17318  -28.358  -75.376  10.717 0.6000000238
135755  -28.526  -74.350  11.198 0.5000000000
18310  -27.671  -73.830  10.892 0.5000000000
130228  -28.565  -73.352  10.564 0.6999999881
19314  -27.324  -73.051  10.164 0.6000000238
19315  -29.054  -72.673  9.902 0.6000000238
17313  -23.460  -75.339  9.791 0.5000000000
18306  -23.905  -74.613  9.711 0.5000000000
128862  -25.068  -74.061  9.786 0.5000000000
19313  -26.269  -73.270  10.032 0.5000000000
18308  -25.807  -74.065  10.148 0.5000000000
19316  -29.686  -73.299  10.286 0.6000000238
20316  -28.458  -72.311  9.571 0.5000000000
21324  -28.803  -71.749  9.339 0.6000000238
18305  -23.222  -74.592  9.914 0.5000000000
125210  -24.335  -73.971  9.675 0.5000000000
19310  -23.908  -73.231  9.696 0.5000000000
19312  -25.511  -73.402  9.841 0.5000000000
137073  -25.951  -72.865  9.795 0.5000000000
19323  -29.939  -72.806  9.649 0.6000000238
20306  -27.573  -72.399  9.634 0.5000000000
20315  -27.890  -71.796  9.275 0.6000000238
125840  -23.084  -73.798  10.061 0.5000000000
19301  -23.119  -73.083  9.893 0.5000000000
20301  -23.465  -72.417  9.829 0.5000000000
21309  -23.932  -71.790  9.811 0.5000000000
21300  -23.911  -70.894  9.927 0.6000000238
20302  -24.380  -72.568  9.702 0.4000000060
22394  -23.932  -70.059  10.394 0.4000000060
21310  -24.856  -71.658  9.698 0.5000000000
20304  -25.996  -72.094  9.641 0.5000000000
20303  -25.283  -72.729  9.706 0.4000000060
23443  -24.859  -69.763  10.346 0.4000000060
22395  -25.451  -69.813  9.874 0.5000000000
21311  -25.600  -71.157  9.645 0.5000000000
24489  -26.609  -68.505  10.549 0.4000000060
21312  -26.423  -71.202  9.536 0.6000000238
21313  -27.319  -71.120  9.275 0.6000000238
21314  -28.324  -70.958  9.101 0.6000000238
125622  -28.959  -70.089  9.599 0.6000000238
22403  -24.877  -70.450  9.847 0.5000000000
23445  -26.683  -68.995  9.891 0.5000000000
23456  -27.090  -69.673  9.566 0.5000000000
25567  -26.903  -67.685  10.614 0.4000000060
23457  -27.607  -69.094  9.753 0.6000000238
22405  -26.731  -70.392  9.487 0.6000000238
23458  -28.467  -69.462  9.748 0.6000000238
24490  -27.390  -68.334  10.186 0.5000000000
27721  -26.027  -65.700  10.811 0.3000000119
136164  -26.571  -66.320  10.705 0.4000000060
26664  -26.327  -67.086  10.840 0.4000000060
126875  -28.117  -67.981  10.194 0.5000000000
31924  -27.329  -61.781  13.107 0.3000000119
139016  -26.991  -63.444  12.017 0.4000000060
29896  -26.739  -64.122  11.394 0.4000000060
131768  -27.749  -58.069  12.582 0.3000000119
33879  -27.603  -59.310  12.762 0.3000000119
35860  -27.358  -57.489  12.601 0.3000000119
35861  -28.284  -57.408  12.710 0.3000000119
124829  -27.750  -56.753  12.855 0.3000000119
37605  -27.627  -55.233  13.066 0.3000000119
38516  -27.120  -54.471  13.231 0.3000000119
134056  -27.359  -53.706  13.052 0.3000000119
26665  -27.155  -66.905  10.559 0.5000000000
31912  -26.891  -61.121  13.081 0.3000000119
18311  -29.427  -73.956  11.054 0.5000000000
127813  -24.907  -75.364  9.773 0.5000000000
20305  -26.986  -71.926  9.492 0.5000000000
135995  -28.431  -70.135  9.349 0.6000000238
14583  -34.289  -78.346  12.730 0.3000000119
14567  -31.701  -78.436  13.802 0.6000000238
14582  -33.254  -78.720  12.967 0.6000000238
16298  -39.184  -76.552  14.105 0.3000000119
15391  -38.668  -77.134  13.366 0.3000000119
15402  -37.485  -77.535  12.590 0.3000000119
14587  -37.452  -77.600  11.988 0.3000000119
141195  -37.253  -77.285  13.834 0.3000000119
14586  -36.955  -77.926  12.090 0.3000000119
14599  -37.033  -77.978  11.347 0.3000000119
132824  -32.477  -78.228  13.674 0.6000000238
144774  -33.750  -78.068  13.177 0.5000000000
139334  -39.129  -75.819  14.509 0.3000000119
16309  -39.014  -76.485  13.438 0.3000000119
15403  -37.999  -77.207  12.674 0.3000000119
16325  -37.579  -76.702  11.714 0.3000000119
15401  -36.842  -77.625  12.952 0.3000000119
14569  -34.941  -77.884  13.027 0.3000000119
14568  -34.269  -77.611  13.502 0.4000000060
15421  -24.614  -77.679  9.695 0.4000000060
18236  -38.761  -75.438  15.027 0.3000000119
17265  -38.948  -75.891  13.729 0.3000000119
17278  -38.108  -75.741  13.367 0.3000000119
16318  -38.117  -76.714  12.711 0.3000000119
11965  -26.563  -80.971  16.596 0.5000000000
12901  -27.148  -80.221  17.057 0.5000000000
11991  -24.144  -81.832  15.088 0.4000000060
11978  -24.690  -81.423  15.542 0.4000000060
11964  -25.810  -80.926  16.339 0.4000000060
11981  -26.809  -81.548  16.204 0.5000000000
14542  -28.287  -77.885  15.997 0.5000000000
13717  -27.294  -79.268  17.117 0.5000000000
13739  -26.158  -79.616  16.284 0.5000000000
13716  -26.685  -79.656  16.825 0.5000000000
12918  -25.127  -80.660  15.821 0.4000000060
14543  -29.787  -77.512  15.424 0.6000000238
134295  -29.010  -77.754  15.404 0.6000000238
14528  -27.689  -78.513  16.662 0.5000000000
13755  -26.194  -79.047  15.439 0.4000000060
13740  -26.833  -78.875  16.263 0.5000000000
15375  -31.322  -77.276  14.895 0.6000000238
14551  -29.491  -78.013  14.648 0.6000000238
14550  -28.537  -78.077  14.800 0.6000000238
13756  -27.005  -78.539  15.010 0.4000000060
14541  -27.620  -78.268  15.586 0.5000000000
138996  -32.540  -77.578  14.190 0.6000000238
123912  -36.239  -77.333  13.650 0.3000000119
14566  -30.981  -78.499  13.862 0.6000000238
14563  -28.436  -78.492  13.847 0.4000000060
15380  -36.678  -76.977  14.414 0.3000000119
15382  -38.562  -77.126  14.091 0.3000000119
15389  -35.247  -77.391  13.576 0.3000000119
14555  -33.271  -77.728  13.726 0.5000000000
14565  -30.182  -78.509  14.013 0.6000000238
14553  -31.196  -77.936  14.306 0.6000000238
14552  -30.602  -77.565  14.852 0.6000000238
15378  -34.694  -76.943  14.199 0.3000000119
15361  -30.602  -76.926  15.826 0.5000000000
15346  -31.217  -76.598  16.692 0.5000000000
15362  -31.601  -76.660  15.603 0.5000000000
16279  -32.144  -76.425  16.355 0.4000000060
15363  -32.508  -76.608  15.364 0.5000000000
15329  -31.035  -77.246  17.647 0.5000000000
15345  -30.456  -76.952  16.957 0.5000000000
15330  -32.047  -77.380  17.883 0.4000000060
16257  -32.782  -76.515  17.035 0.4000000060
16280  -33.031  -76.392  16.042 0.4000000060
127826  -32.919  -77.042  14.545 0.5000000000
135819  -29.043  -77.622  16.288 0.5000000000
15360  -29.792  -77.280  16.578 0.5000000000
15364  -33.366  -76.562  15.100 0.4000000060
12112  -28.652  -80.917  8.962 0.3000000119
13004  -28.960  -80.871  8.159 0.3000000119
12113  -29.507  -80.950  8.846 0.3000000119
12072  -29.939  -81.482  10.434 0.3000000119
12073  -30.808  -81.360  10.198 0.4000000060
12090  -29.151  -81.288  9.799 0.3000000119
12071  -29.173  -81.664  10.763 0.3000000119
12047  -31.535  -81.467  10.914 0.4000000060
130441  -30.546  -81.580  11.074 0.4000000060
129980  -29.809  -81.667  11.167 0.3000000119
12044  -28.529  -81.935  11.104 0.3000000119
130442  -31.927  -81.689  11.866 0.4000000060
12025  -31.415  -81.737  12.589 0.4000000060
12046  -30.154  -81.737  11.803 0.4000000060
12045  -29.233  -81.898  11.663 0.4000000060
11160  -28.355  -82.215  11.794 0.4000000060
11141  -28.857  -82.101  12.499 0.4000000060
141062  -33.858  -81.854  13.395 0.3000000119
12026  -32.243  -81.829  12.680 0.4000000060
12010  -31.724  -81.772  13.342 0.4000000060
12009  -30.954  -81.730  13.247 0.4000000060
122719  -30.168  -81.789  13.239 0.4000000060
11125  -29.318  -81.932  13.271 0.4000000060
11124  -28.459  -82.156  13.306 0.4000000060
12936  -33.698  -81.030  14.652 0.3000000119
124373  -32.694  -81.646  14.132 0.4000000060
11984  -31.388  -81.456  14.701 0.4000000060
11996  -31.957  -81.716  14.074 0.4000000060
139213  -30.623  -81.572  14.541 0.4000000060
125206  -29.921  -81.429  15.219 0.4000000060
11994  -29.799  -81.736  14.147 0.4000000060
129977  -29.057  -81.648  14.991 0.4000000060
12008  -28.834  -81.923  14.074 0.4000000060
11106  -28.096  -82.144  14.050 0.4000000060
12922  -32.441  -80.726  15.505 0.4000000060
12921  -31.606  -80.953  15.523 0.4000000060
11983  -29.158  -81.210  15.966 0.4000000060
11993  -28.193  -81.873  14.836 0.4000000060
11123  -27.599  -82.396  13.506 0.4000000060
12905  -30.956  -80.513  16.508 0.4000000060
12920  -30.015  -80.931  16.241 0.4000000060
12903  -29.113  -80.537  16.953 0.4000000060
11967  -28.427  -80.990  16.564 0.4000000060
11992  -27.459  -81.765  15.638 0.4000000060
11966  -27.502  -81.109  16.590 0.4000000060
13719  -30.718  -79.828  17.461 0.4000000060
13700  -29.112  -79.187  17.844 0.4000000060
13718  -28.024  -78.863  17.396 0.4000000060
14515  -31.461  -78.138  18.106 0.4000000060
13701  -30.026  -79.241  17.819 0.4000000060
14513  -29.566  -78.397  17.831 0.4000000060
16234  -32.616  -76.920  17.625 0.3000000119
16258  -33.647  -76.486  16.740 0.3000000119
12888  -27.921  -79.619  17.398 0.4000000060
14514  -30.482  -78.213  17.960 0.4000000060
16281  -33.894  -76.395  15.775 0.3000000119
14512  -28.762  -78.586  17.632 0.4000000060
140389  -31.027  -81.661  11.814 0.4000000060
12024  -30.579  -81.748  12.533 0.4000000060
12023  -29.725  -81.877  12.493 0.4000000060
144163  -33.309  -81.497  14.195 0.4000000060
12011  -32.502  -81.842  13.438 0.4000000060
11997  -33.929  -81.530  13.878 0.3000000119
11995  -30.566  -81.711  13.818 0.4000000060
12923  -33.346  -80.474  15.580 0.3000000119
12935  -32.932  -81.133  14.779 0.4000000060
11985  -32.160  -81.318  14.759 0.4000000060
142025  -30.765  -81.207  15.459 0.4000000060
12906  -31.939  -80.330  16.341 0.4000000060
12904  -30.050  -80.217  17.177 0.4000000060
11982  -28.315  -81.482  15.782 0.4000000060
12889  -28.651  -79.808  17.548 0.4000000060
13702  -31.009  -79.043  17.890 0.4000000060
12050  -34.293  -81.600  11.460 0.3000000119
12094  -33.233  -80.961  9.143 0.3000000119
12093  -32.465  -81.063  9.459 0.3000000119
139130  -33.180  -81.079  10.123 0.3000000119
12049  -33.434  -81.541  11.229 0.3000000119
145694  -32.272  -81.239  10.309 0.3000000119
12048  -32.524  -81.485  11.093 0.3000000119
130381  -33.652  -81.894  12.139 0.3000000119
130483  -32.808  -81.831  11.978 0.3000000119
12027  -33.056  -81.955  12.792 0.3000000119
12907  -32.705  -80.207  16.250 0.3000000119
13721  -32.412  -79.739  17.114 0.3000000119
13703  -31.954  -79.021  17.852 0.3000000119
14516  -32.439  -78.188  18.137 0.3000000119
12028  -34.510  -81.825  12.377 0.3000000119
13720  -31.510  -79.809  17.289 0.3000000119
11082  -24.767  -82.156  15.396 0.4000000060
11979  -25.275  -81.550  15.928 0.4000000060
12012  -33.309  -81.848  13.542 0.4000000060
12890  -29.382  -79.829  17.587 0.4000000060
12900  -26.359  -80.314  16.611 0.5000000000
12902  -28.090  -80.394  17.129 0.4000000060
12919  -25.776  -80.283  16.235 0.5000000000
12949  -24.767  -80.069  14.312 0.4000000060
13699  -28.467  -79.210  17.655 0.4000000060
13754  -25.562  -79.752  15.690 0.3000000119
13773  -30.726  -78.970  13.329 0.6999999881
13775  -32.170  -79.065  13.174 0.6000000238
13796  -34.776  -78.920  12.069 0.5000000000
13809  -25.196  -79.381  10.789 0.4000000060
13817  -33.615  -79.355  11.552 0.6999999881
13835  -32.385  -79.334  10.743 0.6999999881
13838  -34.640  -79.187  10.847 0.5000000000
14529  -28.444  -78.150  16.965 0.5000000000
14530  -29.221  -77.845  17.250 0.4000000060
14549  -27.811  -78.335  14.581 0.4000000060
14554  -31.903  -77.780  14.275 0.6000000238
14564  -29.297  -78.495  13.928 0.6000000238
14570  -35.747  -77.752  12.953 0.3000000119
14584  -35.191  -78.219  12.398 0.3000000119
14585  -36.083  -78.020  12.217 0.3000000119
14598  -36.321  -78.247  11.463 0.4000000060
14600  -37.304  -77.613  11.325 0.4000000060
14616  -32.826  -78.976  10.083 0.6000000238
14621  -37.287  -77.502  10.642 0.3000000119
14625  -24.173  -78.326  9.767 0.4000000060
14634  -34.317  -78.482  9.802 0.6000000238
14635  -35.194  -78.610  9.914 0.5000000000
14636  -37.124  -77.758  10.103 0.4000000060
15328  -30.071  -77.611  17.456 0.4000000060
15376  -32.123  -77.120  14.785 0.5000000000
15377  -33.774  -77.020  14.292 0.4000000060
15390  -37.889  -77.288  13.362 0.3000000119
15392  -39.057  -76.936  13.730 0.3000000119
15404  -38.693  -76.983  13.006 0.3000000119
15417  -37.509  -76.898  11.350 0.4000000060
15432  -33.207  -76.601  9.395 0.8000000119
15437  -36.888  -77.146  9.289 0.4000000060
16233  -31.938  -76.734  17.303 0.4000000060
16235  -33.471  -76.877  17.585 0.3000000119
16332  -37.546  -76.623  10.120 0.4000000060
16333  -37.501  -76.479  10.662 0.4000000060
16344  -31.759  -76.472  9.537 0.8000000119
16345  -37.528  -76.421  9.531 0.4000000060
16351  -36.504  -76.793  8.818 0.6000000238
16353  -37.526  -76.112  8.978 0.4000000060
16354  -37.641  -75.676  9.164 0.5000000000
16355  -35.054  -76.074  8.476 0.6000000238
16356  -35.889  -76.372  8.451 0.6000000238
16357  -36.707  -76.168  8.363 0.6000000238
16358  -37.449  -75.809  8.642 0.5000000000
17266  -39.217  -76.173  14.091 0.3000000119
17279  -38.316  -76.263  13.080 0.3000000119
17310  -37.568  -75.563  10.323 0.4000000060
17315  -25.367  -75.741  9.741 0.5000000000
17326  -33.689  -75.447  8.894 0.8000000119
17327  -34.397  -75.723  8.634 0.6000000238
17329  -37.901  -75.032  8.986 0.5000000000
17333  -36.879  -75.532  7.991 0.6000000238
17334  -37.259  -75.155  8.063 0.6000000238
17335  -37.510  -75.017  7.962 0.5000000000
17336  -37.654  -74.639  8.268 0.5000000000
18252  -38.565  -75.442  14.172 0.3000000119
18307  -24.653  -74.695  9.794 0.5000000000
18313  -37.706  -74.762  9.315 0.5000000000
18314  -30.555  -73.308  9.742 0.6999999881
18317  -37.900  -73.954  8.933 0.5000000000
18321  -36.932  -74.737  7.816 0.6000000238
18324  -37.852  -74.110  8.340 0.5000000000
19299  -22.993  -73.954  10.545 0.5000000000
19303  -37.905  -73.856  9.421 0.4000000060
19309  -23.542  -73.855  9.781 0.5000000000
19311  -24.771  -73.376  9.689 0.5000000000
19317  -38.435  -73.137  9.029 0.4000000060
19325  -31.733  -73.149  8.960 0.6999999881
19328  -33.629  -73.399  7.858 0.6999999881
19330  -36.167  -74.273  7.702 0.6000000238
19331  -37.126  -73.847  7.659 0.6000000238
19334  -38.176  -73.377  8.153 0.4000000060
20295  -38.496  -72.302  9.789 0.3000000119
20308  -38.673  -72.595  8.538 0.4000000060
20320  -32.444  -72.128  8.618 0.6000000238
20326  -33.677  -72.654  7.761 0.6000000238
20328  -36.105  -73.266  7.570 0.6999999881
20332  -38.439  -72.982  7.965 0.5000000000
21299  -23.220  -71.505  10.185 0.5000000000
21315  -38.889  -71.752  9.162 0.3000000119
21325  -29.657  -71.703  9.534 0.6000000238
21330  -34.731  -71.679  7.734 0.6000000238
21343  -37.815  -71.135  7.645 0.5000000000
21345  -38.660  -72.138  8.158 0.5000000000
22396  -26.185  -69.661  9.706 0.5000000000
22404  -25.850  -70.400  9.650 0.5000000000
22406  -27.619  -70.320  9.311 0.6000000238
22407  -29.057  -70.599  9.359 0.6000000238
22410  -38.740  -71.524  8.608 0.3000000119
22419  -30.572  -71.319  9.686 0.6999999881
22422  -33.764  -70.691  8.411 0.5000000000
22424  -38.591  -70.934  8.555 0.4000000060
23444  -25.859  -69.307  10.284 0.4000000060
23459  -29.187  -69.798  10.094 0.6999999881
23463  -38.608  -69.152  8.997 0.3000000119
23482  -34.855  -69.786  7.868 0.5000000000
23483  -35.936  -69.722  7.495 0.5000000000
23485  -37.618  -69.656  7.539 0.4000000060
23486  -38.253  -69.805  8.005 0.3000000119
24495  -32.226  -68.765  10.351 0.5000000000
24504  -28.216  -68.638  10.030 0.5000000000
24531  -36.817  -68.346  7.276 0.3000000119
24532  -37.556  -68.287  7.707 0.4000000060
25570  -29.116  -67.781  10.970 0.6999999881
25582  -32.996  -67.732  9.319 0.5000000000
25584  -38.206  -67.710  9.109 0.3000000119
25591  -34.333  -67.393  8.133 0.5000000000
25592  -37.483  -67.095  8.279 0.3000000119
25593  -37.971  -67.715  8.520 0.3000000119
25599  -35.378  -67.481  7.658 0.5000000000
26655  -31.152  -66.665  12.015 0.6000000238
26695  -35.076  -66.673  7.948 0.4000000060
26697  -36.636  -66.318  7.946 0.3000000119
26698  -36.995  -66.407  8.318 0.3000000119
27723  -27.936  -65.255  10.940 0.6000000238
27727  -36.929  -65.624  9.663 0.3000000119
27734  -33.086  -65.508  9.676 0.4000000060
27749  -35.566  -65.318  8.238 0.4000000060
27750  -36.229  -65.536  8.244 0.4000000060
28808  -30.382  -64.957  12.502 0.6000000238
28832  -32.640  -64.554  10.230 0.4000000060
28833  -32.988  -64.960  9.899 0.4000000060
29886  -34.669  -63.333  12.385 0.4000000060
29902  -35.739  -63.796  11.312 0.4000000060
29903  -36.400  -63.812  10.617 0.4000000060
29913  -28.378  -63.890  12.225 0.5000000000
29924  -32.998  -63.309  10.162 0.4000000060
29930  -33.372  -63.442  9.853 0.4000000060
29931  -33.774  -63.416  9.558 0.4000000060
29932  -34.380  -63.473  9.306 0.4000000060
29933  -34.918  -63.186  9.102 0.4000000060
29938  -35.655  -63.177  8.639 0.4000000060
29939  -36.182  -63.128  8.607 0.4000000060
30958  -33.667  -62.707  9.682 0.4000000060
30959  -34.497  -62.066  9.205 0.4000000060
30966  -35.860  -62.339  8.489 0.4000000060
31899  -34.302  -61.681  12.799 0.4000000060
31927  -31.368  -61.534  11.877 0.4000000060
31928  -35.748  -61.798  11.384 0.4000000060
31946  -32.520  -61.169  10.566 0.4000000060
31947  -33.078  -60.934  10.104 0.4000000060
32914  -30.743  -60.191  12.197 0.4000000060
32922  -36.229  -61.163  10.973 0.4000000060
32955  -36.805  -60.142  8.365 0.4000000060
33914  -31.825  -59.030  10.526 0.4000000060
33927  -34.139  -59.839  8.628 0.4000000060
33928  -34.806  -59.379  8.016 0.5000000000
33929  -35.788  -59.336  7.873 0.3000000119
34874  -27.456  -58.584  12.492 0.3000000119
34894  -30.839  -58.728  11.348 0.4000000060
34921  -36.684  -58.399  8.599 0.4000000060
36786  -29.468  -56.097  11.923 0.4000000060
37613  -28.403  -55.219  12.630 0.4000000060
39532  -27.924  -53.140  12.672 0.4000000060
39540  -29.299  -53.597  11.890 0.4000000060
42401  -27.997  -51.099  13.020 0.4000000060
122841  -35.818  -78.736  10.924 0.5000000000
123305  -38.409  -73.089  8.846 0.4000000060
124793  -31.215  -81.699  13.960 0.4000000060
126058  -36.075  -78.529  10.161 0.5000000000
126198  -27.188  -78.792  12.084 0.5000000000
126217  -33.803  -81.978  12.927 0.3000000119
127265  -38.313  -69.125  8.379 0.3000000119
128117  -30.631  -78.097  14.311 0.6000000238
128337  -32.044  -79.435  12.260 0.6999999881
128373  -36.811  -63.906  10.090 0.3000000119
128706  -32.495  -74.673  9.158 0.8000000119
129571  -38.140  -71.881  7.799 0.5000000000
131096  -26.665  -72.610  9.793 0.5000000000
131112  -37.584  -77.340  11.956 0.3000000119
131167  -36.877  -69.933  7.348 0.5000000000
132633  -25.390  -74.975  10.044 0.5000000000
132796  -36.431  -62.386  8.733 0.3000000119
133088  -38.600  -72.494  8.199 0.5000000000
133361  -35.084  -62.885  11.996 0.4000000060
133402  -37.940  -68.991  7.807 0.4000000060
133427  -31.159  -71.705  9.408 0.6999999881
133585  -32.322  -58.768  10.106 0.4000000060
134349  -31.177  -72.136  9.230 0.6999999881
134774  -37.929  -73.831  7.899 0.5000000000
135300  -35.012  -61.819  8.822 0.4000000060
135484  -36.760  -66.978  7.637 0.3000000119
135548  -33.797  -66.994  8.670 0.5000000000
135592  -32.580  -63.182  10.502 0.4000000060
135625  -34.095  -63.951  9.356 0.4000000060
135980  -36.138  -60.081  7.923 0.3000000119
136136  -29.888  -53.912  11.444 0.4000000060
136378  -36.969  -63.655  9.988 0.3000000119
137198  -34.649  -64.685  8.846 0.4000000060
137428  -27.853  -69.712  9.498 0.6000000238
137721  -37.773  -77.010  12.211 0.3000000119
138173  -30.140  -77.930  14.616 0.6000000238
138194  -25.264  -77.702  9.635 0.5000000000
138955  -34.380  -73.706  7.778 0.6999999881
139988  -37.998  -73.052  10.052 0.4000000060
140761  -37.111  -71.108  7.431 0.5000000000
141705  -34.209  -76.719  17.245 0.3000000119
143212  -28.186  -72.642  9.904 0.5000000000
144368  -36.406  -60.585  10.828 0.4000000060
145899  -37.927  -77.239  13.987 0.3000000119
147233  -29.404  -69.245  10.543 0.6999999881
147392  -37.106  -77.380  9.685 0.4000000060
147835  -37.505  -75.374  8.407 0.6000000238
