#!ascii label  , from subject sub-v1s2x0051491_ses-1 vox2ras=TkReg
411
22358  -25.705  -70.631  12.854 0.6999999881
22374  -25.279  -70.131  12.135 0.6000000238
23423  -25.545  -69.608  11.619 0.6000000238
23431  -24.123  -69.680  10.959 0.4000000060
23327  -25.913  -69.271  19.499 0.6999999881
24392  -26.079  -68.500  19.031 0.6999999881
23340  -26.135  -69.946  19.073 0.6999999881
24393  -26.271  -69.191  18.599 0.6000000238
23341  -26.492  -69.911  18.248 0.6999999881
24408  -26.546  -69.230  17.735 0.6000000238
23355  -26.849  -69.941  17.481 0.6000000238
22308  -27.420  -70.465  16.367 0.6000000238
24423  -26.878  -69.361  16.967 0.6000000238
123786  -26.896  -68.724  16.284 0.5000000000
22325  -27.525  -70.167  15.600 0.5000000000
24435  -27.051  -68.418  15.216 0.5000000000
133936  -27.188  -69.362  13.841 0.6000000238
22359  -26.611  -70.165  13.266 0.6000000238
24447  -26.884  -68.459  13.319 0.6000000238
23412  -26.680  -69.274  12.908 0.6000000238
23424  -26.199  -69.395  12.130 0.6000000238
24377  -25.707  -68.581  19.949 0.6000000238
25471  -26.107  -67.726  18.560 0.6000000238
24407  -26.308  -68.387  17.939 0.6000000238
25495  -25.876  -67.251  16.475 0.6000000238
127317  -26.371  -68.035  16.898 0.6000000238
24422  -26.370  -67.824  15.857 0.6000000238
25511  -26.475  -67.666  14.767 0.6000000238
127827  -27.419  -69.024  14.666 0.6000000238
25525  -26.576  -67.716  13.742 0.6000000238
25537  -26.573  -67.829  12.979 0.6000000238
24474  -26.331  -68.799  11.469 0.5000000000
25441  -25.463  -67.852  20.270 0.6000000238
140587  -26.032  -67.243  19.102 0.6000000238
26570  -26.008  -66.870  18.201 0.6000000238
25483  -26.088  -67.469  17.529 0.6000000238
26583  -25.708  -66.651  17.056 0.6000000238
26582  -25.259  -66.136  16.426 0.6000000238
26596  -25.377  -66.529  16.060 0.6000000238
25510  -25.652  -66.980  15.333 0.6000000238
137643  -26.230  -67.543  12.495 0.6000000238
25547  -26.173  -67.598  11.868 0.6000000238
24480  -26.242  -68.669  10.945 0.4000000060
136632  -25.208  -67.074  20.470 0.6000000238
26559  -25.767  -67.164  19.819 0.6000000238
146595  -25.845  -66.377  17.611 0.6000000238
27647  -25.502  -65.879  17.083 0.5000000000
26612  -24.985  -66.225  15.282 0.6999999881
25535  -25.103  -66.547  13.443 0.6000000238
25524  -25.777  -67.058  14.177 0.6000000238
25536  -25.949  -67.234  13.173 0.6000000238
25546  -25.335  -66.766  12.353 0.6000000238
25555  -26.229  -67.683  11.368 0.6000000238
25556  -26.410  -67.745  11.006 0.4000000060
26541  -25.708  -66.417  20.150 0.5000000000
27624  -26.123  -65.720  19.880 0.6000000238
131008  -26.125  -66.458  19.261 0.6000000238
125323  -26.091  -65.978  18.153 0.6000000238
127331  -25.751  -65.191  17.498 0.5000000000
136791  -24.492  -65.112  16.058 0.6000000238
28774  -23.761  -64.808  15.568 0.6000000238
27675  -24.316  -65.472  15.472 0.6999999881
126926  -24.117  -65.613  14.897 0.6999999881
26611  -24.480  -65.888  14.690 0.6999999881
27684  -23.165  -65.294  13.749 0.6000000238
25509  -25.044  -66.380  14.490 0.6999999881
26631  -23.779  -65.590  13.209 0.6000000238
26632  -24.452  -66.027  12.738 0.6000000238
26642  -24.542  -66.070  12.005 0.6000000238
26651  -24.662  -66.133  11.822 0.6000000238
26653  -25.815  -67.007  11.233 0.5000000000
26664  -26.327  -67.086  10.840 0.4000000060
27637  -26.613  -64.941  19.075 0.6000000238
27636  -26.397  -65.576  19.127 0.5000000000
28737  -26.353  -65.128  18.366 0.6000000238
28748  -25.463  -64.407  16.988 0.5000000000
27660  -25.037  -65.134  16.719 0.6000000238
28760  -24.530  -64.392  16.320 0.5000000000
28773  -22.939  -64.700  15.021 0.5000000000
28772  -22.138  -64.347  14.545 0.5000000000
27674  -23.447  -65.282  14.795 0.6000000238
29856  -21.305  -63.880  13.973 0.4000000060
28781  -21.854  -64.442  13.581 0.4000000060
27702  -22.647  -64.924  12.398 0.5000000000
27693  -23.172  -65.262  12.726 0.6000000238
27703  -23.355  -65.301  12.228 0.6000000238
28803  -22.981  -64.725  11.832 0.5000000000
27704  -24.095  -65.733  12.072 0.6000000238
26663  -25.706  -66.510  11.002 0.5000000000
27709  -23.655  -65.379  11.945 0.6000000238
27710  -24.458  -65.955  11.749 0.6000000238
26652  -25.128  -66.403  11.495 0.6000000238
27625  -26.423  -65.025  19.699 0.5000000000
28749  -26.240  -64.454  17.739 0.5000000000
29842  -25.196  -63.621  16.561 0.4000000060
29841  -24.409  -63.543  16.211 0.4000000060
28759  -23.595  -63.956  15.856 0.5000000000
147025  -23.226  -64.427  15.492 0.5000000000
29857  -22.850  -63.310  15.644 0.5000000000
29874  -20.764  -63.270  13.437 0.4000000060
29882  -20.929  -63.247  12.842 0.5000000000
28796  -22.018  -64.433  12.763 0.5000000000
29883  -21.759  -63.868  12.550 0.5000000000
28797  -22.398  -64.596  12.259 0.5000000000
29884  -22.562  -64.008  11.917 0.5000000000
28818  -25.682  -65.101  10.952 0.5000000000
131446  -24.422  -65.424  11.514 0.6000000238
27711  -25.130  -65.832  11.211 0.5000000000
30875  -23.818  -62.987  16.014 0.4000000060
30890  -23.076  -62.399  15.738 0.5000000000
30889  -22.051  -62.752  15.340 0.5000000000
125541  -21.360  -62.271  15.031 0.5000000000
128410  -22.355  -63.147  12.199 0.5000000000
28805  -25.044  -64.869  11.226 0.5000000000
28819  -26.449  -64.856  10.977 0.3000000119
30914  -22.153  -62.405  12.529 0.5000000000
29893  -23.420  -64.006  11.685 0.5000000000
28804  -24.092  -64.581  11.542 0.5000000000
30888  -21.122  -62.994  14.460 0.4000000060
31876  -21.104  -61.537  15.028 0.4000000060
31896  -20.485  -61.231  13.807 0.4000000060
31887  -20.544  -61.961  13.754 0.4000000060
31907  -21.092  -61.675  12.941 0.4000000060
31906  -20.953  -61.222  13.375 0.4000000060
31908  -21.899  -61.721  12.823 0.5000000000
29895  -26.119  -63.580  11.655 0.4000000060
28806  -25.889  -64.344  11.160 0.4000000060
30927  -23.428  -63.134  11.947 0.5000000000
29894  -25.154  -63.935  11.470 0.5000000000
30915  -23.027  -62.484  12.307 0.5000000000
30928  -24.411  -62.781  12.056 0.5000000000
134954  -24.322  -63.534  11.732 0.5000000000
33866  -21.118  -59.723  13.826 0.4000000060
32907  -21.550  -61.224  13.109 0.4000000060
30929  -25.335  -62.969  11.992 0.4000000060
31909  -23.125  -61.714  12.733 0.5000000000
30916  -23.913  -62.266  12.357 0.5000000000
32898  -21.665  -60.494  13.455 0.4000000060
31922  -25.819  -62.135  12.525 0.4000000060
32908  -22.492  -61.006  13.117 0.5000000000
32909  -23.713  -60.753  13.132 0.5000000000
31921  -24.895  -62.196  12.442 0.5000000000
34861  -21.647  -58.859  13.700 0.4000000060
31911  -25.328  -61.429  12.776 0.3000000119
32911  -26.136  -61.273  12.796 0.3000000119
32899  -22.848  -60.140  13.288 0.4000000060
31910  -24.342  -61.533  12.809 0.5000000000
33868  -23.254  -59.216  13.306 0.4000000060
139753  -24.374  -60.102  13.099 0.5000000000
132823  -22.346  -58.029  13.533 0.4000000060
138966  -25.672  -60.570  12.880 0.3000000119
32912  -26.419  -60.384  12.888 0.3000000119
34862  -22.503  -58.802  13.455 0.4000000060
34870  -24.356  -59.287  12.999 0.4000000060
136328  -23.089  -58.458  13.349 0.4000000060
33875  -23.731  -59.885  13.179 0.4000000060
35836  -21.811  -57.133  14.007 0.5000000000
133972  -25.351  -59.104  12.799 0.3000000119
33877  -25.939  -59.727  12.769 0.4000000060
34873  -26.328  -58.237  12.334 0.4000000060
33878  -26.703  -59.550  12.633 0.4000000060
34871  -24.784  -58.461  12.898 0.4000000060
35845  -23.392  -57.830  13.308 0.5000000000
34863  -23.872  -58.483  13.101 0.5000000000
35846  -24.324  -57.706  13.078 0.5000000000
35857  -25.145  -57.870  12.844 0.4000000060
35858  -25.797  -57.699  12.593 0.4000000060
135895  -27.034  -58.129  12.360 0.3000000119
36754  -22.713  -56.402  14.004 0.5000000000
128590  -22.943  -57.170  13.560 0.5000000000
36757  -25.470  -56.240  13.125 0.4000000060
36768  -26.372  -56.146  13.057 0.3000000119
37578  -21.441  -55.575  14.618 0.5000000000
37593  -24.980  -55.513  13.416 0.4000000060
35847  -25.097  -57.124  13.016 0.4000000060
36767  -26.026  -56.958  12.839 0.4000000060
125710  -26.887  -56.844  12.789 0.4000000060
36745  -21.906  -56.254  14.312 0.5000000000
131780  -23.721  -57.222  13.317 0.5000000000
36756  -24.278  -56.965  13.232 0.5000000000
38510  -25.373  -54.709  13.560 0.4000000060
37594  -25.848  -55.412  13.287 0.4000000060
144530  -21.420  -54.934  14.869 0.5000000000
36769  -27.275  -56.065  13.082 0.3000000119
37579  -22.452  -55.621  14.355 0.5000000000
37590  -23.313  -55.700  14.026 0.5000000000
37592  -24.133  -55.619  13.651 0.5000000000
36755  -23.672  -56.477  13.550 0.5000000000
39521  -25.699  -53.754  13.611 0.4000000060
39493  -21.343  -53.403  15.288 0.5000000000
39506  -23.514  -53.481  14.589 0.5000000000
126121  -26.645  -53.699  13.343 0.3000000119
37604  -26.755  -55.323  13.245 0.3000000119
39504  -21.938  -53.916  15.027 0.5000000000
39505  -22.672  -53.786  14.839 0.5000000000
38499  -23.236  -54.350  14.460 0.5000000000
143390  -26.203  -69.966  12.598 0.6000000238
131549  -24.565  -69.823  11.580 0.5000000000
23369  -27.322  -69.652  16.270 0.6000000238
26595  -24.882  -65.975  15.775 0.6999999881
136668  -24.553  -65.828  15.224 0.6999999881
26643  -25.385  -66.670  11.662 0.6000000238
26610  -23.860  -65.601  14.234 0.6999999881
27692  -22.496  -64.901  13.162 0.5000000000
26641  -23.872  -65.597  12.295 0.6000000238
131401  -22.748  -64.099  15.311 0.5000000000
135597  -21.924  -63.641  14.976 0.5000000000
27683  -22.607  -64.890  14.185 0.4000000060
31897  -20.671  -61.879  13.250 0.4000000060
131317  -21.494  -63.077  12.533 0.5000000000
127809  -20.752  -62.116  14.379 0.4000000060
33876  -25.124  -59.904  12.969 0.4000000060
34872  -25.614  -58.364  12.617 0.4000000060
35859  -26.554  -57.578  12.484 0.3000000119
38498  -22.191  -54.703  14.707 0.5000000000
37591  -23.745  -54.941  14.069 0.5000000000
17235  -21.635  -75.748  16.359 0.5000000000
17263  -21.782  -75.711  14.678 0.5000000000
17250  -21.605  -75.673  15.681 0.5000000000
18274  -22.622  -75.240  12.232 0.5000000000
131935  -22.174  -75.797  12.942 0.5000000000
17277  -21.721  -76.061  13.612 0.4000000060
17236  -22.495  -75.508  16.568 0.5000000000
17264  -22.122  -75.397  15.293 0.6000000238
17251  -22.117  -75.367  15.895 0.6000000238
132830  -22.672  -75.118  13.034 0.5000000000
18261  -22.296  -75.455  13.765 0.5000000000
18296  -22.772  -74.918  10.895 0.4000000060
17198  -24.035  -75.824  18.666 0.6999999881
17216  -23.795  -75.906  17.785 0.6999999881
18212  -23.390  -74.962  16.472 0.6999999881
18247  -22.747  -74.957  15.254 0.5000000000
18230  -22.710  -75.055  15.967 0.6999999881
18262  -22.925  -74.765  13.589 0.5000000000
18246  -22.508  -75.166  14.524 0.5000000000
19293  -23.025  -74.263  11.090 0.5000000000
19284  -23.132  -74.205  11.644 0.5000000000
17162  -23.009  -75.215  20.226 0.5000000000
17182  -24.344  -75.270  19.292 0.6999999881
17181  -23.696  -75.688  19.553 0.6999999881
17199  -24.778  -75.000  18.585 0.6999999881
17237  -23.356  -75.574  17.084 0.6000000238
18248  -23.420  -74.280  14.815 0.6999999881
18231  -23.263  -74.574  15.673 0.6000000238
18275  -23.231  -74.229  12.526 0.5000000000
19273  -23.453  -73.902  13.238 0.6000000238
19262  -23.148  -74.524  14.239 0.6000000238
19300  -22.974  -73.030  10.172 0.5000000000
18136  -24.181  -74.039  20.314 0.5000000000
18152  -23.984  -74.915  20.005 0.6999999881
18193  -24.752  -74.902  17.634 0.6999999881
18194  -25.321  -74.393  18.030 0.6999999881
144118  -25.683  -73.842  18.278 0.6999999881
19233  -23.840  -74.345  16.103 0.8000000119
19234  -24.649  -73.867  16.184 0.6999999881
19263  -23.616  -73.761  13.878 0.6000000238
123259  -23.948  -73.582  14.468 0.6999999881
20256  -23.434  -73.043  12.337 0.6999999881
19274  -23.662  -72.843  12.969 0.6000000238
19294  -23.198  -73.239  10.905 0.6000000238
133529  -23.328  -73.158  11.681 0.6000000238
20293  -22.998  -72.325  10.140 0.6000000238
132009  -23.224  -72.939  20.608 0.5000000000
19161  -23.540  -73.608  20.542 0.5000000000
19162  -24.143  -73.186  20.631 0.6000000238
19180  -24.896  -73.528  20.078 0.6000000238
19181  -25.345  -73.789  19.407 0.6999999881
20193  -26.211  -73.173  17.221 0.6999999881
19201  -26.174  -73.272  18.111 0.6000000238
19218  -25.129  -74.226  17.175 0.6999999881
19235  -25.554  -73.544  16.738 0.6999999881
19248  -23.902  -73.982  15.385 0.6999999881
20271  -23.425  -72.011  12.106 0.6999999881
21288  -23.084  -71.400  10.824 0.6999999881
21272  -23.221  -71.465  11.399 0.6999999881
20157  -23.812  -72.377  20.845 0.5000000000
20158  -24.860  -72.508  20.442 0.6000000238
20171  -25.588  -72.951  19.607 0.6000000238
20181  -26.180  -72.843  18.813 0.6000000238
19250  -25.333  -73.284  15.941 0.8000000119
20225  -26.375  -72.354  15.680 0.5000000000
20194  -26.541  -72.578  17.701 0.6000000238
20240  -24.404  -72.868  14.074 0.6999999881
20241  -25.182  -72.515  14.516 0.6999999881
21259  -23.790  -71.725  12.430 0.6999999881
20257  -24.119  -72.385  13.225 0.6999999881
22382  -22.970  -71.085  10.682 0.5000000000
21289  -22.885  -70.526  11.261 0.6999999881
22393  -23.246  -70.546  10.561 0.5000000000
21142  -22.571  -71.657  20.618 0.5000000000
21143  -23.386  -71.732  20.948 0.5000000000
22239  -24.789  -71.027  20.888 0.6000000238
21144  -24.377  -71.753  20.858 0.6000000238
21145  -25.164  -71.614  20.398 0.6000000238
21176  -26.275  -71.395  19.035 0.6000000238
22262  -25.952  -70.703  19.451 0.6000000238
125135  -26.490  -72.148  18.487 0.6000000238
22277  -26.406  -70.636  18.678 0.6000000238
21228  -26.148  -72.156  14.895 0.6000000238
21229  -26.980  -71.652  15.509 0.5000000000
21177  -26.662  -71.333  18.246 0.5000000000
21261  -25.144  -71.338  13.228 0.6000000238
21246  -25.659  -71.789  14.046 0.6000000238
21274  -23.815  -70.883  12.108 0.6000000238
21260  -24.308  -71.534  12.791 0.6000000238
23422  -23.540  -69.834  11.590 0.5000000000
22237  -22.961  -71.025  20.940 0.5000000000
22240  -25.431  -70.838  20.214 0.6000000238
21214  -27.268  -71.357  16.541 0.5000000000
22307  -27.227  -70.623  17.134 0.5000000000
21247  -26.651  -71.379  14.486 0.4000000060
22324  -27.309  -70.762  15.021 0.5000000000
21215  -27.417  -70.907  15.796 0.5000000000
22357  -24.608  -70.818  12.487 0.6000000238
147865  -22.396  -70.621  20.628 0.5000000000
134060  -24.039  -70.369  21.169 0.6000000238
135867  -25.131  -70.196  20.724 0.6000000238
22340  -27.056  -70.475  14.100 0.5000000000
22341  -27.462  -69.852  14.751 0.4000000060
23326  -21.950  -70.155  20.312 0.5000000000
131888  -22.852  -70.150  20.938 0.5000000000
23308  -24.672  -69.411  20.988 0.6000000238
23309  -25.413  -69.358  20.336 0.6000000238
23306  -22.564  -69.289  20.739 0.5000000000
23307  -23.599  -69.377  21.111 0.6000000238
24356  -25.108  -68.595  20.661 0.6000000238
24376  -21.754  -69.153  20.095 0.5000000000
24354  -23.216  -68.492  20.956 0.5000000000
24355  -24.229  -68.557  21.023 0.6000000238
24353  -22.292  -68.398  20.544 0.5000000000
24375  -21.600  -68.241  19.917 0.5000000000
25437  -22.065  -67.568  20.371 0.5000000000
25439  -23.786  -67.692  20.948 0.5000000000
25458  -21.465  -67.385  19.768 0.5000000000
26537  -21.938  -66.764  20.220 0.5000000000
25438  -22.841  -67.649  20.794 0.5000000000
131217  -22.516  -67.002  20.609 0.5000000000
26539  -23.291  -66.773  20.825 0.4000000060
26540  -24.336  -66.921  20.788 0.4000000060
26538  -22.534  -66.286  20.574 0.4000000060
131557  -23.141  -65.939  20.761 0.4000000060
128093  -24.775  -65.550  20.592 0.4000000060
22339  -26.209  -71.048  13.595 0.6000000238
22373  -23.990  -70.227  12.030 0.5000000000
21195  -27.035  -71.329  17.477 0.6000000238
141377  -24.927  -66.264  20.552 0.4000000060
27609  -25.996  -65.033  20.261 0.4000000060
18213  -24.315  -74.605  16.785 0.6999999881
19249  -24.712  -73.313  15.098 0.6999999881
140750  -23.964  -73.150  13.663 0.6999999881
20209  -26.749  -72.160  16.346 0.6000000238
147021  -26.758  -71.895  17.804 0.6000000238
21273  -23.379  -70.979  11.806 0.6999999881
20224  -25.632  -72.758  15.405 0.6999999881
21245  -24.755  -72.095  13.619 0.6999999881
22372  -23.209  -70.224  11.880 0.6000000238
147619  -22.966  -69.891  11.550 0.6000000238
16255  -21.186  -76.322  16.769 0.5000000000
16278  -21.114  -76.115  16.064 0.5000000000
17217  -24.393  -75.502  17.998 0.6999999881
18135  -23.347  -74.307  20.409 0.5000000000
18153  -25.356  -74.229  18.795 0.6999999881
18192  -24.062  -75.300  17.277 0.6999999881
19160  -22.759  -73.564  20.452 0.5000000000
19200  -25.772  -73.524  18.843 0.6999999881
19219  -25.706  -73.750  17.601 0.6999999881
20159  -25.497  -72.123  19.938 0.6000000238
20182  -26.398  -72.739  18.279 0.6000000238
20208  -26.110  -72.872  16.314 0.5000000000
20270  -23.348  -72.308  11.676 0.6999999881
20283  -23.249  -72.208  11.104 0.6999999881
20292  -23.089  -72.225  10.478 0.6000000238
21159  -25.729  -71.456  19.740 0.6000000238
21298  -23.016  -71.675  10.465 0.6000000238
22238  -23.939  -71.223  21.108 0.5000000000
22293  -26.792  -70.622  17.888 0.6000000238
22383  -23.248  -69.868  11.019 0.6000000238
22394  -23.932  -70.059  10.394 0.5000000000
23384  -27.420  -69.283  15.462 0.5000000000
23432  -25.334  -69.531  10.973 0.5000000000
24463  -26.586  -68.369  12.394 0.6000000238
25440  -24.728  -67.785  20.771 0.6000000238
25459  -25.902  -67.858  19.496 0.6000000238
26558  -21.318  -66.565  19.626 0.5000000000
26623  -24.419  -65.956  13.807 0.6000000238
27659  -24.897  -65.630  16.241 0.6000000238
29875  -21.222  -63.933  13.092 0.5000000000
30899  -20.637  -62.609  13.783 0.4000000060
30906  -20.555  -62.594  13.189 0.4000000060
30913  -21.035  -62.390  12.737 0.4000000060
32897  -20.647  -60.543  13.853 0.4000000060
32910  -24.806  -60.731  13.015 0.4000000060
33867  -22.176  -59.530  13.503 0.4000000060
37580  -23.001  -55.064  14.322 0.5000000000
38490  -21.186  -54.315  15.134 0.5000000000
38511  -26.238  -54.560  13.405 0.4000000060
123022  -26.855  -72.001  17.124 0.6000000238
125941  -27.109  -68.368  14.219 0.6000000238
127470  -26.032  -72.155  19.323 0.6000000238
129572  -22.831  -72.228  20.635 0.5000000000
130196  -24.006  -65.947  20.732 0.4000000060
132617  -26.153  -58.944  12.531 0.4000000060
135240  -25.679  -70.048  19.889 0.6000000238
136391  -24.788  -74.466  19.547 0.6999999881
136960  -26.560  -68.726  17.158 0.6000000238
138283  -26.550  -72.588  16.937 0.6000000238
138877  -26.870  -58.782  12.382 0.3000000119
140646  -25.486  -65.664  20.375 0.6000000238
142200  -24.593  -56.314  13.299 0.4000000060
143444  -22.876  -65.059  12.148 0.5000000000
143475  -27.205  -70.000  16.861 0.5000000000
