#!ascii label  , from subject sub-v1s2x0051486_ses-1 vox2ras=TkReg
1023
56613  -13.013  -43.178  91.315 0.0000000000
62635  -33.195  -37.692  72.679 0.0000000000
66023  -35.845  -35.267  66.444 0.0000000000
62557  -26.604  -38.429  79.905 0.0000000000
74614  -41.329  -27.445  57.923 0.0000000000
73547  -37.332  -28.829  63.492 0.0000000000
62583  -34.705  -37.646  77.571 0.0000000000
150398  -30.800  -37.152  77.707 0.0000000000
171213  -46.127  -25.186  59.243 0.0000000000
83037  -48.252  -18.828  59.108 0.0000000000
86111  -51.320  -15.612  56.846 0.0000000000
68186  -39.922  -33.790  67.950 0.0000000000
68233  -37.231  -33.355  64.699 0.0000000000
72516  -40.877  -29.441  67.151 0.0000000000
75555  -42.769  -26.300  65.317 0.0000000000
56759  -20.217  -42.186  78.068 0.0000000000
56579  -13.422  -43.566  97.044 0.0000000000
62690  -33.717  -37.888  70.043 0.0000000000
64917  -38.442  -35.635  70.667 0.0000000000
158424  -22.270  -40.632  75.844 0.0000000000
63733  -25.171  -37.396  75.816 0.0000000000
169263  -45.320  -16.592  51.197 0.0000000000
155847  -53.039  -12.680  54.920 0.0000000000
74566  -39.236  -26.575  60.827 0.0000000000
75605  -45.122  -25.997  61.842 0.0000000000
56666  -13.801  -43.161  86.647 0.0000000000
52536  -17.224  -47.509  95.381 0.0000000000
79801  -46.467  -22.468  59.372 0.0000000000
70366  -40.685  -31.539  68.042 0.0000000000
57884  -17.750  -42.710  76.782 0.0000000000
56591  -13.529  -43.312  93.989 0.0000000000
63830  -31.653  -37.601  69.240 0.0000000000
62661  -33.660  -38.084  71.076 0.0000000000
173876  -24.390  -40.944  77.411 0.0000000000
60321  -24.197  -40.395  75.164 0.0000000000
63712  -26.142  -37.547  78.523 0.0000000000
63747  -31.685  -37.138  75.282 0.0000000000
64857  -29.386  -36.074  75.434 0.0000000000
64892  -30.996  -36.774  73.061 0.0000000000
59008  -25.627  -40.429  80.956 0.0000000000
59048  -23.495  -40.859  78.756 0.0000000000
82049  -41.805  -21.148  55.107 0.0000000000
85179  -44.315  -17.650  53.000 0.0000000000
88052  -51.968  -14.257  55.348 0.0000000000
70406  -37.052  -31.260  64.509 0.0000000000
74533  -38.363  -27.223  63.020 0.0000000000
76631  -43.824  -25.473  64.153 0.0000000000
58973  -15.870  -41.346  81.921 0.0000000000
58949  -15.364  -41.012  84.913 0.0000000000
58931  -14.327  -41.007  87.736 0.0000000000
56680  -14.045  -42.802  84.814 0.0000000000
154228  -17.352  -47.823  91.832 0.0000000000
62612  -34.100  -37.662  74.949 0.0000000000
153420  -34.977  -38.573  72.916 0.0000000000
159337  -36.199  -39.002  74.795 0.0000000000
64785  -29.083  -36.352  82.056 0.0000000000
64818  -28.905  -36.372  79.527 0.0000000000
63707  -31.436  -37.086  79.620 0.0000000000
63725  -33.021  -37.281  77.205 0.0000000000
163971  -44.166  -26.384  58.696 0.0000000000
170644  -43.816  -24.731  57.716 0.0000000000
80932  -44.565  -21.527  57.679 0.0000000000
83063  -45.048  -18.992  56.854 0.0000000000
85157  -45.812  -17.573  55.503 0.0000000000
178077  -49.898  -16.875  57.855 0.0000000000
66026  -38.181  -35.043  67.061 0.0000000000
152022  -36.764  -34.702  64.977 0.0000000000
155010  -38.768  -33.482  66.384 0.0000000000
70380  -38.745  -31.655  66.228 0.0000000000
72537  -39.216  -29.357  65.656 0.0000000000
74511  -39.984  -27.735  65.053 0.0000000000
74503  -41.983  -27.512  66.538 0.0000000000
57837  -18.565  -42.102  80.108 0.0000000000
59024  -16.811  -41.898  79.464 0.0000000000
91920  -50.016  -10.750  50.533 0.0000000000
54635  -10.627  -45.165  97.929 0.0000000000
63862  -32.048  -36.779  67.531 0.0000000000
64942  -34.742  -36.243  68.429 0.0000000000
62663  -35.478  -38.351  71.626 0.0000000000
63835  -36.415  -36.879  69.970 0.0000000000
64945  -37.333  -35.827  68.799 0.0000000000
153220  -39.115  -34.577  68.783 0.0000000000
64837  -28.015  -36.243  77.749 0.0000000000
57856  -21.253  -41.704  79.771 0.0000000000
59085  -20.431  -41.418  76.592 0.0000000000
86131  -47.091  -16.145  54.040 0.0000000000
88062  -48.267  -14.115  52.904 0.0000000000
89986  -48.745  -12.624  52.165 0.0000000000
91902  -53.212  -10.011  53.987 0.0000000000
55650  -14.778  -45.040  88.734 0.0000000000
55632  -15.341  -45.610  90.579 0.0000000000
74586  -41.304  -26.959  59.165 0.0000000000
75589  -41.492  -26.314  63.380 0.0000000000
153060  -42.031  -26.091  61.714 0.0000000000
74588  -43.292  -26.604  59.432 0.0000000000
74591  -45.632  -26.502  60.310 0.0000000000
56639  -13.520  -43.421  89.272 0.0000000000
162352  -15.731  -45.592  92.288 0.0000000000
55606  -16.045  -45.075  96.145 0.0000000000
53616  -12.897  -46.419  97.094 0.0000000000
56602  -13.273  -43.401  92.254 0.0000000000
172553  -32.179  -37.312  71.720 0.0000000000
62659  -32.565  -37.722  70.607 0.0000000000
62646  -32.984  -37.729  71.766 0.0000000000
60270  -25.492  -40.127  78.748 0.0000000000
61477  -25.520  -39.534  78.137 0.0000000000
62556  -26.280  -38.520  79.125 0.0000000000
163943  -32.351  -37.187  74.740 0.0000000000
176711  -31.625  -37.069  74.590 0.0000000000
63769  -31.829  -36.969  73.177 0.0000000000
63781  -31.417  -36.912  72.205 0.0000000000
62539  -27.574  -37.751  81.798 0.0000000000
61451  -27.350  -38.967  82.253 0.0000000000
60258  -26.485  -39.461  80.758 0.0000000000
59051  -25.387  -40.412  79.371 0.0000000000
84168  -43.754  -18.253  53.380 0.0000000000
153357  -33.793  -35.351  66.717 0.0000000000
66039  -35.063  -34.947  65.530 0.0000000000
174849  -37.025  -30.230  64.275 0.0000000000
71485  -36.614  -30.266  63.170 0.0000000000
73548  -37.833  -28.003  63.296 0.0000000000
58972  -15.342  -41.610  82.518 0.0000000000
58960  -15.438  -41.131  84.012 0.0000000000
57801  -14.908  -41.786  83.126 0.0000000000
58948  -14.535  -41.385  85.099 0.0000000000
57791  -14.666  -42.446  83.217 0.0000000000
62598  -34.363  -37.624  75.790 0.0000000000
62613  -34.820  -38.001  75.104 0.0000000000
61503  -36.081  -38.547  76.199 0.0000000000
63672  -30.726  -36.560  82.165 0.0000000000
64802  -29.928  -36.506  80.835 0.0000000000
175517  -31.902  -36.996  81.068 0.0000000000
62569  -34.631  -37.722  78.570 0.0000000000
62568  -33.691  -37.368  78.681 0.0000000000
62582  -33.927  -37.334  77.333 0.0000000000
63738  -33.701  -37.336  76.519 0.0000000000
75664  -45.045  -26.155  58.897 0.0000000000
76700  -44.123  -25.609  57.950 0.0000000000
77699  -45.304  -24.610  58.518 0.0000000000
82009  -47.667  -20.471  59.719 0.0000000000
80934  -45.913  -21.777  58.763 0.0000000000
82034  -46.172  -20.090  58.329 0.0000000000
82032  -44.836  -20.428  57.491 0.0000000000
83051  -46.696  -18.940  58.171 0.0000000000
84134  -47.844  -17.710  57.684 0.0000000000
84124  -49.289  -18.014  58.855 0.0000000000
68185  -39.054  -34.224  67.579 0.0000000000
155921  -38.506  -34.329  66.334 0.0000000000
162616  -39.440  -33.557  67.360 0.0000000000
71432  -40.838  -30.626  67.869 0.0000000000
70381  -39.405  -31.609  66.883 0.0000000000
71460  -39.764  -30.486  66.785 0.0000000000
178529  -38.929  -29.973  65.767 0.0000000000
72529  -40.192  -29.595  66.633 0.0000000000
173261  -40.826  -28.416  66.252 0.0000000000
73512  -41.522  -28.932  67.383 0.0000000000
56737  -20.716  -42.296  79.586 0.0000000000
56724  -20.331  -42.563  80.508 0.0000000000
57855  -19.523  -42.395  78.886 0.0000000000
159150  -17.405  -41.933  78.628 0.0000000000
92890  -51.877  -9.363  51.349 0.0000000000
92900  -52.892  -8.929  50.351 0.0000000000
55595  -12.296  -44.299  97.608 0.0000000000
63831  -32.674  -37.645  69.492 0.0000000000
150346  -31.892  -37.450  68.736 0.0000000000
63832  -33.482  -37.384  69.155 0.0000000000
63849  -33.423  -36.859  68.488 0.0000000000
63850  -34.175  -36.880  68.791 0.0000000000
61543  -35.854  -38.720  73.328 0.0000000000
61578  -35.300  -38.541  72.037 0.0000000000
161696  -35.811  -38.447  72.316 0.0000000000
63819  -37.886  -36.253  71.329 0.0000000000
63818  -37.170  -36.661  71.057 0.0000000000
64916  -37.650  -35.960  70.480 0.0000000000
64928  -36.834  -36.258  69.473 0.0000000000
64930  -38.221  -35.446  69.809 0.0000000000
65997  -38.515  -34.879  68.315 0.0000000000
64931  -38.965  -35.094  70.024 0.0000000000
61497  -24.766  -39.133  76.341 0.0000000000
63713  -29.417  -36.540  78.602 0.0000000000
155396  -28.405  -36.340  78.616 0.0000000000
64838  -28.980  -36.371  77.820 0.0000000000
64856  -28.619  -35.705  75.660 0.0000000000
59006  -23.224  -40.519  80.783 0.0000000000
59067  -22.452  -40.845  77.506 0.0000000000
149514  -21.587  -40.908  78.065 0.0000000000
60298  -21.577  -40.718  76.279 0.0000000000
59103  -20.247  -41.583  75.614 0.0000000000
85161  -48.807  -16.458  56.093 0.0000000000
86124  -46.795  -16.606  54.733 0.0000000000
86114  -48.668  -16.229  55.442 0.0000000000
88993  -52.698  -13.323  55.052 0.0000000000
88058  -50.086  -14.256  54.142 0.0000000000
88998  -50.404  -13.412  53.787 0.0000000000
89002  -48.285  -13.333  52.334 0.0000000000
89981  -50.610  -12.589  53.427 0.0000000000
90968  -51.241  -11.223  53.046 0.0000000000
90959  -53.080  -10.892  54.254 0.0000000000
67200  -36.999  -34.110  64.661 0.0000000000
164062  -36.252  -34.562  64.234 0.0000000000
170384  -39.281  -27.882  59.047 0.0000000000
75640  -40.053  -26.612  60.279 0.0000000000
74513  -41.500  -27.205  65.436 0.0000000000
75572  -40.910  -26.720  63.970 0.0000000000
75573  -41.750  -26.485  64.203 0.0000000000
76652  -44.539  -25.519  62.564 0.0000000000
76640  -42.834  -25.671  62.939 0.0000000000
75622  -43.846  -26.277  60.992 0.0000000000
75642  -42.631  -26.565  60.046 0.0000000000
75644  -44.486  -26.570  60.379 0.0000000000
74590  -44.894  -26.567  60.021 0.0000000000
74567  -45.286  -26.542  60.608 0.0000000000
177610  -13.811  -41.781  86.935 0.0000000000
178774  -13.406  -41.887  88.425 0.0000000000
57742  -13.169  -41.903  89.364 0.0000000000
56660  -13.718  -43.312  87.539 0.0000000000
159145  -14.197  -44.193  88.083 0.0000000000
56667  -14.309  -43.956  86.195 0.0000000000
161722  -16.477  -46.942  89.765 0.0000000000
55625  -15.539  -45.620  91.529 0.0000000000
54675  -16.395  -46.775  90.506 0.0000000000
53635  -17.410  -47.550  93.461 0.0000000000
54658  -16.936  -46.310  94.116 0.0000000000
170011  -16.886  -46.264  96.027 0.0000000000
54643  -13.859  -45.631  97.214 0.0000000000
53619  -15.059  -46.425  97.005 0.0000000000
63699  -32.525  -37.180  80.638 0.0000000000
78750  -47.622  -23.997  60.170 0.0000000000
78758  -46.310  -23.433  59.280 0.0000000000
79785  -47.743  -22.423  60.056 0.0000000000
69262  -40.051  -33.094  67.736 0.0000000000
57877  -19.514  -42.226  77.059 0.0000000000
57876  -18.631  -42.283  77.270 0.0000000000
57688  -12.847  -42.747  95.390 0.0000000000
57689  -13.750  -43.210  95.821 0.0000000000
176140  -31.413  -37.600  69.677 0.0000000000
63814  -32.328  -37.751  70.067 0.0000000000
62677  -33.688  -38.033  70.699 0.0000000000
64932  -39.753  -34.854  70.219 0.0000000000
60300  -23.182  -40.826  75.971 0.0000000000
60320  -23.748  -40.691  75.283 0.0000000000
60301  -24.431  -40.661  76.240 0.0000000000
61489  -25.110  -39.455  77.293 0.0000000000
63720  -25.252  -37.609  76.782 0.0000000000
63723  -31.199  -37.211  76.978 0.0000000000
64847  -29.941  -36.589  76.378 0.0000000000
64859  -31.034  -37.032  75.665 0.0000000000
152378  -29.969  -36.368  74.819 0.0000000000
64904  -29.568  -36.410  71.530 0.0000000000
57843  -25.391  -40.508  81.593 0.0000000000
59007  -24.357  -40.593  80.386 0.0000000000
59028  -24.547  -40.702  79.693 0.0000000000
156344  -24.216  -40.977  78.104 0.0000000000
78771  -41.513  -22.910  56.061 0.0000000000
85182  -44.321  -17.823  51.955 0.0000000000
170497  -54.572  -15.187  57.153 0.0000000000
87075  -51.590  -14.983  55.987 0.0000000000
169297  -37.123  -32.185  64.629 0.0000000000
148188  -37.977  -27.524  61.294 0.0000000000
75600  -39.259  -26.506  61.921 0.0000000000
75556  -43.583  -25.937  65.534 0.0000000000
165703  -43.346  -25.867  64.687 0.0000000000
75575  -44.122  -25.513  64.825 0.0000000000
158512  -16.608  -41.150  82.580 0.0000000000
58968  -16.244  -41.034  83.496 0.0000000000
58933  -15.922  -40.766  87.017 0.0000000000
153996  -15.007  -40.801  86.467 0.0000000000
58938  -14.329  -41.317  85.943 0.0000000000
56673  -13.887  -42.967  85.724 0.0000000000
56674  -14.362  -43.781  85.248 0.0000000000
56681  -14.469  -43.589  84.349 0.0000000000
62624  -33.831  -37.749  73.993 0.0000000000
62636  -33.796  -38.093  73.053 0.0000000000
62625  -34.681  -38.192  74.310 0.0000000000
148935  -35.290  -38.620  73.752 0.0000000000
63683  -27.936  -36.827  81.644 0.0000000000
63695  -27.527  -36.665  80.311 0.0000000000
64801  -28.981  -36.307  80.600 0.0000000000
64819  -29.806  -36.615  79.966 0.0000000000
162168  -31.191  -37.128  78.957 0.0000000000
63708  -32.351  -37.150  79.825 0.0000000000
63716  -32.109  -37.187  78.921 0.0000000000
173887  -31.565  -37.283  77.586 0.0000000000
63737  -32.751  -37.294  76.381 0.0000000000
63760  -33.224  -37.342  74.837 0.0000000000
64774  -28.895  -36.529  82.860 0.0000000000
74616  -43.317  -26.565  58.648 0.0000000000
74624  -41.721  -27.209  57.548 0.0000000000
162561  -43.081  -26.497  57.869 0.0000000000
76698  -42.662  -25.877  57.403 0.0000000000
77705  -42.038  -23.907  57.050 0.0000000000
159391  -44.985  -23.077  58.190 0.0000000000
78764  -43.486  -23.213  57.531 0.0000000000
79816  -42.489  -22.459  56.852 0.0000000000
80952  -43.272  -21.217  56.761 0.0000000000
83061  -43.646  -19.720  56.152 0.0000000000
84151  -43.885  -19.017  55.733 0.0000000000
84159  -44.583  -17.946  54.774 0.0000000000
153425  -45.485  -18.369  56.416 0.0000000000
85152  -47.735  -17.320  56.907 0.0000000000
85154  -49.768  -16.557  57.183 0.0000000000
153606  -52.195  -17.427  59.249 0.0000000000
86099  -53.106  -16.044  57.700 0.0000000000
66009  -37.587  -35.368  67.183 0.0000000000
66040  -36.317  -35.063  65.565 0.0000000000
67167  -37.951  -34.829  65.834 0.0000000000
67185  -38.197  -34.438  65.862 0.0000000000
68217  -37.866  -33.834  65.369 0.0000000000
69261  -39.499  -32.751  67.149 0.0000000000
69271  -38.874  -32.618  66.469 0.0000000000
155360  -38.249  -32.182  65.801 0.0000000000
152644  -38.274  -31.213  65.675 0.0000000000
71475  -37.819  -29.874  64.930 0.0000000000
72544  -38.158  -29.230  64.787 0.0000000000
73537  -39.155  -28.126  64.664 0.0000000000
73531  -39.703  -28.596  65.512 0.0000000000
177765  -41.141  -27.645  65.752 0.0000000000
74514  -42.223  -26.961  65.869 0.0000000000
74504  -43.107  -26.657  67.057 0.0000000000
75538  -43.737  -25.994  66.415 0.0000000000
57819  -18.639  -42.083  81.023 0.0000000000
57866  -18.503  -42.083  78.174 0.0000000000
57853  -17.564  -41.780  79.620 0.0000000000
58985  -16.862  -41.447  80.918 0.0000000000
59003  -16.145  -41.700  80.621 0.0000000000
64957  -33.415  -35.840  67.364 0.0000000000
66007  -35.477  -35.535  67.370 0.0000000000
61559  -34.466  -38.523  72.216 0.0000000000
61589  -34.137  -38.348  71.191 0.0000000000
62679  -35.052  -38.210  70.879 0.0000000000
62680  -35.959  -37.876  71.037 0.0000000000
151606  -35.022  -37.480  69.780 0.0000000000
64927  -36.033  -36.586  69.323 0.0000000000
64944  -36.516  -36.102  68.719 0.0000000000
66008  -36.516  -35.529  67.237 0.0000000000
66010  -38.219  -35.075  67.580 0.0000000000
66011  -38.649  -34.618  67.542 0.0000000000
67156  -39.739  -34.106  68.178 0.0000000000
65986  -40.266  -34.465  69.602 0.0000000000
177044  -40.322  -34.223  69.110 0.0000000000
63703  -26.828  -36.783  79.013 0.0000000000
64830  -26.518  -36.639  78.115 0.0000000000
64835  -26.272  -36.434  77.197 0.0000000000
166224  -29.135  -36.121  76.264 0.0000000000
64845  -26.965  -35.664  76.084 0.0000000000
170337  -21.090  -42.171  80.367 0.0000000000
56749  -20.600  -42.170  78.886 0.0000000000
151466  -22.589  -40.715  79.387 0.0000000000
59045  -21.087  -41.419  78.400 0.0000000000
57878  -20.195  -41.866  77.340 0.0000000000
57887  -19.748  -41.972  76.239 0.0000000000
85167  -44.407  -17.722  53.975 0.0000000000
86129  -45.660  -16.634  53.431 0.0000000000
86135  -45.617  -16.409  52.620 0.0000000000
87084  -49.618  -15.404  54.830 0.0000000000
87088  -47.593  -15.593  53.663 0.0000000000
152833  -46.071  -15.470  51.885 0.0000000000
87095  -46.162  -14.847  51.197 0.0000000000
89009  -46.813  -13.582  50.566 0.0000000000
89010  -47.340  -13.053  50.102 0.0000000000
90971  -49.406  -11.221  50.971 0.0000000000
91911  -50.879  -10.677  52.005 0.0000000000
56640  -14.008  -44.132  89.938 0.0000000000
56625  -14.350  -44.293  90.888 0.0000000000
167438  -15.072  -45.453  89.652 0.0000000000
67183  -35.777  -34.847  64.772 0.0000000000
74602  -41.701  -27.121  58.480 0.0000000000
74522  -39.530  -27.349  64.262 0.0000000000
75587  -39.658  -26.565  62.933 0.0000000000
75601  -40.315  -26.347  62.229 0.0000000000
75590  -42.332  -26.078  63.589 0.0000000000
75602  -41.267  -26.215  62.479 0.0000000000
75620  -41.079  -26.235  61.517 0.0000000000
167433  -41.678  -26.650  59.927 0.0000000000
74587  -42.313  -26.763  59.209 0.0000000000
74603  -42.813  -26.687  58.799 0.0000000000
74604  -43.753  -26.557  59.184 0.0000000000
74618  -44.745  -26.397  59.257 0.0000000000
75665  -45.721  -26.053  59.286 0.0000000000
57723  -12.537  -42.411  91.222 0.0000000000
57732  -12.627  -41.966  90.620 0.0000000000
170263  -13.387  -43.368  89.966 0.0000000000
153888  -14.143  -44.165  88.994 0.0000000000
55657  -14.764  -44.974  87.692 0.0000000000
56615  -14.610  -44.422  91.730 0.0000000000
55619  -15.236  -44.603  92.944 0.0000000000
56593  -15.130  -44.000  94.774 0.0000000000
54663  -16.580  -46.704  92.365 0.0000000000
154642  -16.291  -45.072  94.071 0.0000000000
56581  -14.785  -44.326  96.852 0.0000000000
54638  -13.368  -45.018  97.357 0.0000000000
170082  -11.560  -45.980  97.279 0.0000000000
52534  -15.396  -47.629  96.271 0.0000000000
168861  -12.812  -46.963  96.867 0.0000000000
57714  -12.477  -42.709  91.983 0.0000000000
63782  -32.410  -37.294  72.474 0.0000000000
61466  -26.296  -39.255  79.622 0.0000000000
61478  -25.940  -39.409  78.900 0.0000000000
63770  -32.646  -37.317  73.311 0.0000000000
63758  -32.089  -37.130  73.992 0.0000000000
62549  -27.102  -38.087  81.147 0.0000000000
61456  -26.824  -38.907  81.126 0.0000000000
61467  -26.560  -39.076  80.357 0.0000000000
60271  -25.884  -39.943  79.452 0.0000000000
84167  -43.122  -18.942  53.762 0.0000000000
66022  -34.762  -35.230  66.614 0.0000000000
72543  -37.520  -29.342  64.258 0.0000000000
72552  -36.942  -29.547  63.623 0.0000000000
57802  -15.009  -42.215  82.445 0.0000000000
57790  -14.589  -41.905  83.795 0.0000000000
161047  -34.592  -37.630  76.657 0.0000000000
61502  -35.282  -38.123  75.809 0.0000000000
62599  -35.418  -38.002  76.887 0.0000000000
63685  -31.726  -36.905  81.786 0.0000000000
63684  -30.929  -36.813  81.164 0.0000000000
173034  -34.080  -37.408  78.038 0.0000000000
64775  -31.585  -36.706  82.760 0.0000000000
76691  -45.523  -25.818  58.971 0.0000000000
76701  -45.019  -25.592  58.441 0.0000000000
157208  -45.697  -25.282  58.944 0.0000000000
83027  -47.911  -19.618  59.423 0.0000000000
82019  -46.536  -20.391  58.831 0.0000000000
82020  -47.137  -19.965  59.155 0.0000000000
83035  -46.647  -19.633  58.521 0.0000000000
83036  -47.374  -19.050  58.726 0.0000000000
84123  -47.987  -18.269  58.435 0.0000000000
175621  -39.308  -33.994  67.535 0.0000000000
71447  -40.991  -29.965  67.655 0.0000000000
71446  -40.444  -30.176  67.284 0.0000000000
174993  -40.629  -29.151  66.679 0.0000000000
56748  -20.296  -42.390  78.813 0.0000000000
56736  -20.325  -42.521  79.630 0.0000000000
92891  -52.595  -8.818  51.179 0.0000000000
92899  -52.047  -9.311  50.499 0.0000000000
93814  -53.428  -8.444  51.013 0.0000000000
57679  -12.932  -42.927  96.865 0.0000000000
56573  -12.680  -43.375  97.280 0.0000000000
56572  -12.137  -43.648  97.631 0.0000000000
159273  -12.712  -43.977  97.444 0.0000000000
63833  -34.345  -37.455  69.521 0.0000000000
61560  -35.965  -38.579  72.856 0.0000000000
61579  -36.355  -38.436  72.846 0.0000000000
64929  -37.521  -35.839  69.629 0.0000000000
60318  -21.606  -40.699  75.352 0.0000000000
60319  -22.643  -40.561  74.957 0.0000000000
64839  -29.921  -36.735  77.802 0.0000000000
60299  -22.404  -40.776  76.615 0.0000000000
59104  -20.852  -40.964  75.906 0.0000000000
86109  -49.582  -16.279  56.411 0.0000000000
86116  -50.147  -15.770  56.044 0.0000000000
88059  -50.950  -13.861  54.363 0.0000000000
160063  -51.349  -13.115  54.222 0.0000000000
89983  -52.212  -12.578  54.490 0.0000000000
149861  -52.015  -11.580  53.920 0.0000000000
89971  -52.895  -11.802  54.518 0.0000000000
68232  -36.778  -33.584  64.172 0.0000000000
74584  -38.583  -27.135  60.566 0.0000000000
74585  -39.277  -26.980  59.995 0.0000000000
75554  -41.999  -26.668  65.017 0.0000000000
75604  -44.169  -25.800  61.788 0.0000000000
75623  -44.782  -26.404  61.124 0.0000000000
57763  -13.635  -42.378  87.125 0.0000000000
57762  -13.753  -41.621  87.436 0.0000000000
57752  -13.461  -42.357  87.953 0.0000000000
53628  -17.337  -47.288  94.757 0.0000000000
53632  -17.252  -47.129  94.153 0.0000000000
53624  -16.936  -46.883  96.080 0.0000000000
52525  -15.722  -46.399  96.639 0.0000000000
52524  -15.388  -46.949  96.612 0.0000000000
69251  -41.078  -32.898  68.788 0.0000000000
57885  -18.687  -42.562  76.413 0.0000000000
176593  -13.134  -42.961  94.279 0.0000000000
153680  -12.640  -42.728  94.554 0.0000000000
57695  -13.565  -43.168  94.832 0.0000000000
57683  -12.985  -42.805  96.256 0.0000000000
63795  -31.645  -37.554  70.364 0.0000000000
62660  -33.107  -37.842  71.048 0.0000000000
62676  -33.125  -37.845  70.613 0.0000000000
62689  -33.107  -37.849  70.240 0.0000000000
59068  -24.030  -41.152  77.158 0.0000000000
59088  -23.940  -41.107  76.289 0.0000000000
59090  -24.572  -40.709  77.168 0.0000000000
62566  -25.812  -38.646  78.361 0.0000000000
178676  -25.434  -38.829  77.689 0.0000000000
62580  -25.118  -38.499  76.964 0.0000000000
62581  -25.535  -37.996  77.680 0.0000000000
63736  -31.709  -37.233  76.178 0.0000000000
63735  -30.729  -36.993  76.311 0.0000000000
64883  -31.147  -36.904  73.937 0.0000000000
64871  -30.398  -36.549  74.231 0.0000000000
64870  -29.611  -36.081  73.958 0.0000000000
64882  -30.335  -36.472  73.446 0.0000000000
64891  -30.223  -36.487  72.403 0.0000000000
63780  -30.462  -36.786  71.383 0.0000000000
60244  -27.043  -39.206  81.810 0.0000000000
60232  -27.211  -39.408  82.497 0.0000000000
60231  -26.812  -39.765  82.022 0.0000000000
58989  -25.858  -40.495  81.931 0.0000000000
57857  -24.883  -40.662  80.157 0.0000000000
59029  -25.197  -40.588  79.980 0.0000000000
59069  -24.655  -40.737  77.995 0.0000000000
167480  -24.653  -40.769  78.653 0.0000000000
80950  -41.807  -21.690  55.719 0.0000000000
70422  -36.676  -31.872  63.817 0.0000000000
73560  -37.787  -27.701  62.343 0.0000000000
74548  -38.343  -26.923  62.118 0.0000000000
75557  -44.523  -25.516  65.695 0.0000000000
76642  -45.522  -25.324  63.601 0.0000000000
58961  -16.245  -40.921  84.509 0.0000000000
151548  -15.645  -40.862  85.512 0.0000000000
58939  -15.080  -40.946  85.663 0.0000000000
57781  -14.270  -41.971  84.533 0.0000000000
57773  -14.008  -42.015  85.371 0.0000000000
61529  -35.488  -38.557  74.728 0.0000000000
61530  -35.967  -38.973  74.167 0.0000000000
149165  -28.599  -36.381  81.476 0.0000000000
64800  -28.074  -36.454  80.895 0.0000000000
155976  -29.288  -36.344  81.339 0.0000000000
63697  -30.704  -36.906  80.234 0.0000000000
63706  -30.553  -37.001  79.427 0.0000000000
62550  -33.205  -37.430  80.154 0.0000000000
62567  -33.336  -37.241  77.965 0.0000000000
175802  -32.913  -37.215  78.565 0.0000000000
63724  -32.352  -37.264  77.941 0.0000000000
154794  -32.096  -37.329  77.048 0.0000000000
63749  -33.463  -37.342  75.684 0.0000000000
151008  -29.741  -36.345  82.568 0.0000000000
63670  -28.405  -36.676  82.221 0.0000000000
74625  -42.628  -26.779  58.079 0.0000000000
75673  -43.419  -26.500  58.360 0.0000000000
76699  -43.455  -25.991  57.743 0.0000000000
77707  -43.249  -25.228  57.550 0.0000000000
77706  -42.338  -24.894  57.159 0.0000000000
154400  -43.013  -24.135  57.486 0.0000000000
78757  -45.543  -23.533  58.658 0.0000000000
79810  -45.929  -22.748  58.897 0.0000000000
80933  -45.218  -21.884  58.175 0.0000000000
79808  -44.754  -22.415  57.960 0.0000000000
79818  -43.877  -22.337  57.554 0.0000000000
79817  -43.127  -22.635  57.251 0.0000000000
80943  -43.159  -21.965  57.051 0.0000000000
154599  -43.785  -21.584  57.263 0.0000000000
83048  -44.768  -19.664  57.058 0.0000000000
82041  -44.170  -20.045  56.870 0.0000000000
83062  -44.380  -19.326  56.505 0.0000000000
84143  -44.720  -18.657  56.091 0.0000000000
84145  -47.051  -17.793  57.237 0.0000000000
85138  -48.465  -17.232  57.261 0.0000000000
85153  -49.003  -16.746  56.820 0.0000000000
176257  -53.307  -16.329  58.090 0.0000000000
66025  -37.829  -35.107  66.282 0.0000000000
68198  -38.444  -33.773  65.972 0.0000000000
69284  -38.370  -33.182  65.860 0.0000000000
69250  -40.612  -32.529  68.176 0.0000000000
70365  -40.072  -32.097  67.582 0.0000000000
70393  -37.649  -31.709  65.178 0.0000000000
71468  -38.366  -30.338  65.504 0.0000000000
168867  -38.536  -29.590  65.317 0.0000000000
72536  -38.808  -28.885  65.064 0.0000000000
74501  -41.281  -28.013  66.290 0.0000000000
73532  -40.583  -28.099  65.765 0.0000000000
74502  -41.617  -27.462  65.991 0.0000000000
74494  -42.970  -27.151  67.762 0.0000000000
149000  -43.374  -26.636  67.735 0.0000000000
56723  -19.517  -42.483  80.700 0.0000000000
56710  -19.528  -42.503  81.567 0.0000000000
57875  -17.639  -42.249  77.649 0.0000000000
57836  -17.682  -41.697  80.519 0.0000000000
59004  -16.843  -41.663  80.163 0.0000000000
59023  -16.378  -41.900  80.016 0.0000000000
54642  -10.238  -45.701  97.713 0.0000000000
150465  -31.694  -37.208  68.049 0.0000000000
64941  -33.853  -36.252  68.146 0.0000000000
66006  -34.454  -35.658  67.606 0.0000000000
65993  -35.263  -35.841  68.065 0.0000000000
61542  -34.285  -38.429  72.721 0.0000000000
61577  -34.620  -38.515  71.748 0.0000000000
62662  -34.745  -38.453  71.368 0.0000000000
62678  -34.277  -38.214  70.776 0.0000000000
63817  -36.559  -37.104  70.723 0.0000000000
173020  -35.988  -37.329  70.407 0.0000000000
63816  -35.378  -37.708  70.346 0.0000000000
63834  -35.666  -37.168  69.822 0.0000000000
65994  -36.081  -35.837  68.028 0.0000000000
65995  -37.035  -35.753  67.999 0.0000000000
65996  -37.818  -35.408  68.115 0.0000000000
66012  -39.166  -34.409  68.180 0.0000000000
65998  -39.805  -34.345  68.837 0.0000000000
64919  -40.037  -35.171  71.053 0.0000000000
64933  -40.499  -34.724  70.486 0.0000000000
67151  -40.809  -34.000  69.192 0.0000000000
60337  -23.961  -40.332  74.224 0.0000000000
64817  -28.240  -36.325  80.160 0.0000000000
63704  -27.054  -36.875  79.755 0.0000000000
150471  -27.729  -36.392  79.436 0.0000000000
64831  -27.418  -36.386  78.447 0.0000000000
64836  -27.098  -36.244  77.574 0.0000000000
175100  -29.677  -36.374  75.935 0.0000000000
57839  -21.438  -41.586  80.633 0.0000000000
56738  -20.888  -42.160  79.515 0.0000000000
59027  -23.682  -40.664  79.725 0.0000000000
59065  -20.856  -41.284  77.545 0.0000000000
57868  -20.601  -41.895  78.243 0.0000000000
85168  -45.302  -17.471  54.722 0.0000000000
86125  -47.548  -16.341  54.736 0.0000000000
85176  -45.880  -16.840  54.328 0.0000000000
171688  -46.368  -16.477  53.982 0.0000000000
86130  -46.263  -16.206  53.335 0.0000000000
88045  -52.071  -14.552  55.764 0.0000000000
87085  -50.443  -15.121  55.076 0.0000000000
88056  -48.622  -14.755  53.593 0.0000000000
87090  -49.286  -14.990  54.198 0.0000000000
152691  -47.916  -14.941  53.259 0.0000000000
87093  -47.157  -15.213  52.869 0.0000000000
87092  -46.627  -14.883  52.094 0.0000000000
87094  -47.353  -14.450  52.463 0.0000000000
89001  -47.571  -13.609  52.014 0.0000000000
89007  -47.930  -12.901  51.604 0.0000000000
89991  -47.735  -12.677  50.764 0.0000000000
89992  -48.307  -12.243  51.118 0.0000000000
89993  -48.983  -11.813  51.518 0.0000000000
90957  -51.993  -10.725  53.373 0.0000000000
91912  -51.563  -10.370  52.507 0.0000000000
91913  -52.206  -9.948  52.858 0.0000000000
92881  -51.863  -9.721  52.095 0.0000000000
92872  -52.875  -9.546  53.179 0.0000000000
167232  -14.545  -44.771  89.528 0.0000000000
74600  -40.121  -27.163  59.318 0.0000000000
74601  -40.845  -27.360  58.637 0.0000000000
74521  -38.665  -27.647  63.860 0.0000000000
74535  -40.000  -26.808  63.769 0.0000000000
75588  -40.590  -26.466  63.164 0.0000000000
75574  -42.564  -26.176  64.444 0.0000000000
75591  -43.201  -25.684  63.736 0.0000000000
75603  -43.055  -25.743  61.893 0.0000000000
148961  -42.143  -25.994  62.695 0.0000000000
75641  -40.932  -26.430  60.595 0.0000000000
165040  -41.869  -26.347  60.787 0.0000000000
75643  -43.587  -26.555  60.198 0.0000000000
74605  -44.477  -26.506  59.524 0.0000000000
161307  -45.193  -26.478  59.791 0.0000000000
75654  -45.506  -26.284  59.508 0.0000000000
56651  -13.291  -42.455  88.824 0.0000000000
153362  -12.952  -41.921  89.999 0.0000000000
56638  -13.160  -42.660  89.629 0.0000000000
56623  -12.925  -42.788  90.451 0.0000000000
55664  -14.775  -44.894  86.725 0.0000000000
55642  -14.656  -44.956  90.314 0.0000000000
55631  -14.931  -45.041  91.218 0.0000000000
55624  -15.222  -45.042  92.157 0.0000000000
55620  -15.774  -45.175  92.863 0.0000000000
158997  -15.082  -44.082  93.761 0.0000000000
55615  -15.755  -44.772  93.546 0.0000000000
54669  -16.895  -47.267  91.660 0.0000000000
54654  -16.514  -45.508  95.635 0.0000000000
55616  -16.537  -45.711  93.678 0.0000000000
176531  -16.436  -45.195  94.542 0.0000000000
55613  -16.148  -44.905  94.762 0.0000000000
55605  -15.360  -44.740  96.511 0.0000000000
55597  -13.577  -44.563  97.295 0.0000000000
55601  -14.153  -44.929  97.219 0.0000000000
53617  -13.558  -46.235  97.128 0.0000000000
53611  -13.089  -45.648  97.253 0.0000000000
53610  -12.269  -45.786  97.256 0.0000000000
52533  -14.141  -47.512  96.362 0.0000000000
56597  -13.297  -43.330  93.184 0.0000000000
63796  -32.363  -37.590  71.078 0.0000000000
61557  -33.556  -38.086  71.470 0.0000000000
60284  -25.033  -40.296  77.845 0.0000000000
62531  -27.848  -37.797  82.470 0.0000000000
156882  -27.569  -38.453  82.370 0.0000000000
59009  -26.189  -39.975  80.781 0.0000000000
59030  -25.738  -40.225  80.068 0.0000000000
60257  -26.231  -39.729  80.139 0.0000000000
167543  -42.103  -20.563  54.812 0.0000000000
70423  -36.642  -30.953  63.808 0.0000000000
71484  -36.527  -31.275  63.084 0.0000000000
73559  -37.348  -28.560  62.603 0.0000000000
155614  -15.808  -41.206  82.724 0.0000000000
58967  -15.372  -41.312  83.236 0.0000000000
58966  -14.977  -41.491  83.690 0.0000000000
58959  -14.780  -41.432  84.321 0.0000000000
56687  -14.373  -42.635  84.006 0.0000000000
56688  -14.643  -43.397  83.485 0.0000000000
168890  -35.970  -38.706  75.369 0.0000000000
64786  -29.933  -36.408  81.694 0.0000000000
63698  -31.648  -37.025  80.411 0.0000000000
62558  -33.061  -37.289  79.293 0.0000000000
163281  -43.846  -26.293  58.177 0.0000000000
75674  -44.499  -26.118  58.393 0.0000000000
77708  -44.577  -24.752  57.994 0.0000000000
80921  -46.693  -21.629  59.405 0.0000000000
152395  -46.411  -21.083  58.991 0.0000000000
82018  -45.996  -20.784  58.497 0.0000000000
80944  -45.374  -21.115  58.088 0.0000000000
82031  -44.039  -20.884  57.098 0.0000000000
82033  -45.627  -20.230  57.961 0.0000000000
83050  -46.079  -19.389  57.873 0.0000000000
83064  -45.762  -18.774  57.151 0.0000000000
84133  -47.209  -18.335  57.994 0.0000000000
84135  -48.706  -17.674  58.141 0.0000000000
85130  -49.606  -17.410  58.310 0.0000000000
67169  -38.626  -34.394  66.911 0.0000000000
177529  -38.903  -34.123  67.225 0.0000000000
68199  -38.870  -33.945  66.813 0.0000000000
69272  -39.095  -33.341  66.832 0.0000000000
71445  -40.162  -31.061  67.450 0.0000000000
71459  -39.005  -30.725  66.148 0.0000000000
167448  -39.483  -29.885  66.186 0.0000000000
72528  -39.808  -29.253  66.041 0.0000000000
73523  -40.394  -28.827  66.235 0.0000000000
73524  -41.044  -28.714  66.714 0.0000000000
73525  -41.771  -28.206  66.987 0.0000000000
56712  -20.872  -42.504  81.291 0.0000000000
57838  -19.514  -42.472  79.791 0.0000000000
57835  -16.266  -42.220  79.618 0.0000000000
91921  -50.689  -10.345  51.047 0.0000000000
91925  -50.149  -10.829  49.798 0.0000000000
91926  -50.749  -10.365  50.233 0.0000000000
91934  -51.532  -9.989  49.888 0.0000000000
152170  -52.180  -10.244  49.399 0.0000000000
165754  -11.824  -44.610  97.756 0.0000000000
63848  -32.578  -37.147  68.503 0.0000000000
64940  -32.968  -36.501  67.829 0.0000000000
153397  -35.235  -38.567  72.463 0.0000000000
63797  -37.356  -36.908  71.931 0.0000000000
63836  -37.015  -36.429  70.237 0.0000000000
64946  -38.007  -35.358  68.964 0.0000000000
64947  -38.665  -34.906  69.221 0.0000000000
64948  -39.434  -34.655  69.431 0.0000000000
65979  -41.085  -34.669  70.820 0.0000000000
60322  -24.481  -39.822  75.723 0.0000000000
63705  -29.831  -36.717  79.221 0.0000000000
154881  -29.305  -35.883  74.668 0.0000000000
59005  -22.103  -40.910  80.771 0.0000000000
59047  -22.466  -40.780  78.461 0.0000000000
59066  -21.610  -40.829  77.149 0.0000000000
59086  -21.006  -40.969  76.717 0.0000000000
59114  -20.876  -41.254  74.785 0.0000000000
85159  -47.262  -16.952  55.902 0.0000000000
166191  -46.190  -17.110  55.143 0.0000000000
85169  -47.459  -16.597  55.294 0.0000000000
85170  -48.094  -16.319  55.102 0.0000000000
86126  -48.570  -16.019  54.978 0.0000000000
88051  -50.972  -14.480  54.817 0.0000000000
88992  -51.832  -13.779  54.841 0.0000000000
88057  -49.169  -14.240  53.545 0.0000000000
89003  -48.985  -13.486  52.908 0.0000000000
89004  -49.706  -12.855  52.979 0.0000000000
89988  -50.071  -12.007  52.722 0.0000000000
89987  -49.415  -12.128  52.280 0.0000000000
89989  -50.748  -11.880  53.064 0.0000000000
90958  -52.537  -11.074  53.956 0.0000000000
55651  -15.356  -45.650  88.186 0.0000000000
176321  -39.331  -27.407  59.517 0.0000000000
172269  -40.832  -26.722  59.842 0.0000000000
74512  -40.784  -27.458  65.231 0.0000000000
74523  -40.382  -27.152  64.536 0.0000000000
74524  -41.221  -26.964  64.735 0.0000000000
76641  -44.062  -25.336  63.394 0.0000000000
76651  -43.633  -25.484  62.698 0.0000000000
75621  -42.839  -26.228  60.909 0.0000000000
74589  -44.148  -26.588  59.726 0.0000000000
162757  -14.202  -41.219  86.865 0.0000000000
58922  -13.703  -41.418  88.135 0.0000000000
56652  -13.608  -43.385  88.418 0.0000000000
56661  -14.248  -44.102  87.142 0.0000000000
54674  -15.830  -46.285  89.761 0.0000000000
54667  -15.913  -46.220  90.956 0.0000000000
55626  -16.015  -46.158  91.920 0.0000000000
177914  -17.203  -47.344  93.014 0.0000000000
54664  -17.087  -47.330  92.421 0.0000000000
54661  -17.030  -46.999  93.539 0.0000000000
54655  -16.954  -45.924  95.040 0.0000000000
54651  -16.354  -45.788  96.171 0.0000000000
54650  -15.680  -45.403  96.595 0.0000000000
54645  -15.408  -45.778  96.916 0.0000000000
53618  -14.252  -46.380  97.083 0.0000000000
172156  -32.578  -37.199  81.430 0.0000000000
62560  -34.881  -37.991  79.355 0.0000000000
77692  -46.558  -25.118  59.579 0.0000000000
166131  -46.051  -24.509  59.137 0.0000000000
78749  -46.825  -24.227  59.708 0.0000000000
79802  -47.111  -23.125  59.822 0.0000000000
82010  -48.428  -20.132  59.979 0.0000000000
83029  -49.499  -19.153  59.804 0.0000000000
84118  -49.778  -18.485  59.407 0.0000000000
68179  -40.506  -33.395  68.358 0.0000000000
70348  -41.153  -31.973  68.640 0.0000000000
72517  -41.349  -29.529  67.699 0.0000000000
57867  -19.548  -42.261  78.015 0.0000000000
57684  -13.782  -43.468  96.617 0.0000000000
64918  -39.263  -35.380  70.844 0.0000000000
59105  -24.181  -40.905  75.954 0.0000000000
60302  -24.731  -40.130  76.766 0.0000000000
63722  -30.357  -36.863  77.038 0.0000000000
64858  -30.239  -36.625  75.641 0.0000000000
64872  -30.874  -36.839  74.896 0.0000000000
57841  -24.859  -40.600  81.002 0.0000000000
148242  -24.844  -40.692  79.357 0.0000000000
59049  -24.342  -40.846  79.039 0.0000000000
149528  -23.370  -41.009  77.801 0.0000000000
59087  -23.296  -41.058  76.872 0.0000000000
85183  -44.855  -17.172  51.543 0.0000000000
87067  -52.482  -15.106  56.710 0.0000000000
86117  -51.016  -15.472  56.307 0.0000000000
87068  -53.269  -14.820  56.577 0.0000000000
87076  -52.507  -14.697  56.196 0.0000000000
170596  -54.032  -11.778  55.136 0.0000000000
177108  -37.190  -32.780  64.691 0.0000000000
69299  -36.799  -32.832  64.160 0.0000000000
155491  -44.543  -25.257  63.993 0.0000000000
159654  -44.812  -25.339  63.223 0.0000000000
76653  -45.394  -25.646  62.628 0.0000000000
75624  -45.627  -26.447  61.320 0.0000000000
58932  -15.033  -40.686  87.339 0.0000000000
57769  -13.810  -42.052  86.341 0.0000000000
52540  -17.554  -47.832  94.729 0.0000000000
62623  -33.302  -37.625  73.419 0.0000000000
173453  -34.483  -38.335  73.427 0.0000000000
63696  -27.447  -37.152  81.059 0.0000000000
62548  -26.961  -37.548  80.348 0.0000000000
63714  -30.426  -37.020  78.568 0.0000000000
63715  -31.406  -37.223  78.283 0.0000000000
63748  -32.536  -37.232  75.539 0.0000000000
63759  -32.919  -37.360  74.065 0.0000000000
63671  -28.300  -37.267  82.911 0.0000000000
165168  -27.954  -37.198  82.231 0.0000000000
74615  -42.140  -27.040  58.179 0.0000000000
150197  -41.308  -27.461  57.627 0.0000000000
78756  -44.828  -23.830  58.106 0.0000000000
79809  -45.402  -22.564  58.432 0.0000000000
78765  -44.328  -23.114  57.858 0.0000000000
154742  -44.018  -23.944  57.766 0.0000000000
78763  -42.616  -23.216  57.219 0.0000000000
78772  -41.901  -23.064  56.731 0.0000000000
80951  -42.447  -21.632  56.400 0.0000000000
80963  -42.105  -21.128  55.776 0.0000000000
82040  -43.455  -20.452  56.504 0.0000000000
82050  -42.283  -20.602  55.432 0.0000000000
82051  -42.907  -20.145  55.782 0.0000000000
83073  -43.105  -19.492  55.322 0.0000000000
84157  -43.403  -18.871  54.795 0.0000000000
84158  -43.843  -18.287  54.308 0.0000000000
159542  -44.259  -18.426  55.232 0.0000000000
84152  -45.156  -18.013  55.578 0.0000000000
84153  -45.848  -17.860  56.040 0.0000000000
84144  -46.279  -17.977  56.688 0.0000000000
85151  -47.072  -17.391  56.476 0.0000000000
164771  -48.265  -16.858  56.540 0.0000000000
86110  -50.498  -15.994  56.843 0.0000000000
84125  -50.087  -17.790  58.983 0.0000000000
85131  -50.531  -17.124  58.414 0.0000000000
85141  -51.371  -16.619  58.104 0.0000000000
86098  -52.228  -16.134  57.765 0.0000000000
147807  -51.983  -15.539  57.108 0.0000000000
87055  -53.740  -15.445  57.243 0.0000000000
66024  -36.955  -35.313  66.344 0.0000000000
66041  -37.317  -35.007  65.656 0.0000000000
67168  -38.294  -34.711  66.276 0.0000000000
67184  -37.601  -34.549  65.370 0.0000000000
69283  -37.682  -32.757  65.179 0.0000000000
71467  -37.654  -30.746  65.064 0.0000000000
73536  -38.169  -28.542  64.239 0.0000000000
73513  -42.175  -28.429  67.711 0.0000000000
74493  -42.475  -27.531  67.300 0.0000000000
156378  -42.571  -27.014  66.609 0.0000000000
74515  -42.975  -26.414  66.175 0.0000000000
75539  -44.502  -25.645  66.638 0.0000000000
57854  -18.482  -42.024  79.135 0.0000000000
57818  -17.755  -41.581  81.404 0.0000000000
58974  -16.816  -41.261  81.725 0.0000000000
170741  -15.970  -42.065  80.182 0.0000000000
58983  -15.775  -41.702  81.257 0.0000000000
92911  -52.435  -9.568  49.797 0.0000000000
66005  -33.069  -35.612  66.652 0.0000000000
61558  -33.731  -38.261  72.175 0.0000000000
61576  -34.004  -38.402  71.587 0.0000000000
63815  -34.612  -37.942  70.203 0.0000000000
62664  -36.245  -38.059  72.102 0.0000000000
64926  -35.097  -36.893  69.162 0.0000000000
64943  -35.624  -36.251  68.633 0.0000000000
67150  -40.317  -34.093  68.840 0.0000000000
158847  -40.357  -33.924  68.589 0.0000000000
166088  -26.629  -37.587  79.451 0.0000000000
63721  -25.777  -37.086  77.542 0.0000000000
63734  -25.594  -36.825  76.552 0.0000000000
150901  -29.501  -36.457  77.060 0.0000000000
149057  -28.565  -36.170  77.009 0.0000000000
64846  -28.111  -35.754  76.237 0.0000000000
148322  -27.600  -36.010  76.923 0.0000000000
172459  -26.807  -36.059  76.842 0.0000000000
64844  -26.145  -36.191  76.296 0.0000000000
56713  -21.122  -42.288  81.322 0.0000000000
59026  -22.674  -40.644  80.148 0.0000000000
59025  -21.881  -41.053  79.991 0.0000000000
59046  -21.576  -41.070  79.059 0.0000000000
57869  -20.933  -41.808  78.999 0.0000000000
85175  -45.032  -17.148  53.688 0.0000000000
85180  -44.917  -16.989  52.591 0.0000000000
154444  -45.239  -16.652  51.945 0.0000000000
87073  -49.879  -15.581  55.396 0.0000000000
86127  -49.135  -15.834  55.165 0.0000000000
86132  -48.050  -15.942  54.485 0.0000000000
169437  -50.100  -14.918  54.602 0.0000000000
87089  -48.415  -15.364  53.982 0.0000000000
86137  -46.781  -15.737  53.218 0.0000000000
86136  -46.107  -15.880  52.602 0.0000000000
86139  -45.642  -16.126  51.849 0.0000000000
87097  -45.647  -15.716  50.923 0.0000000000
88064  -46.760  -14.020  51.447 0.0000000000
88066  -46.402  -14.244  50.470 0.0000000000
90970  -48.788  -11.715  50.552 0.0000000000
90966  -49.693  -11.499  51.900 0.0000000000
90972  -50.121  -10.879  51.455 0.0000000000
91922  -51.337  -10.012  51.602 0.0000000000
92882  -52.520  -9.156  52.181 0.0000000000
92883  -53.315  -8.749  52.708 0.0000000000
56624  -13.561  -43.645  90.660 0.0000000000
56614  -13.877  -43.800  91.503 0.0000000000
177824  -15.401  -45.749  88.991 0.0000000000
74534  -39.119  -26.918  63.504 0.0000000000
74549  -38.890  -26.730  62.741 0.0000000000
75619  -40.116  -26.345  61.220 0.0000000000
74617  -44.112  -26.506  59.083 0.0000000000
76684  -46.124  -25.661  59.377 0.0000000000
55670  -14.818  -44.782  85.756 0.0000000000
56603  -14.242  -43.931  92.258 0.0000000000
170613  -13.922  -43.706  92.827 0.0000000000
167411  -14.806  -44.419  92.404 0.0000000000
56598  -14.139  -43.713  93.514 0.0000000000
56592  -14.314  -43.700  94.368 0.0000000000
56588  -14.408  -43.682  95.295 0.0000000000
56584  -14.490  -43.743  96.145 0.0000000000
54676  -16.762  -47.165  90.945 0.0000000000
54668  -16.446  -46.711  91.397 0.0000000000
55621  -16.138  -45.898  92.868 0.0000000000
54660  -16.675  -46.439  93.271 0.0000000000
169501  -16.150  -45.288  93.393 0.0000000000
56594  -15.701  -44.539  94.342 0.0000000000
155877  -15.164  -43.985  95.676 0.0000000000
156164  -14.506  -43.926  96.696 0.0000000000
56574  -13.391  -44.023  97.267 0.0000000000
55596  -12.981  -44.486  97.438 0.0000000000
54637  -12.504  -44.982  97.541 0.0000000000
54636  -11.535  -45.241  97.625 0.0000000000
53609  -10.885  -45.827  97.504 0.0000000000
51444  -17.032  -48.191  95.584 0.0000000000
158146  -16.224  -48.146  96.021 0.0000000000
52523  -14.640  -47.157  96.685 0.0000000000
52522  -13.691  -46.979  96.920 0.0000000000
52535  -16.149  -47.115  96.271 0.0000000000
53615  -12.022  -46.637  97.097 0.0000000000
53623  -16.343  -46.387  96.296 0.0000000000
53627  -17.095  -46.630  95.416 0.0000000000
53631  -17.090  -46.659  94.693 0.0000000000
54644  -14.651  -45.675  97.125 0.0000000000
54646  -15.940  -45.932  96.616 0.0000000000
55602  -15.013  -44.991  97.051 0.0000000000
55608  -15.618  -44.501  95.941 0.0000000000
55609  -16.131  -44.934  95.478 0.0000000000
55610  -16.513  -45.317  94.983 0.0000000000
55614  -16.663  -45.555  94.401 0.0000000000
56575  -13.969  -44.363  97.200 0.0000000000
56580  -14.127  -43.964  97.061 0.0000000000
56585  -15.063  -44.127  96.391 0.0000000000
56589  -15.671  -44.463  95.177 0.0000000000
56604  -14.659  -44.000  92.933 0.0000000000
57842  -25.128  -40.593  80.865 0.0000000000
58984  -16.229  -41.454  81.269 0.0000000000
58990  -26.457  -40.275  82.302 0.0000000000
59050  -25.031  -40.586  78.764 0.0000000000
59089  -24.326  -41.012  76.690 0.0000000000
60243  -26.625  -39.571  81.343 0.0000000000
61457  -27.261  -38.612  81.728 0.0000000000
65999  -40.702  -34.169  69.385 0.0000000000
79825  -41.869  -22.323  56.271 0.0000000000
79836  -41.582  -22.303  55.591 0.0000000000
82008  -46.990  -20.835  59.338 0.0000000000
82039  -42.709  -20.827  56.143 0.0000000000
83017  -49.225  -19.873  60.163 0.0000000000
83028  -48.718  -19.368  59.657 0.0000000000
83038  -49.040  -18.691  59.271 0.0000000000
83049  -45.347  -19.575  57.415 0.0000000000
84126  -50.812  -17.633  59.082 0.0000000000
84132  -46.474  -18.516  57.519 0.0000000000
85132  -51.419  -17.230  58.809 0.0000000000
85139  -49.211  -17.073  57.586 0.0000000000
85140  -50.548  -16.502  57.643 0.0000000000
85158  -46.488  -17.410  55.899 0.0000000000
85160  -48.028  -16.596  55.805 0.0000000000
86097  -51.312  -16.024  57.417 0.0000000000
86112  -52.795  -15.505  57.165 0.0000000000
86115  -49.347  -16.045  55.719 0.0000000000
87066  -51.821  -15.197  56.530 0.0000000000
87074  -50.730  -15.304  55.677 0.0000000000
87077  -53.265  -14.369  56.034 0.0000000000
87083  -48.857  -15.639  54.631 0.0000000000
87086  -51.308  -14.789  55.436 0.0000000000
88046  -52.838  -14.212  55.688 0.0000000000
88997  -49.678  -13.667  53.489 0.0000000000
89006  -47.242  -13.204  51.086 0.0000000000
89972  -53.653  -12.334  55.103 0.0000000000
89982  -51.343  -12.167  53.732 0.0000000000
89995  -48.216  -12.302  50.014 0.0000000000
90967  -50.450  -11.341  52.376 0.0000000000
90973  -49.335  -11.294  50.018 0.0000000000
91901  -52.629  -10.362  53.638 0.0000000000
91927  -51.330  -9.825  50.716 0.0000000000
147980  -46.848  -16.894  55.441 0.0000000000
147981  -47.658  -16.988  56.330 0.0000000000
148273  -16.848  -47.564  96.022 0.0000000000
149396  -26.304  -40.140  81.542 0.0000000000
155794  -47.056  -22.198  59.772 0.0000000000
156494  -26.785  -38.428  80.607 0.0000000000
161343  -48.646  -18.270  58.781 0.0000000000
165322  -14.437  -44.494  97.088 0.0000000000
172453  -16.894  -46.995  92.941 0.0000000000
173911  -46.535  -15.439  52.549 0.0000000000
174969  -12.206  -42.384  95.731 0.0000000000
175800  -16.929  -45.978  95.795 0.0000000000
176817  -52.045  -13.235  54.698 0.0000000000
177371  -25.076  -40.610  79.360 0.0000000000
