#!ascii label  , from subject sub-v1s2x0051486_ses-1 vox2ras=TkReg
1872
150044  -39.375  9.586  47.689 0.0000000000
111698  -54.445  10.493  34.285 0.0000000000
117472  -43.537  19.047  41.762 0.0000000000
109842  -48.430  8.296  42.866 0.0000000000
106392  -55.204  5.015  50.463 0.0000000000
149964  -43.951  11.453  35.531 0.0000000000
119013  -45.124  21.584  29.425 0.0000000000
120379  -43.197  22.861  36.940 0.0000000000
103500  -49.140  1.949  57.175 0.0000000000
111511  -45.567  10.926  49.750 0.0000000000
112439  -47.880  11.736  43.673 0.0000000000
111607  -41.734  10.612  41.445 0.0000000000
118917  -48.206  20.156  40.409 0.0000000000
118968  -44.962  21.044  35.124 0.0000000000
120401  -50.100  22.847  33.896 0.0000000000
121108  -43.969  22.955  33.529 0.0000000000
121067  -47.945  23.621  37.509 0.0000000000
113970  -50.649  13.536  34.011 0.0000000000
174121  -34.562  12.188  45.988 0.0000000000
115347  -38.501  15.850  42.159 0.0000000000
153191  -55.801  1.236  43.471 0.0000000000
106432  -52.938  4.794  45.569 0.0000000000
156347  -44.849  3.970  45.180 0.0000000000
104526  -47.704  2.260  50.283 0.0000000000
114609  -49.857  14.312  37.047 0.0000000000
114011  -46.963  12.886  30.316 0.0000000000
116087  -41.586  16.652  37.112 0.0000000000
166809  -42.665  16.213  31.668 0.0000000000
114706  -43.218  14.822  25.851 0.0000000000
116806  -41.191  17.252  30.587 0.0000000000
118278  -39.694  19.774  33.740 0.0000000000
111530  -42.232  10.477  48.742 0.0000000000
111567  -43.591  10.258  44.987 0.0000000000
110690  -40.657  10.021  43.840 0.0000000000
118920  -50.769  21.429  40.794 0.0000000000
119664  -49.346  21.392  36.758 0.0000000000
119679  -51.206  22.029  36.730 0.0000000000
169377  -49.450  23.293  35.267 0.0000000000
113258  -53.445  13.238  34.741 0.0000000000
114550  -33.275  14.267  47.380 0.0000000000
114556  -36.017  14.876  46.092 0.0000000000
107368  -54.010  6.339  48.357 0.0000000000
104571  -49.454  2.630  44.982 0.0000000000
104538  -51.119  2.649  48.293 0.0000000000
154205  -48.407  2.427  54.057 0.0000000000
104541  -38.999  2.574  47.802 0.0000000000
109003  -36.026  7.612  51.231 0.0000000000
106395  -35.990  4.628  49.742 0.0000000000
111598  -50.220  11.258  42.013 0.0000000000
112485  -45.734  11.303  39.043 0.0000000000
173919  -48.925  13.072  40.240 0.0000000000
113230  -47.129  12.916  36.786 0.0000000000
114655  -48.435  14.646  33.294 0.0000000000
170817  -45.470  11.851  32.895 0.0000000000
116724  -40.678  18.223  42.055 0.0000000000
177668  -40.272  16.333  39.602 0.0000000000
117490  -42.059  18.661  39.170 0.0000000000
172678  -45.945  21.567  32.325 0.0000000000
118279  -43.737  19.437  33.497 0.0000000000
117540  -44.221  18.980  30.725 0.0000000000
115442  -43.466  15.281  28.252 0.0000000000
116827  -43.390  17.330  26.666 0.0000000000
116141  -41.646  16.214  27.297 0.0000000000
176744  -43.343  19.608  28.901 0.0000000000
120394  -43.546  22.734  35.507 0.0000000000
119711  -40.780  21.678  32.962 0.0000000000
119687  -41.217  21.937  35.148 0.0000000000
119684  -38.471  21.121  35.050 0.0000000000
119672  -40.421  21.776  36.403 0.0000000000
110670  -47.974  9.902  47.352 0.0000000000
112415  -50.403  12.816  47.071 0.0000000000
177718  -46.760  11.641  46.676 0.0000000000
149630  -44.932  10.511  42.794 0.0000000000
111646  -42.636  10.745  38.606 0.0000000000
157354  -45.920  19.365  41.185 0.0000000000
118245  -44.153  20.150  38.459 0.0000000000
118939  -46.705  20.513  38.403 0.0000000000
157920  -47.571  21.551  35.116 0.0000000000
120421  -48.230  22.970  31.545 0.0000000000
120429  -44.502  22.889  30.501 0.0000000000
148508  -47.818  23.628  33.140 0.0000000000
121089  -46.426  23.516  35.516 0.0000000000
121065  -45.158  23.692  37.136 0.0000000000
113281  -48.919  12.472  32.423 0.0000000000
110663  -36.373  10.051  46.066 0.0000000000
112435  -37.918  11.402  43.604 0.0000000000
113881  -36.941  13.635  44.115 0.0000000000
116046  -38.807  16.607  44.532 0.0000000000
116707  -41.486  17.585  44.522 0.0000000000
148099  -41.719  17.294  47.410 0.0000000000
116719  -44.819  17.769  43.954 0.0000000000
109046  -54.223  7.321  43.173 0.0000000000
108254  -55.870  5.803  45.164 0.0000000000
174323  -49.643  5.558  42.593 0.0000000000
108257  -46.840  6.261  44.849 0.0000000000
109025  -44.636  7.811  47.789 0.0000000000
105426  -54.406  3.743  52.769 0.0000000000
106313  -52.052  4.823  57.701 0.0000000000
107326  -51.477  6.078  54.302 0.0000000000
106389  -51.011  4.413  51.184 0.0000000000
103579  -47.084  1.102  47.173 0.0000000000
110615  -39.406  10.084  51.230 0.0000000000
112512  -54.447  11.501  36.941 0.0000000000
113883  -51.295  14.046  44.377 0.0000000000
114590  -52.361  14.419  40.085 0.0000000000
114624  -53.373  14.588  36.814 0.0000000000
115400  -51.328  15.901  33.754 0.0000000000
114685  -49.781  14.512  30.266 0.0000000000
112602  -47.917  12.036  28.817 0.0000000000
113895  -39.277  13.320  40.950 0.0000000000
113928  -40.554  13.649  38.607 0.0000000000
113956  -41.340  13.570  35.816 0.0000000000
118260  -42.970  19.383  36.631 0.0000000000
116100  -42.243  16.932  34.888 0.0000000000
153509  -42.347  13.707  32.750 0.0000000000
114010  -43.555  13.506  30.254 0.0000000000
114031  -45.413  12.998  27.283 0.0000000000
112592  -44.917  11.350  28.398 0.0000000000
119733  -41.967  21.469  31.517 0.0000000000
117530  -40.898  18.781  32.672 0.0000000000
116104  -39.574  16.513  33.710 0.0000000000
116778  -38.879  17.580  35.051 0.0000000000
117511  -37.619  18.557  35.777 0.0000000000
110657  -40.991  9.763  47.587 0.0000000000
110679  -41.150  9.552  45.776 0.0000000000
110678  -40.240  9.490  45.661 0.0000000000
119656  -51.181  21.924  38.442 0.0000000000
121071  -50.975  22.783  37.855 0.0000000000
112557  -54.008  11.629  34.531 0.0000000000
108210  -55.039  6.273  49.630 0.0000000000
106415  -53.019  4.622  48.220 0.0000000000
106399  -52.805  5.102  49.878 0.0000000000
103576  -39.392  1.295  47.693 0.0000000000
106404  -37.574  3.944  48.622 0.0000000000
109061  -49.478  7.972  41.464 0.0000000000
110694  -48.960  9.830  42.727 0.0000000000
176587  -44.575  11.300  37.664 0.0000000000
112511  -46.058  12.038  37.492 0.0000000000
112524  -45.477  11.982  35.777 0.0000000000
113252  -45.797  12.161  34.334 0.0000000000
112551  -44.467  11.620  33.872 0.0000000000
117471  -42.147  18.583  42.229 0.0000000000
117470  -41.441  18.458  40.962 0.0000000000
117484  -42.831  19.159  40.787 0.0000000000
118994  -45.768  21.683  30.522 0.0000000000
164279  -44.833  20.449  30.928 0.0000000000
118304  -44.689  20.231  29.459 0.0000000000
117557  -44.256  18.604  28.569 0.0000000000
117558  -44.171  19.219  28.326 0.0000000000
117564  -43.098  18.421  27.761 0.0000000000
118318  -44.157  20.294  28.784 0.0000000000
173724  -43.564  22.840  36.338 0.0000000000
120392  -41.993  22.232  35.071 0.0000000000
120385  -41.979  22.117  35.990 0.0000000000
161560  -40.606  21.761  35.598 0.0000000000
149030  -42.299  22.504  37.048 0.0000000000
109826  -46.922  10.021  48.760 0.0000000000
112396  -47.962  11.961  48.979 0.0000000000
112402  -46.522  11.536  48.696 0.0000000000
111579  -42.502  10.229  43.409 0.0000000000
148782  -43.929  10.339  44.126 0.0000000000
111609  -43.192  10.403  41.393 0.0000000000
148781  -43.748  10.490  39.866 0.0000000000
111633  -42.043  10.713  39.645 0.0000000000
118226  -47.487  19.754  41.000 0.0000000000
118236  -46.331  19.982  39.888 0.0000000000
118928  -47.925  20.330  39.451 0.0000000000
119692  -50.243  21.822  35.184 0.0000000000
172483  -48.650  21.411  36.248 0.0000000000
119703  -49.403  22.352  33.955 0.0000000000
119714  -48.198  22.422  32.649 0.0000000000
120410  -49.293  22.952  32.643 0.0000000000
148507  -47.862  23.482  32.178 0.0000000000
121097  -49.516  23.253  33.248 0.0000000000
178667  -48.392  23.389  36.889 0.0000000000
148513  -47.448  23.507  35.689 0.0000000000
121078  -46.600  23.539  36.534 0.0000000000
121077  -45.602  23.495  36.332 0.0000000000
121066  -46.837  23.823  37.524 0.0000000000
113270  -49.766  13.142  33.572 0.0000000000
112411  -35.304  11.164  45.833 0.0000000000
112427  -36.597  11.837  44.520 0.0000000000
113877  -35.857  13.181  45.083 0.0000000000
115331  -37.265  15.652  46.344 0.0000000000
115335  -37.464  15.496  45.491 0.0000000000
116041  -38.687  16.381  45.280 0.0000000000
116706  -40.410  17.458  44.429 0.0000000000
116698  -39.999  17.044  45.131 0.0000000000
116687  -41.227  17.636  48.001 0.0000000000
116702  -43.423  17.417  45.987 0.0000000000
162918  -44.951  17.613  45.494 0.0000000000
116720  -45.649  17.852  44.073 0.0000000000
116696  -45.973  18.113  46.116 0.0000000000
177864  -55.626  5.230  42.785 0.0000000000
107409  -56.083  5.075  43.694 0.0000000000
106424  -56.573  3.780  45.684 0.0000000000
108251  -54.334  6.746  45.516 0.0000000000
107407  -52.805  5.823  43.850 0.0000000000
106447  -51.306  4.485  43.687 0.0000000000
107404  -47.732  5.801  43.880 0.0000000000
105493  -49.950  3.774  43.873 0.0000000000
104568  -46.861  3.040  44.774 0.0000000000
106431  -46.356  4.870  44.777 0.0000000000
107390  -44.334  5.617  45.793 0.0000000000
105374  -50.948  4.257  57.801 0.0000000000
106362  -50.123  4.575  54.083 0.0000000000
105424  -49.425  3.918  52.672 0.0000000000
106373  -51.589  5.506  52.577 0.0000000000
105430  -49.510  3.513  51.119 0.0000000000
104528  -49.581  2.714  49.771 0.0000000000
103558  -47.791  1.839  49.520 0.0000000000
110632  -37.520  10.089  50.181 0.0000000000
109804  -37.721  9.363  51.345 0.0000000000
110735  -54.716  10.198  36.795 0.0000000000
112431  -48.696  12.485  45.453 0.0000000000
113876  -50.967  13.427  46.002 0.0000000000
167112  -49.512  13.108  44.090 0.0000000000
113929  -48.781  13.471  38.236 0.0000000000
113908  -50.644  13.981  40.593 0.0000000000
113931  -50.636  14.186  38.724 0.0000000000
152477  -52.598  14.549  38.294 0.0000000000
150400  -51.381  14.885  36.532 0.0000000000
170470  -52.296  15.496  35.330 0.0000000000
114634  -50.137  15.067  35.243 0.0000000000
160095  -47.799  13.868  31.947 0.0000000000
114665  -48.755  15.013  32.270 0.0000000000
114683  -48.538  14.100  30.326 0.0000000000
114023  -49.155  13.349  29.677 0.0000000000
113299  -47.639  12.672  28.898 0.0000000000
113887  -37.679  13.743  42.796 0.0000000000
113156  -38.519  12.603  42.235 0.0000000000
114572  -38.854  14.153  41.207 0.0000000000
116070  -40.954  16.451  38.493 0.0000000000
115367  -40.542  15.313  38.790 0.0000000000
115375  -41.111  15.564  37.735 0.0000000000
114608  -40.886  14.079  37.427 0.0000000000
115380  -41.383  15.254  36.442 0.0000000000
118948  -44.795  20.637  36.991 0.0000000000
118252  -43.388  19.779  37.483 0.0000000000
118959  -44.142  20.456  35.653 0.0000000000
116795  -43.327  17.904  32.310 0.0000000000
116781  -43.009  18.157  34.063 0.0000000000
116114  -42.548  16.727  33.254 0.0000000000
115408  -42.000  15.300  33.528 0.0000000000
114663  -42.289  14.574  32.164 0.0000000000
114000  -43.226  13.262  31.448 0.0000000000
152359  -42.642  15.055  30.756 0.0000000000
148118  -43.692  15.115  26.618 0.0000000000
114020  -44.354  13.903  27.722 0.0000000000
114707  -44.344  13.686  25.910 0.0000000000
113322  -45.271  12.498  26.525 0.0000000000
114035  -43.956  13.315  25.877 0.0000000000
147735  -43.773  12.212  28.414 0.0000000000
114028  -43.376  13.855  26.425 0.0000000000
116134  -40.750  16.203  29.353 0.0000000000
114689  -40.895  15.093  28.928 0.0000000000
121132  -44.167  23.173  31.494 0.0000000000
120440  -43.326  22.064  30.377 0.0000000000
120420  -43.159  22.865  31.964 0.0000000000
119710  -40.230  21.224  33.282 0.0000000000
118285  -40.832  19.820  32.726 0.0000000000
157570  -40.364  19.249  33.260 0.0000000000
116105  -40.045  16.730  32.915 0.0000000000
172599  -39.577  18.291  34.152 0.0000000000
116098  -39.109  16.652  34.576 0.0000000000
117517  -39.071  18.430  34.679 0.0000000000
147968  -38.617  21.376  35.829 0.0000000000
118266  -37.972  19.313  35.313 0.0000000000
118958  -37.395  20.479  35.828 0.0000000000
118259  -37.019  19.034  36.043 0.0000000000
111520  -43.695  10.764  49.502 0.0000000000
111533  -44.709  10.913  48.081 0.0000000000
111541  -43.042  10.277  47.492 0.0000000000
111565  -42.128  9.992  44.211 0.0000000000
111590  -40.821  10.594  42.516 0.0000000000
118941  -48.697  20.750  38.711 0.0000000000
118942  -50.188  21.284  39.129 0.0000000000
119666  -50.889  21.753  36.649 0.0000000000
120396  -50.604  22.253  35.293 0.0000000000
121091  -50.175  23.051  34.734 0.0000000000
121082  -50.656  22.599  36.361 0.0000000000
121081  -49.971  23.021  36.878 0.0000000000
113960  -52.668  13.692  34.634 0.0000000000
113871  -34.066  13.423  46.526 0.0000000000
114558  -35.050  14.033  45.962 0.0000000000
114555  -35.283  14.611  46.307 0.0000000000
177866  -53.479  5.048  46.967 0.0000000000
105476  -51.002  3.385  44.767 0.0000000000
167206  -52.524  3.796  47.023 0.0000000000
104551  -50.131  2.071  46.236 0.0000000000
103601  -48.225  1.798  45.668 0.0000000000
156739  -48.756  2.242  55.252 0.0000000000
103533  -46.485  1.525  52.011 0.0000000000
106405  -38.725  4.768  48.395 0.0000000000
108208  -37.186  7.255  50.261 0.0000000000
107360  -37.213  5.628  49.176 0.0000000000
107352  -35.984  6.209  50.251 0.0000000000
112458  -46.966  11.354  41.361 0.0000000000
112460  -48.148  12.107  42.160 0.0000000000
162544  -47.592  12.159  40.079 0.0000000000
113206  -47.475  12.621  38.388 0.0000000000
168032  -48.352  13.724  36.477 0.0000000000
114633  -48.657  14.426  35.017 0.0000000000
113957  -47.232  13.310  35.297 0.0000000000
113979  -47.013  13.183  33.810 0.0000000000
160096  -46.363  12.476  32.175 0.0000000000
116055  -38.990  16.561  41.918 0.0000000000
115356  -39.453  15.842  40.674 0.0000000000
116737  -40.098  17.470  40.809 0.0000000000
117489  -41.391  18.175  39.511 0.0000000000
117500  -41.765  17.923  37.699 0.0000000000
118974  -45.248  21.143  34.125 0.0000000000
164521  -44.346  20.470  34.573 0.0000000000
118280  -44.427  20.277  32.935 0.0000000000
117539  -43.824  18.832  31.872 0.0000000000
151319  -43.506  17.446  30.496 0.0000000000
170561  -42.968  15.905  29.914 0.0000000000
174884  -43.596  17.187  29.640 0.0000000000
116142  -43.534  16.946  27.050 0.0000000000
115457  -43.080  16.353  25.779 0.0000000000
115448  -42.216  15.699  26.425 0.0000000000
116825  -42.653  17.086  26.481 0.0000000000
116813  -42.006  17.513  28.077 0.0000000000
117555  -42.182  18.179  29.098 0.0000000000
150095  -43.822  22.848  34.524 0.0000000000
157903  -42.481  22.568  32.644 0.0000000000
120400  -42.469  22.429  34.511 0.0000000000
119699  -40.888  21.947  34.261 0.0000000000
119709  -39.657  21.196  33.839 0.0000000000
118272  -39.081  19.913  34.244 0.0000000000
119697  -39.109  21.130  34.439 0.0000000000
119671  -39.491  21.602  36.103 0.0000000000
119662  -39.689  21.754  36.981 0.0000000000
173239  -48.077  8.942  45.037 0.0000000000
111571  -49.347  10.674  45.263 0.0000000000
111545  -49.492  11.510  47.600 0.0000000000
112414  -48.561  12.472  47.468 0.0000000000
112430  -47.658  11.765  45.250 0.0000000000
111554  -45.395  10.993  46.160 0.0000000000
159423  -45.539  10.729  43.975 0.0000000000
111596  -46.314  10.898  42.720 0.0000000000
164944  -45.231  10.631  40.586 0.0000000000
111648  -44.073  10.652  39.025 0.0000000000
112508  -43.131  11.207  37.057 0.0000000000
118209  -45.217  19.105  41.577 0.0000000000
118223  -44.193  19.578  40.429 0.0000000000
118235  -45.375  20.009  39.759 0.0000000000
118938  -45.813  20.501  38.165 0.0000000000
118962  -46.371  21.177  36.572 0.0000000000
163418  -48.165  20.906  38.002 0.0000000000
119675  -47.581  21.362  36.177 0.0000000000
119689  -46.653  21.480  34.879 0.0000000000
119701  -46.914  21.774  33.414 0.0000000000
153937  -46.557  21.954  31.924 0.0000000000
119735  -46.087  22.167  30.444 0.0000000000
120452  -45.295  22.001  29.634 0.0000000000
121135  -46.921  23.051  30.734 0.0000000000
121123  -45.856  23.575  31.762 0.0000000000
121109  -44.983  23.401  32.944 0.0000000000
148512  -48.539  23.529  34.840 0.0000000000
148511  -47.382  23.600  34.430 0.0000000000
121095  -44.658  23.186  34.143 0.0000000000
120395  -44.389  23.094  35.143 0.0000000000
173691  -44.174  23.078  36.044 0.0000000000
121064  -44.307  23.649  37.229 0.0000000000
110664  -37.563  9.573  46.258 0.0000000000
110683  -38.033  9.964  44.839 0.0000000000
111560  -37.044  11.016  44.665 0.0000000000
113147  -37.225  12.864  43.703 0.0000000000
114567  -37.540  14.329  43.164 0.0000000000
114561  -36.612  14.162  44.771 0.0000000000
115339  -37.594  15.386  44.577 0.0000000000
115345  -38.209  15.881  42.978 0.0000000000
116714  -39.881  17.639  43.401 0.0000000000
116715  -40.671  18.093  42.988 0.0000000000
117450  -42.405  18.279  43.205 0.0000000000
116038  -40.453  16.806  46.985 0.0000000000
116700  -41.946  17.248  45.585 0.0000000000
116717  -42.980  17.831  44.027 0.0000000000
117461  -43.992  18.534  42.563 0.0000000000
117463  -45.673  18.421  42.791 0.0000000000
118199  -47.082  19.010  42.457 0.0000000000
118200  -48.030  19.319  42.921 0.0000000000
164930  -52.240  6.723  41.640 0.0000000000
108272  -50.024  6.500  41.719 0.0000000000
103609  -56.310  1.939  44.636 0.0000000000
105495  -56.280  3.639  43.966 0.0000000000
109042  -55.361  6.809  44.407 0.0000000000
107414  -51.368  5.606  42.565 0.0000000000
109050  -48.379  7.397  42.887 0.0000000000
109837  -47.646  8.072  45.024 0.0000000000
109032  -47.095  8.159  46.157 0.0000000000
109829  -46.180  8.485  47.320 0.0000000000
106438  -47.496  4.275  44.345 0.0000000000
108241  -46.056  7.223  45.930 0.0000000000
109820  -45.408  9.318  49.243 0.0000000000
109815  -43.815  9.753  50.076 0.0000000000
105393  -53.279  3.386  55.909 0.0000000000
105392  -50.399  4.480  55.949 0.0000000000
107314  -52.330  5.831  55.943 0.0000000000
175438  -53.539  3.991  54.923 0.0000000000
154242  -53.395  5.351  53.906 0.0000000000
107340  -53.705  5.706  52.487 0.0000000000
154008  -53.417  6.125  50.997 0.0000000000
105437  -51.408  3.856  49.909 0.0000000000
154007  -49.208  1.693  48.218 0.0000000000
104560  -45.514  2.158  45.440 0.0000000000
110633  -39.196  10.340  49.893 0.0000000000
148280  -37.766  9.769  49.102 0.0000000000
110652  -35.739  9.516  47.792 0.0000000000
111528  -34.491  10.364  47.269 0.0000000000
112400  -33.500  11.733  47.085 0.0000000000
108358  -54.803  7.262  35.567 0.0000000000
109905  -55.167  9.200  35.493 0.0000000000
111675  -54.728  10.913  35.851 0.0000000000
112432  -50.689  12.243  45.254 0.0000000000
113159  -51.563  13.246  43.690 0.0000000000
113168  -49.408  13.160  41.810 0.0000000000
113890  -51.621  14.387  42.715 0.0000000000
113909  -52.782  13.938  40.719 0.0000000000
113196  -53.369  13.677  39.183 0.0000000000
113942  -54.008  13.498  37.172 0.0000000000
113962  -54.295  13.104  35.524 0.0000000000
113961  -53.967  13.715  35.024 0.0000000000
175152  -53.186  15.046  34.018 0.0000000000
114658  -51.804  15.109  32.728 0.0000000000
114657  -49.716  15.451  33.652 0.0000000000
115428  -50.699  15.700  31.590 0.0000000000
113993  -50.963  14.621  32.351 0.0000000000
113291  -49.636  13.254  31.129 0.0000000000
112587  -48.654  11.883  29.999 0.0000000000
111720  -47.446  10.602  29.961 0.0000000000
111576  -38.960  10.541  43.586 0.0000000000
152435  -39.598  11.375  42.257 0.0000000000
113165  -40.168  12.073  40.811 0.0000000000
114581  -39.759  15.117  40.042 0.0000000000
113907  -40.075  13.267  39.794 0.0000000000
112484  -40.925  11.735  39.857 0.0000000000
148224  -41.155  12.012  38.204 0.0000000000
112520  -41.794  11.959  36.617 0.0000000000
113238  -42.230  12.049  35.627 0.0000000000
118233  -43.158  19.471  39.385 0.0000000000
118243  -42.671  19.212  37.988 0.0000000000
116760  -42.103  18.078  36.941 0.0000000000
117514  -43.188  19.089  35.066 0.0000000000
117513  -42.728  18.602  35.629 0.0000000000
116095  -41.980  16.940  35.831 0.0000000000
116099  -41.826  16.062  35.204 0.0000000000
113966  -41.671  13.919  34.201 0.0000000000
150760  -42.573  12.545  33.956 0.0000000000
112565  -43.700  12.074  32.863 0.0000000000
113297  -45.542  12.169  30.127 0.0000000000
114691  -43.380  14.703  29.085 0.0000000000
150402  -44.148  13.544  29.048 0.0000000000
150418  -46.254  12.350  29.050 0.0000000000
113317  -46.130  12.076  27.871 0.0000000000
111736  -46.430  11.052  28.138 0.0000000000
114027  -42.407  14.281  27.544 0.0000000000
119741  -43.969  21.911  29.676 0.0000000000
118294  -42.609  20.275  30.444 0.0000000000
117538  -41.846  19.039  31.413 0.0000000000
119721  -41.282  21.438  32.261 0.0000000000
118286  -41.482  19.953  32.030 0.0000000000
116799  -40.924  17.315  31.487 0.0000000000
116113  -40.461  16.952  32.241 0.0000000000
116112  -39.654  15.941  32.867 0.0000000000
114651  -38.297  14.223  33.410 0.0000000000
159574  -38.594  19.473  34.748 0.0000000000
158307  -38.159  17.627  35.610 0.0000000000
121757  -43.848  24.128  37.642 0.0000000000
121062  -42.770  23.172  37.519 0.0000000000
120378  -41.463  22.576  37.604 0.0000000000
120377  -40.532  22.172  37.451 0.0000000000
119661  -38.944  21.782  37.314 0.0000000000
110656  -40.141  9.590  47.290 0.0000000000
110666  -39.837  9.439  46.450 0.0000000000
111697  -54.093  10.807  34.171 0.0000000000
105445  -55.472  3.665  50.069 0.0000000000
162225  -55.538  4.477  49.780 0.0000000000
107356  -54.843  5.902  50.427 0.0000000000
160222  -53.863  6.332  49.793 0.0000000000
107354  -54.057  6.372  50.370 0.0000000000
102558  -39.376  0.431  47.959 0.0000000000
109843  -48.843  8.810  42.137 0.0000000000
110691  -48.752  9.829  43.627 0.0000000000
168301  -44.277  11.477  36.145 0.0000000000
157826  -44.944  11.668  36.386 0.0000000000
112523  -44.736  11.631  35.593 0.0000000000
112538  -45.273  11.864  34.959 0.0000000000
112537  -44.446  11.596  34.749 0.0000000000
165164  -42.594  18.846  41.634 0.0000000000
119006  -45.432  21.673  29.740 0.0000000000
118993  -45.203  20.888  30.057 0.0000000000
119005  -45.002  20.871  29.363 0.0000000000
117549  -44.441  19.464  29.037 0.0000000000
118311  -44.491  20.142  28.922 0.0000000000
118319  -44.439  20.444  28.937 0.0000000000
119012  -44.879  20.852  29.210 0.0000000000
120386  -42.909  22.515  36.234 0.0000000000
110647  -46.479  10.489  49.446 0.0000000000
111523  -46.754  11.051  49.456 0.0000000000
111522  -46.048  11.280  49.369 0.0000000000
172976  -42.161  10.341  42.754 0.0000000000
170500  -42.781  10.333  42.738 0.0000000000
111592  -42.459  10.425  41.997 0.0000000000
111621  -42.273  10.588  40.329 0.0000000000
173358  -41.824  10.676  40.775 0.0000000000
118237  -47.240  19.964  40.087 0.0000000000
149040  -50.091  22.207  34.655 0.0000000000
119691  -49.515  21.821  34.844 0.0000000000
119704  -50.004  22.605  34.074 0.0000000000
119715  -49.746  22.808  33.373 0.0000000000
121113  -49.751  23.017  33.220 0.0000000000
121112  -49.192  23.087  32.553 0.0000000000
121098  -50.097  23.094  33.845 0.0000000000
151675  -47.555  23.480  36.744 0.0000000000
113242  -51.728  13.016  35.319 0.0000000000
113256  -50.849  13.071  34.882 0.0000000000
113255  -49.985  12.863  34.498 0.0000000000
112410  -34.655  11.522  46.160 0.0000000000
113134  -35.479  12.613  45.281 0.0000000000
113133  -34.849  12.747  45.712 0.0000000000
115332  -38.115  16.037  46.032 0.0000000000
158716  -38.887  16.478  46.107 0.0000000000
116042  -39.487  16.698  45.704 0.0000000000
116695  -45.119  18.024  46.516 0.0000000000
116704  -45.407  17.829  46.130 0.0000000000
104593  -55.611  2.582  43.675 0.0000000000
106456  -55.828  4.150  43.449 0.0000000000
105512  -55.999  3.626  43.716 0.0000000000
107400  -52.903  5.279  44.755 0.0000000000
106440  -51.571  4.061  44.395 0.0000000000
106445  -49.577  4.413  43.509 0.0000000000
105494  -50.774  3.855  44.039 0.0000000000
105482  -45.713  3.711  44.919 0.0000000000
106430  -45.534  4.689  45.041 0.0000000000
106429  -44.580  4.872  45.396 0.0000000000
107389  -43.850  5.056  45.708 0.0000000000
153926  -49.776  2.654  57.602 0.0000000000
105423  -48.819  3.434  52.175 0.0000000000
105429  -48.950  3.403  51.544 0.0000000000
155120  -49.451  3.830  51.883 0.0000000000
104519  -48.341  2.731  50.704 0.0000000000
104527  -48.587  2.380  49.827 0.0000000000
109009  -38.803  7.619  49.830 0.0000000000
109006  -38.426  8.319  50.647 0.0000000000
172421  -53.008  12.476  39.411 0.0000000000
112440  -48.686  12.442  44.317 0.0000000000
113150  -49.642  13.154  45.109 0.0000000000
113940  -49.335  13.892  37.641 0.0000000000
113930  -49.734  13.790  38.542 0.0000000000
113941  -50.284  14.214  37.914 0.0000000000
114610  -50.898  14.547  37.232 0.0000000000
114622  -50.347  14.715  36.272 0.0000000000
114001  -47.124  13.159  31.630 0.0000000000
114002  -47.935  13.826  31.142 0.0000000000
150539  -47.739  13.493  30.363 0.0000000000
175974  -48.297  13.550  29.689 0.0000000000
157722  -47.707  13.153  29.449 0.0000000000
114568  -37.941  14.421  42.415 0.0000000000
155317  -38.355  14.079  41.802 0.0000000000
114571  -38.462  14.936  41.689 0.0000000000
116759  -41.496  17.114  37.655 0.0000000000
116082  -41.271  16.313  37.821 0.0000000000
163469  -41.372  15.842  37.133 0.0000000000
118960  -44.789  20.873  36.103 0.0000000000
118947  -43.967  20.340  36.668 0.0000000000
116115  -42.852  16.942  32.206 0.0000000000
116794  -42.888  17.431  32.951 0.0000000000
171854  -42.482  16.083  32.465 0.0000000000
115425  -42.456  15.367  31.695 0.0000000000
114700  -43.555  14.638  25.963 0.0000000000
168815  -43.803  14.059  25.798 0.0000000000
114711  -44.469  13.431  25.895 0.0000000000
114699  -43.007  14.607  26.047 0.0000000000
116127  -41.184  16.934  29.706 0.0000000000
116126  -40.660  16.483  30.557 0.0000000000
121121  -44.012  23.120  32.496 0.0000000000
118978  -39.876  20.632  33.503 0.0000000000
173117  -40.258  20.047  33.282 0.0000000000
159888  -39.908  18.730  33.718 0.0000000000
117518  -39.319  19.116  34.231 0.0000000000
119670  -37.837  21.096  35.748 0.0000000000
111532  -43.781  10.659  48.349 0.0000000000
168395  -42.471  10.267  47.887 0.0000000000
110686  -40.700  9.692  44.775 0.0000000000
110687  -41.683  9.752  45.016 0.0000000000
166543  -41.329  9.906  44.217 0.0000000000
111578  -41.466  10.209  43.293 0.0000000000
111577  -40.564  10.365  43.166 0.0000000000
118930  -49.770  20.881  39.944 0.0000000000
118931  -50.470  21.333  39.992 0.0000000000
119667  -51.099  21.861  37.455 0.0000000000
119678  -50.961  21.964  35.890 0.0000000000
120387  -50.965  22.231  36.062 0.0000000000
121092  -50.533  22.590  35.418 0.0000000000
121070  -50.590  22.796  37.309 0.0000000000
121068  -49.019  23.415  37.437 0.0000000000
111696  -53.868  11.139  34.338 0.0000000000
163118  -53.275  11.474  34.973 0.0000000000
113870  -33.441  13.416  46.976 0.0000000000
114554  -34.526  14.204  46.500 0.0000000000
114553  -33.869  14.017  46.887 0.0000000000
108228  -55.279  6.298  48.451 0.0000000000
107376  -54.101  6.384  47.664 0.0000000000
106421  -53.035  4.451  47.360 0.0000000000
155137  -51.836  3.181  48.077 0.0000000000
104545  -51.360  2.641  47.446 0.0000000000
174937  -49.525  1.743  46.541 0.0000000000
103583  -50.109  1.863  47.059 0.0000000000
156851  -40.658  1.180  47.247 0.0000000000
104542  -39.729  2.597  47.532 0.0000000000
105458  -40.099  3.341  47.505 0.0000000000
105450  -39.088  3.970  48.079 0.0000000000
107363  -37.985  5.202  48.728 0.0000000000
160936  -38.310  3.947  48.339 0.0000000000
106396  -36.681  4.760  49.286 0.0000000000
107358  -35.642  5.318  50.199 0.0000000000
112474  -46.597  11.324  40.501 0.0000000000
112475  -47.316  11.757  40.600 0.0000000000
164548  -46.398  11.651  39.161 0.0000000000
113215  -46.738  12.533  37.315 0.0000000000
113205  -46.779  12.325  38.006 0.0000000000
113216  -47.312  12.806  37.563 0.0000000000
113217  -47.984  13.149  37.886 0.0000000000
169635  -47.799  13.281  37.023 0.0000000000
113948  -47.639  13.416  36.074 0.0000000000
113229  -46.865  12.919  36.022 0.0000000000
113268  -45.633  11.984  33.552 0.0000000000
113269  -46.282  12.496  33.671 0.0000000000
113280  -46.034  12.222  32.888 0.0000000000
113990  -46.699  12.845  32.849 0.0000000000
113279  -45.684  11.955  32.102 0.0000000000
116723  -39.962  17.848  42.348 0.0000000000
116056  -39.567  17.235  41.547 0.0000000000
116728  -40.153  17.856  41.547 0.0000000000
117483  -42.095  18.740  40.084 0.0000000000
116739  -41.044  18.096  40.277 0.0000000000
117494  -41.565  18.061  38.558 0.0000000000
117495  -42.118  18.627  38.276 0.0000000000
118981  -45.604  21.336  33.147 0.0000000000
118973  -44.831  20.772  33.509 0.0000000000
118980  -45.230  21.059  32.337 0.0000000000
118295  -44.403  19.684  31.423 0.0000000000
116801  -43.637  18.137  31.248 0.0000000000
117548  -43.904  18.249  30.303 0.0000000000
157486  -43.972  17.858  29.287 0.0000000000
116815  -44.049  18.313  27.796 0.0000000000
116814  -44.014  17.763  28.137 0.0000000000
116820  -43.624  17.580  27.070 0.0000000000
116147  -43.312  16.844  26.329 0.0000000000
116833  -43.177  16.823  26.101 0.0000000000
116146  -42.923  16.639  25.903 0.0000000000
116826  -43.096  17.216  26.422 0.0000000000
117563  -42.624  18.113  27.872 0.0000000000
117556  -42.951  18.966  28.679 0.0000000000
117547  -42.500  18.970  29.626 0.0000000000
158718  -43.133  22.671  33.991 0.0000000000
173668  -43.144  22.595  34.789 0.0000000000
120399  -41.642  22.217  34.305 0.0000000000
119698  -40.315  21.682  33.804 0.0000000000
119686  -40.252  21.721  34.813 0.0000000000
150370  -39.684  21.462  34.363 0.0000000000
169557  -40.004  21.661  35.603 0.0000000000
110681  -48.120  9.409  46.245 0.0000000000
159400  -48.756  10.420  46.944 0.0000000000
110671  -48.596  10.857  48.076 0.0000000000
112413  -46.908  11.753  47.800 0.0000000000
113120  -48.376  12.181  48.720 0.0000000000
148830  -47.557  12.097  47.147 0.0000000000
112421  -48.112  12.220  46.326 0.0000000000
112420  -47.164  11.715  46.006 0.0000000000
111542  -43.803  10.426  46.900 0.0000000000
111543  -44.697  10.716  46.622 0.0000000000
111553  -44.104  10.443  45.783 0.0000000000
111581  -44.370  10.409  43.377 0.0000000000
151917  -44.759  10.528  44.129 0.0000000000
171196  -45.036  10.559  43.473 0.0000000000
111583  -46.295  10.976  43.628 0.0000000000
111595  -45.614  10.625  42.290 0.0000000000
111611  -45.576  10.637  41.325 0.0000000000
111610  -44.692  10.506  41.103 0.0000000000
111634  -43.216  10.589  39.140 0.0000000000
111647  -43.486  10.763  38.420 0.0000000000
112494  -43.761  11.060  37.696 0.0000000000
111659  -42.815  10.947  37.852 0.0000000000
118224  -45.093  19.548  40.667 0.0000000000
166445  -45.852  19.706  40.444 0.0000000000
118926  -46.049  20.246  39.044 0.0000000000
118949  -45.624  20.757  37.290 0.0000000000
118950  -46.489  20.814  37.557 0.0000000000
118952  -49.056  21.149  37.711 0.0000000000
148125  -48.576  21.559  35.417 0.0000000000
119674  -46.761  21.401  35.671 0.0000000000
169630  -46.582  21.574  34.147 0.0000000000
152386  -47.478  21.713  34.092 0.0000000000
149689  -47.887  22.526  31.959 0.0000000000
119713  -47.278  22.148  32.482 0.0000000000
119724  -47.205  22.426  31.579 0.0000000000
119723  -46.422  22.153  31.122 0.0000000000
177448  -47.081  22.653  30.993 0.0000000000
121145  -46.419  22.897  30.492 0.0000000000
121136  -47.706  23.044  31.148 0.0000000000
121124  -46.944  23.586  31.938 0.0000000000
169585  -47.129  23.636  32.691 0.0000000000
121110  -46.180  23.617  32.797 0.0000000000
121090  -49.601  23.375  34.153 0.0000000000
148466  -46.114  23.532  34.615 0.0000000000
148186  -45.195  23.363  34.828 0.0000000000
121088  -45.625  23.455  35.420 0.0000000000
121087  -44.926  23.346  35.747 0.0000000000
121076  -44.673  23.398  36.589 0.0000000000
160094  -49.070  12.565  33.243 0.0000000000
112578  -48.551  11.935  31.838 0.0000000000
110674  -37.016  9.836  45.936 0.0000000000
110675  -37.520  9.879  45.476 0.0000000000
111549  -36.821  10.423  45.350 0.0000000000
113140  -36.713  12.730  44.289 0.0000000000
113882  -37.380  13.603  43.393 0.0000000000
114564  -37.277  14.201  43.742 0.0000000000
114559  -35.629  14.268  45.691 0.0000000000
113875  -36.011  13.851  45.177 0.0000000000
114560  -36.327  14.553  45.419 0.0000000000
115340  -38.245  16.109  44.505 0.0000000000
115342  -37.926  15.709  43.765 0.0000000000
116049  -38.550  16.527  43.733 0.0000000000
116050  -39.100  17.110  43.348 0.0000000000
175531  -40.787  17.793  43.793 0.0000000000
116716  -41.502  18.045  43.558 0.0000000000
156516  -42.178  17.876  44.041 0.0000000000
116033  -39.998  16.883  47.608 0.0000000000
116039  -41.192  16.952  46.811 0.0000000000
116044  -41.368  16.981  46.083 0.0000000000
116691  -42.036  17.170  46.549 0.0000000000
116709  -43.428  17.527  44.966 0.0000000000
116718  -43.914  17.767  43.983 0.0000000000
117451  -43.468  18.188  43.242 0.0000000000
117452  -44.402  18.076  43.247 0.0000000000
117462  -44.864  18.406  42.668 0.0000000000
117453  -45.259  18.053  43.323 0.0000000000
117455  -46.874  18.447  43.926 0.0000000000
117464  -46.529  18.545  43.001 0.0000000000
117465  -47.399  18.883  43.422 0.0000000000
168782  -55.327  5.449  42.231 0.0000000000
109047  -54.915  7.348  43.151 0.0000000000
109052  -54.477  7.414  42.387 0.0000000000
108275  -53.634  7.177  42.417 0.0000000000
108284  -51.487  6.660  41.406 0.0000000000
108273  -51.812  6.258  42.091 0.0000000000
107395  -55.962  5.397  45.768 0.0000000000
105479  -56.575  3.047  45.301 0.0000000000
106434  -56.562  4.067  44.919 0.0000000000
105488  -56.454  3.563  44.418 0.0000000000
107402  -56.322  4.874  44.858 0.0000000000
108262  -56.066  5.420  44.367 0.0000000000
108253  -55.342  6.671  45.341 0.0000000000
106454  -51.834  5.221  43.315 0.0000000000
107413  -50.467  5.473  42.493 0.0000000000
178934  -50.069  5.951  42.153 0.0000000000
108265  -48.317  6.612  43.108 0.0000000000
109045  -47.967  7.240  43.530 0.0000000000
108258  -47.366  6.524  44.391 0.0000000000
109034  -46.747  7.445  45.718 0.0000000000
160765  -46.823  8.648  46.916 0.0000000000
109031  -46.457  7.924  46.435 0.0000000000
104572  -50.221  2.951  44.849 0.0000000000
165299  -49.628  3.237  44.403 0.0000000000
105485  -48.049  3.534  44.384 0.0000000000
108247  -44.855  6.261  45.882 0.0000000000
108248  -45.725  6.362  45.524 0.0000000000
108240  -45.305  6.965  46.216 0.0000000000
109026  -45.376  8.141  47.555 0.0000000000
109824  -45.072  8.521  48.498 0.0000000000
177782  -44.783  8.940  49.263 0.0000000000
109020  -44.351  8.290  48.643 0.0000000000
104505  -54.463  3.176  52.351 0.0000000000
106305  -52.229  4.457  58.077 0.0000000000
105375  -52.765  3.626  57.574 0.0000000000
104467  -53.148  2.813  56.340 0.0000000000
106315  -52.793  4.127  57.082 0.0000000000
104486  -48.752  2.561  54.638 0.0000000000
104476  -49.292  2.809  55.639 0.0000000000
169826  -49.224  3.082  54.839 0.0000000000
106356  -50.778  5.359  54.659 0.0000000000
107312  -51.402  5.993  55.230 0.0000000000
167262  -51.835  6.372  54.954 0.0000000000
107315  -52.841  5.276  55.696 0.0000000000
160391  -52.705  5.812  55.243 0.0000000000
106357  -53.608  4.499  54.386 0.0000000000
108182  -52.550  6.379  54.155 0.0000000000
106381  -51.767  5.182  51.771 0.0000000000
108199  -52.840  6.204  52.809 0.0000000000
107346  -52.429  5.854  52.279 0.0000000000
107347  -53.870  6.042  51.831 0.0000000000
106382  -52.618  5.684  51.439 0.0000000000
106391  -52.717  5.444  50.643 0.0000000000
174801  -51.425  4.297  50.548 0.0000000000
103569  -48.479  1.531  48.359 0.0000000000
104536  -49.242  2.075  49.072 0.0000000000
160478  -47.978  1.270  47.029 0.0000000000
103592  -47.640  1.397  46.305 0.0000000000
103591  -46.560  1.327  46.213 0.0000000000
109813  -39.924  8.673  50.484 0.0000000000
109814  -40.817  8.945  50.444 0.0000000000
109809  -40.259  9.590  50.903 0.0000000000
111495  -40.095  10.206  50.957 0.0000000000
111494  -39.490  10.234  51.064 0.0000000000
168420  -38.626  10.022  49.226 0.0000000000
154960  -38.346  10.259  50.001 0.0000000000
110622  -36.752  9.846  50.409 0.0000000000
110631  -36.878  9.699  49.468 0.0000000000
109004  -36.852  8.012  51.050 0.0000000000
157804  -35.920  8.918  51.458 0.0000000000
111514  -33.500  10.393  48.365 0.0000000000
111527  -33.769  10.761  47.509 0.0000000000
112394  -33.056  11.172  47.806 0.0000000000
107491  -53.694  6.112  35.329 0.0000000000
108348  -55.167  7.595  36.275 0.0000000000
111651  -54.518  10.896  37.093 0.0000000000
109895  -55.150  9.106  36.195 0.0000000000
110747  -54.877  10.221  36.218 0.0000000000
111676  -54.912  10.204  35.505 0.0000000000
177109  -54.575  11.354  36.436 0.0000000000
162833  -50.263  11.963  46.870 0.0000000000
111557  -50.150  11.638  45.847 0.0000000000
112423  -50.763  12.641  46.272 0.0000000000
113879  -51.148  13.717  45.185 0.0000000000
113152  -51.487  13.555  44.616 0.0000000000
113166  -48.512  12.503  41.429 0.0000000000
113167  -48.967  12.750  42.422 0.0000000000
113183  -49.033  12.914  41.022 0.0000000000
114589  -51.463  14.328  40.283 0.0000000000
113897  -51.027  14.228  41.597 0.0000000000
114583  -52.201  14.436  41.026 0.0000000000
114574  -52.379  14.267  41.785 0.0000000000
114584  -52.665  14.175  40.727 0.0000000000
113919  -53.108  14.028  39.903 0.0000000000
114591  -52.976  14.294  39.688 0.0000000000
114612  -53.121  14.519  37.696 0.0000000000
114602  -53.409  14.105  38.309 0.0000000000
114613  -53.647  14.121  37.288 0.0000000000
113951  -54.240  13.294  36.394 0.0000000000
114626  -54.058  13.838  35.795 0.0000000000
115382  -53.547  15.012  35.384 0.0000000000
115392  -51.882  15.697  34.616 0.0000000000
115402  -52.980  15.569  33.949 0.0000000000
115411  -52.535  15.907  33.163 0.0000000000
114646  -52.827  14.975  33.675 0.0000000000
116108  -52.221  16.054  32.694 0.0000000000
114643  -48.158  14.247  34.268 0.0000000000
114645  -49.464  15.004  34.594 0.0000000000
114644  -48.918  14.840  33.980 0.0000000000
115436  -49.662  14.947  30.630 0.0000000000
115417  -49.602  15.542  31.990 0.0000000000
115437  -50.189  15.181  30.805 0.0000000000
114666  -51.229  15.250  32.008 0.0000000000
114004  -50.583  14.652  31.364 0.0000000000
113992  -50.237  13.953  31.743 0.0000000000
114003  -50.076  13.973  30.696 0.0000000000
113310  -48.555  12.674  29.286 0.0000000000
113300  -48.912  12.613  29.723 0.0000000000
112594  -48.307  11.857  29.305 0.0000000000
111721  -48.120  11.228  29.992 0.0000000000
111730  -47.791  11.149  29.398 0.0000000000
111561  -37.767  10.746  44.253 0.0000000000
111562  -38.526  10.234  44.201 0.0000000000
111575  -38.325  10.809  43.741 0.0000000000
113163  -39.045  12.767  41.565 0.0000000000
113157  -39.207  12.072  41.850 0.0000000000
112456  -39.877  11.730  41.535 0.0000000000
113164  -39.560  12.454  41.183 0.0000000000
115357  -39.914  16.113  39.994 0.0000000000
114597  -40.539  14.575  38.647 0.0000000000
114588  -40.240  14.804  39.299 0.0000000000
149405  -40.286  13.909  39.214 0.0000000000
153009  -40.460  12.374  39.971 0.0000000000
113193  -40.442  12.976  39.181 0.0000000000
113204  -40.863  12.031  39.098 0.0000000000
113203  -40.753  12.757  38.457 0.0000000000
114619  -41.159  14.325  36.534 0.0000000000
113938  -41.132  13.389  36.696 0.0000000000
113227  -41.515  12.683  36.121 0.0000000000
113250  -41.726  12.873  35.187 0.0000000000
164003  -44.618  19.839  39.955 0.0000000000
118234  -43.896  19.774  39.480 0.0000000000
178845  -43.423  19.851  36.731 0.0000000000
118251  -42.703  19.168  37.265 0.0000000000
117501  -42.289  18.613  37.484 0.0000000000
153750  -42.505  18.710  36.798 0.0000000000
118274  -44.180  20.147  33.806 0.0000000000
118273  -43.678  19.658  34.430 0.0000000000
116780  -42.613  17.610  34.528 0.0000000000
117519  -42.874  18.342  34.862 0.0000000000
116773  -42.421  17.747  35.504 0.0000000000
114654  -42.032  14.460  32.968 0.0000000000
114653  -41.779  14.553  33.861 0.0000000000
113978  -41.976  13.766  33.516 0.0000000000
113967  -41.974  13.143  34.221 0.0000000000
113266  -42.546  13.029  33.291 0.0000000000
113267  -43.124  12.333  33.457 0.0000000000
152632  -43.152  12.616  32.802 0.0000000000
113999  -42.913  13.865  31.053 0.0000000000
113286  -43.953  12.718  30.878 0.0000000000
113296  -44.771  12.321  30.359 0.0000000000
115435  -43.306  15.980  29.025 0.0000000000
115434  -42.967  15.285  29.752 0.0000000000
114030  -45.207  13.454  26.488 0.0000000000
114021  -44.872  13.251  28.126 0.0000000000
113307  -45.377  12.561  28.887 0.0000000000
113308  -46.066  12.355  27.907 0.0000000000
113316  -45.486  12.421  27.028 0.0000000000
112599  -45.047  11.879  27.289 0.0000000000
112606  -45.516  11.842  27.105 0.0000000000
111735  -45.794  11.275  27.799 0.0000000000
111727  -46.004  10.486  28.647 0.0000000000
114698  -42.215  15.059  26.839 0.0000000000
115447  -41.432  15.506  27.864 0.0000000000
114008  -40.717  14.521  29.719 0.0000000000
114019  -41.371  13.891  29.620 0.0000000000
120441  -45.080  22.398  29.842 0.0000000000
120451  -44.762  22.126  29.553 0.0000000000
156802  -44.276  22.331  29.922 0.0000000000
119734  -42.694  21.481  30.756 0.0000000000
173441  -42.839  20.913  30.400 0.0000000000
118992  -42.319  20.843  31.088 0.0000000000
118302  -42.365  19.430  30.475 0.0000000000
118293  -42.087  20.057  31.278 0.0000000000
155212  -41.842  22.341  32.775 0.0000000000
120418  -41.400  22.062  32.484 0.0000000000
118986  -41.022  20.671  32.426 0.0000000000
117531  -41.329  19.189  32.218 0.0000000000
116793  -41.276  18.336  31.914 0.0000000000
116792  -40.788  17.829  32.430 0.0000000000
115407  -39.187  15.499  33.284 0.0000000000
114652  -38.776  14.663  32.891 0.0000000000
115398  -39.099  15.880  34.067 0.0000000000
115397  -38.672  15.859  34.687 0.0000000000
116093  -38.542  16.711  35.258 0.0000000000
118971  -38.692  20.504  34.581 0.0000000000
116772  -37.488  17.582  36.194 0.0000000000
121053  -42.308  23.666  37.928 0.0000000000
121061  -42.088  23.007  37.722 0.0000000000
120371  -40.844  22.801  38.011 0.0000000000
120376  -39.601  22.179  37.706 0.0000000000
110645  -41.391  10.307  48.654 0.0000000000
110658  -41.814  10.050  47.740 0.0000000000
110667  -40.652  9.516  46.573 0.0000000000
110685  -40.054  9.874  44.199 0.0000000000
169587  -50.867  21.639  39.184 0.0000000000
120372  -51.367  22.401  38.851 0.0000000000
120380  -51.046  22.375  36.970 0.0000000000
121059  -51.020  23.519  38.466 0.0000000000
113259  -53.898  12.570  34.749 0.0000000000
114551  -34.100  14.684  47.153 0.0000000000
106409  -55.656  5.052  49.109 0.0000000000
108217  -54.737  6.599  49.261 0.0000000000
106408  -53.515  5.577  48.687 0.0000000000
107361  -53.930  6.342  49.142 0.0000000000
106407  -52.887  4.835  49.071 0.0000000000
105444  -52.162  4.237  49.467 0.0000000000
164315  -39.369  2.000  47.632 0.0000000000
157754  -37.878  3.216  48.393 0.0000000000
104535  -38.274  2.506  48.162 0.0000000000
109062  -50.396  7.734  40.829 0.0000000000
109849  -49.381  8.949  41.474 0.0000000000
110702  -49.279  9.697  41.914 0.0000000000
111597  -49.576  10.549  42.467 0.0000000000
112496  -45.308  11.417  38.160 0.0000000000
112497  -46.217  11.783  38.439 0.0000000000
150206  -45.152  11.639  37.211 0.0000000000
112510  -45.700  12.076  36.599 0.0000000000
113228  -46.175  12.452  35.932 0.0000000000
113240  -46.613  12.805  35.277 0.0000000000
113239  -45.981  12.300  35.140 0.0000000000
112552  -45.127  11.744  34.135 0.0000000000
112567  -45.043  11.661  33.352 0.0000000000
117459  -41.385  18.464  41.746 0.0000000000
116729  -40.713  18.108  41.073 0.0000000000
178007  -41.936  18.635  41.504 0.0000000000
160994  -42.082  18.738  40.897 0.0000000000
118221  -42.668  19.163  39.757 0.0000000000
118989  -45.908  21.625  31.501 0.0000000000
118988  -45.331  21.039  31.134 0.0000000000
118296  -44.643  19.962  30.386 0.0000000000
178784  -44.500  19.479  29.846 0.0000000000
173538  -44.303  18.766  29.636 0.0000000000
117566  -43.929  18.740  27.885 0.0000000000
117571  -43.249  17.815  26.942 0.0000000000
117565  -43.774  18.622  27.789 0.0000000000
118317  -43.705  19.403  28.439 0.0000000000
118310  -43.603  20.233  29.055 0.0000000000
120393  -42.687  22.413  35.366 0.0000000000
119673  -41.133  21.878  36.015 0.0000000000
119663  -41.354  22.034  36.818 0.0000000000
110659  -47.714  10.413  48.401 0.0000000000
110660  -48.170  11.233  48.820 0.0000000000
111524  -47.607  11.442  49.047 0.0000000000
112403  -47.355  11.762  48.735 0.0000000000
112412  -46.084  11.504  47.868 0.0000000000
148750  -43.040  10.201  44.193 0.0000000000
111580  -43.445  10.316  43.237 0.0000000000
111593  -43.343  10.368  42.269 0.0000000000
148533  -44.017  10.411  41.680 0.0000000000
148532  -43.883  10.441  40.806 0.0000000000
111622  -43.046  10.430  40.535 0.0000000000
151916  -42.799  10.527  39.779 0.0000000000
111645  -41.926  10.851  38.934 0.0000000000
118225  -46.588  19.657  40.684 0.0000000000
118927  -46.972  20.206  39.229 0.0000000000
118940  -47.629  20.540  38.593 0.0000000000
158867  -50.236  21.562  36.419 0.0000000000
119676  -49.659  21.571  35.767 0.0000000000
119690  -48.524  21.793  34.452 0.0000000000
119702  -48.428  22.154  33.516 0.0000000000
148908  -49.057  22.634  32.948 0.0000000000
121125  -48.806  22.990  32.083 0.0000000000
148506  -48.419  23.156  31.827 0.0000000000
121111  -48.720  23.369  32.669 0.0000000000
121079  -48.414  23.382  35.988 0.0000000000
148933  -45.962  23.656  37.097 0.0000000000
113254  -49.318  12.565  34.069 0.0000000000
111540  -35.622  10.372  46.288 0.0000000000
159586  -36.437  11.147  45.018 0.0000000000
112426  -35.823  11.713  45.183 0.0000000000
113139  -36.123  12.563  44.814 0.0000000000
113878  -36.366  13.359  44.684 0.0000000000
115334  -36.730  15.190  45.802 0.0000000000
115336  -38.046  15.856  45.175 0.0000000000
116047  -39.381  17.105  44.230 0.0000000000
151001  -39.285  16.746  44.953 0.0000000000
116699  -40.972  17.185  45.321 0.0000000000
116692  -42.650  17.559  47.212 0.0000000000
153113  -42.783  17.366  46.403 0.0000000000
116693  -43.438  17.602  46.742 0.0000000000
162242  -44.143  17.480  45.636 0.0000000000
116710  -44.405  17.591  44.752 0.0000000000
116711  -45.263  17.687  44.725 0.0000000000
166951  -45.950  17.853  44.808 0.0000000000
106455  -55.494  4.610  42.897 0.0000000000
107416  -55.754  5.516  43.172 0.0000000000
109048  -55.350  6.885  43.540 0.0000000000
108244  -55.215  6.671  46.304 0.0000000000
108252  -54.873  7.051  45.805 0.0000000000
175708  -54.683  7.077  45.225 0.0000000000
107401  -53.633  6.219  44.697 0.0000000000
106448  -52.152  4.807  44.106 0.0000000000
106452  -50.019  4.907  42.965 0.0000000000
162560  -48.224  5.999  43.421 0.0000000000
107406  -49.211  5.087  43.169 0.0000000000
107405  -48.405  5.246  43.583 0.0000000000
107399  -47.686  5.028  44.107 0.0000000000
167179  -48.154  2.812  44.734 0.0000000000
105484  -47.199  3.593  44.587 0.0000000000
106436  -46.170  4.230  44.776 0.0000000000
107391  -45.149  5.575  45.410 0.0000000000
108239  -44.574  6.721  46.508 0.0000000000
108233  -44.222  7.082  47.198 0.0000000000
108238  -43.953  6.467  46.698 0.0000000000
104497  -48.307  2.667  53.340 0.0000000000
105409  -49.590  3.816  54.456 0.0000000000
105417  -48.811  3.348  53.026 0.0000000000
106371  -50.090  4.530  53.187 0.0000000000
106363  -50.761  5.281  53.734 0.0000000000
107333  -51.460  5.815  53.381 0.0000000000
106372  -50.789  5.085  52.870 0.0000000000
106380  -50.901  4.771  52.065 0.0000000000
148058  -50.275  3.794  50.952 0.0000000000
105436  -50.755  3.780  50.441 0.0000000000
105435  -49.948  3.315  50.398 0.0000000000
103559  -48.475  1.799  49.063 0.0000000000
103567  -47.098  1.159  48.242 0.0000000000
108223  -40.543  6.606  48.519 0.0000000000
109010  -39.614  7.802  49.736 0.0000000000
109808  -39.213  8.945  50.857 0.0000000000
111503  -38.133  10.255  50.778 0.0000000000
109805  -38.501  9.312  51.216 0.0000000000
110623  -37.393  10.080  50.899 0.0000000000
171205  -36.769  9.848  50.961 0.0000000000
109886  -55.075  8.893  36.901 0.0000000000
111650  -54.196  10.936  37.664 0.0000000000
112500  -54.221  11.657  37.473 0.0000000000
113135  -49.873  13.066  46.887 0.0000000000
113130  -50.746  13.108  46.609 0.0000000000
113142  -49.781  13.153  46.110 0.0000000000
113151  -50.538  13.652  44.810 0.0000000000
159206  -50.336  13.645  43.829 0.0000000000
113917  -49.129  13.371  39.271 0.0000000000
171549  -49.750  13.535  40.124 0.0000000000
113918  -50.378  13.907  39.537 0.0000000000
114599  -51.486  14.362  39.350 0.0000000000
114600  -52.478  14.481  39.137 0.0000000000
148055  -51.518  14.445  38.286 0.0000000000
114611  -52.161  14.753  37.302 0.0000000000
150513  -52.978  14.962  36.666 0.0000000000
115381  -53.009  15.302  35.591 0.0000000000
114623  -52.253  15.199  36.202 0.0000000000
114635  -51.306  15.273  35.582 0.0000000000
115391  -50.979  15.503  34.694 0.0000000000
114664  -48.063  14.303  32.575 0.0000000000
114673  -48.448  14.499  31.445 0.0000000000
114674  -48.987  14.744  30.840 0.0000000000
114684  -49.275  14.335  30.145 0.0000000000
114014  -49.732  13.861  30.076 0.0000000000
114013  -48.816  13.740  29.675 0.0000000000
114022  -48.725  13.290  29.464 0.0000000000
114032  -48.114  12.690  29.027 0.0000000000
113155  -37.772  12.912  42.962 0.0000000000
113149  -38.162  11.977  42.982 0.0000000000
113888  -38.105  13.510  42.268 0.0000000000
113894  -38.675  13.401  41.652 0.0000000000
116069  -40.595  16.600  39.192 0.0000000000
115362  -40.296  15.736  39.361 0.0000000000
116075  -40.651  15.944  38.799 0.0000000000
115368  -40.867  15.666  38.302 0.0000000000
114598  -40.835  14.908  38.016 0.0000000000
113212  -40.793  13.418  37.969 0.0000000000
152364  -41.102  15.018  37.232 0.0000000000
118937  -44.936  20.454  37.874 0.0000000000
118253  -44.201  20.326  37.502 0.0000000000
118261  -43.480  19.876  36.134 0.0000000000
117532  -43.541  18.728  32.854 0.0000000000
117526  -43.357  18.624  33.610 0.0000000000
116789  -43.136  18.044  33.263 0.0000000000
116788  -42.744  17.502  33.696 0.0000000000
175190  -42.482  16.987  34.102 0.0000000000
116106  -42.177  16.182  34.094 0.0000000000
153328  -42.283  15.921  33.211 0.0000000000
115416  -42.214  15.292  32.674 0.0000000000
168829  -42.263  14.121  32.445 0.0000000000
113277  -42.863  13.138  32.368 0.0000000000
113989  -42.570  13.843  31.928 0.0000000000
114682  -43.011  14.385  30.227 0.0000000000
114692  -43.848  14.565  27.771 0.0000000000
114701  -44.297  14.242  26.334 0.0000000000
114037  -45.192  12.868  26.230 0.0000000000
114036  -44.831  13.181  25.884 0.0000000000
113320  -44.747  12.843  26.084 0.0000000000
113315  -44.759  12.454  26.885 0.0000000000
112591  -44.035  11.730  28.610 0.0000000000
113314  -44.365  12.703  27.022 0.0000000000
114029  -43.643  13.121  27.197 0.0000000000
116140  -41.034  16.032  28.365 0.0000000000
115441  -40.739  15.557  29.051 0.0000000000
151737  -40.468  15.096  29.599 0.0000000000
173056  -43.727  22.585  30.566 0.0000000000
174270  -43.649  22.896  31.096 0.0000000000
147794  -42.996  22.531  31.165 0.0000000000
119722  -42.390  22.036  31.239 0.0000000000
119720  -40.710  21.176  32.779 0.0000000000
118979  -40.456  20.641  32.999 0.0000000000
117525  -40.437  18.270  33.144 0.0000000000
116787  -40.360  17.470  32.882 0.0000000000
116786  -39.985  17.622  33.608 0.0000000000
116779  -39.430  17.510  34.350 0.0000000000
118967  -37.937  20.371  35.178 0.0000000000
118265  -37.424  19.621  35.697 0.0000000000
118957  -36.793  19.911  36.205 0.0000000000
111510  -44.566  10.719  49.814 0.0000000000
111521  -45.178  11.119  49.318 0.0000000000
153447  -44.403  10.922  49.192 0.0000000000
111552  -43.418  10.185  45.821 0.0000000000
110669  -42.308  9.923  47.010 0.0000000000
111551  -42.898  10.002  46.375 0.0000000000
111566  -42.699  9.953  45.212 0.0000000000
111606  -41.013  10.833  41.713 0.0000000000
118929  -48.902  20.528  39.737 0.0000000000
173597  -49.465  20.911  39.172 0.0000000000
118953  -49.734  21.191  38.358 0.0000000000
119655  -50.667  21.583  38.148 0.0000000000
119665  -50.190  21.452  37.321 0.0000000000
119677  -50.591  21.764  35.780 0.0000000000
119693  -50.560  21.995  35.202 0.0000000000
121099  -50.265  22.719  34.593 0.0000000000
155026  -50.028  22.967  35.852 0.0000000000
121080  -49.236  23.240  36.419 0.0000000000
121056  -48.464  23.788  38.044 0.0000000000
113257  -51.625  13.815  34.487 0.0000000000
113127  -34.306  12.736  46.211 0.0000000000
113873  -34.660  13.454  46.037 0.0000000000
115328  -34.866  14.993  46.911 0.0000000000
115329  -35.666  15.228  46.751 0.0000000000
115330  -36.465  15.423  46.573 0.0000000000
108242  -54.471  6.661  47.111 0.0000000000
106422  -53.547  5.355  46.296 0.0000000000
105487  -51.768  3.722  45.033 0.0000000000
105467  -52.866  4.348  46.448 0.0000000000
105477  -51.504  3.175  45.638 0.0000000000
154028  -50.831  2.524  45.969 0.0000000000
105461  -52.475  3.806  47.754 0.0000000000
104553  -51.481  2.810  46.560 0.0000000000
104564  -50.114  2.472  45.494 0.0000000000
103602  -49.261  2.013  45.746 0.0000000000
103600  -47.286  1.793  45.611 0.0000000000
104475  -48.804  1.959  56.135 0.0000000000
103510  -48.396  1.687  55.418 0.0000000000
103518  -48.278  1.890  54.651 0.0000000000
104496  -47.833  1.936  53.714 0.0000000000
103526  -46.692  1.288  52.862 0.0000000000
103534  -47.121  1.916  52.383 0.0000000000
103542  -46.989  2.036  51.557 0.0000000000
107364  -38.609  5.559  48.624 0.0000000000
108214  -38.413  6.850  49.324 0.0000000000
108220  -38.074  6.053  48.924 0.0000000000
108213  -37.579  6.623  49.531 0.0000000000
108212  -36.745  6.408  49.840 0.0000000000
106397  -37.369  4.684  48.852 0.0000000000
112447  -47.689  11.681  42.722 0.0000000000
112448  -48.584  12.382  43.207 0.0000000000
163022  -47.498  11.632  41.961 0.0000000000
113181  -47.961  12.231  40.688 0.0000000000
162440  -48.164  12.545  40.074 0.0000000000
112486  -46.911  12.101  38.838 0.0000000000
152770  -47.667  12.425  39.330 0.0000000000
113194  -48.407  12.854  39.515 0.0000000000
113207  -48.233  12.956  38.756 0.0000000000
113939  -48.528  13.574  37.336 0.0000000000
113949  -49.057  14.004  36.797 0.0000000000
114620  -48.942  14.226  35.933 0.0000000000
113959  -48.276  13.915  35.729 0.0000000000
113958  -47.885  13.846  35.159 0.0000000000
113969  -47.489  13.627  34.481 0.0000000000
113968  -46.951  13.141  34.689 0.0000000000
113980  -47.740  13.954  33.557 0.0000000000
113991  -47.402  13.552  32.763 0.0000000000
113289  -46.290  12.408  31.282 0.0000000000
115348  -38.953  15.760  41.400 0.0000000000
172878  -39.334  16.413  41.231 0.0000000000
116062  -39.723  16.688  40.663 0.0000000000
116063  -40.241  16.925  39.980 0.0000000000
116738  -40.550  17.642  40.320 0.0000000000
116746  -40.756  17.503  39.620 0.0000000000
116752  -41.072  17.329  38.767 0.0000000000
157241  -41.418  17.460  38.150 0.0000000000
118288  -44.681  20.401  31.885 0.0000000000
118287  -44.085  19.566  32.451 0.0000000000
171811  -43.277  17.416  31.529 0.0000000000
116120  -42.994  16.756  31.137 0.0000000000
116128  -42.753  15.871  30.725 0.0000000000
116129  -43.263  16.559  29.999 0.0000000000
116136  -43.625  16.920  28.594 0.0000000000
148876  -43.475  16.070  27.417 0.0000000000
115449  -43.331  15.985  26.150 0.0000000000
115453  -42.978  15.629  25.733 0.0000000000
114705  -42.765  15.292  25.834 0.0000000000
115452  -42.685  15.824  25.704 0.0000000000
116145  -42.444  16.352  26.164 0.0000000000
151978  -41.986  16.969  27.110 0.0000000000
116819  -42.921  17.755  26.969 0.0000000000
116818  -42.449  17.510  27.190 0.0000000000
116135  -41.386  16.751  28.420 0.0000000000
156073  -41.638  17.415  29.092 0.0000000000
116807  -41.621  17.695  30.004 0.0000000000
120409  -43.156  22.758  33.028 0.0000000000
120408  -42.250  22.460  33.518 0.0000000000
120407  -41.223  22.125  33.405 0.0000000000
118972  -39.304  20.581  34.034 0.0000000000
119685  -39.326  21.460  35.126 0.0000000000
149941  -38.958  21.583  36.607 0.0000000000
109840  -48.259  8.864  43.800 0.0000000000
164458  -48.632  9.820  44.594 0.0000000000
171107  -48.686  10.047  45.721 0.0000000000
111556  -49.489  11.029  46.405 0.0000000000
111546  -50.093  12.327  47.465 0.0000000000
111535  -48.963  11.681  48.469 0.0000000000
113124  -48.877  12.330  48.264 0.0000000000
113128  -49.536  12.658  47.434 0.0000000000
112422  -49.140  12.706  46.658 0.0000000000
172153  -48.034  11.844  44.552 0.0000000000
111534  -45.645  11.345  48.538 0.0000000000
111544  -45.415  11.164  47.347 0.0000000000
112419  -46.087  11.426  46.886 0.0000000000
111568  -44.403  10.487  44.921 0.0000000000
111569  -45.317  10.796  44.991 0.0000000000
111555  -46.216  11.291  45.725 0.0000000000
155174  -46.840  11.420  45.122 0.0000000000
112429  -47.102  11.428  44.251 0.0000000000
112438  -47.013  11.329  43.192 0.0000000000
112446  -46.953  11.282  42.286 0.0000000000
170891  -46.307  10.923  41.085 0.0000000000
111624  -45.892  10.873  40.493 0.0000000000
111623  -44.587  10.536  40.277 0.0000000000
169332  -44.550  10.641  39.573 0.0000000000
111635  -44.914  10.945  38.975 0.0000000000
112495  -44.377  10.980  38.310 0.0000000000
112509  -44.198  11.390  36.929 0.0000000000
112522  -43.532  11.372  36.266 0.0000000000
175933  -44.077  19.178  41.518 0.0000000000
118207  -43.744  19.336  41.001 0.0000000000
118208  -44.480  19.290  41.218 0.0000000000
154372  -44.613  20.074  39.314 0.0000000000
118246  -45.138  20.301  38.792 0.0000000000
153339  -45.434  20.995  36.525 0.0000000000
151413  -47.365  20.861  37.805 0.0000000000
118951  -48.167  21.204  37.119 0.0000000000
118963  -47.165  21.132  37.057 0.0000000000
118961  -45.786  21.285  35.642 0.0000000000
119688  -45.860  21.381  34.609 0.0000000000
119700  -46.085  21.501  33.716 0.0000000000
119712  -46.419  21.681  32.821 0.0000000000
168797  -47.660  22.051  33.220 0.0000000000
119742  -45.461  22.020  29.801 0.0000000000
120442  -45.792  22.443  30.227 0.0000000000
121144  -45.968  22.761  30.340 0.0000000000
121134  -46.120  23.237  30.760 0.0000000000
149666  -47.540  23.298  31.396 0.0000000000
177135  -46.761  23.392  31.229 0.0000000000
121133  -45.155  23.314  31.058 0.0000000000
121122  -44.805  23.405  31.952 0.0000000000
148510  -48.716  23.567  33.663 0.0000000000
148509  -46.686  23.613  33.590 0.0000000000
121096  -45.602  23.491  33.837 0.0000000000
121075  -43.908  23.192  36.779 0.0000000000
110665  -38.171  9.416  46.719 0.0000000000
110676  -38.341  9.505  45.735 0.0000000000
111550  -37.425  10.388  44.899 0.0000000000
112428  -37.310  11.564  44.083 0.0000000000
113141  -37.086  12.230  44.031 0.0000000000
113148  -37.554  12.149  43.536 0.0000000000
165255  -38.130  15.248  42.432 0.0000000000
113874  -35.328  13.473  45.519 0.0000000000
115338  -36.992  14.895  45.064 0.0000000000
114562  -37.144  14.543  44.336 0.0000000000
115341  -37.506  14.901  43.762 0.0000000000
115344  -37.811  15.107  43.066 0.0000000000
116052  -38.700  16.593  42.772 0.0000000000
116053  -39.283  17.271  42.554 0.0000000000
116725  -41.463  18.362  42.657 0.0000000000
117460  -43.033  18.647  42.472 0.0000000000
116043  -40.473  16.816  46.101 0.0000000000
177206  -42.384  17.262  46.069 0.0000000000
116708  -42.468  17.557  44.811 0.0000000000
117473  -44.506  18.917  41.972 0.0000000000
117474  -45.263  18.728  42.236 0.0000000000
117475  -46.056  18.893  42.104 0.0000000000
117454  -46.078  18.156  43.541 0.0000000000
118210  -46.799  19.317  41.545 0.0000000000
118211  -47.760  19.470  41.928 0.0000000000
118227  -48.475  19.956  41.410 0.0000000000
118201  -48.953  19.635  43.423 0.0000000000
108276  -55.452  6.081  42.439 0.0000000000
108286  -53.971  7.357  41.775 0.0000000000
109064  -52.207  7.086  40.927 0.0000000000
108283  -50.645  6.854  41.290 0.0000000000
108282  -49.951  7.161  41.353 0.0000000000
109051  -48.819  7.677  42.194 0.0000000000
108268  -55.770  6.041  43.843 0.0000000000
109040  -54.645  7.343  43.945 0.0000000000
108259  -54.311  7.006  44.598 0.0000000000
107408  -53.595  6.632  44.042 0.0000000000
108266  -53.291  6.725  43.228 0.0000000000
107424  -50.826  6.125  41.900 0.0000000000
108271  -49.388  7.018  41.842 0.0000000000
161102  -48.161  7.931  43.446 0.0000000000
109833  -47.611  8.521  45.749 0.0000000000
108264  -47.826  6.535  43.705 0.0000000000
109830  -47.440  9.005  46.650 0.0000000000
109827  -47.144  9.440  47.662 0.0000000000
177195  -46.465  9.246  48.083 0.0000000000
109821  -46.177  9.655  49.070 0.0000000000
105486  -50.318  3.404  44.351 0.0000000000
106439  -48.247  4.404  43.999 0.0000000000
107397  -46.633  5.556  44.783 0.0000000000
108249  -46.467  6.727  45.356 0.0000000000
109030  -45.718  7.698  46.699 0.0000000000
109825  -45.780  8.882  48.300 0.0000000000
110646  -45.684  10.170  49.723 0.0000000000
109816  -44.780  9.778  49.880 0.0000000000
110636  -44.215  10.386  50.136 0.0000000000
111519  -42.800  10.657  49.761 0.0000000000
111508  -42.777  10.411  50.201 0.0000000000
111518  -41.927  10.559  49.660 0.0000000000
169307  -40.344  10.068  48.508 0.0000000000
106384  -55.088  4.456  51.065 0.0000000000
102496  -52.842  1.713  56.346 0.0000000000
103511  -53.110  2.307  55.898 0.0000000000
104477  -53.381  2.836  55.340 0.0000000000
104466  -49.519  2.700  56.656 0.0000000000
105380  -50.671  4.328  56.870 0.0000000000
106325  -51.233  5.236  56.552 0.0000000000
106355  -50.222  4.551  55.007 0.0000000000
106340  -50.877  5.341  55.590 0.0000000000
107286  -52.142  5.229  56.976 0.0000000000
106328  -53.003  4.619  56.064 0.0000000000
171584  -53.328  3.974  55.611 0.0000000000
105410  -53.512  3.447  55.075 0.0000000000
104487  -53.717  3.076  54.498 0.0000000000
104488  -53.969  3.270  53.877 0.0000000000
106365  -54.149  4.360  53.063 0.0000000000
108191  -52.736  6.367  53.483 0.0000000000
107335  -53.742  5.110  53.075 0.0000000000
106374  -54.501  4.397  52.283 0.0000000000
106383  -54.581  5.090  51.715 0.0000000000
107348  -54.407  5.878  51.249 0.0000000000
106398  -52.096  4.590  50.257 0.0000000000
105452  -51.433  3.375  48.997 0.0000000000
105443  -50.542  3.169  49.652 0.0000000000
105451  -50.736  2.731  48.931 0.0000000000
103570  -49.956  1.871  47.887 0.0000000000
103582  -49.370  1.600  47.279 0.0000000000
161077  -45.180  3.024  45.182 0.0000000000
102563  -46.416  1.001  48.696 0.0000000000
102575  -46.356  0.805  47.814 0.0000000000
102584  -46.078  0.816  46.990 0.0000000000
103597  -44.021  1.824  45.836 0.0000000000
103590  -45.590  1.137  46.416 0.0000000000
104559  -44.619  2.375  45.509 0.0000000000
105474  -44.296  3.263  45.384 0.0000000000
106428  -43.889  4.198  45.480 0.0000000000
111516  -40.089  10.401  49.743 0.0000000000
162072  -39.354  10.034  48.886 0.0000000000
110644  -38.480  9.589  48.225 0.0000000000
148535  -37.473  9.406  47.087 0.0000000000
161953  -36.855  9.575  46.628 0.0000000000
170894  -37.022  9.456  48.558 0.0000000000
110662  -36.060  9.703  46.881 0.0000000000
111539  -34.877  10.727  46.518 0.0000000000
109005  -37.610  7.962  50.659 0.0000000000
151891  -36.878  8.999  51.453 0.0000000000
111515  -34.202  10.062  48.090 0.0000000000
112401  -34.173  11.145  46.760 0.0000000000
112409  -34.082  11.969  46.403 0.0000000000
113126  -33.701  12.646  46.678 0.0000000000
113123  -33.119  12.620  47.211 0.0000000000
112393  -32.320  11.707  48.134 0.0000000000
113122  -32.490  12.588  47.673 0.0000000000
113868  -32.797  13.399  47.439 0.0000000000
157742  -54.518  7.317  34.737 0.0000000000
164479  -55.203  8.715  35.810 0.0000000000
109129  -54.857  7.909  34.945 0.0000000000
109140  -54.863  8.440  34.343 0.0000000000
111688  -54.827  10.059  34.728 0.0000000000
111687  -54.661  10.733  34.969 0.0000000000
111584  -49.197  10.438  44.332 0.0000000000
111585  -49.538  10.720  43.575 0.0000000000
112441  -50.450  11.787  44.193 0.0000000000
112433  -51.233  13.080  45.505 0.0000000000
112442  -51.203  12.770  44.598 0.0000000000
165766  -50.852  12.350  43.716 0.0000000000
172098  -49.412  13.092  43.260 0.0000000000
113889  -51.128  14.207  43.423 0.0000000000
151894  -49.865  13.508  41.068 0.0000000000
114569  -52.213  14.323  42.630 0.0000000000
113171  -52.570  13.828  41.462 0.0000000000
113195  -53.064  13.426  39.826 0.0000000000
112488  -53.500  12.808  38.765 0.0000000000
113208  -53.773  13.094  38.139 0.0000000000
114601  -53.090  14.374  38.785 0.0000000000
162349  -53.525  13.725  38.613 0.0000000000
113219  -54.157  12.365  37.387 0.0000000000
113943  -54.241  12.795  36.940 0.0000000000
113231  -54.426  12.523  36.149 0.0000000000
112558  -54.300  11.199  34.570 0.0000000000
113260  -54.212  12.003  34.771 0.0000000000
113973  -54.126  12.872  34.887 0.0000000000
113972  -53.644  13.526  34.805 0.0000000000
115393  -53.236  15.356  34.760 0.0000000000
166956  -53.548  14.385  34.601 0.0000000000
114647  -53.181  14.313  34.377 0.0000000000
113971  -52.427  14.511  34.001 0.0000000000
113982  -51.457  14.420  33.444 0.0000000000
150776  -49.318  14.666  35.330 0.0000000000
115390  -50.325  15.485  34.238 0.0000000000
172489  -50.518  15.817  33.403 0.0000000000
114656  -49.202  15.316  32.980 0.0000000000
152285  -50.190  15.863  32.621 0.0000000000
115409  -50.894  16.103  32.858 0.0000000000
114676  -51.333  15.756  31.977 0.0000000000
113981  -50.421  13.840  32.942 0.0000000000
113282  -49.559  13.163  32.398 0.0000000000
152284  -49.150  12.638  31.674 0.0000000000
113301  -49.485  13.304  30.181 0.0000000000
113290  -49.034  12.425  30.684 0.0000000000
112583  -48.364  11.506  30.838 0.0000000000
110684  -38.867  9.681  44.861 0.0000000000
111563  -39.319  9.969  44.154 0.0000000000
111564  -39.838  10.322  43.493 0.0000000000
112444  -38.860  11.675  42.546 0.0000000000
112437  -39.299  10.954  42.945 0.0000000000
111589  -40.060  10.754  42.710 0.0000000000
112445  -40.307  11.098  41.986 0.0000000000
112457  -40.543  11.396  41.230 0.0000000000
165221  -39.140  14.998  40.897 0.0000000000
114580  -39.423  14.208  40.501 0.0000000000
113916  -39.902  14.138  39.816 0.0000000000
113906  -39.697  13.541  40.283 0.0000000000
113180  -39.844  12.816  40.471 0.0000000000
112471  -40.739  11.650  40.486 0.0000000000
154793  -41.203  11.337  40.195 0.0000000000
111632  -41.399  11.258  39.509 0.0000000000
112492  -41.453  11.426  38.631 0.0000000000
151208  -41.592  11.528  37.942 0.0000000000
113213  -41.050  12.626  37.736 0.0000000000
112506  -41.440  11.952  37.443 0.0000000000
112507  -42.122  11.386  37.328 0.0000000000
112521  -42.592  11.512  36.387 0.0000000000
149200  -43.097  11.523  35.589 0.0000000000
118222  -43.397  19.446  40.150 0.0000000000
118232  -42.629  19.163  38.868 0.0000000000
118244  -43.291  19.625  38.616 0.0000000000
116767  -41.782  17.395  37.059 0.0000000000
118267  -43.594  19.828  35.285 0.0000000000
117508  -43.056  19.282  35.829 0.0000000000
117520  -43.322  18.866  34.282 0.0000000000
168598  -42.677  18.854  36.225 0.0000000000
149499  -42.407  18.251  36.256 0.0000000000
116768  -42.083  17.566  36.379 0.0000000000
116088  -41.799  16.974  36.566 0.0000000000
116094  -41.658  16.197  36.315 0.0000000000
115389  -41.567  15.478  35.745 0.0000000000
114632  -41.394  14.588  35.592 0.0000000000
115399  -41.772  15.326  34.400 0.0000000000
114642  -41.554  14.552  34.659 0.0000000000
154921  -41.508  13.733  34.907 0.0000000000
113251  -42.393  12.391  34.694 0.0000000000
112536  -43.562  11.580  34.882 0.0000000000
152265  -43.878  11.624  34.265 0.0000000000
151355  -43.758  11.800  33.616 0.0000000000
112566  -44.392  11.675  33.085 0.0000000000
113288  -45.607  12.015  31.107 0.0000000000
148980  -46.253  12.382  30.186 0.0000000000
113295  -44.403  12.927  29.651 0.0000000000
113309  -46.827  12.259  28.515 0.0000000000
166699  -47.161  12.069  28.576 0.0000000000
112607  -45.715  11.943  27.216 0.0000000000
112600  -46.363  11.608  27.916 0.0000000000
112601  -47.068  11.528  28.509 0.0000000000
111729  -47.176  10.711  29.216 0.0000000000
114690  -41.482  14.809  28.287 0.0000000000
175315  -41.595  14.237  28.869 0.0000000000
119748  -44.436  21.653  29.347 0.0000000000
119747  -43.890  21.284  29.304 0.0000000000
119011  -43.663  20.875  29.321 0.0000000000
119004  -43.165  20.582  29.752 0.0000000000
118303  -42.935  19.747  29.542 0.0000000000
117546  -42.036  18.524  30.308 0.0000000000
116800  -41.497  18.004  30.982 0.0000000000
153771  -41.727  21.947  31.844 0.0000000000
118987  -41.645  20.774  31.780 0.0000000000
116119  -40.448  16.488  31.515 0.0000000000
115415  -40.020  15.989  32.083 0.0000000000
158855  -39.279  15.170  32.236 0.0000000000
114641  -38.229  15.093  34.756 0.0000000000
117512  -38.413  18.507  35.246 0.0000000000
117507  -36.987  18.264  36.356 0.0000000000
121759  -45.739  24.069  37.577 0.0000000000
121063  -43.518  23.448  37.339 0.0000000000
121746  -43.264  24.441  37.872 0.0000000000
121054  -43.050  23.864  37.725 0.0000000000
121052  -41.446  23.396  38.093 0.0000000000
101586  -39.790  -0.330  48.261 0.0000000000
102509  -53.017  1.834  55.423 0.0000000000
102533  -45.971  1.185  51.694 0.0000000000
103509  -47.961  1.333  55.145 0.0000000000
103519  -53.508  2.572  54.576 0.0000000000
103557  -47.054  1.405  49.198 0.0000000000
103568  -47.802  1.474  48.721 0.0000000000
103571  -50.661  2.190  47.668 0.0000000000
103575  -38.704  1.769  47.935 0.0000000000
103580  -47.851  1.275  47.842 0.0000000000
103581  -48.609  1.405  47.530 0.0000000000
103598  -44.950  1.553  45.938 0.0000000000
103599  -45.805  1.572  45.858 0.0000000000
103619  -56.234  2.518  44.406 0.0000000000
103630  -55.500  1.820  43.500 0.0000000000
104503  -47.709  2.305  52.829 0.0000000000
104512  -48.311  2.967  51.576 0.0000000000
104513  -48.809  3.160  51.058 0.0000000000
104520  -49.115  2.975  50.473 0.0000000000
104529  -50.076  2.443  49.115 0.0000000000
104537  -50.417  2.267  48.441 0.0000000000
104552  -50.795  2.275  46.808 0.0000000000
104561  -47.003  2.437  45.097 0.0000000000
104562  -47.805  2.313  45.124 0.0000000000
104563  -48.625  2.385  45.096 0.0000000000
104565  -50.739  2.870  45.322 0.0000000000
104566  -56.442  2.472  44.944 0.0000000000
104569  -47.505  2.925  44.733 0.0000000000
104570  -48.815  3.048  44.565 0.0000000000
104594  -55.842  2.961  43.835 0.0000000000
105365  -52.488  3.949  58.299 0.0000000000
105373  -50.219  3.456  57.214 0.0000000000
105379  -49.933  3.567  56.273 0.0000000000
105381  -53.039  3.439  56.769 0.0000000000
105391  -49.740  3.709  55.352 0.0000000000
105408  -48.867  3.151  53.989 0.0000000000
105411  -53.823  3.683  54.292 0.0000000000
105418  -49.455  3.895  53.552 0.0000000000
105419  -54.152  3.696  53.522 0.0000000000
105425  -50.096  4.403  52.351 0.0000000000
105427  -54.664  3.789  52.049 0.0000000000
105431  -50.171  4.129  51.584 0.0000000000
105449  -38.647  3.255  48.071 0.0000000000
105453  -52.317  3.952  48.612 0.0000000000
105457  -39.373  3.281  47.764 0.0000000000
105460  -52.014  3.206  47.205 0.0000000000
105466  -52.159  3.463  46.392 0.0000000000
105475  -46.152  2.797  45.002 0.0000000000
105478  -52.296  3.905  45.632 0.0000000000
105483  -46.480  3.597  44.748 0.0000000000
105489  -56.429  3.018  44.647 0.0000000000
105492  -49.007  3.840  44.021 0.0000000000
105496  -56.227  3.099  44.202 0.0000000000
106304  -51.991  4.519  58.402 0.0000000000
106306  -52.530  4.225  57.682 0.0000000000
106314  -52.415  4.719  57.281 0.0000000000
106326  -51.817  5.183  57.241 0.0000000000
106327  -52.776  4.571  56.699 0.0000000000
106341  -53.270  4.594  55.272 0.0000000000
106358  -53.977  4.123  53.785 0.0000000000
106364  -53.797  4.645  53.633 0.0000000000
106390  -51.934  4.934  50.975 0.0000000000
106400  -53.432  5.720  49.489 0.0000000000
106433  -56.354  4.593  45.661 0.0000000000
106437  -46.798  4.255  44.625 0.0000000000
106441  -52.292  4.372  44.889 0.0000000000
106442  -56.452  4.166  44.250 0.0000000000
106444  -48.880  4.588  43.636 0.0000000000
106446  -50.419  4.357  43.474 0.0000000000
106453  -50.912  4.948  43.032 0.0000000000
107299  -51.488  5.861  55.965 0.0000000000
107300  -51.925  5.741  56.484 0.0000000000
107301  -52.532  5.182  56.515 0.0000000000
107313  -51.899  6.228  55.686 0.0000000000
107327  -52.056  6.515  54.342 0.0000000000
107328  -52.301  6.276  55.012 0.0000000000
107329  -52.893  5.969  54.512 0.0000000000
107334  -51.966  6.409  53.715 0.0000000000
107339  -52.134  6.176  53.042 0.0000000000
107341  -54.163  5.051  52.399 0.0000000000
107349  -54.862  5.245  51.071 0.0000000000
107353  -53.416  5.942  50.229 0.0000000000
107355  -54.398  6.282  50.649 0.0000000000
107359  -36.347  5.501  49.694 0.0000000000
107369  -55.650  5.512  48.433 0.0000000000
107383  -44.225  6.152  46.230 0.0000000000
107392  -45.957  5.528  45.078 0.0000000000
107394  -55.618  6.165  45.880 0.0000000000
107398  -47.206  5.673  44.414 0.0000000000
107411  -48.826  5.901  42.875 0.0000000000
107412  -49.452  6.275  42.257 0.0000000000
107415  -52.308  6.009  42.872 0.0000000000
107417  -55.842  4.757  43.283 0.0000000000
107485  -54.365  6.473  35.920 0.0000000000
108183  -53.063  6.076  53.709 0.0000000000
108192  -53.218  6.128  52.994 0.0000000000
108198  -52.405  6.365  53.411 0.0000000000
108200  -53.409  6.073  52.369 0.0000000000
108206  -35.706  6.807  50.897 0.0000000000
108207  -36.403  7.062  50.583 0.0000000000
108209  -54.580  6.419  50.001 0.0000000000
108215  -39.236  7.041  49.174 0.0000000000
108216  -54.313  6.467  49.571 0.0000000000
108226  -54.438  6.552  48.806 0.0000000000
108227  -54.858  6.671  48.438 0.0000000000
108234  -54.530  6.591  47.992 0.0000000000
108235  -54.831  6.792  47.570 0.0000000000
108250  -47.030  6.994  45.078 0.0000000000
108260  -54.927  7.177  44.815 0.0000000000
108261  -55.722  6.185  44.655 0.0000000000
108267  -53.998  7.135  43.823 0.0000000000
108270  -48.819  6.767  42.453 0.0000000000
108274  -52.717  6.662  42.303 0.0000000000
108285  -53.080  7.115  41.547 0.0000000000
109000  -36.213  8.392  51.393 0.0000000000
109008  -37.994  7.439  50.024 0.0000000000
109015  -40.073  7.239  49.075 0.0000000000
109024  -43.874  7.517  47.976 0.0000000000
109029  -44.944  7.432  46.943 0.0000000000
109035  -47.281  7.724  45.417 0.0000000000
109038  -47.447  7.371  44.698 0.0000000000
109039  -47.829  7.928  44.205 0.0000000000
109041  -55.032  7.227  44.000 0.0000000000
109044  -47.635  7.108  44.079 0.0000000000
109053  -54.936  7.287  42.285 0.0000000000
109054  -55.298  6.941  42.682 0.0000000000
109063  -51.283  7.214  40.791 0.0000000000
109119  -55.228  8.341  36.470 0.0000000000
109130  -55.160  8.092  35.695 0.0000000000
109807  -37.653  8.712  51.206 0.0000000000
109819  -44.140  8.929  49.505 0.0000000000
109850  -49.889  8.730  40.892 0.0000000000
109915  -55.003  9.286  34.537 0.0000000000
110613  -37.347  9.714  51.258 0.0000000000
110614  -38.191  9.808  51.362 0.0000000000
110616  -39.760  10.146  51.140 0.0000000000
110624  -39.433  9.684  51.146 0.0000000000
110625  -39.971  10.070  51.128 0.0000000000
110637  -45.142  10.559  49.953 0.0000000000
110638  -45.967  10.813  49.760 0.0000000000
110640  -34.697  9.717  48.678 0.0000000000
110643  -37.573  9.399  47.989 0.0000000000
110648  -47.329  10.819  49.168 0.0000000000
110653  -36.698  9.396  47.631 0.0000000000
110654  -38.054  9.400  47.441 0.0000000000
110655  -38.618  9.430  47.320 0.0000000000
110668  -41.504  9.676  46.760 0.0000000000
110677  -39.338  9.446  45.666 0.0000000000
110680  -42.053  9.730  46.002 0.0000000000
110693  -48.532  9.158  42.983 0.0000000000
110736  -54.956  9.597  36.533 0.0000000000
110748  -55.079  9.673  35.901 0.0000000000
110760  -55.046  9.682  35.253 0.0000000000
111483  -37.959  10.056  51.171 0.0000000000
111484  -38.728  10.122  51.185 0.0000000000
111504  -38.953  10.344  50.665 0.0000000000
111505  -39.785  10.378  50.576 0.0000000000
111509  -43.566  10.522  50.043 0.0000000000
111525  -48.401  11.877  48.831 0.0000000000
111536  -49.548  12.108  48.051 0.0000000000
111548  -36.015  10.776  45.552 0.0000000000
111570  -46.206  11.062  44.585 0.0000000000
111572  -49.899  11.247  44.743 0.0000000000
111582  -45.629  10.672  43.140 0.0000000000
111591  -41.602  10.486  42.289 0.0000000000
111594  -44.832  10.483  41.957 0.0000000000
111608  -42.412  10.498  41.076 0.0000000000
111612  -46.317  10.869  41.834 0.0000000000
111620  -41.643  10.902  40.214 0.0000000000
111636  -45.322  10.830  39.798 0.0000000000
111663  -54.658  10.824  36.567 0.0000000000
111728  -46.622  10.564  28.831 0.0000000000
111737  -47.016  11.027  28.650 0.0000000000
112390  -46.261  11.103  49.610 0.0000000000
112395  -46.979  11.365  49.177 0.0000000000
112397  -48.532  12.157  48.750 0.0000000000
112404  -47.971  12.254  48.360 0.0000000000
112405  -49.044  12.148  48.440 0.0000000000
112406  -49.736  12.505  47.725 0.0000000000
112416  -50.849  12.951  46.631 0.0000000000
112418  -35.068  11.983  45.634 0.0000000000
112436  -38.572  11.219  43.217 0.0000000000
112449  -50.246  11.448  43.127 0.0000000000
112450  -50.869  12.259  42.832 0.0000000000
112459  -47.734  11.898  41.350 0.0000000000
112472  -41.207  11.012  40.856 0.0000000000
112473  -46.155  11.286  39.779 0.0000000000
112487  -46.948  11.807  39.744 0.0000000000
112493  -42.024  11.071  38.191 0.0000000000
112499  -53.839  11.760  38.124 0.0000000000
112528  -54.566  11.731  35.951 0.0000000000
112535  -42.846  11.811  34.979 0.0000000000
112544  -54.515  11.477  35.170 0.0000000000
112550  -43.124  11.945  34.238 0.0000000000
112556  -53.647  12.185  34.756 0.0000000000
112593  -47.593  11.404  28.907 0.0000000000
113129  -50.256  12.993  47.137 0.0000000000
113136  -50.504  13.247  46.489 0.0000000000
113137  -51.039  13.203  46.174 0.0000000000
113143  -50.582  13.478  45.710 0.0000000000
113144  -51.164  13.528  45.347 0.0000000000
113158  -49.909  13.504  42.829 0.0000000000
113182  -48.509  12.621  40.674 0.0000000000
113209  -53.910  12.364  37.950 0.0000000000
113214  -46.439  12.509  36.701 0.0000000000
113218  -53.989  13.093  37.546 0.0000000000
113244  -54.412  12.281  35.325 0.0000000000
113253  -46.449  12.672  34.500 0.0000000000
113298  -47.011  12.658  29.230 0.0000000000
113321  -45.093  12.477  26.377 0.0000000000
113326  -44.747  13.146  25.863 0.0000000000
113327  -44.994  12.873  25.998 0.0000000000
113884  -51.835  14.308  43.892 0.0000000000
113891  -52.267  14.151  43.165 0.0000000000
113892  -52.393  14.153  42.399 0.0000000000
113898  -52.480  14.012  42.378 0.0000000000
113899  -52.547  14.073  41.648 0.0000000000
113920  -53.303  14.092  39.140 0.0000000000
113932  -53.712  13.629  37.890 0.0000000000
113950  -53.994  13.877  36.608 0.0000000000
114012  -48.296  13.212  29.248 0.0000000000
114015  -50.196  14.628  30.619 0.0000000000
114573  -51.953  14.466  41.860 0.0000000000
114582  -51.513  14.386  41.084 0.0000000000
114607  -40.705  14.155  38.152 0.0000000000
114621  -49.519  14.377  36.381 0.0000000000
114625  -53.720  14.428  36.182 0.0000000000
114636  -53.746  14.433  35.194 0.0000000000
114659  -52.709  15.565  33.433 0.0000000000
114667  -51.904  15.675  32.513 0.0000000000
114668  -52.367  15.892  32.851 0.0000000000
114672  -42.594  14.485  31.319 0.0000000000
114675  -50.623  15.243  31.350 0.0000000000
114693  -49.312  13.888  29.829 0.0000000000
115401  -52.228  15.955  33.908 0.0000000000
115403  -53.449  15.035  34.568 0.0000000000
115410  -51.964  16.143  32.898 0.0000000000
115418  -50.349  15.813  31.807 0.0000000000
115419  -50.925  16.136  32.078 0.0000000000
115420  -52.038  15.956  32.452 0.0000000000
115426  -49.242  15.137  31.299 0.0000000000
115427  -50.005  15.527  31.201 0.0000000000
115456  -42.847  16.145  25.629 0.0000000000
116107  -51.521  16.151  32.374 0.0000000000
116116  -51.882  16.095  32.438 0.0000000000
116121  -51.442  16.071  32.093 0.0000000000
116701  -42.738  17.378  45.654 0.0000000000
116703  -44.680  17.686  46.234 0.0000000000
116712  -46.456  18.194  45.382 0.0000000000
116721  -46.391  18.102  44.424 0.0000000000
116828  -43.729  18.073  27.280 0.0000000000
117443  -46.414  18.532  45.931 0.0000000000
119016  -44.516  21.007  29.075 0.0000000000
119725  -47.851  22.745  31.431 0.0000000000
119726  -48.605  22.787  32.054 0.0000000000
119749  -44.928  21.506  29.303 0.0000000000
120402  -50.253  22.464  34.646 0.0000000000
120419  -42.180  22.395  31.968 0.0000000000
120430  -47.046  22.920  30.772 0.0000000000
120431  -47.635  22.899  31.101 0.0000000000
120443  -46.449  22.707  30.525 0.0000000000
121143  -45.318  22.958  30.360 0.0000000000
148534  -44.157  10.388  42.552 0.0000000000
149334  -43.647  14.068  29.071 0.0000000000
149379  -56.319  4.726  44.110 0.0000000000
149394  -41.574  15.218  35.112 0.0000000000
149928  -49.609  14.607  35.838 0.0000000000
150213  -44.125  19.560  28.440 0.0000000000
150501  -55.568  6.310  43.111 0.0000000000
150704  -39.748  9.626  44.856 0.0000000000
152153  -53.280  2.331  55.167 0.0000000000
152321  -43.404  21.320  29.853 0.0000000000
152730  -54.413  12.011  36.674 0.0000000000
153211  -41.274  12.587  36.978 0.0000000000
153223  -53.310  6.056  51.866 0.0000000000
154254  -55.116  8.627  35.141 0.0000000000
154890  -46.335  6.086  45.107 0.0000000000
157371  -53.148  5.286  54.860 0.0000000000
159178  -52.733  15.603  34.611 0.0000000000
160794  -45.554  22.410  30.064 0.0000000000
161247  -41.247  16.923  38.168 0.0000000000
162340  -54.162  5.595  51.898 0.0000000000
162435  -47.048  4.936  44.526 0.0000000000
163948  -56.009  5.070  46.327 0.0000000000
164292  -55.347  4.254  50.457 0.0000000000
164318  -47.312  1.742  53.077 0.0000000000
165376  -55.327  5.523  49.788 0.0000000000
165404  -45.732  17.810  45.487 0.0000000000
165579  -46.390  1.936  45.470 0.0000000000
165609  -53.087  4.010  56.374 0.0000000000
166008  -36.348  4.096  49.410 0.0000000000
166681  -53.957  6.261  51.166 0.0000000000
167286  -53.618  5.491  47.757 0.0000000000
167470  -38.860  9.869  51.300 0.0000000000
168102  -55.537  3.514  43.451 0.0000000000
168583  -39.035  9.379  46.631 0.0000000000
169199  -44.772  10.663  45.658 0.0000000000
171147  -52.308  14.950  33.304 0.0000000000
171303  -49.805  2.013  48.584 0.0000000000
171971  -56.575  3.481  44.944 0.0000000000
172306  -52.320  6.475  53.825 0.0000000000
172728  -52.367  15.375  32.967 0.0000000000
173339  -50.535  12.631  46.912 0.0000000000
173361  -41.600  18.455  40.339 0.0000000000
173485  -42.505  10.641  39.210 0.0000000000
173583  -53.881  5.985  47.026 0.0000000000
173732  -54.857  4.799  51.387 0.0000000000
174195  -45.982  11.541  27.554 0.0000000000
174308  -53.409  5.707  53.201 0.0000000000
174504  -53.371  14.902  36.138 0.0000000000
174561  -48.674  1.497  46.524 0.0000000000
174875  -37.985  4.509  48.571 0.0000000000
176728  -40.671  15.134  38.437 0.0000000000
176836  -48.859  1.757  48.695 0.0000000000
176925  -43.977  20.851  29.047 0.0000000000
177191  -50.809  21.662  37.354 0.0000000000
177388  -52.205  5.534  56.513 0.0000000000
177517  -53.539  13.404  38.702 0.0000000000
177796  -49.017  2.645  55.079 0.0000000000
178072  -39.724  9.269  50.915 0.0000000000
178181  -46.644  8.948  47.459 0.0000000000
178262  -40.966  13.202  37.356 0.0000000000
178780  -39.600  9.452  47.001 0.0000000000
