#!ascii label  , from subject sub-v1s2x0051486_ses-1 vox2ras=TkReg
1126
70993  -20.229  -30.749  12.887 0.4285714328
73063  -20.593  -29.568  11.516 0.2857142985
72067  -20.645  -30.117  12.288 0.4285714328
73064  -21.279  -29.568  12.040 0.4285714328
174612  -22.195  -29.213  12.197 0.4285714328
73085  -21.299  -29.050  11.467 0.2857142985
74072  -22.038  -28.427  11.361 0.4285714328
74073  -22.930  -28.086  11.452 0.4285714328
74098  -21.627  -28.002  10.389 0.4285714328
75122  -22.318  -27.374  10.196 0.4285714328
75143  -22.220  -27.148  9.245 0.4285714328
76236  -22.844  -26.719  8.670 0.4285714328
76253  -21.761  -26.640  8.002 0.5714285970
76237  -23.755  -26.423  9.083 0.4285714328
76255  -24.439  -26.197  8.429 0.2857142985
168400  -23.188  -26.318  7.151 0.7142857313
77326  -24.517  -26.297  7.417 0.7142857313
77339  -25.708  -26.141  6.083 0.7142857313
77328  -26.344  -25.795  6.442 0.4285714328
159947  -24.227  -26.224  6.694 0.7142857313
163277  -25.086  -26.281  6.730 0.5714285970
78379  -27.111  -25.230  5.663 0.5714285970
78377  -25.433  -25.810  5.613 0.5714285970
78378  -26.309  -25.579  5.724 0.5714285970
79317  -26.803  -25.061  5.505 0.5714285970
79318  -27.520  -24.900  5.335 0.5714285970
172086  -28.061  -24.831  5.150 0.4285714328
165298  -27.609  -24.102  5.253 0.5714285970
80431  -28.711  -24.172  4.749 0.5714285970
80428  -25.883  -23.447  5.577 0.7142857313
163112  -28.446  -23.059  5.144 0.7142857313
81518  -29.011  -23.203  4.703 0.7142857313
80429  -26.918  -23.699  5.534 0.5714285970
80413  -24.159  -23.270  5.722 0.5714285970
166338  -27.239  -21.743  5.601 0.8571428657
81528  -29.541  -22.149  4.704 0.7142857313
81529  -29.792  -23.105  3.548 0.5714285970
81516  -26.492  -22.311  5.653 0.7142857313
159057  -25.535  -22.240  5.672 0.5714285970
82589  -29.920  -20.865  4.709 0.7142857313
168844  -30.327  -21.964  3.196 0.5714285970
81517  -28.093  -21.850  5.562 0.7142857313
82590  -30.324  -20.857  3.942 0.5714285970
82577  -28.462  -20.804  5.534 0.7142857313
82602  -30.545  -20.883  3.088 0.5714285970
82576  -27.463  -20.819  5.549 0.5714285970
83632  -30.267  -19.936  4.470 0.7142857313
157318  -30.682  -19.478  3.076 0.7142857313
83633  -30.580  -20.047  3.574 0.7142857313
163501  -29.303  -19.219  5.240 0.7142857313
164407  -29.987  -19.087  4.866 0.7142857313
84669  -30.594  -19.059  4.090 0.7142857313
84681  -30.719  -18.449  2.269 0.7142857313
84680  -30.713  -18.729  3.130 0.5714285970
83615  -27.748  -19.711  5.493 0.5714285970
86617  -30.716  -17.625  2.327 0.5714285970
86625  -30.549  -17.430  1.447 0.5714285970
156624  -30.167  -18.070  4.696 0.8571428657
84652  -29.328  -18.437  5.189 0.8571428657
174459  -30.667  -16.944  2.274 0.7142857313
86607  -30.779  -16.869  3.259 0.7142857313
85653  -30.611  -17.365  4.147 0.8571428657
88584  -30.504  -14.807  2.231 0.8571428657
87595  -30.034  -16.260  1.200 0.5714285970
148820  -30.691  -16.193  2.645 0.8571428657
155468  -30.341  -15.592  4.340 0.8571428657
85652  -29.935  -16.919  4.857 0.8571428657
86595  -30.502  -16.394  4.280 0.8571428657
89522  -30.440  -13.360  3.131 0.8571428657
173762  -30.280  -13.000  1.601 0.8571428657
91466  -30.319  -11.508  1.694 0.8571428657
87577  -30.648  -15.265  2.972 0.8571428657
90546  -30.447  -12.989  2.453 0.8571428657
92379  -29.542  -11.291  4.200 1.0000000000
158790  -30.350  -12.170  3.022 1.0000000000
88572  -30.481  -14.194  3.324 0.8571428657
91453  -30.345  -11.424  2.707 1.0000000000
159820  -30.150  -12.313  3.645 1.0000000000
151750  -29.571  -10.070  3.651 1.0000000000
149465  -27.298  -8.578  3.441 0.7142857313
92393  -30.143  -10.677  3.233 1.0000000000
93318  -28.758  -10.199  4.148 1.0000000000
93333  -28.798  -9.423  3.696 1.0000000000
96242  -25.838  -6.479  3.168 1.0000000000
96241  -24.806  -6.414  3.136 0.8571428657
98108  -23.822  -4.957  2.804 0.8571428657
97179  -24.305  -5.764  3.012 1.0000000000
100092  -23.294  -2.796  2.142 0.8571428657
99130  -23.645  -3.565  2.413 0.8571428657
157304  -23.955  -4.186  2.675 1.0000000000
101049  -23.913  -1.045  2.193 0.8571428657
101034  -24.676  -1.182  2.391 0.8571428657
102017  -22.661  -0.792  1.468 0.7142857313
101047  -20.105  -2.004  1.238 0.5714285970
153859  -22.037  -0.105  0.897 0.7142857313
176763  -23.377  0.748  1.466 0.5714285970
102001  -19.137  -0.535  1.596 0.5714285970
163163  -20.189  -1.344  1.245 0.5714285970
102000  -18.619  -0.277  2.335 0.4285714328
103018  -19.501  0.871  1.885 0.4285714328
104012  -20.450  1.728  0.153 0.4285714328
103979  -17.118  1.592  4.043 0.2857142985
103980  -17.721  1.336  3.273 0.2857142985
104944  -17.327  2.683  4.370 0.2857142985
79334  -27.286  -24.619  5.392 0.5714285970
163068  -30.024  -21.755  4.137 0.5714285970
86624  -30.126  -16.899  0.928 0.5714285970
85666  -30.757  -17.862  3.204 0.7142857313
87588  -30.506  -15.746  1.958 0.8571428657
149634  -30.291  -14.453  1.686 0.8571428657
150980  -30.283  -13.717  1.660 0.8571428657
157940  -30.393  -12.240  2.057 0.8571428657
94306  -27.963  -8.235  3.153 0.8571428657
105899  -16.916  4.003  6.511 0.1428571492
167220  -19.951  -29.585  10.982 0.2857142985
74096  -19.984  -28.590  9.955 0.2857142985
74071  -21.240  -28.575  10.830 0.2857142985
169103  -22.391  -27.804  10.902 0.4285714328
174753  -23.772  -26.924  10.659 0.4285714328
174728  -21.078  -27.988  9.644 0.2857142985
75160  -22.039  -26.988  8.451 0.4285714328
75144  -23.093  -26.762  9.918 0.4285714328
75159  -21.240  -26.933  8.560 0.5714285970
76254  -22.621  -26.606  7.867 0.5714285970
152266  -22.769  -26.108  6.964 0.2857142985
168793  -25.011  -26.190  6.065 0.7142857313
175060  -24.897  -25.476  5.607 0.5714285970
79337  -29.046  -24.408  4.825 0.4285714328
79316  -25.288  -25.041  5.488 0.7142857313
79333  -25.783  -24.532  5.456 0.7142857313
79335  -27.910  -24.670  5.095 0.7142857313
80430  -28.106  -24.122  4.977 0.5714285970
154536  -28.953  -21.962  5.349 0.7142857313
80427  -24.903  -22.769  5.644 0.5714285970
83644  -30.689  -20.230  2.488 0.5714285970
153762  -26.580  -21.059  5.569 0.5714285970
83617  -29.696  -19.943  5.091 0.7142857313
82578  -29.350  -20.902  5.273 0.7142857313
84691  -30.717  -19.362  2.202 0.5714285970
88593  -29.969  -15.412  1.203 0.5714285970
87565  -30.455  -14.967  3.949 1.0000000000
92406  -30.325  -10.653  2.353 1.0000000000
91424  -29.154  -11.869  4.563 1.0000000000
93332  -27.953  -8.964  3.579 0.8571428657
95249  -25.520  -7.621  3.312 0.7142857313
95250  -26.342  -7.833  3.153 1.0000000000
94319  -27.819  -7.435  2.759 1.0000000000
95264  -25.226  -7.010  3.205 0.7142857313
95248  -24.668  -7.594  3.214 0.7142857313
97180  -25.473  -5.716  3.312 0.8571428657
99152  -22.798  -3.593  1.955 0.8571428657
98109  -24.699  -4.406  3.116 1.0000000000
98110  -25.729  -4.715  3.371 1.0000000000
101048  -22.454  -1.713  1.520 0.7142857313
172127  -19.233  0.180  2.012 0.7142857313
160904  -20.903  -1.491  1.150 0.5714285970
102015  -20.626  -0.675  1.064 0.7142857313
103020  -21.067  0.219  0.659 0.7142857313
157211  -17.476  -1.098  3.073 0.4285714328
103986  -18.347  1.532  2.775 0.2857142985
103997  -19.635  1.665  1.403 0.4285714328
103021  -21.700  0.916  0.602 0.4285714328
103998  -19.938  1.691  0.559 0.4285714328
158184  -17.844  2.265  3.375 0.2857142985
103987  -19.188  1.611  2.264 0.4285714328
78375  -23.428  -25.233  6.255 0.4285714328
103006  -18.907  0.747  2.444 0.4285714328
164664  -19.703  0.125  1.534 0.7142857313
72066  -19.698  -30.525  12.155 0.4285714328
72068  -21.651  -29.915  12.653 0.4285714328
72087  -19.891  -30.041  11.544 0.2857142985
72069  -22.528  -29.787  12.876 0.4285714328
73100  -20.495  -29.038  10.719 0.2857142985
151998  -20.893  -27.495  9.072 0.2857142985
75142  -21.627  -27.590  9.541 0.4285714328
173854  -21.588  -27.255  8.939 0.4285714328
76265  -22.325  -26.311  7.480 0.2857142985
77313  -23.639  -26.434  7.807 0.4285714328
77338  -23.490  -26.006  6.544 0.5714285970
78376  -24.417  -25.865  5.902 0.5714285970
78391  -26.067  -25.236  5.423 0.5714285970
158610  -26.485  -24.551  5.476 0.5714285970
79336  -28.380  -24.655  4.939 0.4285714328
163113  -27.587  -22.971  5.456 0.7142857313
80432  -29.286  -24.123  4.320 0.5714285970
79332  -25.050  -23.972  5.517 0.7142857313
83616  -28.889  -19.877  5.441 0.8571428657
84651  -28.509  -18.927  5.378 0.8571428657
86616  -30.445  -16.603  1.721 0.8571428657
89537  -30.489  -13.887  2.398 0.8571428657
86594  -29.918  -15.906  4.850 0.8571428657
89505  -30.161  -13.129  3.946 1.0000000000
93317  -27.903  -9.763  3.976 1.0000000000
94305  -26.520  -8.498  3.487 0.8571428657
101033  -23.875  -1.895  2.293 0.8571428657
102016  -21.819  -1.146  1.178 0.7142857313
165309  -23.017  0.060  1.386 0.7142857313
167195  -21.290  -0.644  0.949 0.5714285970
102014  -19.807  -0.788  1.360 0.5714285970
101032  -19.019  -1.349  1.351 0.5714285970
101987  -17.811  -0.342  2.981 0.4285714328
103032  -20.492  0.961  0.656 0.4285714328
103973  -16.596  2.270  4.962 0.2857142985
103005  -18.138  0.601  2.907 0.2857142985
104941  -16.886  3.212  5.282 0.2857142985
105908  -17.225  3.944  5.586 0.1428571492
74097  -20.795  -28.404  10.136 0.2857142985
95265  -26.238  -7.114  2.985 1.0000000000
159991  -20.327  0.118  1.066 0.5714285970
106876  -22.842  4.456  0.146 0.2857142985
157861  -21.194  5.177  0.041 0.1428571492
105941  -21.274  3.403  0.161 0.2857142985
106877  -23.727  4.419  0.366 0.2857142985
106872  -20.769  4.596  0.276 0.1428571492
174510  -20.730  5.272  0.500 0.1428571492
105932  -19.565  3.075  1.338 0.1428571492
104960  -19.659  2.394  0.803 0.2857142985
106878  -24.810  4.380  0.446 0.2857142985
105943  -23.106  3.763  0.438 0.2857142985
104028  -27.573  1.826  -1.115 0.2857142985
105946  -26.943  3.089  0.218 0.2857142985
160932  -20.410  4.874  0.887 0.1428571492
104972  -21.739  2.506  0.287 0.2857142985
104001  -25.820  1.340  1.575 0.2857142985
163601  -24.209  3.540  0.721 0.2857142985
105942  -22.360  3.191  0.393 0.2857142985
102030  -27.711  -0.200  0.217 0.1428571492
104964  -26.309  2.112  1.202 0.2857142985
161024  -25.527  2.659  1.129 0.2857142985
106870  -19.921  3.633  1.157 0.1428571492
104963  -23.833  2.185  1.091 0.2857142985
100149  -27.062  -2.833  -3.004 0.1428571492
101074  -27.337  -1.837  -1.808 0.1428571492
104003  -27.265  1.128  0.973 0.4285714328
166844  -24.146  1.678  1.460 0.2857142985
162660  -28.037  -3.052  0.709 0.2857142985
102021  -26.980  -0.337  1.899 0.4285714328
103024  -25.357  0.803  1.914 0.2857142985
103033  -20.951  1.109  0.367 0.2857142985
98142  -28.574  -4.516  -0.852 0.1428571492
162049  -27.780  -1.845  0.144 0.2857142985
103007  -25.312  0.118  2.171 0.4285714328
101036  -26.594  -1.740  2.445 0.5714285970
102002  -25.233  -0.590  2.370 0.7142857313
97212  -29.228  -5.867  -0.565 0.1428571492
98135  -28.479  -4.334  0.047 0.1428571492
164333  -23.815  0.281  1.826 0.4285714328
99153  -27.758  -3.043  1.452 0.4285714328
95297  -29.321  -7.538  -1.331 0.2857142985
97205  -29.273  -5.940  0.260 0.7142857313
162451  -24.956  -2.007  2.535 0.7142857313
160544  -26.397  -5.278  3.211 0.8571428657
98127  -27.972  -4.464  1.448 0.8571428657
99133  -26.473  -3.228  2.758 0.5714285970
94347  -28.890  -8.751  -1.686 0.2857142985
99134  -27.321  -3.130  2.232 0.7142857313
99151  -21.976  -3.649  1.526 0.5714285970
99132  -25.565  -3.804  3.120 0.8571428657
163795  -27.994  -9.871  -1.711 0.1428571492
96264  -29.151  -6.145  1.157 0.7142857313
177756  -27.746  -10.499  -1.525 0.1428571492
149233  -26.197  -13.032  4.614 0.5714285970
92378  -28.771  -11.026  4.518 0.8571428657
92377  -27.943  -10.556  4.368 0.8571428657
155758  -27.222  -11.046  4.444 0.4285714328
92376  -27.058  -10.205  4.248 0.5714285970
155756  -27.141  -6.878  2.667 0.8571428657
153061  -29.959  -8.472  1.910 0.8571428657
160892  -27.299  -6.131  2.636 0.8571428657
92431  -28.341  -10.970  -0.753 0.2857142985
95279  -29.386  -7.002  1.519 0.8571428657
96257  -28.722  -6.344  1.906 0.8571428657
162874  -26.355  -4.041  3.128 0.8571428657
90574  -28.173  -12.192  -2.171 0.4285714328
94336  -29.777  -8.580  0.099 0.7142857313
96265  -29.488  -6.735  0.535 0.7142857313
89502  -25.582  -13.362  4.468 0.2857142985
91423  -28.354  -11.788  4.694 0.5714285970
90513  -26.612  -12.377  4.542 0.5714285970
93319  -29.329  -10.641  4.144 0.8571428657
94321  -29.484  -8.475  2.646 0.8571428657
94320  -28.720  -7.917  2.738 0.8571428657
95268  -29.434  -7.755  2.146 0.8571428657
95267  -28.743  -7.126  2.310 0.8571428657
92423  -29.264  -10.894  -0.169 0.4285714328
94337  -29.979  -9.441  0.592 0.8571428657
94331  -29.844  -7.894  1.335 0.8571428657
90575  -27.963  -12.545  -1.460 0.4285714328
159040  -25.761  -18.029  5.462 0.7142857313
85631  -25.545  -17.259  5.438 0.4285714328
84649  -26.593  -18.302  5.454 0.7142857313
86581  -28.173  -16.388  5.451 0.8571428657
171952  -26.730  -15.715  5.433 0.5714285970
88537  -26.409  -14.416  5.109 0.5714285970
88536  -25.699  -14.735  4.988 0.4285714328
87550  -29.225  -15.373  5.208 0.8571428657
150011  -27.194  -14.825  5.343 0.5714285970
89483  -26.218  -13.726  4.859 0.5714285970
88557  -30.114  -14.140  4.242 0.8571428657
90496  -28.605  -12.999  5.033 0.7142857313
90495  -27.726  -13.247  5.094 0.5714285970
90563  -29.053  -13.336  0.377 0.7142857313
161719  -30.060  -12.516  1.029 0.7142857313
92417  -30.236  -10.732  1.401 0.7142857313
93345  -30.314  -9.902  1.979 0.8571428657
89562  -30.116  -13.976  -2.233 0.2857142985
89556  -28.352  -13.794  -0.748 0.4285714328
155734  -27.948  -13.140  -0.913 0.5714285970
82575  -25.917  -20.374  5.543 0.4285714328
157233  -25.176  -19.215  5.442 0.4285714328
84648  -25.251  -18.487  5.440 0.4285714328
176697  -29.318  -16.945  5.208 0.7142857313
169101  -28.688  -17.034  5.363 0.7142857313
86582  -29.163  -16.320  5.267 0.7142857313
88539  -29.185  -14.519  5.125 0.8571428657
89544  -29.687  -14.527  1.056 0.7142857313
88605  -29.257  -15.114  -0.667 0.2857142985
88598  -28.614  -14.525  -0.391 0.5714285970
90556  -29.758  -13.587  1.006 0.5714285970
153972  -25.720  -21.302  5.651 0.4285714328
82573  -24.090  -20.383  5.572 0.5714285970
155825  -26.736  -19.150  5.447 0.5714285970
157128  -25.925  -18.786  5.427 0.5714285970
85634  -28.326  -17.904  5.347 0.7142857313
86629  -30.271  -16.995  0.223 0.4285714328
160008  -29.308  -15.783  -0.145 0.4285714328
169160  -28.748  -15.174  -0.041 0.4285714328
168647  -23.424  -23.551  5.878 0.5714285970
81554  -30.534  -22.513  2.467 0.4285714328
82610  -30.716  -21.442  2.308 0.4285714328
84705  -31.637  -17.969  0.463 0.4285714328
85673  -30.655  -18.182  1.528 0.4285714328
85687  -32.961  -17.688  0.161 0.4285714328
168215  -30.875  -17.322  0.085 0.4285714328
76238  -24.573  -26.123  9.478 0.1428571492
83652  -30.948  -19.748  1.503 0.4285714328
173269  -31.386  -19.188  1.144 0.4285714328
84700  -32.511  -18.981  0.929 0.4285714328
177956  -25.016  -25.816  8.948 0.1428571492
149684  -26.046  -25.468  8.107 0.1428571492
78363  -28.148  -24.640  6.464 0.2857142985
79360  -31.714  -23.886  2.694 0.2857142985
81557  -33.521  -22.352  1.942 0.2857142985
80462  -31.337  -23.192  1.915 0.2857142985
80433  -29.675  -24.067  3.683 0.4285714328
82613  -33.492  -21.306  1.710 0.2857142985
177696  -31.561  -22.463  1.682 0.2857142985
80451  -30.678  -23.355  2.432 0.2857142985
82619  -33.206  -20.291  1.549 0.2857142985
82618  -31.701  -20.479  1.495 0.4285714328
76239  -25.310  -25.801  9.732 0.1428571492
156155  -25.660  -25.465  9.001 0.1428571492
78345  -27.361  -24.750  7.820 0.2857142985
79320  -30.209  -24.089  5.360 0.2857142985
173063  -31.607  -23.803  4.670 0.2857142985
79339  -30.652  -24.055  4.398 0.2857142985
176592  -29.554  -24.445  4.898 0.2857142985
79351  -31.379  -24.016  3.541 0.2857142985
77298  -26.580  -25.133  9.108 0.1428571492
78347  -29.519  -23.949  8.429 0.2857142985
78333  -27.228  -24.838  8.691 0.2857142985
79288  -28.811  -24.092  7.202 0.2857142985
78346  -28.067  -24.452  7.554 0.2857142985
77315  -26.365  -25.521  7.338 0.2857142985
79299  -29.299  -24.084  6.445 0.2857142985
74051  -22.804  -28.659  11.888 0.2857142985
75123  -23.148  -27.396  10.913 0.2857142985
76219  -24.912  -26.294  10.335 0.1428571492
72038  -21.144  -30.490  13.122 0.2857142985
70966  -20.696  -31.102  13.585 0.2857142985
70992  -19.364  -31.070  12.667 0.2857142985
74074  -23.620  -27.937  11.450 0.2857142985
70967  -21.616  -30.962  13.759 0.1428571492
161642  -19.839  -31.299  13.375 0.2857142985
177003  -19.473  -31.709  13.806 0.1428571492
154161  -28.682  -24.215  8.297 0.2857142985
79300  -30.109  -23.799  6.669 0.2857142985
80452  -32.006  -23.501  2.261 0.2857142985
81555  -30.871  -22.465  1.917 0.4285714328
82612  -32.386  -21.112  1.546 0.2857142985
83653  -34.406  -19.645  1.763 0.2857142985
149915  -26.977  -17.088  5.493 0.7142857313
89485  -27.873  -14.103  5.291 0.5714285970
85683  -30.782  -17.988  0.940 0.4285714328
87600  -29.615  -16.286  0.505 0.4285714328
87606  -30.264  -15.695  -0.962 0.2857142985
88609  -30.498  -14.808  -1.699 0.2857142985
88604  -29.119  -14.354  -1.259 0.5714285970
91471  -29.287  -11.607  0.091 0.7142857313
163799  -26.534  -5.941  3.065 0.8571428657
161379  -21.616  -2.098  1.296 0.4285714328
100108  -22.367  -2.726  1.619 0.5714285970
100093  -24.266  -2.793  2.527 0.7142857313
97181  -28.054  -5.713  2.160 0.8571428657
100094  -25.424  -2.848  2.743 0.8571428657
95291  -29.593  -7.528  -0.235 0.5714285970
104000  -23.373  1.478  1.204 0.2857142985
171959  -28.203  -3.695  0.331 0.4285714328
100119  -27.912  -2.212  1.032 0.4285714328
106865  -20.056  4.753  2.404 0.1428571492
103034  -27.494  0.562  0.678 0.2857142985
157941  -27.722  -1.067  -0.041 0.1428571492
105944  -25.433  3.554  0.742 0.2857142985
72039  -22.083  -30.360  13.303 0.1428571492
155424  -23.187  -29.094  12.370 0.1428571492
75104  -24.135  -27.517  11.233 0.1428571492
77285  -27.061  -25.510  10.120 0.1428571492
77299  -27.552  -25.036  9.516 0.1428571492
78362  -27.456  -24.976  6.575 0.2857142985
79319  -29.434  -24.316  5.482 0.2857142985
175823  -28.566  -24.596  5.594 0.2857142985
82574  -25.113  -20.531  5.581 0.5714285970
79338  -29.674  -24.258  4.326 0.2857142985
84647  -24.496  -18.603  5.382 0.2857142985
166268  -34.425  -20.572  1.906 0.2857142985
161785  -34.463  -18.906  1.483 0.2857142985
85632  -26.395  -17.511  5.491 0.7142857313
85633  -27.250  -17.750  5.442 0.5714285970
87545  -24.712  -15.938  4.902 0.4285714328
86579  -26.249  -16.601  5.478 0.5714285970
83661  -33.609  -19.361  1.256 0.4285714328
90511  -25.033  -12.942  3.968 0.2857142985
178732  -25.965  -14.233  4.931 0.5714285970
84701  -33.896  -18.574  0.858 0.2857142985
84692  -30.760  -18.918  1.514 0.4285714328
88538  -28.333  -14.905  5.379 0.7142857313
90512  -25.766  -12.593  4.304 0.2857142985
151352  -34.097  -17.154  0.227 0.1428571492
86635  -32.915  -16.345  -0.855 0.4285714328
86630  -31.483  -16.851  -0.345 0.4285714328
87609  -33.608  -15.739  -0.923 0.1428571492
94308  -29.565  -9.205  3.166 0.8571428657
87608  -32.825  -15.603  -1.386 0.1428571492
89550  -28.549  -13.843  -0.098 0.5714285970
89561  -28.760  -13.442  -1.604 0.2857142985
91477  -28.413  -11.671  -0.441 0.5714285970
93359  -29.362  -9.997  -0.400 0.7142857313
158979  -27.227  -5.304  2.670 0.8571428657
91490  -27.988  -11.621  -2.541 0.2857142985
92437  -27.432  -11.242  -2.006 0.1428571492
104953  -18.700  2.441  2.639 0.2857142985
94341  -29.192  -9.347  -1.093 0.4285714328
92438  -27.663  -11.042  -1.421 0.4285714328
98128  -28.502  -4.762  0.743 0.5714285970
94354  -27.849  -9.130  -2.343 0.1428571492
96274  -29.204  -6.417  -1.293 0.1428571492
171092  -28.902  -5.439  -1.291 0.1428571492
106864  -19.662  3.860  2.048 0.1428571492
98134  -28.022  -3.707  1.090 0.5714285970
96273  -28.836  -6.217  -1.982 0.1428571492
99168  -28.248  -3.778  -0.491 0.1428571492
103025  -27.146  0.508  1.356 0.2857142985
102022  -27.553  -0.231  1.111 0.2857142985
173170  -27.897  -2.548  0.279 0.2857142985
99173  -27.825  -3.265  -1.814 0.1428571492
100141  -27.422  -2.647  -2.206 0.1428571492
104022  -27.522  1.609  -0.367 0.2857142985
104030  -27.332  1.312  -1.567 0.2857142985
103052  -27.217  0.591  -1.708 0.1428571492
169651  -27.137  -0.139  -1.832 0.1428571492
73049  -24.311  -29.814  13.145 0.1428571492
76220  -25.763  -26.178  10.512 0.1428571492
80463  -33.043  -23.144  2.324 0.2857142985
89563  -31.549  -14.118  -2.570 0.2857142985
100148  -26.543  -2.242  -3.372 0.1428571492
104029  -26.891  1.225  -2.300 0.2857142985
72065  -18.845  -30.838  11.937 0.2857142985
174651  -22.834  -29.433  12.608 0.1428571492
74052  -23.649  -28.517  11.925 0.1428571492
77327  -25.796  -25.935  7.020 0.2857142985
170626  -26.826  -25.471  6.165 0.4285714328
78361  -26.851  -25.265  7.053 0.2857142985
77314  -25.203  -25.902  7.934 0.1428571492
78380  -27.836  -25.016  5.659 0.2857142985
84650  -27.510  -18.603  5.423 0.5714285970
149536  -26.724  -20.076  5.496 0.4285714328
87564  -29.899  -14.932  4.699 0.7142857313
91472  -30.008  -11.591  0.766 0.7142857313
89504  -29.759  -13.562  4.534 0.8571428657
90497  -29.429  -12.791  4.637 0.8571428657
93334  -30.123  -9.885  2.863 0.8571428657
94307  -28.786  -8.649  3.233 0.8571428657
102019  -24.423  -0.326  2.181 0.5714285970
103022  -22.647  0.807  1.039 0.2857142985
153086  -24.000  1.062  1.736 0.2857142985
104013  -21.241  1.735  0.257 0.2857142985
88599  -29.206  -15.351  0.432 0.4285714328
76218  -24.054  -26.432  10.115 0.1428571492
79315  -24.240  -24.642  5.734 0.5714285970
163926  -30.893  -20.549  1.851 0.4285714328
90515  -28.732  -12.363  4.811 0.5714285970
96244  -28.032  -6.560  2.447 0.8571428657
98111  -26.748  -4.623  3.001 0.8571428657
103999  -22.367  1.717  0.645 0.2857142985
104971  -20.723  2.494  0.051 0.2857142985
104954  -19.399  2.392  1.809 0.2857142985
87549  -28.522  -15.730  5.409 0.8571428657
163449  -22.110  4.053  0.115 0.2857142985
164307  -22.079  4.975  -0.119 0.1428571492
106875  -21.331  4.369  0.056 0.2857142985
105940  -20.421  3.188  0.139 0.2857142985
106871  -20.388  3.915  0.647 0.1428571492
105933  -19.906  3.084  0.538 0.1428571492
157134  -27.284  2.273  0.128 0.2857142985
105945  -26.407  3.804  0.313 0.2857142985
160521  -20.093  4.382  1.451 0.1428571492
166586  -25.450  1.963  1.417 0.2857142985
104014  -27.086  1.816  0.867 0.2857142985
104002  -26.708  1.254  1.335 0.2857142985
104974  -23.363  2.867  0.741 0.2857142985
105934  -24.826  2.959  1.005 0.2857142985
154932  -27.449  0.019  -1.201 0.1428571492
102043  -27.306  -0.876  -1.566 0.1428571492
157895  -24.695  2.232  1.281 0.2857142985
100140  -27.024  -2.030  -2.607 0.1428571492
101067  -27.598  -1.601  -0.830 0.1428571492
169891  -27.047  -1.335  -2.267 0.1428571492
103050  -27.545  0.911  -0.928 0.1428571492
157377  -28.004  -3.126  -0.100 0.1428571492
101035  -25.711  -1.252  2.523 0.5714285970
101050  -27.168  -1.213  2.077 0.4285714328
102003  -26.030  -0.375  2.327 0.5714285970
98149  -28.488  -4.671  -1.845 0.1428571492
97211  -28.886  -5.147  -0.117 0.1428571492
101058  -27.816  -1.132  0.839 0.2857142985
100133  -27.618  -2.510  -1.355 0.2857142985
160168  -27.581  -1.609  1.600 0.4285714328
100096  -26.999  -2.452  2.423 0.5714285970
100095  -26.304  -2.465  2.606 0.7142857313
175462  -28.277  -4.184  0.727 0.5714285970
96270  -29.435  -6.622  -0.431 0.5714285970
169662  -28.641  -5.735  1.552 0.7142857313
97197  -28.296  -5.170  1.484 0.7142857313
165687  -27.033  -3.889  2.635 0.7142857313
158250  -29.493  -8.358  -0.931 0.5714285970
93365  -28.331  -10.327  -1.175 0.4285714328
162958  -27.330  -12.615  4.800 0.5714285970
173939  -27.951  -11.234  4.589 0.5714285970
92375  -26.286  -10.932  4.155 0.4285714328
91421  -26.711  -11.604  4.406 0.4285714328
94332  -30.203  -9.230  1.544 0.8571428657
170914  -30.069  -8.670  1.124 0.8571428657
91484  -27.763  -11.763  -1.029 0.5714285970
95285  -29.711  -7.472  0.703 0.8571428657
92424  -29.899  -10.841  0.529 0.7142857313
150690  -27.761  -17.105  5.431 0.7142857313
86580  -27.252  -16.432  5.498 0.7142857313
87546  -25.676  -15.671  5.249 0.4285714328
87547  -26.347  -15.079  5.237 0.5714285970
89484  -27.039  -13.904  5.121 0.5714285970
87562  -24.321  -15.560  4.219 0.2857142985
88556  -29.644  -14.155  4.738 0.8571428657
90562  -28.347  -13.056  -0.261 0.5714285970
163979  -29.226  -12.403  0.285 0.7142857313
151553  -25.407  -19.891  5.490 0.5714285970
151385  -24.817  -19.868  5.492 0.5714285970
87601  -30.200  -16.409  -0.310 0.4285714328
88610  -31.944  -14.711  -2.189 0.2857142985
82611  -31.354  -21.517  1.634 0.4285714328
84699  -31.315  -18.576  0.867 0.4285714328
85688  -33.758  -17.922  0.476 0.4285714328
163150  -31.745  -17.474  0.052 0.4285714328
83660  -32.172  -19.678  1.255 0.4285714328
166518  -31.216  -23.734  2.294 0.2857142985
79359  -30.774  -23.930  2.789 0.2857142985
81556  -32.405  -21.978  1.607 0.2857142985
80440  -30.077  -23.889  2.943 0.2857142985
79350  -30.200  -24.155  3.444 0.2857142985
77284  -26.136  -25.587  9.905 0.1428571492
78334  -28.035  -24.588  8.750 0.2857142985
79321  -31.292  -23.682  5.498 0.2857142985
79289  -29.607  -23.799  7.385 0.2857142985
70968  -22.576  -30.878  13.869 0.1428571492
87607  -31.567  -16.124  -1.021 0.2857142985
105918  -19.213  3.737  3.034 0.1428571492
72040  -22.997  -30.269  13.391 0.1428571492
163927  -24.181  -29.153  12.522 0.1428571492
105917  -18.549  3.426  3.501 0.1428571492
98125  -22.452  -4.366  1.849 0.5714285970
97177  -22.633  -5.758  2.193 0.4285714328
97195  -21.963  -5.787  1.780 0.4285714328
153237  -22.210  -5.089  1.839 0.5714285970
96239  -23.067  -6.429  2.430 0.4285714328
98107  -22.903  -5.041  2.296 0.5714285970
98126  -23.220  -4.304  2.320 0.4285714328
94318  -24.363  -8.319  3.064 0.4285714328
95263  -24.297  -7.019  2.942 0.4285714328
95262  -23.492  -7.077  2.577 0.4285714328
96240  -23.878  -6.417  2.751 0.5714285970
97178  -23.401  -5.741  2.581 0.5714285970
93331  -26.941  -9.237  3.915 0.5714285970
81545  -34.683  -21.683  2.787 0.1428571492
81558  -34.434  -21.528  2.097 0.1428571492
83645  -34.494  -19.806  2.724 0.1428571492
164917  -32.286  -22.887  1.836 0.1428571492
80434  -34.654  -22.345  4.494 0.1428571492
80454  -34.736  -22.368  2.862 0.1428571492
81520  -34.230  -21.683  5.396 0.1428571492
81531  -34.680  -21.948  3.537 0.1428571492
168492  -33.942  -21.470  6.269 0.1428571492
76252  -20.827  -26.353  8.234 0.2857142985
79352  -32.631  -23.993  3.169 0.1428571492
78413  -34.637  -23.889  2.838 0.1428571492
79361  -32.785  -23.657  2.666 0.1428571492
80441  -34.915  -22.812  3.226 0.1428571492
172734  -34.174  -22.666  6.623 0.1428571492
79354  -35.206  -23.389  3.824 0.1428571492
81478  -33.493  -21.373  9.556 0.1428571492
159584  -33.696  -21.858  7.788 0.1428571492
165067  -33.454  -20.854  8.922 0.1428571492
75158  -20.423  -26.901  8.699 0.2857142985
78364  -31.603  -24.109  7.321 0.1428571492
78381  -31.943  -23.871  6.376 0.1428571492
79322  -32.227  -23.812  5.365 0.1428571492
79301  -31.019  -23.645  6.490 0.1428571492
79340  -32.458  -23.974  4.250 0.1428571492
172909  -35.310  -24.541  3.022 0.1428571492
79341  -33.849  -24.335  3.574 0.1428571492
79342  -35.162  -23.597  4.982 0.1428571492
78403  -34.689  -24.333  2.960 0.1428571492
80402  -34.305  -23.292  6.843 0.1428571492
162087  -33.691  -22.583  8.420 0.1428571492
80384  -33.545  -22.204  9.363 0.1428571492
75140  -19.270  -27.340  9.242 0.2857142985
74111  -19.572  -27.983  9.529 0.2857142985
79290  -30.314  -23.757  7.881 0.1428571492
78382  -32.878  -24.495  5.926 0.1428571492
77366  -35.749  -25.171  3.091 0.1428571492
78383  -33.804  -24.796  4.731 0.1428571492
78385  -35.613  -24.743  5.222 0.1428571492
79302  -33.980  -23.362  7.766 0.1428571492
79323  -34.978  -23.942  5.988 0.1428571492
171308  -33.745  -21.528  10.724 0.1428571492
80366  -33.597  -21.901  10.258 0.1428571492
78335  -29.013  -24.488  9.202 0.1428571492
78349  -31.138  -24.261  8.098 0.1428571492
78348  -30.527  -24.380  8.762 0.1428571492
77340  -32.925  -25.441  6.615 0.1428571492
77329  -31.822  -24.894  7.907 0.1428571492
76278  -35.180  -26.357  4.066 0.1428571492
78365  -32.284  -24.683  7.028 0.1428571492
76279  -35.805  -26.349  3.483 0.1428571492
77341  -33.638  -25.420  5.584 0.1428571492
170122  -36.069  -25.317  4.327 0.1428571492
79291  -33.818  -23.445  8.680 0.1428571492
78384  -35.107  -24.718  6.408 0.1428571492
153637  -33.620  -22.761  10.032 0.1428571492
79280  -33.720  -23.488  9.532 0.1428571492
77316  -30.620  -25.088  9.288 0.1428571492
76257  -32.294  -26.510  7.794 0.1428571492
77318  -31.882  -25.797  8.260 0.1428571492
77317  -31.284  -25.149  8.725 0.1428571492
77330  -32.378  -25.593  7.510 0.1428571492
76287  -35.833  -27.293  3.588 0.1428571492
165683  -35.669  -27.170  3.702 0.1428571492
77351  -36.164  -26.017  4.190 0.1428571492
77342  -35.148  -25.402  6.750 0.1428571492
153355  -36.011  -26.291  3.443 0.1428571492
79292  -34.097  -24.128  8.077 0.1428571492
75162  -32.121  -27.385  8.002 0.1428571492
159482  -31.495  -26.016  8.822 0.1428571492
155475  -33.872  -27.845  5.366 0.1428571492
75171  -32.655  -27.230  7.208 0.1428571492
75179  -34.448  -26.952  5.050 0.1428571492
78366  -34.568  -24.787  7.421 0.1428571492
76273  -35.903  -26.477  5.591 0.1428571492
76266  -32.852  -26.347  6.996 0.1428571492
76272  -34.282  -26.117  5.145 0.1428571492
77349  -34.550  -25.599  4.381 0.1428571492
175747  -33.685  -22.396  10.587 0.1428571492
81459  -33.996  -21.197  11.124 0.1428571492
161950  -33.661  -22.900  9.209 0.1428571492
80415  -34.540  -23.133  5.935 0.1428571492
80401  -33.909  -22.630  7.400 0.1428571492
80464  -33.950  -22.894  2.381 0.1428571492
82592  -34.491  -21.077  3.647 0.1428571492
74112  -20.377  -28.019  9.509 0.2857142985
78351  -34.238  -24.883  8.411 0.1428571492
78350  -33.915  -24.186  9.029 0.1428571492
81437  -33.857  -21.984  11.073 0.1428571492
82482  -34.576  -20.724  11.563 0.1428571492
93329  -24.965  -8.774  3.407 0.4285714328
82505  -33.711  -20.285  10.317 0.1428571492
158048  -33.524  -21.656  8.689 0.1428571492
82528  -33.512  -20.572  9.697 0.1428571492
82552  -33.513  -20.425  7.497 0.1428571492
169841  -33.437  -20.188  9.143 0.1428571492
82603  -34.370  -20.232  3.635 0.1428571492
98124  -21.595  -4.426  1.507 0.4285714328
100107  -21.413  -2.965  1.379 0.4285714328
103057  -26.367  0.639  -3.152 0.1428571492
75141  -20.012  -27.448  9.094 0.2857142985
166647  -27.318  1.990  -1.820 0.1428571492
78336  -29.930  -24.669  9.389 0.1428571492
84693  -34.369  -18.306  1.413 0.1428571492
85684  -34.259  -17.825  0.869 0.1428571492
79370  -33.834  -23.436  2.618 0.1428571492
80465  -34.434  -22.322  2.441 0.1428571492
82604  -34.632  -20.814  2.704 0.1428571492
81530  -34.341  -21.397  4.586 0.1428571492
80414  -34.302  -22.316  5.850 0.1428571492
80435  -34.762  -22.940  5.053 0.1428571492
80453  -34.565  -23.070  2.762 0.1428571492
82591  -34.055  -20.435  4.710 0.1428571492
155711  -33.698  -20.112  5.857 0.1428571492
81503  -33.687  -21.243  7.190 0.1428571492
79353  -33.791  -23.902  2.908 0.1428571492
79362  -35.076  -23.725  2.980 0.1428571492
152979  -33.923  -22.022  6.877 0.1428571492
160572  -33.506  -21.051  8.081 0.1428571492
78392  -33.071  -24.169  4.880 0.1428571492
78404  -35.214  -25.068  3.039 0.1428571492
78405  -35.809  -24.824  3.162 0.1428571492
79324  -35.481  -24.253  4.857 0.1428571492
79303  -34.475  -24.037  7.116 0.1428571492
77359  -36.066  -25.487  3.319 0.1428571492
77350  -35.413  -25.715  3.396 0.1428571492
76271  -33.506  -26.227  6.027 0.1428571492
76280  -36.169  -26.933  4.102 0.1428571492
77343  -35.728  -25.495  5.561 0.1428571492
161753  -35.227  -26.071  6.891 0.1428571492
162552  -33.318  -27.072  6.260 0.1428571492
69913  -17.433  -32.220  13.023 0.1428571492
173565  -19.030  -31.552  13.203 0.1428571492
69912  -16.801  -32.004  12.604 0.1428571492
158200  -18.497  -31.391  12.471 0.1428571492
72085  -18.458  -30.387  11.298 0.1428571492
73084  -19.137  -29.811  10.944 0.1428571492
73083  -18.180  -29.718  10.729 0.1428571492
163428  -18.552  -28.503  10.157 0.1428571492
73098  -18.745  -29.132  10.384 0.1428571492
73082  -17.354  -29.364  10.895 0.1428571492
74094  -18.089  -28.200  10.228 0.1428571492
74095  -19.177  -28.546  9.987 0.1428571492
74110  -18.753  -27.877  9.752 0.1428571492
75121  -18.089  -27.526  9.971 0.1428571492
75139  -18.577  -27.056  9.403 0.1428571492
75157  -19.664  -26.872  8.816 0.1428571492
170797  -19.079  -26.826  8.949 0.1428571492
76251  -19.268  -26.348  8.557 0.2857142985
156997  -19.981  -26.336  8.430 0.1428571492
76264  -21.469  -26.092  7.735 0.1428571492
77312  -19.549  -25.673  8.162 0.2857142985
77337  -22.669  -25.572  6.729 0.2857142985
80426  -23.145  -22.442  5.855 0.4285714328
81515  -24.714  -21.522  5.689 0.4285714328
92391  -26.144  -9.942  4.037 0.2857142985
166122  -24.240  -9.144  2.911 0.2857142985
93330  -25.786  -9.139  3.761 0.2857142985
96254  -20.432  -6.288  0.880 0.2857142985
97194  -21.157  -5.785  1.299 0.2857142985
157626  -21.586  -5.179  1.571 0.2857142985
98123  -20.872  -4.882  1.360 0.4285714328
76250  -18.781  -25.762  8.358 0.1428571492
176523  -19.944  -25.457  7.936 0.2857142985
77325  -22.030  -25.808  7.246 0.1428571492
72084  -17.602  -30.229  11.251 0.1428571492
73096  -17.560  -28.607  10.523 0.1428571492
76234  -18.057  -26.525  9.194 0.1428571492
76235  -18.623  -26.434  8.814 0.1428571492
169373  -19.708  -25.034  7.722 0.2857142985
77324  -21.187  -25.470  7.484 0.2857142985
77323  -20.364  -25.277  7.660 0.2857142985
78360  -20.863  -24.743  7.154 0.2857142985
77336  -21.751  -25.097  6.976 0.2857142985
78374  -22.389  -24.685  6.521 0.2857142985
79314  -23.016  -24.186  6.102 0.4285714328
80412  -22.491  -23.201  5.954 0.4285714328
80425  -21.871  -22.311  5.721 0.2857142985
174432  -25.528  -11.355  3.943 0.2857142985
92389  -24.443  -10.651  3.200 0.2857142985
153115  -24.881  -9.717  3.403 0.2857142985
168750  -23.588  -9.431  2.554 0.2857142985
152856  -23.892  -7.727  2.778 0.2857142985
95277  -21.426  -7.312  1.272 0.2857142985
95276  -20.196  -7.800  0.858 0.2857142985
96256  -21.721  -6.506  1.556 0.2857142985
92390  -25.357  -10.548  3.749 0.2857142985
93343  -24.004  -9.967  2.825 0.2857142985
91437  -24.036  -11.495  2.956 0.2857142985
93342  -22.917  -9.345  2.228 0.2857142985
94330  -21.978  -8.444  1.760 0.2857142985
94317  -23.560  -8.620  2.532 0.2857142985
167320  -23.127  -7.803  2.394 0.2857142985
94329  -21.393  -8.188  1.322 0.2857142985
95261  -22.749  -7.107  2.259 0.2857142985
93353  -22.386  -10.089  1.976 0.2857142985
164588  -22.154  -9.284  1.811 0.2857142985
94316  -22.682  -8.547  2.141 0.2857142985
158203  -24.097  -22.251  5.718 0.4285714328
73099  -19.572  -29.173  10.418 0.1428571492
72086  -19.214  -30.365  11.541 0.1428571492
96238  -22.370  -6.454  2.048 0.2857142985
178303  -21.857  -7.769  1.670 0.2857142985
76263  -20.785  -25.808  7.878 0.1428571492
70991  -17.614  -31.685  12.456 0.1428571492
71012  -17.828  -31.053  11.743 0.1428571492
74093  -17.423  -27.947  10.438 0.1428571492
96263  -20.676  -7.126  0.878 0.2857142985
79313  -21.974  -23.770  6.223 0.4285714328
153153  -21.417  -9.074  1.458 0.2857142985
82572  -22.922  -20.534  5.429 0.2857142985
81514  -23.566  -21.392  5.679 0.2857142985
83613  -24.240  -19.394  5.448 0.2857142985
106913  -25.579  4.646  -3.743 0.1428571492
106903  -26.894  4.663  -1.859 0.1428571492
105968  -27.479  3.280  -1.665 0.1428571492
104997  -27.407  2.686  -2.001 0.1428571492
107822  -25.096  5.478  -4.252 0.1428571492
106904  -27.279  3.952  -1.288 0.1428571492
107783  -25.412  5.086  0.144 0.1428571492
108639  -24.625  6.655  -0.441 0.1428571492
83612  -23.270  -19.631  5.343 0.2857142985
105000  -26.206  2.230  -3.366 0.1428571492
105978  -25.271  3.783  -4.079 0.1428571492
104994  -27.553  2.592  -1.374 0.1428571492
106909  -26.741  3.940  -2.566 0.1428571492
105972  -26.505  3.092  -3.002 0.1428571492
104977  -26.854  2.487  0.697 0.1428571492
106879  -25.768  4.364  0.384 0.1428571492
105964  -27.480  3.217  -0.952 0.1428571492
107800  -26.574  5.436  -1.333 0.1428571492
108640  -25.506  6.355  -0.610 0.1428571492
107787  -25.917  5.611  -0.350 0.1428571492
107782  -24.230  5.243  0.126 0.1428571492
160243  -23.162  5.083  0.034 0.1428571492
106890  -27.070  3.823  -0.437 0.1428571492
155018  -26.343  4.872  -2.899 0.1428571492
107814  -25.773  5.375  -3.476 0.1428571492
106914  -26.087  3.891  -3.359 0.1428571492
106889  -26.900  4.705  -0.937 0.1428571492
108671  -25.563  6.089  -3.628 0.1428571492
107788  -26.461  5.321  -0.732 0.1428571492
105971  -25.743  2.996  -3.708 0.1428571492
92404  -22.683  -10.906  2.257 0.1428571492
92405  -23.603  -10.760  2.689 0.1428571492
156628  -23.176  -10.081  2.434 0.1428571492
94328  -20.655  -8.653  1.153 0.1428571492
174603  -17.462  -9.011  3.318 0.1428571492
94314  -17.861  -8.197  2.626 0.1428571492
91438  -24.797  -11.407  3.589 0.1428571492
94327  -19.654  -8.582  1.229 0.1428571492
95247  -17.238  -7.596  3.171 0.1428571492
159718  -17.283  -6.875  2.818 0.1428571492
96231  -16.979  -6.224  3.083 0.2857142985
86578  -25.212  -16.515  5.306 0.2857142985
86576  -23.851  -16.806  4.541 0.1428571492
89521  -24.358  -13.375  3.505 0.1428571492
90527  -23.425  -12.270  2.761 0.1428571492
90579  -29.009  -12.712  -2.302 0.1428571492
91465  -21.925  -10.729  1.872 0.1428571492
95275  -19.349  -7.568  1.094 0.1428571492
151457  -18.882  -5.779  1.127 0.1428571492
96236  -17.412  -6.038  2.483 0.1428571492
98106  -17.864  -4.595  1.757 0.2857142985
100070  -16.282  -2.361  4.147 0.2857142985
167741  -15.977  -2.606  4.808 0.2857142985
101005  -16.921  -1.349  3.418 0.2857142985
104939  -15.123  2.633  5.859 0.1428571492
160046  -19.940  -4.402  1.241 0.2857142985
97176  -17.564  -5.270  2.161 0.2857142985
99148  -19.445  -3.500  1.387 0.2857142985
100106  -19.961  -2.799  1.299 0.2857142985
99128  -17.380  -3.137  1.864 0.2857142985
99120  -16.415  -3.505  3.258 0.2857142985
101045  -18.969  -2.093  1.346 0.2857142985
100080  -16.440  -2.590  3.255 0.2857142985
99109  -16.244  -3.096  4.038 0.2857142985
101018  -17.980  -1.257  2.318 0.2857142985
102996  -17.421  0.569  3.500 0.1428571492
147226  -15.527  -1.894  5.528 0.2857142985
104945  -17.888  3.164  3.823 0.1428571492
147432  -15.455  -2.908  5.407 0.1428571492
178506  -14.855  -3.748  5.986 0.1428571492
96230  -16.500  -6.380  3.586 0.2857142985
101979  -16.470  -0.222  4.470 0.1428571492
147595  -16.236  -0.968  4.637 0.2857142985
102990  -16.010  0.638  4.807 0.1428571492
147225  -14.871  0.096  5.664 0.1428571492
95215  -15.509  -7.562  4.952 0.2857142985
147214  -14.711  -1.432  6.317 0.1428571492
104935  -15.066  2.905  6.627 0.1428571492
174220  -14.337  -8.688  6.123 0.1428571492
91491  -29.212  -12.067  -2.857 0.1428571492
89564  -32.637  -14.184  -2.448 0.1428571492
89501  -24.835  -13.873  4.235 0.1428571492
90545  -22.532  -12.605  2.527 0.1428571492
90580  -30.517  -12.602  -3.201 0.1428571492
90544  -21.843  -12.176  2.327 0.1428571492
91464  -21.237  -11.095  1.694 0.1428571492
178162  -20.025  -10.599  1.581 0.1428571492
93352  -20.728  -9.671  1.324 0.1428571492
174563  -18.412  -9.038  2.356 0.1428571492
94326  -18.783  -8.136  1.527 0.1428571492
95237  -16.532  -7.763  3.961 0.1428571492
161575  -18.294  -6.848  1.556 0.1428571492
96213  -15.790  -6.799  4.654 0.2857142985
98095  -16.766  -4.781  3.034 0.1428571492
152893  -16.777  -3.988  2.708 0.2857142985
173084  -16.099  -3.911  3.979 0.1428571492
147223  -14.585  -0.383  6.326 0.1428571492
167788  -14.958  -1.573  6.120 0.2857142985
149430  -15.130  -0.958  5.852 0.1428571492
102989  -15.055  0.905  5.199 0.1428571492
102991  -16.810  0.569  4.303 0.1428571492
103968  -14.473  2.273  6.176 0.1428571492
103972  -15.653  2.085  5.275 0.1428571492
89569  -31.181  -13.383  -3.022 0.1428571492
89568  -29.909  -13.253  -2.533 0.1428571492
174828  -19.509  -2.254  1.310 0.2857142985
101031  -18.319  -1.879  1.588 0.2857142985
103976  -16.314  1.412  4.767 0.1428571492
101017  -17.169  -1.849  2.598 0.2857142985
163771  -16.682  -0.945  4.075 0.2857142985
101980  -17.112  -0.418  3.712 0.2857142985
156825  -15.486  1.397  5.051 0.1428571492
105913  -17.569  3.606  4.702 0.1428571492
99150  -21.129  -3.667  1.347 0.2857142985
88555  -25.077  -14.514  4.627 0.1428571492
88553  -23.932  -15.133  3.616 0.1428571492
169195  -20.688  -3.102  1.325 0.2857142985
90529  -25.222  -12.071  3.953 0.1428571492
88611  -32.793  -14.905  -1.970 0.1428571492
99149  -20.309  -3.603  1.301 0.2857142985
156658  -19.572  -6.003  0.849 0.1428571492
97193  -20.197  -5.400  1.050 0.1428571492
97192  -19.304  -5.164  1.207 0.1428571492
91452  -23.261  -11.442  2.610 0.1428571492
92416  -21.509  -10.118  1.533 0.1428571492
158221  -20.147  -9.296  1.286 0.1428571492
91451  -21.878  -11.418  2.098 0.1428571492
93350  -18.901  -9.042  1.824 0.1428571492
94315  -18.333  -8.505  2.223 0.1428571492
95259  -17.591  -7.548  2.662 0.1428571492
95260  -18.152  -7.602  2.004 0.1428571492
90528  -24.413  -12.369  3.368 0.1428571492
174387  -16.413  -7.040  3.845 0.1428571492
96237  -17.755  -6.686  2.090 0.1428571492
169855  -23.876  -13.010  2.977 0.1428571492
97190  -17.977  -5.363  1.757 0.2857142985
97164  -16.620  -5.577  3.328 0.2857142985
176850  -17.479  -4.100  1.888 0.2857142985
98122  -18.776  -4.240  1.488 0.2857142985
97191  -18.501  -5.170  1.468 0.2857142985
101004  -16.469  -1.713  3.900 0.2857142985
101030  -17.625  -2.026  1.950 0.2857142985
147224  -16.112  -1.771  4.778 0.2857142985
104936  -15.637  3.374  6.486 0.1428571492
164043  -17.860  -3.719  1.757 0.2857142985
99147  -18.618  -3.314  1.617 0.2857142985
100105  -19.153  -2.753  1.448 0.2857142985
99121  -16.706  -3.124  2.375 0.2857142985
100104  -18.483  -2.642  1.605 0.2857142985
147206  -15.412  -3.781  5.333 0.1428571492
100090  -17.124  -2.535  2.043 0.2857142985
105914  -18.266  3.801  4.263 0.1428571492
101974  -15.641  -0.077  4.964 0.2857142985
153674  -16.272  -5.012  3.636 0.1428571492
160851  -16.393  -4.295  3.414 0.2857142985
103971  -14.842  1.865  5.473 0.1428571492
78343  -18.376  -24.498  7.864 0.1428571492
78358  -19.424  -24.306  7.368 0.1428571492
78359  -20.100  -24.501  7.254 0.1428571492
79287  -18.143  -23.846  7.694 0.1428571492
79297  -18.544  -23.280  7.243 0.1428571492
79309  -19.025  -22.882  6.756 0.1428571492
79298  -19.219  -23.520  7.034 0.1428571492
80408  -19.115  -22.210  6.225 0.1428571492
78371  -19.861  -23.718  6.836 0.1428571492
78373  -21.393  -24.266  6.600 0.1428571492
80409  -19.712  -22.301  5.863 0.1428571492
80410  -20.576  -22.679  5.748 0.1428571492
166852  -21.671  -23.081  5.906 0.1428571492
80424  -20.946  -22.102  5.403 0.1428571492
80411  -21.162  -22.732  5.699 0.1428571492
80422  -19.595  -21.650  5.669 0.1428571492
81512  -21.497  -21.420  5.291 0.1428571492
82571  -21.954  -20.675  5.139 0.1428571492
84646  -23.566  -18.763  5.280 0.1428571492
153370  -23.900  -18.022  5.192 0.1428571492
96188  -15.401  -6.657  5.147 0.1428571492
77311  -18.274  -25.132  8.218 0.1428571492
78342  -17.796  -24.381  8.210 0.1428571492
176181  -15.085  -2.384  5.873 0.1428571492
85630  -24.823  -17.812  5.373 0.1428571492
81513  -22.471  -21.433  5.550 0.1428571492
78357  -18.761  -24.085  7.489 0.1428571492
77322  -18.980  -24.930  7.894 0.1428571492
79312  -21.035  -23.383  6.110 0.1428571492
80391  -17.658  -22.662  7.768 0.1428571492
79310  -19.624  -22.909  6.402 0.1428571492
151458  -20.064  -22.627  5.887 0.1428571492
79311  -20.267  -23.205  6.247 0.1428571492
80423  -20.193  -22.024  5.448 0.1428571492
81511  -20.700  -21.238  5.202 0.1428571492
81502  -18.482  -21.677  6.590 0.1428571492
78332  -17.423  -24.596  8.757 0.1428571492
73048  -23.403  -29.658  12.930 0.1428571492
73097  -18.028  -28.949  10.380 0.1428571492
77358  -35.815  -25.675  3.248 0.1428571492
78344  -26.713  -25.068  8.061 0.2857142985
78372  -20.548  -23.961  6.682 0.1428571492
78393  -34.655  -25.150  3.563 0.1428571492
78394  -35.947  -24.817  3.956 0.1428571492
79267  -33.707  -23.455  10.292 0.1428571492
79343  -35.548  -24.205  3.917 0.1428571492
80341  -33.807  -22.910  10.959 0.1428571492
80400  -18.552  -22.485  6.899 0.1428571492
81458  -33.654  -21.037  10.398 0.1428571492
81519  -29.405  -23.462  4.173 0.5714285970
83614  -25.981  -19.559  5.460 0.5714285970
84706  -32.717  -18.337  0.546 0.4285714328
85635  -29.353  -17.543  5.185 0.7142857313
85682  -30.646  -17.548  0.590 0.4285714328
86577  -24.419  -16.615  4.967 0.1428571492
87548  -27.688  -15.667  5.473 0.7142857313
87563  -24.950  -15.186  4.771 0.4285714328
87613  -31.703  -15.343  -1.615 0.1428571492
88554  -24.518  -14.753  4.210 0.1428571492
88571  -24.141  -14.257  3.610 0.1428571492
89482  -25.536  -14.063  4.719 0.5714285970
89486  -29.144  -13.668  5.004 0.8571428657
89503  -26.850  -13.145  4.840 0.5714285970
89520  -23.726  -13.771  2.987 0.1428571492
89536  -23.164  -13.182  2.717 0.1428571492
89551  -28.921  -14.405  0.342 0.5714285970
90514  -28.034  -12.460  4.908 0.5714285970
90530  -30.352  -12.764  3.306 1.0000000000
90568  -27.959  -12.451  -0.698 0.4285714328
91420  -26.025  -11.823  4.192 0.4285714328
91422  -27.454  -11.869  4.629 0.5714285970
91425  -29.793  -12.126  4.126 1.0000000000
91439  -30.083  -11.503  3.615 1.0000000000
91483  -27.656  -11.769  -1.757 0.4285714328
92392  -29.790  -10.804  3.826 0.8571428657
92402  -19.547  -10.592  1.906 0.1428571492
92415  -20.548  -10.621  1.520 0.1428571492
93344  -30.070  -9.137  2.406 0.8571428657
93351  -19.596  -9.388  1.514 0.1428571492
93354  -30.158  -10.036  1.065 0.8571428657
93360  -29.790  -10.235  0.300 0.8571428657
94303  -24.988  -8.089  3.447 0.7142857313
94304  -25.681  -8.301  3.486 0.8571428657
95236  -16.135  -7.328  4.373 0.2857142985
95251  -27.128  -8.044  3.025 0.8571428657
95266  -26.921  -7.478  2.826 1.0000000000
95274  -18.675  -7.354  1.404 0.1428571492
95278  -22.099  -7.146  1.829 0.2857142985
95283  -19.860  -6.894  0.825 0.2857142985
95284  -20.900  -7.836  0.958 0.2857142985
96214  -16.172  -6.528  4.180 0.2857142985
96243  -26.630  -6.529  2.885 0.8571428657
96251  -17.751  -5.868  1.942 0.1428571492
96252  -18.239  -6.033  1.486 0.1428571492
96253  -18.959  -6.619  1.124 0.1428571492
96255  -21.118  -6.597  1.104 0.2857142985
97165  -17.140  -5.378  2.766 0.2857142985
97196  -27.791  -5.028  2.036 0.7142857313
97204  -28.842  -5.442  0.867 0.7142857313
98096  -17.227  -4.528  2.295 0.1428571492
98112  -27.430  -4.523  2.313 0.8571428657
99129  -18.043  -3.093  1.812 0.2857142985
99131  -24.572  -3.609  2.777 1.0000000000
99167  -27.912  -3.181  -0.944 0.1428571492
100081  -16.701  -2.419  2.558 0.2857142985
100091  -17.840  -2.598  1.826 0.2857142985
100109  -27.530  -2.373  1.851 0.5714285970
100126  -27.765  -2.479  -0.473 0.2857142985
101016  -16.611  -1.970  3.050 0.2857142985
101037  -27.264  -1.862  2.161 0.5714285970
101046  -19.551  -1.653  1.285 0.5714285970
102004  -26.538  -0.961  2.333 0.5714285970
102018  -23.495  -0.522  1.858 0.7142857313
102020  -26.216  0.490  1.830 0.4285714328
102038  -27.597  -0.585  -0.656 0.1428571492
102047  -26.868  -0.633  -2.324 0.1428571492
102988  -14.389  1.342  6.063 0.1428571492
103019  -20.022  0.923  1.259 0.4285714328
103023  -24.608  0.581  2.012 0.2857142985
103043  -27.607  0.753  -0.066 0.1428571492
104961  -19.953  2.419  0.034 0.2857142985
104962  -23.130  2.144  0.858 0.2857142985
104973  -22.607  2.487  0.588 0.2857142985
104975  -24.199  2.749  0.961 0.2857142985
104976  -26.297  2.984  0.777 0.2857142985
104988  -27.495  2.437  -0.674 0.1428571492
105957  -27.281  2.981  -0.359 0.1428571492
105967  -27.156  3.207  -2.322 0.1428571492
106874  -20.814  3.890  0.198 0.2857142985
106880  -26.381  4.724  -0.184 0.1428571492
106910  -27.266  3.851  -1.968 0.1428571492
147516  -15.852  -3.478  4.719 0.1428571492
150060  -22.587  -11.791  2.422 0.1428571492
152796  -30.664  -15.854  3.631 0.8571428657
152822  -15.612  -0.942  5.260 0.2857142985
153864  -24.846  1.404  1.716 0.2857142985
154610  -22.400  -7.793  2.056 0.2857142985
154696  -27.500  -0.893  1.533 0.4285714328
156690  -18.589  -1.067  1.683 0.5714285970
158480  -27.396  1.365  0.388 0.4285714328
158670  -27.622  0.191  -0.515 0.1428571492
158869  -23.216  -1.343  1.909 0.8571428657
159358  -20.774  -4.185  1.311 0.4285714328
160317  -24.751  -5.138  3.291 0.8571428657
160687  -20.226  -25.814  8.093 0.2857142985
161203  -30.689  -18.200  3.958 0.7142857313
162021  -20.753  -2.421  1.280 0.2857142985
162218  -17.895  -9.034  2.826 0.1428571492
162364  -25.817  -2.060  2.587 0.7142857313
164392  -27.560  -3.815  1.823 0.7142857313
164429  -17.162  -3.738  2.038 0.2857142985
164577  -23.021  -2.103  1.902 0.8571428657
164769  -16.809  -7.151  3.397 0.1428571492
165792  -26.837  2.284  -2.526 0.1428571492
166937  -26.125  5.854  -2.930 0.1428571492
168354  -28.600  -14.156  5.251 0.5714285970
168774  -35.423  -24.233  3.196 0.1428571492
169602  -30.190  -23.108  2.803 0.4285714328
170809  -30.867  -23.753  7.367 0.1428571492
173222  -24.167  -28.131  11.640 0.2857142985
175178  -16.043  -4.563  3.968 0.2857142985
176668  -28.399  -13.623  5.193 0.5714285970
176818  -30.752  -19.963  1.977 0.4285714328
177615  -34.470  -18.574  1.789 0.2857142985
177648  -25.529  -9.830  3.760 0.2857142985
177655  -28.534  -12.248  -0.186 0.5714285970
