#!ascii label  , from subject sub-v1s2x0051481_ses-1 vox2ras=TkReg
2197
53121  -46.264  -43.565  67.960 0.0000000000
38581  -38.078  -58.191  69.832 0.0000000000
57987  -53.127  -40.359  57.916 0.0000000000
50204  -48.826  -46.580  55.330 0.0000000000
53191  -55.337  -44.956  61.720 0.0000000000
47882  -44.742  -50.379  69.070 0.0000000000
48056  -37.691  -48.862  56.596 0.0000000000
45921  -48.026  -51.266  58.709 0.0000000000
36272  -28.345  -59.528  71.006 0.0000000000
64185  -56.720  -33.790  57.417 0.0000000000
42836  -28.544  -54.321  58.753 0.0000000000
128683  -52.028  -50.466  61.302 0.0000000000
51203  -53.536  -46.521  57.806 0.0000000000
50059  -51.869  -47.888  65.272 0.0000000000
52053  -42.006  -44.864  69.231 0.0000000000
52138  -42.030  -44.870  62.670 0.0000000000
51156  -47.831  -45.267  61.596 0.0000000000
47001  -49.586  -50.664  55.511 0.0000000000
66093  -57.186  -30.180  53.364 0.0000000000
38535  -32.993  -57.783  71.104 0.0000000000
40737  -28.284  -56.501  65.336 0.0000000000
39720  -33.679  -56.952  64.571 0.0000000000
57033  -55.479  -41.058  60.852 0.0000000000
40702  -44.147  -55.905  68.679 0.0000000000
40770  -39.305  -55.712  63.990 0.0000000000
46896  -43.450  -50.667  62.257 0.0000000000
51228  -42.056  -46.191  55.145 0.0000000000
32794  -23.231  -62.374  70.873 0.0000000000
56977  -48.933  -40.042  67.056 0.0000000000
57942  -49.510  -38.976  62.379 0.0000000000
132706  -55.184  -34.892  62.450 0.0000000000
60230  -49.852  -37.199  57.544 0.0000000000
63356  -50.321  -34.280  52.492 0.0000000000
36320  -23.080  -59.437  65.770 0.0000000000
43949  -33.927  -53.955  57.816 0.0000000000
50056  -48.785  -45.995  64.998 0.0000000000
47952  -51.513  -47.489  62.788 0.0000000000
51093  -48.858  -46.252  67.407 0.0000000000
56014  -42.330  -41.767  68.954 0.0000000000
55124  -42.398  -42.537  65.702 0.0000000000
52112  -46.683  -44.283  65.200 0.0000000000
47979  -49.996  -49.594  61.627 0.0000000000
60231  -55.308  -38.127  57.032 0.0000000000
58009  -51.957  -39.889  55.980 0.0000000000
147396  -35.718  -58.360  70.815 0.0000000000
144629  -33.643  -57.366  68.042 0.0000000000
38617  -36.441  -57.804  67.586 0.0000000000
52237  -49.147  -45.146  54.995 0.0000000000
50167  -55.011  -46.209  59.791 0.0000000000
52211  -54.069  -44.909  57.123 0.0000000000
52188  -55.935  -44.449  59.338 0.0000000000
54275  -56.918  -42.378  58.554 0.0000000000
55154  -55.872  -42.610  61.842 0.0000000000
131939  -45.246  -53.332  69.075 0.0000000000
42775  -44.003  -53.952  66.223 0.0000000000
46850  -44.635  -50.995  66.269 0.0000000000
52184  -45.016  -44.928  58.217 0.0000000000
54259  -41.814  -43.948  58.752 0.0000000000
49133  -45.103  -48.750  57.226 0.0000000000
49157  -48.927  -48.937  55.215 0.0000000000
57916  -48.683  -39.519  64.602 0.0000000000
127267  -52.690  -35.908  59.346 0.0000000000
62345  -53.120  -34.955  56.764 0.0000000000
62364  -50.519  -35.698  55.029 0.0000000000
63327  -53.128  -34.033  54.952 0.0000000000
66116  -54.084  -30.991  51.161 0.0000000000
33910  -25.621  -61.062  70.707 0.0000000000
33939  -23.602  -60.649  68.500 0.0000000000
36286  -25.776  -59.288  68.331 0.0000000000
41761  -28.652  -55.664  62.434 0.0000000000
40761  -25.925  -56.780  62.776 0.0000000000
41810  -25.955  -55.095  59.591 0.0000000000
44926  -38.946  -52.642  61.071 0.0000000000
41798  -37.162  -54.981  61.208 0.0000000000
45916  -35.941  -51.833  58.050 0.0000000000
49123  -50.784  -48.813  57.602 0.0000000000
51215  -50.465  -46.631  56.568 0.0000000000
49111  -52.973  -48.502  59.379 0.0000000000
47992  -53.825  -47.280  61.060 0.0000000000
51128  -53.518  -45.854  63.026 0.0000000000
50006  -43.817  -47.872  69.245 0.0000000000
133251  -43.469  -48.178  66.082 0.0000000000
144607  -41.967  -45.534  66.452 0.0000000000
53197  -44.713  -43.738  61.290 0.0000000000
49076  -47.688  -48.851  59.644 0.0000000000
42886  -50.269  -53.168  57.035 0.0000000000
43912  -50.147  -51.890  60.250 0.0000000000
45933  -51.260  -51.522  58.167 0.0000000000
138776  -57.030  -32.061  54.926 0.0000000000
68038  -59.754  -29.235  55.545 0.0000000000
39614  -30.509  -57.302  71.755 0.0000000000
37459  -28.382  -58.100  69.131 0.0000000000
39660  -31.594  -56.559  68.991 0.0000000000
40740  -31.342  -56.453  65.348 0.0000000000
149010  -31.473  -55.933  62.147 0.0000000000
52226  -52.009  -44.996  56.057 0.0000000000
149925  -57.607  -39.985  59.497 0.0000000000
57955  -54.666  -40.453  59.569 0.0000000000
38605  -40.943  -58.024  69.065 0.0000000000
149433  -39.157  -57.187  66.993 0.0000000000
40726  -41.722  -56.087  66.514 0.0000000000
43896  -41.651  -53.482  63.296 0.0000000000
46949  -40.691  -50.433  59.752 0.0000000000
50104  -42.957  -48.229  62.483 0.0000000000
50160  -41.835  -47.029  58.755 0.0000000000
51210  -38.647  -46.614  55.528 0.0000000000
55040  -45.539  -42.442  71.426 0.0000000000
39600  -39.540  -57.439  72.180 0.0000000000
42693  -43.996  -54.401  71.022 0.0000000000
45754  -44.841  -51.377  71.173 0.0000000000
52043  -48.656  -45.285  70.072 0.0000000000
52059  -51.178  -45.126  68.795 0.0000000000
54174  -52.948  -43.694  66.919 0.0000000000
56971  -50.134  -41.241  68.407 0.0000000000
56049  -52.448  -42.407  65.716 0.0000000000
127679  -51.771  -41.932  64.204 0.0000000000
144430  -50.150  -42.006  62.346 0.0000000000
56126  -48.706  -41.738  60.239 0.0000000000
60175  -52.123  -36.762  61.806 0.0000000000
59086  -49.772  -38.089  59.819 0.0000000000
57076  -47.941  -40.976  57.356 0.0000000000
58031  -47.515  -39.445  54.782 0.0000000000
133580  -54.051  -32.084  52.960 0.0000000000
151861  -21.418  -62.270  69.381 0.0000000000
36340  -20.683  -59.936  63.396 0.0000000000
38636  -26.032  -57.875  65.802 0.0000000000
38664  -23.378  -58.442  63.161 0.0000000000
39722  -36.603  -56.341  64.709 0.0000000000
40798  -33.910  -56.169  61.343 0.0000000000
42839  -32.028  -55.203  58.574 0.0000000000
41877  -33.469  -55.433  55.576 0.0000000000
52101  -47.332  -44.690  66.312 0.0000000000
50040  -49.079  -46.666  66.157 0.0000000000
52072  -47.465  -44.675  67.954 0.0000000000
54164  -44.732  -42.403  68.207 0.0000000000
54171  -44.674  -42.733  66.821 0.0000000000
52100  -46.704  -44.243  65.911 0.0000000000
51114  -47.712  -45.243  65.029 0.0000000000
57989  -54.772  -39.455  58.287 0.0000000000
150500  -53.934  -39.274  56.952 0.0000000000
59149  -53.991  -38.927  56.432 0.0000000000
57999  -52.008  -40.185  56.600 0.0000000000
127532  -36.803  -58.324  70.456 0.0000000000
133673  -35.962  -58.154  69.069 0.0000000000
133671  -37.641  -58.120  68.888 0.0000000000
52247  -47.674  -46.043  54.193 0.0000000000
52222  -48.901  -45.883  55.253 0.0000000000
52153  -55.325  -45.404  60.659 0.0000000000
52175  -55.663  -44.992  59.601 0.0000000000
52166  -55.766  -44.904  60.108 0.0000000000
54236  -56.516  -43.764  60.167 0.0000000000
54216  -54.923  -43.510  62.615 0.0000000000
45781  -44.744  -51.489  68.710 0.0000000000
44861  -44.805  -52.010  67.657 0.0000000000
46829  -44.738  -51.021  67.662 0.0000000000
49108  -45.960  -48.662  58.379 0.0000000000
50178  -45.062  -47.433  57.724 0.0000000000
46973  -46.788  -50.344  57.803 0.0000000000
44976  -47.227  -52.084  57.160 0.0000000000
50217  -49.000  -48.053  55.463 0.0000000000
50216  -47.917  -47.707  54.367 0.0000000000
51241  -47.914  -46.892  54.482 0.0000000000
62304  -54.568  -35.070  58.459 0.0000000000
139151  -54.792  -34.440  57.035 0.0000000000
150816  -53.462  -34.559  56.307 0.0000000000
138481  -55.232  -33.575  55.790 0.0000000000
35142  -27.299  -60.166  70.912 0.0000000000
35146  -26.123  -60.054  69.682 0.0000000000
36278  -26.857  -59.649  69.774 0.0000000000
41775  -28.886  -55.210  61.105 0.0000000000
41773  -27.390  -55.295  61.285 0.0000000000
143894  -27.355  -54.491  59.527 0.0000000000
41827  -26.708  -55.339  58.242 0.0000000000
41838  -28.345  -55.013  57.334 0.0000000000
45919  -38.230  -51.147  58.862 0.0000000000
151398  -37.528  -52.283  59.434 0.0000000000
46970  -37.239  -50.252  57.589 0.0000000000
46963  -51.739  -50.139  59.004 0.0000000000
49124  -51.900  -48.370  58.591 0.0000000000
46965  -52.681  -49.358  59.885 0.0000000000
49011  -51.876  -47.092  63.224 0.0000000000
49046  -53.032  -47.665  61.466 0.0000000000
126547  -52.853  -46.711  62.511 0.0000000000
50091  -53.789  -46.242  61.917 0.0000000000
126778  -53.111  -46.925  63.894 0.0000000000
51064  -42.977  -46.421  69.280 0.0000000000
141640  -42.934  -46.788  67.591 0.0000000000
52084  -42.333  -45.956  67.859 0.0000000000
53182  -45.873  -43.936  63.479 0.0000000000
54215  -43.911  -43.219  63.576 0.0000000000
53198  -45.661  -44.051  61.683 0.0000000000
143397  -46.732  -45.329  59.630 0.0000000000
50134  -48.107  -47.038  60.150 0.0000000000
45886  -48.952  -50.784  60.188 0.0000000000
49061  -48.785  -48.339  60.547 0.0000000000
45861  -50.805  -50.477  61.660 0.0000000000
44922  -50.753  -51.388  61.351 0.0000000000
129990  -51.847  -51.337  59.742 0.0000000000
48061  -50.588  -49.582  57.323 0.0000000000
39598  -31.943  -57.044  72.197 0.0000000000
39645  -30.206  -56.941  70.078 0.0000000000
39647  -32.525  -56.911  70.171 0.0000000000
134483  -33.982  -57.326  66.581 0.0000000000
38626  -32.821  -57.118  67.105 0.0000000000
39719  -32.790  -57.031  64.791 0.0000000000
40767  -31.681  -56.209  63.589 0.0000000000
39754  -32.601  -56.336  63.395 0.0000000000
51202  -52.600  -46.751  57.656 0.0000000000
52207  -50.853  -45.929  56.220 0.0000000000
52209  -52.479  -45.503  56.603 0.0000000000
53255  -54.311  -44.079  56.857 0.0000000000
53263  -53.067  -43.956  55.987 0.0000000000
54288  -53.795  -43.613  56.275 0.0000000000
56117  -57.090  -41.565  60.476 0.0000000000
56147  -57.579  -41.106  59.145 0.0000000000
150893  -56.382  -40.368  60.480 0.0000000000
57957  -55.979  -39.996  60.130 0.0000000000
57050  -54.840  -40.854  60.285 0.0000000000
136096  -42.209  -57.262  68.961 0.0000000000
39682  -41.328  -57.083  67.825 0.0000000000
40727  -42.577  -56.077  67.050 0.0000000000
44912  -44.020  -52.332  64.505 0.0000000000
43886  -42.778  -53.584  64.188 0.0000000000
44919  -42.675  -52.295  62.774 0.0000000000
149538  -41.225  -52.109  61.876 0.0000000000
45884  -42.030  -51.063  61.224 0.0000000000
51133  -42.624  -46.781  63.982 0.0000000000
50071  -43.261  -48.270  64.524 0.0000000000
51144  -42.567  -46.668  62.408 0.0000000000
53251  -42.162  -44.349  56.510 0.0000000000
52183  -41.337  -45.093  58.518 0.0000000000
52194  -40.483  -45.297  57.196 0.0000000000
50175  -40.570  -47.321  57.667 0.0000000000
45009  -50.227  -52.349  56.063 0.0000000000
43768  -44.369  -52.916  71.145 0.0000000000
49997  -44.092  -47.639  71.763 0.0000000000
53091  -46.922  -44.051  70.850 0.0000000000
148762  -49.691  -43.431  70.679 0.0000000000
54133  -50.432  -43.302  69.775 0.0000000000
53123  -52.341  -44.542  67.919 0.0000000000
55067  -51.045  -42.960  68.819 0.0000000000
56970  -49.751  -40.414  68.178 0.0000000000
56038  -51.444  -42.317  67.079 0.0000000000
56985  -50.262  -41.501  66.543 0.0000000000
56076  -52.155  -42.063  64.916 0.0000000000
56060  -49.479  -41.206  65.948 0.0000000000
57925  -48.682  -39.501  63.735 0.0000000000
56084  -48.847  -41.552  63.718 0.0000000000
56108  -48.435  -41.307  62.255 0.0000000000
126333  -49.282  -41.939  60.864 0.0000000000
57029  -48.061  -40.639  61.775 0.0000000000
141915  -54.303  -35.596  62.339 0.0000000000
147677  -51.029  -36.482  58.234 0.0000000000
60202  -51.190  -36.840  59.707 0.0000000000
59103  -49.098  -38.112  58.415 0.0000000000
57986  -47.793  -39.462  58.519 0.0000000000
59126  -47.596  -39.001  56.920 0.0000000000
57093  -47.626  -40.293  56.036 0.0000000000
60246  -48.257  -38.182  56.455 0.0000000000
62395  -50.266  -35.103  53.747 0.0000000000
61359  -48.230  -36.655  53.722 0.0000000000
62406  -48.925  -35.312  52.675 0.0000000000
66082  -57.230  -30.750  54.054 0.0000000000
65156  -55.333  -31.932  53.810 0.0000000000
65166  -55.716  -31.051  53.312 0.0000000000
35181  -23.450  -60.006  67.275 0.0000000000
35159  -22.507  -60.665  67.558 0.0000000000
35201  -21.857  -60.261  66.016 0.0000000000
148495  -20.891  -60.338  65.022 0.0000000000
36319  -21.861  -59.623  64.774 0.0000000000
38625  -27.907  -57.268  67.058 0.0000000000
38624  -27.010  -57.696  66.933 0.0000000000
38637  -26.786  -57.532  66.089 0.0000000000
39733  -24.633  -57.640  62.865 0.0000000000
37594  -23.673  -59.017  58.564 0.0000000000
40741  -39.184  -56.242  65.167 0.0000000000
38642  -37.631  -56.605  65.853 0.0000000000
39741  -37.682  -55.965  64.401 0.0000000000
137787  -35.501  -54.591  59.203 0.0000000000
41778  -35.847  -55.768  60.700 0.0000000000
41815  -34.217  -55.580  59.565 0.0000000000
128846  -32.862  -55.922  60.160 0.0000000000
42862  -33.502  -54.656  58.266 0.0000000000
140280  -32.649  -56.528  56.149 0.0000000000
47965  -50.674  -48.579  62.039 0.0000000000
46882  -52.035  -49.608  61.455 0.0000000000
148005  -50.831  -47.033  64.195 0.0000000000
48993  -50.641  -47.430  64.791 0.0000000000
48979  -50.570  -47.827  65.662 0.0000000000
54147  -41.724  -43.019  69.261 0.0000000000
133827  -41.541  -43.573  68.012 0.0000000000
55096  -42.072  -42.246  67.555 0.0000000000
53156  -45.164  -43.551  64.864 0.0000000000
52132  -47.243  -44.784  63.530 0.0000000000
50105  -49.016  -46.220  61.858 0.0000000000
50088  -49.062  -45.963  63.085 0.0000000000
50089  -49.503  -46.346  63.347 0.0000000000
58021  -50.962  -39.553  54.702 0.0000000000
38558  -34.447  -58.193  71.128 0.0000000000
38576  -33.728  -58.030  69.708 0.0000000000
38577  -34.572  -58.149  69.664 0.0000000000
134583  -34.839  -57.818  68.023 0.0000000000
38629  -35.325  -56.989  66.507 0.0000000000
51190  -54.700  -46.499  58.927 0.0000000000
52199  -53.823  -45.729  57.429 0.0000000000
51205  -55.132  -45.707  58.513 0.0000000000
52186  -55.638  -44.911  58.603 0.0000000000
53246  -56.245  -43.756  57.983 0.0000000000
54284  -56.551  -43.057  57.848 0.0000000000
54263  -56.575  -43.128  58.940 0.0000000000
135256  -56.787  -42.961  59.679 0.0000000000
56115  -55.472  -41.523  61.320 0.0000000000
41689  -45.030  -54.887  69.084 0.0000000000
132022  -44.269  -54.862  67.296 0.0000000000
42763  -44.858  -53.795  67.287 0.0000000000
145029  -44.460  -52.266  65.776 0.0000000000
45845  -44.362  -51.246  64.644 0.0000000000
54245  -42.853  -43.430  60.523 0.0000000000
53207  -41.919  -44.028  60.572 0.0000000000
53229  -43.707  -43.861  58.257 0.0000000000
52206  -43.810  -45.604  56.756 0.0000000000
51213  -43.508  -46.873  56.133 0.0000000000
48072  -44.254  -49.832  55.692 0.0000000000
46981  -45.654  -50.346  56.403 0.0000000000
48089  -48.863  -49.619  54.940 0.0000000000
49156  -47.939  -48.596  54.163 0.0000000000
140049  -50.009  -38.646  67.130 0.0000000000
57905  -48.792  -39.654  66.447 0.0000000000
130631  -50.633  -38.144  66.066 0.0000000000
58991  -50.129  -38.550  64.525 0.0000000000
59009  -50.153  -38.547  63.630 0.0000000000
62246  -56.016  -34.645  61.484 0.0000000000
61239  -54.006  -35.685  60.644 0.0000000000
62285  -54.729  -35.180  59.308 0.0000000000
62302  -52.903  -35.409  58.107 0.0000000000
61305  -50.978  -36.117  56.836 0.0000000000
61303  -49.786  -36.839  56.236 0.0000000000
62343  -51.537  -35.468  56.315 0.0000000000
63304  -51.880  -34.788  55.045 0.0000000000
63343  -52.188  -34.011  53.864 0.0000000000
67077  -57.063  -29.386  52.189 0.0000000000
66105  -55.978  -30.182  52.183 0.0000000000
68106  -55.936  -29.334  51.063 0.0000000000
33905  -24.509  -61.646  70.624 0.0000000000
137059  -23.451  -61.509  69.666 0.0000000000
33921  -24.698  -60.763  69.602 0.0000000000
35161  -25.048  -59.662  68.344 0.0000000000
36293  -24.612  -59.376  67.402 0.0000000000
40750  -28.477  -56.289  64.567 0.0000000000
40749  -27.154  -56.845  64.430 0.0000000000
40777  -27.071  -56.161  62.778 0.0000000000
41771  -25.799  -55.710  60.927 0.0000000000
40823  -24.284  -56.610  59.321 0.0000000000
137060  -24.500  -57.889  58.593 0.0000000000
39821  -25.684  -56.635  58.600 0.0000000000
42799  -39.426  -54.241  62.671 0.0000000000
41764  -38.292  -55.109  62.783 0.0000000000
43909  -38.294  -53.334  61.045 0.0000000000
43935  -36.541  -53.399  59.312 0.0000000000
43951  -35.397  -53.102  58.348 0.0000000000
127491  -49.560  -47.837  56.122 0.0000000000
50191  -49.760  -46.919  56.205 0.0000000000
49122  -50.788  -47.791  57.422 0.0000000000
50180  -52.228  -47.541  58.184 0.0000000000
50164  -53.543  -47.637  59.007 0.0000000000
46904  -52.812  -48.664  60.869 0.0000000000
48026  -54.208  -48.467  60.222 0.0000000000
50165  -54.278  -47.165  59.329 0.0000000000
50121  -54.555  -46.722  60.499 0.0000000000
51147  -54.584  -46.116  61.516 0.0000000000
52133  -54.142  -45.491  62.289 0.0000000000
48947  -44.599  -49.179  69.583 0.0000000000
48966  -44.398  -49.196  67.620 0.0000000000
50021  -43.777  -48.141  67.665 0.0000000000
51101  -42.784  -46.797  66.255 0.0000000000
52119  -41.856  -44.930  64.092 0.0000000000
54188  -41.706  -43.329  65.643 0.0000000000
53168  -41.895  -43.767  64.153 0.0000000000
54233  -42.866  -43.313  61.412 0.0000000000
53220  -45.504  -44.266  59.836 0.0000000000
50162  -46.118  -47.149  58.794 0.0000000000
46951  -47.506  -50.115  59.046 0.0000000000
42869  -49.687  -53.417  57.686 0.0000000000
44944  -48.839  -51.390  59.617 0.0000000000
42848  -50.166  -52.685  59.001 0.0000000000
44978  -50.841  -52.319  57.745 0.0000000000
45876  -49.778  -50.758  61.083 0.0000000000
43945  -51.180  -52.250  59.147 0.0000000000
45946  -50.650  -51.468  57.006 0.0000000000
48060  -50.303  -49.890  56.790 0.0000000000
133558  -50.280  -49.140  56.957 0.0000000000
64214  -57.023  -33.122  56.251 0.0000000000
65114  -58.657  -31.683  56.332 0.0000000000
66064  -58.354  -30.365  55.116 0.0000000000
66084  -58.605  -29.627  54.299 0.0000000000
68084  -58.583  -29.040  53.284 0.0000000000
69058  -58.850  -28.458  52.844 0.0000000000
37439  -29.213  -58.779  71.222 0.0000000000
151149  -28.075  -58.913  69.930 0.0000000000
38573  -29.392  -57.561  69.966 0.0000000000
39658  -29.585  -56.787  68.727 0.0000000000
39692  -29.633  -56.344  67.084 0.0000000000
39661  -32.720  -56.893  68.816 0.0000000000
135265  -31.364  -56.546  67.213 0.0000000000
40738  -29.570  -56.204  65.676 0.0000000000
40765  -29.557  -56.049  63.861 0.0000000000
136971  -30.200  -55.659  62.361 0.0000000000
147650  -30.095  -55.225  60.584 0.0000000000
52223  -49.624  -45.629  55.500 0.0000000000
53259  -49.979  -44.949  55.130 0.0000000000
53253  -52.785  -44.732  56.280 0.0000000000
57971  -55.299  -39.676  59.130 0.0000000000
57072  -53.555  -40.522  58.678 0.0000000000
127378  -39.458  -58.117  69.296 0.0000000000
38603  -39.190  -58.008  68.364 0.0000000000
38621  -39.915  -57.518  67.976 0.0000000000
39698  -40.353  -56.901  66.744 0.0000000000
40757  -40.730  -55.725  65.011 0.0000000000
145296  -43.129  -55.043  66.266 0.0000000000
41747  -42.061  -54.841  65.014 0.0000000000
42793  -40.546  -54.292  63.422 0.0000000000
44916  -40.059  -52.891  62.135 0.0000000000
45899  -39.862  -51.441  60.413 0.0000000000
46960  -39.286  -50.094  58.643 0.0000000000
136881  -44.474  -49.800  66.422 0.0000000000
47948  -43.863  -49.851  64.403 0.0000000000
131086  -43.506  -49.352  62.560 0.0000000000
51167  -42.397  -46.236  60.575 0.0000000000
133913  -43.077  -48.240  60.751 0.0000000000
49075  -43.077  -49.102  60.828 0.0000000000
49090  -41.878  -48.897  58.948 0.0000000000
49104  -39.756  -48.699  57.838 0.0000000000
134506  -49.797  -53.158  55.058 0.0000000000
55065  -44.400  -41.806  69.702 0.0000000000
54149  -45.767  -43.071  69.374 0.0000000000
33901  -25.523  -61.928  71.746 0.0000000000
36249  -29.302  -59.662  72.604 0.0000000000
38520  -30.204  -58.237  72.804 0.0000000000
39577  -30.734  -57.576  72.977 0.0000000000
127111  -34.955  -58.157  72.530 0.0000000000
38538  -36.608  -58.307  71.932 0.0000000000
126198  -37.536  -58.238  71.728 0.0000000000
38561  -39.228  -58.147  70.790 0.0000000000
38562  -40.426  -58.077  70.459 0.0000000000
147292  -41.640  -57.633  70.062 0.0000000000
39650  -43.051  -56.850  69.982 0.0000000000
40667  -42.925  -55.929  71.099 0.0000000000
40680  -44.059  -55.458  70.325 0.0000000000
42722  -45.104  -54.161  69.621 0.0000000000
43792  -45.152  -52.823  70.116 0.0000000000
135874  -44.888  -50.886  70.041 0.0000000000
47863  -44.940  -49.539  70.826 0.0000000000
147965  -44.343  -48.169  70.548 0.0000000000
51054  -43.576  -46.935  70.576 0.0000000000
56015  -42.789  -41.391  69.400 0.0000000000
52055  -47.492  -44.709  68.905 0.0000000000
51066  -48.464  -45.796  68.613 0.0000000000
50016  -50.261  -46.838  68.020 0.0000000000
54110  -48.419  -43.620  71.581 0.0000000000
51056  -49.862  -45.687  69.429 0.0000000000
51094  -51.562  -46.722  67.421 0.0000000000
144562  -53.328  -46.231  65.641 0.0000000000
52114  -54.022  -45.140  64.975 0.0000000000
53159  -54.088  -44.289  64.915 0.0000000000
56029  -51.168  -42.468  67.848 0.0000000000
125746  -53.077  -43.012  66.048 0.0000000000
54203  -54.059  -43.447  63.913 0.0000000000
55143  -53.656  -42.795  63.221 0.0000000000
56089  -53.457  -42.494  62.811 0.0000000000
56099  -53.609  -42.193  62.182 0.0000000000
56073  -49.001  -41.287  65.102 0.0000000000
148490  -50.664  -42.038  62.893 0.0000000000
56097  -52.076  -42.281  61.951 0.0000000000
57048  -52.476  -41.850  60.241 0.0000000000
134785  -51.482  -41.928  59.728 0.0000000000
56160  -50.246  -41.405  58.297 0.0000000000
60149  -51.954  -37.110  63.618 0.0000000000
59050  -50.833  -38.002  62.358 0.0000000000
61223  -52.587  -36.226  61.222 0.0000000000
60187  -50.676  -37.561  60.838 0.0000000000
59048  -49.551  -38.609  61.211 0.0000000000
57046  -47.878  -40.560  60.076 0.0000000000
56158  -48.374  -41.421  58.774 0.0000000000
57069  -50.522  -41.027  57.468 0.0000000000
57086  -50.152  -40.482  56.176 0.0000000000
58019  -49.432  -40.104  54.936 0.0000000000
58050  -49.435  -39.423  53.501 0.0000000000
60267  -48.240  -37.563  55.018 0.0000000000
59217  -47.596  -38.617  53.534 0.0000000000
59219  -49.485  -38.996  52.739 0.0000000000
64230  -55.122  -33.204  55.182 0.0000000000
64248  -53.400  -33.128  53.794 0.0000000000
64258  -52.433  -33.145  52.609 0.0000000000
66102  -53.909  -31.586  51.622 0.0000000000
65173  -52.511  -32.459  51.322 0.0000000000
64267  -50.667  -33.422  51.149 0.0000000000
125747  -22.495  -61.412  68.740 0.0000000000
37462  -26.844  -58.589  68.325 0.0000000000
37466  -25.769  -58.557  67.216 0.0000000000
37473  -24.730  -58.648  66.032 0.0000000000
39717  -25.602  -57.539  64.081 0.0000000000
38650  -24.342  -58.310  64.344 0.0000000000
37483  -23.164  -58.959  64.801 0.0000000000
37496  -22.055  -59.144  63.306 0.0000000000
127531  -37.533  -57.303  67.024 0.0000000000
38640  -36.390  -56.705  66.079 0.0000000000
129722  -35.107  -56.631  64.572 0.0000000000
40801  -36.677  -55.643  62.188 0.0000000000
39757  -35.254  -56.197  63.044 0.0000000000
39756  -34.165  -56.337  62.966 0.0000000000
40797  -33.022  -56.146  61.634 0.0000000000
41794  -31.498  -55.575  60.505 0.0000000000
42859  -30.275  -54.503  58.059 0.0000000000
45937  -34.565  -51.547  56.128 0.0000000000
44984  -33.765  -52.999  55.896 0.0000000000
43997  -33.302  -53.677  55.878 0.0000000000
42892  -32.279  -54.363  56.309 0.0000000000
42890  -30.448  -54.692  56.828 0.0000000000
42877  -29.510  -54.611  57.227 0.0000000000
52071  -46.919  -44.082  67.500 0.0000000000
52086  -47.426  -44.654  67.111 0.0000000000
54172  -45.375  -43.036  67.513 0.0000000000
53131  -46.219  -43.567  67.061 0.0000000000
52085  -46.801  -44.155  66.684 0.0000000000
57988  -53.957  -39.942  58.081 0.0000000000
58002  -54.302  -39.340  57.544 0.0000000000
58001  -53.533  -39.750  57.354 0.0000000000
58000  -52.631  -40.155  57.105 0.0000000000
38559  -37.661  -58.268  70.720 0.0000000000
38580  -37.237  -58.243  69.769 0.0000000000
51242  -48.345  -46.353  54.842 0.0000000000
52143  -55.203  -45.341  61.246 0.0000000000
52154  -55.718  -44.813  60.892 0.0000000000
138717  -55.883  -44.197  61.621 0.0000000000
138827  -55.273  -44.262  62.274 0.0000000000
46806  -44.735  -50.845  68.904 0.0000000000
46819  -44.728  -50.958  68.259 0.0000000000
47897  -44.708  -50.523  68.515 0.0000000000
46962  -47.079  -50.037  58.542 0.0000000000
48040  -46.482  -49.351  58.441 0.0000000000
129576  -48.499  -47.287  55.003 0.0000000000
63273  -56.045  -34.324  57.914 0.0000000000
64184  -55.989  -34.030  57.027 0.0000000000
64197  -54.922  -34.080  56.282 0.0000000000
64198  -55.737  -33.665  56.296 0.0000000000
35137  -27.910  -60.020  71.435 0.0000000000
135264  -27.229  -59.779  70.349 0.0000000000
36271  -27.789  -59.627  70.680 0.0000000000
41791  -28.701  -54.850  60.373 0.0000000000
42815  -28.112  -54.533  59.753 0.0000000000
134431  -27.726  -54.322  58.865 0.0000000000
42856  -27.420  -54.549  58.309 0.0000000000
42857  -28.171  -54.402  58.111 0.0000000000
46971  -38.019  -50.004  57.815 0.0000000000
46958  -37.742  -50.698  58.234 0.0000000000
140081  -37.490  -49.578  57.129 0.0000000000
45913  -52.230  -50.557  59.924 0.0000000000
46964  -52.179  -49.987  59.578 0.0000000000
45889  -52.402  -49.992  60.232 0.0000000000
48995  -51.854  -47.573  64.102 0.0000000000
147845  -52.306  -47.017  62.708 0.0000000000
49012  -52.483  -46.962  63.510 0.0000000000
50074  -52.993  -46.449  63.108 0.0000000000
50060  -52.517  -47.521  64.505 0.0000000000
52054  -42.451  -45.692  69.702 0.0000000000
52070  -42.329  -45.785  68.796 0.0000000000
52069  -41.797  -44.806  68.181 0.0000000000
52131  -46.541  -44.431  62.987 0.0000000000
53189  -45.734  -44.007  62.588 0.0000000000
52152  -47.217  -44.807  61.411 0.0000000000
129239  -47.725  -45.432  60.764 0.0000000000
51157  -48.424  -45.984  60.985 0.0000000000
49077  -48.244  -48.059  60.051 0.0000000000
50118  -48.739  -47.225  60.725 0.0000000000
46901  -51.126  -50.433  61.698 0.0000000000
45879  -51.167  -50.997  61.601 0.0000000000
45904  -52.166  -51.039  60.246 0.0000000000
45912  -51.929  -50.941  59.596 0.0000000000
39616  -32.370  -57.050  71.425 0.0000000000
39631  -31.846  -56.849  70.807 0.0000000000
39632  -32.663  -57.098  70.781 0.0000000000
147698  -34.260  -57.183  65.988 0.0000000000
39695  -33.595  -57.253  65.890 0.0000000000
141330  -33.506  -57.134  65.195 0.0000000000
140541  -33.101  -56.785  63.956 0.0000000000
51217  -52.109  -46.256  56.980 0.0000000000
51218  -52.974  -46.001  57.206 0.0000000000
54282  -55.151  -43.766  57.125 0.0000000000
134120  -56.007  -40.833  60.850 0.0000000000
57034  -56.630  -40.756  60.583 0.0000000000
57943  -55.967  -40.419  60.518 0.0000000000
57032  -54.958  -41.303  60.840 0.0000000000
39665  -42.997  -57.052  69.172 0.0000000000
39664  -42.730  -56.966  68.503 0.0000000000
40701  -43.325  -56.396  68.432 0.0000000000
45858  -43.797  -51.558  63.412 0.0000000000
44911  -43.715  -52.283  63.761 0.0000000000
45875  -43.276  -51.467  62.640 0.0000000000
45874  -42.475  -51.806  62.267 0.0000000000
45885  -42.786  -51.133  61.792 0.0000000000
52130  -42.176  -45.801  63.773 0.0000000000
52139  -42.384  -46.070  63.030 0.0000000000
52221  -42.572  -45.608  55.768 0.0000000000
53250  -41.494  -44.394  56.658 0.0000000000
52219  -40.976  -45.079  55.464 0.0000000000
52218  -40.235  -45.244  55.537 0.0000000000
139510  -41.267  -45.683  54.985 0.0000000000
45965  -49.817  -51.645  55.578 0.0000000000
45977  -49.215  -51.219  54.859 0.0000000000
135001  -50.554  -42.809  69.358 0.0000000000
57901  -49.325  -39.803  67.710 0.0000000000
57896  -49.772  -39.570  68.377 0.0000000000
56978  -49.491  -40.463  67.515 0.0000000000
151706  -50.011  -41.071  67.173 0.0000000000
56061  -50.959  -41.892  65.640 0.0000000000
144924  -49.374  -40.734  66.831 0.0000000000
57934  -49.420  -39.035  63.238 0.0000000000
57924  -48.130  -40.130  63.433 0.0000000000
57020  -48.071  -40.432  62.614 0.0000000000
57932  -48.274  -39.849  62.082 0.0000000000
63210  -55.525  -34.062  62.848 0.0000000000
61213  -54.563  -35.285  62.755 0.0000000000
61226  -54.896  -35.282  61.940 0.0000000000
61284  -50.621  -36.567  57.612 0.0000000000
60214  -50.408  -37.034  58.400 0.0000000000
60213  -49.672  -37.513  58.251 0.0000000000
125865  -48.420  -38.372  57.576 0.0000000000
60229  -49.089  -37.671  57.082 0.0000000000
63341  -50.684  -34.560  53.277 0.0000000000
62394  -49.465  -35.477  53.526 0.0000000000
63340  -49.847  -34.851  53.019 0.0000000000
63355  -49.459  -34.645  52.192 0.0000000000
66081  -56.442  -30.793  53.598 0.0000000000
150973  -56.578  -30.334  53.099 0.0000000000
36291  -23.273  -59.733  66.617 0.0000000000
35202  -22.575  -59.953  66.315 0.0000000000
36304  -22.219  -59.770  65.557 0.0000000000
145722  -22.553  -59.392  65.045 0.0000000000
39705  -28.133  -56.874  66.148 0.0000000000
142896  -27.429  -57.240  66.372 0.0000000000
39704  -27.472  -57.014  65.482 0.0000000000
37593  -23.006  -59.044  58.702 0.0000000000
133793  -39.405  -55.956  64.635 0.0000000000
40755  -38.592  -55.989  64.553 0.0000000000
148760  -38.699  -55.752  63.951 0.0000000000
42864  -35.238  -53.915  58.585 0.0000000000
41816  -35.010  -55.406  59.639 0.0000000000
42863  -34.514  -54.440  58.574 0.0000000000
42841  -33.886  -55.141  58.971 0.0000000000
49007  -49.973  -46.666  63.590 0.0000000000
49027  -50.893  -47.250  63.090 0.0000000000
48991  -49.864  -46.730  64.710 0.0000000000
50023  -48.727  -46.237  66.644 0.0000000000
50058  -49.725  -47.062  65.647 0.0000000000
145998  -49.442  -47.028  66.475 0.0000000000
50025  -49.531  -47.036  67.153 0.0000000000
134196  -41.863  -42.340  68.901 0.0000000000
54163  -41.674  -42.931  68.535 0.0000000000
55081  -42.591  -41.897  68.106 0.0000000000
151879  -45.397  -43.375  66.108 0.0000000000
54180  -44.743  -42.984  66.033 0.0000000000
53141  -45.291  -43.446  65.629 0.0000000000
53170  -46.180  -43.938  64.460 0.0000000000
52122  -47.120  -44.633  64.531 0.0000000000
51134  -47.911  -45.249  63.213 0.0000000000
51125  -47.739  -45.256  64.137 0.0000000000
50072  -48.902  -45.914  64.107 0.0000000000
49026  -50.403  -47.544  62.453 0.0000000000
60232  -55.992  -37.625  57.464 0.0000000000
58010  -52.759  -39.437  55.872 0.0000000000
58022  -52.028  -39.378  55.144 0.0000000000
126459  -35.184  -58.319  71.006 0.0000000000
131462  -34.404  -58.173  70.337 0.0000000000
127534  -35.212  -58.266  70.215 0.0000000000
38600  -36.203  -58.044  68.324 0.0000000000
38599  -35.454  -58.047  68.492 0.0000000000
38616  -35.651  -57.799  67.744 0.0000000000
131076  -35.128  -57.477  67.158 0.0000000000
127882  -35.872  -57.351  67.060 0.0000000000
53271  -48.682  -44.671  54.430 0.0000000000
51191  -55.156  -46.035  59.342 0.0000000000
52187  -55.726  -44.865  59.116 0.0000000000
53245  -55.707  -44.282  57.862 0.0000000000
53232  -56.133  -44.184  58.565 0.0000000000
53233  -56.245  -43.841  58.750 0.0000000000
54226  -56.240  -43.318  61.417 0.0000000000
140231  -56.694  -43.216  60.529 0.0000000000
55162  -56.569  -42.328  61.150 0.0000000000
56102  -55.330  -42.156  61.874 0.0000000000
42737  -45.201  -54.108  68.754 0.0000000000
41699  -45.015  -54.764  68.342 0.0000000000
43836  -45.166  -53.297  68.364 0.0000000000
146409  -44.723  -51.325  66.810 0.0000000000
44878  -44.705  -52.483  66.769 0.0000000000
135045  -44.551  -51.846  65.735 0.0000000000
125664  -44.445  -51.772  65.213 0.0000000000
45829  -44.560  -51.264  65.428 0.0000000000
53230  -44.513  -44.182  58.603 0.0000000000
54272  -43.782  -43.687  59.093 0.0000000000
50177  -44.589  -47.111  57.231 0.0000000000
51200  -44.319  -46.373  57.012 0.0000000000
49132  -44.631  -48.015  57.138 0.0000000000
51214  -43.828  -46.412  56.533 0.0000000000
50190  -44.093  -47.242  56.652 0.0000000000
136176  -44.598  -48.794  56.597 0.0000000000
48059  -45.299  -49.446  56.725 0.0000000000
48073  -49.399  -49.701  55.558 0.0000000000
132572  -48.445  -49.145  54.560 0.0000000000
58962  -50.690  -38.113  66.746 0.0000000000
58961  -49.948  -38.606  66.424 0.0000000000
58978  -51.310  -37.316  65.226 0.0000000000
58977  -50.968  -37.991  65.552 0.0000000000
58992  -50.924  -38.045  64.848 0.0000000000
59010  -50.917  -38.093  63.983 0.0000000000
63250  -57.334  -34.038  59.826 0.0000000000
64144  -57.222  -33.217  60.872 0.0000000000
63243  -57.165  -33.988  60.596 0.0000000000
62267  -56.197  -34.708  60.785 0.0000000000
62266  -55.516  -35.059  60.478 0.0000000000
151282  -55.366  -35.057  59.695 0.0000000000
63271  -54.277  -34.878  57.644 0.0000000000
62303  -53.730  -35.220  58.269 0.0000000000
61286  -52.112  -35.709  57.916 0.0000000000
62320  -51.802  -35.598  57.130 0.0000000000
62344  -52.313  -35.139  56.591 0.0000000000
63306  -53.324  -34.297  55.694 0.0000000000
63305  -52.583  -34.461  55.398 0.0000000000
63326  -52.375  -34.217  54.646 0.0000000000
63325  -51.679  -34.525  54.309 0.0000000000
64227  -52.883  -33.696  54.218 0.0000000000
68094  -57.803  -29.116  52.348 0.0000000000
67076  -56.324  -29.705  51.895 0.0000000000
135479  -25.147  -61.497  70.821 0.0000000000
33909  -24.937  -61.189  70.285 0.0000000000
35139  -25.467  -60.621  69.961 0.0000000000
36282  -25.870  -59.613  68.917 0.0000000000
35145  -25.285  -60.185  69.215 0.0000000000
36294  -25.378  -59.100  67.721 0.0000000000
41750  -28.323  -56.035  63.123 0.0000000000
40763  -27.659  -56.189  63.130 0.0000000000
41760  -27.745  -55.752  62.361 0.0000000000
41789  -26.212  -55.225  60.386 0.0000000000
41772  -26.537  -55.475  61.180 0.0000000000
41788  -25.516  -55.518  60.057 0.0000000000
40810  -25.040  -56.026  60.569 0.0000000000
41809  -25.468  -55.462  59.354 0.0000000000
40836  -24.748  -56.403  58.858 0.0000000000
41826  -25.368  -55.707  58.857 0.0000000000
40840  -28.087  -56.180  58.089 0.0000000000
149026  -27.542  -56.630  58.886 0.0000000000
43910  -38.864  -53.231  61.546 0.0000000000
129760  -38.461  -53.899  61.711 0.0000000000
143570  -37.144  -51.980  58.945 0.0000000000
44950  -36.938  -52.682  59.255 0.0000000000
126928  -36.468  -52.248  58.628 0.0000000000
44958  -36.197  -52.937  58.788 0.0000000000
151400  -35.842  -52.473  58.331 0.0000000000
49134  -50.354  -48.384  57.084 0.0000000000
50192  -50.213  -47.595  56.751 0.0000000000
49110  -52.298  -48.685  58.980 0.0000000000
50163  -52.714  -47.978  58.776 0.0000000000
47967  -51.946  -48.607  61.746 0.0000000000
146262  -52.516  -48.909  61.195 0.0000000000
47980  -52.512  -48.407  61.431 0.0000000000
49047  -53.545  -47.345  61.270 0.0000000000
47991  -53.465  -47.762  60.991 0.0000000000
48027  -54.103  -47.856  60.006 0.0000000000
49092  -54.297  -47.699  60.019 0.0000000000
50146  -54.570  -46.989  59.839 0.0000000000
50135  -54.442  -47.184  60.052 0.0000000000
50108  -54.218  -46.515  61.490 0.0000000000
51137  -54.228  -46.001  61.863 0.0000000000
135450  -53.731  -45.449  62.994 0.0000000000
50007  -44.319  -48.440  69.843 0.0000000000
50013  -44.289  -48.767  68.903 0.0000000000
144706  -43.623  -47.649  68.687 0.0000000000
51089  -42.475  -46.221  66.908 0.0000000000
148894  -42.987  -46.967  66.903 0.0000000000
52099  -42.326  -46.111  66.079 0.0000000000
51112  -42.555  -46.555  65.566 0.0000000000
144732  -42.178  -45.940  65.487 0.0000000000
149248  -41.883  -42.749  66.080 0.0000000000
53129  -41.464  -44.064  67.246 0.0000000000
54224  -43.779  -43.262  62.674 0.0000000000
141136  -42.277  -43.067  64.447 0.0000000000
54214  -42.998  -42.935  63.157 0.0000000000
54213  -42.432  -43.366  62.766 0.0000000000
54223  -42.936  -43.133  62.285 0.0000000000
54246  -43.732  -43.441  60.893 0.0000000000
128147  -47.444  -46.821  59.707 0.0000000000
51179  -46.719  -46.371  59.253 0.0000000000
49091  -46.960  -48.426  59.258 0.0000000000
48024  -46.600  -48.930  58.869 0.0000000000
136403  -47.145  -49.139  59.209 0.0000000000
46952  -48.035  -50.503  59.374 0.0000000000
45902  -48.611  -50.927  59.725 0.0000000000
44929  -49.584  -51.381  60.367 0.0000000000
45903  -49.137  -51.211  60.060 0.0000000000
43927  -50.310  -52.294  59.686 0.0000000000
43973  -50.580  -52.697  57.789 0.0000000000
42850  -50.772  -52.538  58.597 0.0000000000
49044  -49.741  -48.045  61.594 0.0000000000
49062  -49.314  -48.752  60.956 0.0000000000
47978  -49.700  -49.229  61.380 0.0000000000
43930  -51.489  -51.883  59.510 0.0000000000
43914  -51.166  -52.118  60.456 0.0000000000
44955  -51.402  -51.959  59.022 0.0000000000
149075  -51.210  -51.978  58.126 0.0000000000
45932  -50.989  -51.358  57.687 0.0000000000
46983  -50.397  -50.725  56.697 0.0000000000
146014  -50.739  -50.869  57.330 0.0000000000
48050  -51.032  -49.673  57.935 0.0000000000
49148  -49.914  -48.535  56.559 0.0000000000
67027  -58.706  -30.219  55.548 0.0000000000
150855  -58.484  -29.970  54.632 0.0000000000
67028  -59.226  -29.608  55.008 0.0000000000
68076  -58.997  -29.069  53.981 0.0000000000
68085  -58.918  -28.768  53.469 0.0000000000
69059  -59.338  -27.938  53.101 0.0000000000
38534  -30.101  -58.065  72.010 0.0000000000
38554  -29.257  -58.229  70.573 0.0000000000
38555  -29.853  -57.895  71.249 0.0000000000
127932  -30.668  -56.621  69.480 0.0000000000
39644  -29.831  -56.909  69.416 0.0000000000
39659  -30.510  -56.496  68.864 0.0000000000
39676  -29.519  -56.567  67.977 0.0000000000
127987  -30.245  -56.408  68.282 0.0000000000
38597  -33.556  -57.550  68.720 0.0000000000
38575  -33.076  -57.363  69.539 0.0000000000
39694  -31.586  -56.704  66.287 0.0000000000
125735  -32.042  -57.038  66.881 0.0000000000
39693  -30.681  -56.299  66.782 0.0000000000
40739  -30.428  -56.195  65.509 0.0000000000
40751  -29.847  -56.129  64.757 0.0000000000
40752  -30.762  -56.202  64.798 0.0000000000
40779  -30.949  -55.979  62.816 0.0000000000
41763  -30.779  -55.671  61.883 0.0000000000
127361  -29.825  -55.394  61.478 0.0000000000
41776  -30.740  -55.458  61.009 0.0000000000
51231  -50.053  -46.112  56.040 0.0000000000
52225  -51.233  -45.237  55.834 0.0000000000
52224  -50.435  -45.430  55.665 0.0000000000
53260  -50.816  -44.775  55.249 0.0000000000
52210  -53.284  -45.231  56.833 0.0000000000
54285  -56.907  -42.648  58.306 0.0000000000
55191  -57.107  -42.324  58.476 0.0000000000
56161  -57.517  -41.127  58.646 0.0000000000
57975  -57.639  -39.690  59.127 0.0000000000
57956  -55.427  -40.204  59.899 0.0000000000
57972  -55.907  -39.636  59.653 0.0000000000
57970  -54.379  -40.131  58.828 0.0000000000
144965  -53.951  -40.671  59.288 0.0000000000
38583  -40.316  -58.096  69.575 0.0000000000
38604  -40.115  -58.005  68.735 0.0000000000
39662  -40.693  -57.458  68.316 0.0000000000
39700  -41.906  -56.558  67.417 0.0000000000
39699  -41.149  -56.791  67.008 0.0000000000
39713  -40.756  -56.351  66.332 0.0000000000
131263  -40.341  -56.083  65.686 0.0000000000
40743  -41.172  -55.844  65.741 0.0000000000
41724  -43.773  -54.786  66.685 0.0000000000
42774  -43.331  -54.389  65.923 0.0000000000
43897  -42.300  -53.365  63.541 0.0000000000
42784  -42.269  -54.162  64.516 0.0000000000
42795  -41.998  -53.869  63.890 0.0000000000
41755  -40.944  -54.737  64.022 0.0000000000
42794  -41.282  -54.051  63.674 0.0000000000
42800  -40.109  -53.740  62.754 0.0000000000
140968  -40.653  -53.149  62.611 0.0000000000
131075  -41.107  -51.523  61.320 0.0000000000
45883  -40.189  -51.725  61.101 0.0000000000
46933  -40.133  -50.954  59.932 0.0000000000
46948  -39.882  -50.433  59.306 0.0000000000
48020  -39.962  -49.665  58.735 0.0000000000
50038  -44.086  -48.789  67.272 0.0000000000
147870  -44.379  -49.409  66.931 0.0000000000
48990  -44.216  -49.409  66.096 0.0000000000
128667  -43.170  -48.450  63.414 0.0000000000
49005  -43.534  -48.931  64.273 0.0000000000
49024  -43.582  -49.355  63.478 0.0000000000
47962  -43.859  -50.139  63.974 0.0000000000
49060  -43.310  -48.744  62.134 0.0000000000
53206  -41.878  -43.977  59.618 0.0000000000
52162  -42.052  -45.034  60.577 0.0000000000
52161  -41.859  -44.683  59.838 0.0000000000
51177  -41.569  -46.055  58.706 0.0000000000
51178  -42.098  -46.427  59.440 0.0000000000
50144  -42.380  -47.438  59.351 0.0000000000
137931  -42.466  -48.337  59.393 0.0000000000
48023  -42.289  -49.229  59.630 0.0000000000
49107  -41.972  -47.984  58.731 0.0000000000
51211  -39.641  -46.289  56.592 0.0000000000
50174  -39.836  -47.177  57.110 0.0000000000
50188  -39.007  -47.021  56.382 0.0000000000
49119  -39.300  -48.065  57.096 0.0000000000
50187  -38.242  -47.342  55.773 0.0000000000
42870  -50.023  -53.311  57.611 0.0000000000
42900  -50.033  -53.867  56.393 0.0000000000
44005  -50.181  -53.564  56.093 0.0000000000
144328  -25.092  -62.503  72.047 0.0000000000
37401  -30.160  -58.833  73.555 0.0000000000
127341  -34.282  -58.101  72.674 0.0000000000
38540  -39.368  -58.040  71.654 0.0000000000
150160  -39.803  -58.117  70.630 0.0000000000
126598  -39.965  -58.073  71.102 0.0000000000
39634  -42.531  -57.000  70.526 0.0000000000
145855  -42.853  -56.491  70.642 0.0000000000
42692  -43.173  -54.441  71.394 0.0000000000
41666  -42.760  -55.236  71.355 0.0000000000
41667  -43.558  -55.237  70.951 0.0000000000
41668  -44.190  -54.928  70.564 0.0000000000
41677  -44.577  -55.038  69.853 0.0000000000
42706  -44.574  -54.329  70.399 0.0000000000
44789  -44.323  -52.112  71.357 0.0000000000
144685  -44.801  -53.083  70.636 0.0000000000
44800  -44.912  -52.274  70.680 0.0000000000
148311  -44.909  -51.566  69.705 0.0000000000
45761  -44.975  -51.440  70.218 0.0000000000
46770  -45.021  -50.121  71.081 0.0000000000
48937  -44.771  -48.897  71.390 0.0000000000
48942  -44.687  -48.877  70.517 0.0000000000
51043  -43.622  -46.848  71.548 0.0000000000
51042  -43.144  -46.219  70.986 0.0000000000
56016  -43.495  -41.416  69.489 0.0000000000
139799  -45.870  -43.144  70.185 0.0000000000
53105  -46.336  -43.697  69.708 0.0000000000
54131  -46.426  -43.652  70.480 0.0000000000
52042  -47.982  -44.929  70.333 0.0000000000
52041  -47.599  -44.820  69.751 0.0000000000
52057  -48.564  -45.648  69.299 0.0000000000
51080  -49.675  -46.511  68.322 0.0000000000
51055  -49.193  -45.790  69.459 0.0000000000
52046  -50.674  -44.763  69.426 0.0000000000
53108  -49.764  -44.623  70.241 0.0000000000
52058  -50.498  -45.466  69.196 0.0000000000
51070  -50.847  -45.945  68.621 0.0000000000
51082  -51.441  -46.060  68.114 0.0000000000
51095  -52.358  -46.410  66.905 0.0000000000
51096  -52.623  -45.736  67.131 0.0000000000
53124  -52.578  -43.986  67.578 0.0000000000
52102  -53.443  -45.312  65.934 0.0000000000
53143  -53.280  -44.483  66.546 0.0000000000
52123  -54.106  -44.941  63.845 0.0000000000
54181  -53.330  -43.805  66.174 0.0000000000
56964  -49.869  -40.286  68.876 0.0000000000
56017  -50.392  -41.980  68.837 0.0000000000
56028  -50.543  -41.957  68.428 0.0000000000
56048  -51.947  -42.362  66.306 0.0000000000
55115  -52.074  -42.608  66.675 0.0000000000
55126  -52.833  -42.497  65.454 0.0000000000
55127  -53.358  -42.833  65.081 0.0000000000
55136  -53.595  -42.784  64.209 0.0000000000
55137  -53.857  -43.104  63.442 0.0000000000
55135  -53.104  -42.421  64.718 0.0000000000
148448  -52.568  -41.998  64.263 0.0000000000
56088  -52.992  -42.115  63.823 0.0000000000
130131  -53.273  -42.349  62.928 0.0000000000
56087  -52.377  -42.032  63.626 0.0000000000
57909  -48.623  -39.706  65.595 0.0000000000
56993  -48.698  -40.588  65.603 0.0000000000
56992  -48.367  -40.408  64.843 0.0000000000
56096  -49.049  -41.729  62.795 0.0000000000
56085  -49.987  -41.874  63.372 0.0000000000
145906  -51.250  -42.203  62.515 0.0000000000
56112  -52.815  -42.051  61.277 0.0000000000
56111  -51.117  -42.281  61.665 0.0000000000
126444  -49.535  -42.006  59.996 0.0000000000
56127  -50.103  -42.136  60.511 0.0000000000
127107  -50.525  -42.049  59.805 0.0000000000
56145  -51.083  -41.629  58.925 0.0000000000
129206  -49.900  -41.842  59.140 0.0000000000
60163  -52.688  -36.454  62.558 0.0000000000
60150  -52.596  -36.669  63.457 0.0000000000
60162  -51.927  -37.076  62.809 0.0000000000
60161  -51.246  -37.542  62.765 0.0000000000
60174  -51.339  -37.307  62.096 0.0000000000
61238  -53.062  -36.035  60.604 0.0000000000
61254  -52.513  -36.073  60.029 0.0000000000
60201  -50.461  -37.450  59.957 0.0000000000
133268  -51.189  -37.064  60.454 0.0000000000
141407  -50.045  -38.088  60.532 0.0000000000
59069  -50.255  -38.077  61.219 0.0000000000
59068  -49.276  -38.583  60.296 0.0000000000
57954  -48.772  -39.214  60.844 0.0000000000
57969  -48.598  -39.168  60.001 0.0000000000
57985  -47.457  -39.945  58.113 0.0000000000
57068  -47.646  -40.551  58.527 0.0000000000
56165  -47.899  -41.091  58.190 0.0000000000
56167  -49.485  -41.220  57.739 0.0000000000
57077  -48.720  -41.078  57.132 0.0000000000
147760  -49.790  -40.923  56.946 0.0000000000
57085  -49.043  -40.813  56.387 0.0000000000
57104  -47.740  -40.054  55.249 0.0000000000
57105  -48.428  -40.199  55.003 0.0000000000
58033  -48.863  -39.866  54.273 0.0000000000
58032  -47.961  -39.766  54.454 0.0000000000
143002  -50.052  -36.332  55.645 0.0000000000
61321  -49.162  -36.994  55.478 0.0000000000
62363  -49.599  -36.271  54.843 0.0000000000
60305  -47.650  -37.320  53.263 0.0000000000
146747  -47.531  -38.015  53.196 0.0000000000
59218  -47.888  -39.023  53.165 0.0000000000
65124  -57.059  -32.644  55.665 0.0000000000
64212  -55.794  -33.186  55.539 0.0000000000
65139  -55.742  -32.603  54.841 0.0000000000
65155  -54.509  -32.261  53.669 0.0000000000
146412  -53.852  -32.630  53.498 0.0000000000
64247  -52.665  -33.383  53.431 0.0000000000
65163  -53.272  -32.735  52.920 0.0000000000
67074  -54.824  -30.491  51.394 0.0000000000
66103  -54.600  -31.112  51.904 0.0000000000
65184  -52.709  -32.012  50.783 0.0000000000
64268  -51.427  -33.229  51.545 0.0000000000
133061  -23.171  -61.236  68.970 0.0000000000
32824  -22.669  -61.687  69.427 0.0000000000
33938  -22.849  -60.896  68.316 0.0000000000
35178  -21.516  -60.636  66.513 0.0000000000
33952  -21.641  -60.951  67.315 0.0000000000
33968  -20.264  -61.098  66.005 0.0000000000
36318  -21.126  -59.964  64.474 0.0000000000
35227  -20.366  -60.363  64.302 0.0000000000
36339  -19.936  -60.370  63.358 0.0000000000
36366  -20.007  -60.310  62.479 0.0000000000
37450  -27.933  -58.697  69.433 0.0000000000
37463  -27.751  -58.201  68.636 0.0000000000
38623  -26.230  -58.012  66.688 0.0000000000
37467  -26.516  -58.258  67.511 0.0000000000
37474  -25.487  -58.349  66.376 0.0000000000
38635  -25.257  -58.172  65.515 0.0000000000
40748  -26.675  -56.847  63.802 0.0000000000
39718  -26.320  -57.219  64.345 0.0000000000
39735  -26.103  -57.074  63.548 0.0000000000
38677  -23.864  -58.000  62.566 0.0000000000
38666  -24.867  -57.853  63.773 0.0000000000
38665  -24.110  -58.153  63.480 0.0000000000
37498  -23.642  -58.588  64.058 0.0000000000
37497  -22.847  -58.797  63.763 0.0000000000
37515  -22.612  -58.741  62.756 0.0000000000
38737  -25.530  -58.173  59.010 0.0000000000
38758  -24.740  -58.537  58.698 0.0000000000
38620  -39.188  -57.508  67.593 0.0000000000
38619  -37.966  -57.778  67.605 0.0000000000
38633  -38.440  -57.352  67.139 0.0000000000
39723  -37.367  -56.263  64.812 0.0000000000
38641  -37.006  -56.499  65.467 0.0000000000
38655  -36.134  -56.546  65.307 0.0000000000
39721  -35.858  -56.455  64.590 0.0000000000
42805  -37.881  -54.801  61.973 0.0000000000
40802  -37.119  -55.499  62.742 0.0000000000
41780  -37.137  -55.373  62.015 0.0000000000
40813  -35.258  -56.046  60.862 0.0000000000
40800  -35.676  -56.055  61.572 0.0000000000
141919  -35.090  -56.151  62.251 0.0000000000
147959  -34.729  -56.273  62.794 0.0000000000
40782  -34.399  -56.234  62.189 0.0000000000
40781  -33.669  -56.226  62.296 0.0000000000
41813  -32.478  -55.541  59.470 0.0000000000
145301  -32.152  -55.718  60.093 0.0000000000
41812  -31.488  -55.332  59.463 0.0000000000
41811  -30.484  -54.839  59.080 0.0000000000
42838  -31.115  -54.843  58.382 0.0000000000
129958  -35.348  -52.682  54.962 0.0000000000
44985  -34.202  -52.227  56.189 0.0000000000
45000  -34.455  -52.648  55.362 0.0000000000
41878  -34.248  -55.335  55.556 0.0000000000
42911  -34.172  -54.372  55.384 0.0000000000
149666  -33.123  -54.533  55.581 0.0000000000
42909  -32.799  -54.275  55.799 0.0000000000
41876  -32.845  -54.962  55.582 0.0000000000
39858  -31.984  -56.814  56.472 0.0000000000
41855  -31.690  -55.260  56.120 0.0000000000
40868  -31.312  -55.965  56.275 0.0000000000
40867  -30.484  -55.815  56.587 0.0000000000
51115  -48.261  -45.652  65.455 0.0000000000
50057  -49.224  -46.487  65.310 0.0000000000
51104  -48.285  -45.700  66.282 0.0000000000
51092  -48.387  -45.713  67.111 0.0000000000
56027  -43.069  -41.541  68.734 0.0000000000
130923  -43.650  -42.028  67.948 0.0000000000
147454  -44.489  -42.408  67.477 0.0000000000
53130  -45.460  -43.276  66.633 0.0000000000
52113  -47.268  -44.702  65.496 0.0000000000
51103  -47.735  -45.264  65.901 0.0000000000
59105  -55.580  -38.870  58.474 0.0000000000
59129  -55.034  -38.771  57.708 0.0000000000
59128  -54.506  -38.777  56.998 0.0000000000
59150  -54.606  -38.400  56.345 0.0000000000
58011  -53.286  -39.497  56.561 0.0000000000
126458  -36.346  -58.379  71.040 0.0000000000
127533  -36.049  -58.326  70.315 0.0000000000
38579  -36.431  -58.253  69.705 0.0000000000
133672  -36.741  -58.149  68.985 0.0000000000
38601  -36.972  -58.055  68.205 0.0000000000
51169  -55.274  -45.719  60.064 0.0000000000
51192  -55.436  -45.509  59.538 0.0000000000
52165  -55.618  -45.155  59.945 0.0000000000
52176  -55.862  -44.615  59.650 0.0000000000
53221  -56.244  -43.967  59.321 0.0000000000
53199  -56.134  -44.425  60.268 0.0000000000
54235  -56.271  -44.036  60.786 0.0000000000
54225  -55.663  -43.436  62.125 0.0000000000
43815  -45.020  -52.655  68.655 0.0000000000
43837  -45.001  -52.614  68.030 0.0000000000
44843  -44.828  -52.082  68.305 0.0000000000
45810  -44.756  -51.412  67.337 0.0000000000
46838  -44.713  -50.838  67.063 0.0000000000
128495  -45.504  -46.804  58.182 0.0000000000
52198  -45.286  -45.850  58.114 0.0000000000
50161  -45.664  -47.786  58.326 0.0000000000
49121  -45.293  -48.353  57.805 0.0000000000
48049  -45.783  -49.168  57.749 0.0000000000
46972  -46.123  -49.902  57.265 0.0000000000
45931  -47.083  -51.207  57.406 0.0000000000
44977  -47.685  -52.604  57.517 0.0000000000
134876  -48.462  -48.286  54.781 0.0000000000
63259  -56.465  -34.345  58.914 0.0000000000
63258  -55.486  -34.776  58.830 0.0000000000
136611  -55.098  -34.647  57.852 0.0000000000
63270  -53.950  -34.638  56.845 0.0000000000
151731  -54.454  -34.364  56.554 0.0000000000
63307  -54.100  -34.244  56.072 0.0000000000
64210  -53.862  -33.845  55.305 0.0000000000
35136  -26.281  -60.751  70.885 0.0000000000
35140  -26.060  -60.516  70.292 0.0000000000
35141  -26.677  -60.221  70.388 0.0000000000
36283  -26.490  -59.525  69.213 0.0000000000
127760  -28.292  -55.382  61.648 0.0000000000
41774  -28.125  -54.987  60.766 0.0000000000
42803  -27.399  -54.768  60.319 0.0000000000
42834  -26.272  -54.776  59.028 0.0000000000
42854  -26.057  -55.221  58.625 0.0000000000
42855  -26.701  -54.789  58.435 0.0000000000
41837  -27.508  -55.123  57.748 0.0000000000
40850  -27.912  -55.515  57.675 0.0000000000
45908  -38.689  -51.592  59.613 0.0000000000
44952  -38.128  -52.237  59.806 0.0000000000
45907  -37.843  -51.757  59.248 0.0000000000
45918  -37.435  -51.357  58.619 0.0000000000
45929  -36.147  -51.117  57.713 0.0000000000
143255  -51.717  -49.721  58.835 0.0000000000
134756  -51.322  -48.855  58.207 0.0000000000
48051  -51.666  -49.267  58.650 0.0000000000
48042  -52.523  -49.302  59.588 0.0000000000
133481  -53.160  -48.712  59.911 0.0000000000
49028  -52.078  -47.584  62.354 0.0000000000
49029  -52.584  -47.538  61.959 0.0000000000
49030  -53.229  -47.033  61.744 0.0000000000
49048  -53.943  -46.940  61.229 0.0000000000
50090  -53.378  -46.452  62.079 0.0000000000
50075  -53.355  -46.112  62.603 0.0000000000
51127  -53.440  -46.284  63.475 0.0000000000
51065  -43.499  -47.043  69.709 0.0000000000
135424  -43.389  -47.167  68.918 0.0000000000
51075  -42.917  -46.596  68.434 0.0000000000
52083  -41.866  -45.221  67.177 0.0000000000
54202  -44.193  -43.185  64.448 0.0000000000
55133  -42.787  -42.687  64.942 0.0000000000
53181  -44.834  -43.667  63.105 0.0000000000
53209  -45.613  -44.099  60.750 0.0000000000
52151  -46.418  -44.448  61.112 0.0000000000
141326  -47.397  -45.803  59.936 0.0000000000
50133  -47.532  -47.824  59.645 0.0000000000
46936  -48.374  -50.349  59.818 0.0000000000
48007  -48.245  -49.589  59.949 0.0000000000
46917  -48.785  -50.121  60.347 0.0000000000
46918  -49.341  -50.515  60.723 0.0000000000
46878  -50.348  -49.759  61.710 0.0000000000
46899  -49.950  -50.251  61.447 0.0000000000
46900  -50.458  -50.436  61.582 0.0000000000
44947  -51.755  -51.622  59.892 0.0000000000
45922  -51.469  -51.035  58.659 0.0000000000
46974  -51.005  -50.537  57.857 0.0000000000
130528  -51.397  -50.061  58.431 0.0000000000
39615  -31.377  -56.965  71.565 0.0000000000
39630  -30.622  -56.980  70.893 0.0000000000
39646  -31.386  -56.618  69.999 0.0000000000
38614  -33.633  -57.327  67.366 0.0000000000
38627  -33.363  -57.265  66.622 0.0000000000
138599  -32.628  -57.142  66.243 0.0000000000
39706  -32.158  -57.024  65.478 0.0000000000
40753  -31.479  -56.336  64.441 0.0000000000
148920  -32.008  -56.787  64.828 0.0000000000
137401  -31.983  -56.123  62.735 0.0000000000
51216  -51.245  -46.418  56.795 0.0000000000
52208  -51.662  -45.727  56.387 0.0000000000
53244  -54.870  -44.584  57.432 0.0000000000
53254  -53.536  -44.412  56.563 0.0000000000
131919  -57.182  -42.137  59.666 0.0000000000
55185  -57.306  -41.851  58.863 0.0000000000
55173  -57.326  -41.799  59.279 0.0000000000
57035  -57.234  -40.722  60.250 0.0000000000
57053  -57.490  -40.289  59.830 0.0000000000
57959  -57.376  -39.655  59.669 0.0000000000
57958  -56.435  -39.949  60.182 0.0000000000
57049  -53.987  -41.153  59.991 0.0000000000
39648  -41.603  -57.603  69.398 0.0000000000
39663  -41.457  -57.374  68.647 0.0000000000
39683  -42.111  -57.064  68.154 0.0000000000
43887  -43.910  -53.019  64.964 0.0000000000
42785  -43.627  -53.669  65.471 0.0000000000
43898  -43.554  -53.000  64.213 0.0000000000
44910  -42.957  -52.839  63.474 0.0000000000
44909  -42.105  -52.931  62.992 0.0000000000
43907  -41.323  -53.026  62.755 0.0000000000
44918  -41.768  -52.357  62.390 0.0000000000
45873  -41.883  -51.682  61.804 0.0000000000
46950  -41.412  -50.441  60.177 0.0000000000
48989  -43.721  -48.847  65.707 0.0000000000
51124  -42.898  -47.581  64.702 0.0000000000
50087  -42.948  -47.841  63.953 0.0000000000
127364  -42.746  -47.396  62.208 0.0000000000
53241  -41.980  -43.915  57.153 0.0000000000
53228  -41.481  -44.348  58.221 0.0000000000
53240  -41.406  -44.253  57.406 0.0000000000
52195  -40.972  -44.828  57.746 0.0000000000
51199  -40.935  -45.804  57.980 0.0000000000
50176  -40.902  -46.720  57.893 0.0000000000
51212  -40.041  -45.655  56.690 0.0000000000
52203  -39.658  -45.558  55.948 0.0000000000
139666  -50.353  -52.854  56.439 0.0000000000
39617  -40.092  -57.688  71.694 0.0000000000
39601  -40.273  -57.096  72.133 0.0000000000
43767  -43.690  -53.549  71.387 0.0000000000
127720  -44.431  -53.673  70.863 0.0000000000
48936  -44.388  -48.336  71.921 0.0000000000
55024  -45.302  -42.041  72.235 0.0000000000
54130  -45.978  -43.156  70.959 0.0000000000
54090  -46.350  -43.113  71.730 0.0000000000
54109  -46.988  -43.706  71.494 0.0000000000
53076  -47.690  -43.718  71.666 0.0000000000
53109  -50.633  -44.026  69.646 0.0000000000
53115  -51.161  -44.250  69.090 0.0000000000
52087  -52.518  -45.206  67.557 0.0000000000
52060  -51.751  -44.457  68.505 0.0000000000
130490  -52.093  -43.829  68.093 0.0000000000
54173  -52.317  -43.382  67.479 0.0000000000
57886  -50.098  -39.168  69.100 0.0000000000
56037  -50.671  -41.889  67.778 0.0000000000
56979  -50.134  -41.144  67.736 0.0000000000
130182  -50.716  -41.779  67.066 0.0000000000
56062  -52.049  -42.222  65.693 0.0000000000
56063  -52.689  -42.280  65.184 0.0000000000
56075  -51.183  -41.904  64.805 0.0000000000
57915  -48.298  -39.910  64.135 0.0000000000
56095  -48.307  -41.157  63.170 0.0000000000
56110  -50.135  -42.141  61.318 0.0000000000
56109  -49.167  -41.823  61.818 0.0000000000
126504  -48.444  -41.476  61.200 0.0000000000
61200  -54.123  -35.293  63.465 0.0000000000
61212  -53.945  -35.698  63.008 0.0000000000
60176  -52.842  -36.220  61.854 0.0000000000
61253  -51.877  -36.209  59.386 0.0000000000
60215  -51.129  -36.633  58.917 0.0000000000
126234  -50.609  -37.113  59.215 0.0000000000
59085  -48.997  -38.514  59.338 0.0000000000
59084  -48.303  -38.802  58.503 0.0000000000
57998  -47.707  -39.235  57.806 0.0000000000
57997  -47.347  -39.857  57.165 0.0000000000
57083  -47.546  -40.469  56.818 0.0000000000
59146  -47.375  -39.531  56.434 0.0000000000
59147  -47.478  -38.924  56.025 0.0000000000
59169  -47.426  -38.906  55.144 0.0000000000
62378  -49.945  -35.659  54.262 0.0000000000
61339  -49.102  -36.129  54.045 0.0000000000
61360  -48.629  -35.960  53.265 0.0000000000
61377  -47.923  -36.487  52.911 0.0000000000
65141  -57.439  -31.227  54.721 0.0000000000
65140  -56.419  -32.143  54.667 0.0000000000
65158  -56.682  -31.556  54.254 0.0000000000
65165  -55.385  -31.452  53.350 0.0000000000
129541  -54.831  -31.714  53.091 0.0000000000
67085  -53.547  -30.689  50.370 0.0000000000
66115  -53.312  -31.487  50.815 0.0000000000
35160  -23.254  -60.424  67.734 0.0000000000
35180  -22.906  -60.220  67.041 0.0000000000
35179  -22.189  -60.453  66.779 0.0000000000
35200  -21.033  -60.586  65.809 0.0000000000
35228  -21.479  -60.101  65.294 0.0000000000
36341  -21.571  -59.555  63.846 0.0000000000
38612  -28.013  -57.493  67.936 0.0000000000
38611  -27.284  -57.880  67.777 0.0000000000
39753  -25.161  -56.945  62.224 0.0000000000
39734  -25.386  -57.308  63.218 0.0000000000
39751  -23.523  -57.853  61.665 0.0000000000
38675  -22.431  -58.615  61.767 0.0000000000
37583  -21.976  -59.745  59.312 0.0000000000
36422  -22.685  -59.801  58.881 0.0000000000
36423  -23.419  -59.680  58.714 0.0000000000
36416  -24.094  -60.135  59.012 0.0000000000
39711  -39.173  -56.629  65.791 0.0000000000
39696  -38.769  -56.937  66.430 0.0000000000
39725  -38.526  -56.399  65.235 0.0000000000
39724  -38.011  -56.225  64.903 0.0000000000
39740  -36.929  -56.078  64.243 0.0000000000
42819  -36.345  -54.595  59.851 0.0000000000
41797  -36.455  -55.154  60.576 0.0000000000
42818  -35.779  -55.287  59.964 0.0000000000
135916  -35.189  -55.766  60.264 0.0000000000
41796  -34.560  -55.841  60.029 0.0000000000
40811  -33.789  -55.999  60.270 0.0000000000
41814  -33.364  -55.626  59.540 0.0000000000
42840  -32.959  -55.227  58.816 0.0000000000
42861  -32.563  -54.796  57.983 0.0000000000
40871  -34.158  -56.538  56.343 0.0000000000
40884  -32.913  -55.882  55.750 0.0000000000
46880  -51.105  -49.921  61.781 0.0000000000
46881  -51.434  -49.756  61.693 0.0000000000
47966  -50.966  -48.804  62.032 0.0000000000
47950  -51.021  -47.786  62.567 0.0000000000
47951  -51.206  -47.655  62.696 0.0000000000
48992  -50.394  -47.140  64.903 0.0000000000
49010  -51.452  -47.320  63.609 0.0000000000
48994  -51.214  -47.386  64.812 0.0000000000
50043  -51.267  -47.794  66.024 0.0000000000
53112  -41.837  -43.951  69.689 0.0000000000
53120  -41.671  -43.877  68.832 0.0000000000
141212  -41.718  -42.740  67.931 0.0000000000
55112  -42.139  -42.373  66.632 0.0000000000
55098  -43.802  -42.254  67.030 0.0000000000
55113  -43.110  -42.198  66.369 0.0000000000
55125  -43.593  -42.610  65.612 0.0000000000
53169  -44.977  -43.691  64.027 0.0000000000
52141  -47.383  -44.863  62.456 0.0000000000
51145  -48.217  -45.457  62.212 0.0000000000
51146  -48.561  -45.613  62.879 0.0000000000
50106  -49.566  -46.764  62.198 0.0000000000
51135  -48.414  -45.586  63.722 0.0000000000
49025  -49.986  -47.199  62.404 0.0000000000
47964  -50.199  -48.774  61.800 0.0000000000
46879  -50.701  -49.813  61.766 0.0000000000
150410  -54.085  -38.614  55.942 0.0000000000
38536  -33.610  -58.053  71.554 0.0000000000
38557  -33.659  -58.067  70.680 0.0000000000
38598  -34.367  -58.040  68.845 0.0000000000
133674  -35.178  -58.164  69.232 0.0000000000
149706  -34.948  -58.061  68.644 0.0000000000
141113  -34.059  -57.704  68.044 0.0000000000
38615  -34.390  -57.462  67.282 0.0000000000
38628  -34.658  -57.209  66.538 0.0000000000
38638  -34.814  -56.891  65.881 0.0000000000
51204  -54.390  -46.209  58.084 0.0000000000
52200  -54.644  -45.406  57.703 0.0000000000
150126  -55.448  -45.442  58.990 0.0000000000
52201  -55.268  -45.029  57.983 0.0000000000
54283  -55.954  -43.402  57.428 0.0000000000
54273  -56.530  -43.411  58.441 0.0000000000
54274  -56.737  -42.865  58.672 0.0000000000
54247  -56.495  -43.439  59.356 0.0000000000
55172  -56.835  -42.530  59.070 0.0000000000
56116  -56.270  -41.410  61.058 0.0000000000
57021  -54.847  -41.690  61.313 0.0000000000
40711  -43.938  -55.972  67.938 0.0000000000
41709  -44.368  -55.245  67.972 0.0000000000
41710  -44.712  -54.498  67.644 0.0000000000
42776  -44.409  -53.417  66.682 0.0000000000
43856  -45.017  -53.232  67.649 0.0000000000
43868  -44.741  -53.068  67.003 0.0000000000
43876  -44.154  -53.001  65.845 0.0000000000
43888  -44.227  -52.281  65.207 0.0000000000
45859  -44.143  -51.686  64.144 0.0000000000
45860  -44.015  -51.035  63.922 0.0000000000
54232  -42.304  -43.653  61.030 0.0000000000
52150  -42.071  -44.695  61.867 0.0000000000
54244  -42.219  -43.726  60.134 0.0000000000
54260  -42.217  -43.704  59.243 0.0000000000
54281  -42.959  -43.768  57.934 0.0000000000
52197  -44.496  -45.456  57.485 0.0000000000
52196  -43.677  -44.689  57.148 0.0000000000
53252  -42.820  -44.034  57.125 0.0000000000
52205  -42.989  -44.940  56.423 0.0000000000
129735  -43.300  -45.986  56.181 0.0000000000
51229  -42.876  -46.548  55.659 0.0000000000
50203  -43.138  -47.439  55.731 0.0000000000
49147  -43.449  -48.217  55.870 0.0000000000
46980  -44.988  -50.018  55.890 0.0000000000
128676  -45.641  -51.362  56.033 0.0000000000
46982  -46.416  -50.773  56.845 0.0000000000
139269  -49.037  -50.322  54.927 0.0000000000
48088  -48.498  -49.953  54.402 0.0000000000
48100  -47.968  -49.472  53.958 0.0000000000
128979  -47.340  -48.894  53.522 0.0000000000
49168  -46.818  -47.998  53.346 0.0000000000
58951  -49.754  -39.007  67.759 0.0000000000
57906  -49.189  -39.242  67.024 0.0000000000
57910  -49.164  -39.025  66.045 0.0000000000
57917  -49.227  -38.986  65.094 0.0000000000
58976  -50.137  -38.470  65.505 0.0000000000
57926  -49.355  -39.032  64.142 0.0000000000
151471  -55.552  -34.905  61.894 0.0000000000
62245  -55.544  -35.006  61.317 0.0000000000
62265  -54.765  -35.274  60.171 0.0000000000
61255  -53.385  -35.746  59.778 0.0000000000
62284  -53.962  -35.357  59.075 0.0000000000
61268  -51.634  -36.132  58.495 0.0000000000
61285  -51.357  -36.088  57.705 0.0000000000
60248  -49.632  -37.168  56.809 0.0000000000
61322  -50.840  -35.935  55.917 0.0000000000
62365  -51.333  -35.304  55.478 0.0000000000
62366  -52.087  -34.988  55.817 0.0000000000
62380  -51.187  -35.088  54.691 0.0000000000
62379  -50.598  -35.284  54.343 0.0000000000
63324  -50.998  -34.832  53.982 0.0000000000
63342  -51.454  -34.288  53.562 0.0000000000
67064  -57.468  -29.613  52.820 0.0000000000
67063  -56.651  -29.951  52.634 0.0000000000
67075  -55.598  -30.054  51.597 0.0000000000
32805  -23.707  -61.792  70.414 0.0000000000
126861  -24.221  -61.344  69.954 0.0000000000
33920  -23.889  -60.942  69.290 0.0000000000
35144  -24.441  -60.377  68.792 0.0000000000
36285  -24.030  -59.997  67.874 0.0000000000
36292  -23.880  -59.553  67.003 0.0000000000
36305  -23.710  -59.362  66.288 0.0000000000
40736  -27.856  -56.573  64.745 0.0000000000
125726  -27.910  -56.351  63.914 0.0000000000
133772  -27.168  -56.482  63.547 0.0000000000
40776  -26.403  -56.267  62.430 0.0000000000
41759  -26.874  -55.757  61.994 0.0000000000
40795  -26.153  -55.982  61.698 0.0000000000
146359  -25.809  -56.430  62.137 0.0000000000
40794  -25.422  -56.285  61.470 0.0000000000
39797  -24.266  -56.980  58.859 0.0000000000
132821  -25.149  -57.619  58.677 0.0000000000
133990  -26.369  -55.991  58.396 0.0000000000
39822  -26.566  -56.530  58.601 0.0000000000
41765  -39.103  -54.914  62.932 0.0000000000
41752  -38.682  -55.473  63.456 0.0000000000
43904  -38.742  -54.409  62.382 0.0000000000
42804  -37.712  -54.142  61.140 0.0000000000
44951  -37.597  -52.787  59.820 0.0000000000
43923  -37.538  -53.485  60.356 0.0000000000
43922  -36.820  -53.869  59.833 0.0000000000
42842  -36.246  -54.041  59.382 0.0000000000
43934  -35.885  -53.688  58.896 0.0000000000
43950  -34.683  -53.592  58.110 0.0000000000
50205  -49.150  -47.151  55.658 0.0000000000
50193  -50.829  -47.032  57.065 0.0000000000
135732  -51.376  -48.028  58.015 0.0000000000
50179  -51.570  -47.042  57.505 0.0000000000
50181  -53.159  -47.258  58.286 0.0000000000
46903  -52.353  -49.663  61.052 0.0000000000
46937  -52.896  -48.985  60.084 0.0000000000
47981  -53.002  -48.082  61.171 0.0000000000
48008  -53.572  -48.271  60.045 0.0000000000
48043  -53.364  -48.582  59.919 0.0000000000
49112  -53.846  -47.935  59.823 0.0000000000
50182  -54.011  -46.935  58.524 0.0000000000
50166  -54.737  -46.719  59.763 0.0000000000
50147  -54.849  -46.362  59.956 0.0000000000
50120  -54.244  -46.888  60.989 0.0000000000
51158  -54.613  -46.390  61.073 0.0000000000
51159  -54.983  -45.990  60.484 0.0000000000
51148  -54.917  -45.832  61.154 0.0000000000
52142  -54.801  -45.618  61.778 0.0000000000
53190  -54.688  -44.994  62.298 0.0000000000
47881  -44.715  -49.849  69.272 0.0000000000
47896  -44.696  -49.985  68.511 0.0000000000
138158  -44.594  -49.434  68.909 0.0000000000
50022  -44.216  -48.732  68.012 0.0000000000
50037  -43.634  -48.192  66.883 0.0000000000
51076  -43.423  -47.423  68.144 0.0000000000
51090  -43.337  -47.522  67.281 0.0000000000
51102  -43.199  -47.528  66.501 0.0000000000
51113  -42.949  -47.396  65.615 0.0000000000
52120  -42.277  -45.998  64.479 0.0000000000
52129  -41.985  -45.111  63.356 0.0000000000
53140  -41.578  -44.483  66.305 0.0000000000
55132  -42.110  -42.937  65.074 0.0000000000
132224  -41.829  -43.585  64.868 0.0000000000
140449  -41.757  -44.398  64.680 0.0000000000
53180  -41.887  -44.035  63.278 0.0000000000
53187  -42.019  -43.908  62.330 0.0000000000
54262  -43.766  -43.565  59.991 0.0000000000
53231  -45.303  -44.560  58.998 0.0000000000
52163  -46.306  -44.590  60.173 0.0000000000
151302  -46.283  -45.631  59.077 0.0000000000
51189  -45.948  -46.196  58.680 0.0000000000
49109  -46.286  -48.132  58.862 0.0000000000
48025  -47.078  -49.562  58.907 0.0000000000
45910  -47.747  -50.608  58.922 0.0000000000
43940  -48.733  -52.409  58.670 0.0000000000
44953  -48.557  -51.673  59.054 0.0000000000
44954  -49.039  -51.938  59.377 0.0000000000
147411  -50.072  -53.051  58.310 0.0000000000
44945  -49.316  -51.583  59.884 0.0000000000
43943  -49.960  -52.563  59.239 0.0000000000
151067  -50.247  -53.039  58.162 0.0000000000
43988  -50.487  -52.774  57.289 0.0000000000
44994  -50.615  -52.475  57.135 0.0000000000
45945  -50.301  -51.570  56.326 0.0000000000
47990  -49.284  -49.739  60.855 0.0000000000
45888  -49.871  -51.172  60.881 0.0000000000
45877  -50.119  -50.778  61.329 0.0000000000
44931  -50.447  -51.668  60.848 0.0000000000
43928  -50.822  -52.304  59.846 0.0000000000
43959  -51.114  -52.214  58.452 0.0000000000
145946  -50.802  -51.939  57.278 0.0000000000
149022  -50.027  -50.948  56.046 0.0000000000
47002  -49.927  -50.223  56.178 0.0000000000
46984  -50.660  -50.229  57.327 0.0000000000
48074  -49.857  -49.396  56.352 0.0000000000
140391  -49.445  -48.751  55.885 0.0000000000
64199  -56.504  -33.511  56.647 0.0000000000
65113  -57.761  -32.485  56.313 0.0000000000
65142  -57.663  -31.918  55.466 0.0000000000
66053  -58.303  -31.003  55.842 0.0000000000
66063  -57.898  -31.076  55.382 0.0000000000
132687  -58.042  -30.451  54.615 0.0000000000
143507  -57.659  -30.628  54.339 0.0000000000
66083  -57.910  -30.232  53.927 0.0000000000
150862  -59.739  -29.228  54.994 0.0000000000
67041  -58.900  -29.415  54.380 0.0000000000
67055  -58.377  -29.592  53.746 0.0000000000
66094  -57.847  -29.788  53.372 0.0000000000
67065  -58.101  -29.357  52.974 0.0000000000
68095  -58.389  -28.799  52.582 0.0000000000
69066  -58.078  -28.563  51.903 0.0000000000
69067  -58.638  -28.115  52.073 0.0000000000
130516  -57.757  -28.312  51.345 0.0000000000
126287  -28.771  -59.461  71.319 0.0000000000
36280  -28.218  -59.166  70.375 0.0000000000
37438  -28.703  -59.016  70.701 0.0000000000
143095  -28.637  -58.484  69.872 0.0000000000
136665  -29.057  -57.555  69.231 0.0000000000
38574  -29.798  -57.460  70.578 0.0000000000
38596  -28.680  -57.371  68.457 0.0000000000
39675  -28.715  -56.882  67.562 0.0000000000
39691  -28.738  -56.609  66.718 0.0000000000
38556  -33.051  -57.726  70.328 0.0000000000
136576  -32.331  -56.779  69.485 0.0000000000
38613  -33.024  -57.033  67.972 0.0000000000
39679  -32.105  -56.874  67.583 0.0000000000
39678  -31.228  -56.427  68.123 0.0000000000
39677  -30.441  -56.326  67.601 0.0000000000
40723  -29.356  -56.305  66.364 0.0000000000
40722  -28.823  -56.378  65.919 0.0000000000
126887  -28.995  -56.224  65.124 0.0000000000
132299  -29.109  -56.134  64.432 0.0000000000
41751  -29.112  -55.852  63.144 0.0000000000
40766  -30.615  -56.104  63.905 0.0000000000
40778  -29.974  -55.867  63.095 0.0000000000
41762  -29.457  -55.618  62.410 0.0000000000
146975  -29.019  -55.444  61.828 0.0000000000
41792  -29.382  -55.060  60.495 0.0000000000
42816  -29.012  -54.589  59.647 0.0000000000
48055  -36.926  -49.201  56.371 0.0000000000
51230  -49.370  -46.356  55.695 0.0000000000
53272  -49.531  -44.463  54.582 0.0000000000
53261  -51.597  -44.537  55.471 0.0000000000
55200  -57.317  -42.036  58.136 0.0000000000
57973  -56.496  -39.407  59.685 0.0000000000
57974  -57.118  -39.152  59.469 0.0000000000
59087  -56.120  -39.039  59.127 0.0000000000
38582  -38.914  -58.173  69.944 0.0000000000
131806  -38.590  -58.134  69.091 0.0000000000
39680  -39.790  -57.173  67.240 0.0000000000
39681  -40.537  -57.124  67.534 0.0000000000
39697  -39.581  -56.975  66.497 0.0000000000
39712  -39.967  -56.614  66.128 0.0000000000
40742  -39.937  -56.079  65.039 0.0000000000
40756  -40.041  -55.711  64.476 0.0000000000
40710  -43.298  -56.020  67.550 0.0000000000
41723  -43.207  -55.489  66.856 0.0000000000
41722  -42.502  -55.443  66.391 0.0000000000
42773  -42.918  -54.201  65.048 0.0000000000
41736  -42.613  -54.845  65.749 0.0000000000
40744  -41.897  -55.362  65.801 0.0000000000
41746  -41.238  -55.055  64.707 0.0000000000
41745  -40.605  -55.261  64.448 0.0000000000
41754  -40.136  -55.140  63.824 0.0000000000
42792  -39.825  -54.612  63.146 0.0000000000
44927  -39.742  -52.374  61.444 0.0000000000
44917  -40.894  -52.605  62.274 0.0000000000
126934  -39.472  -52.012  60.778 0.0000000000
45909  -39.496  -51.199  59.742 0.0000000000
46947  -39.028  -50.838  59.101 0.0000000000
48036  -38.785  -49.712  58.020 0.0000000000
47912  -44.687  -50.491  67.820 0.0000000000
47924  -44.611  -50.118  67.044 0.0000000000
46837  -44.584  -50.365  66.355 0.0000000000
49006  -43.908  -49.509  65.199 0.0000000000
47936  -44.398  -49.926  65.759 0.0000000000
46849  -44.515  -50.564  65.562 0.0000000000
47963  -44.144  -50.409  64.490 0.0000000000
46876  -43.850  -50.472  63.722 0.0000000000
46916  -43.558  -49.925  62.297 0.0000000000
125771  -42.205  -45.493  61.327 0.0000000000
51155  -42.617  -46.694  61.569 0.0000000000
52172  -41.754  -45.383  59.261 0.0000000000
50132  -42.824  -47.299  60.704 0.0000000000
50117  -42.980  -47.899  61.611 0.0000000000
49059  -43.228  -48.739  61.516 0.0000000000
47988  -43.274  -49.484  61.580 0.0000000000
46915  -43.184  -50.267  61.669 0.0000000000
46934  -42.967  -49.920  60.948 0.0000000000
48005  -42.073  -49.972  59.922 0.0000000000
48022  -41.445  -49.745  59.475 0.0000000000
50158  -40.801  -48.025  57.937 0.0000000000
49105  -40.432  -48.589  58.137 0.0000000000
48038  -40.563  -49.179  58.607 0.0000000000
48037  -39.483  -49.385  58.214 0.0000000000
48048  -39.057  -48.991  57.543 0.0000000000
49130  -37.903  -48.095  56.111 0.0000000000
47024  -48.073  -50.340  53.800 0.0000000000
54148  -44.927  -42.514  69.106 0.0000000000
53113  -46.331  -43.588  68.865 0.0000000000
54129  -45.169  -42.565  69.956 0.0000000000
55039  -44.816  -41.749  71.590 0.0000000000
33906  -24.875  -61.936  71.343 0.0000000000
135478  -25.623  -61.581  71.214 0.0000000000
33902  -26.235  -61.656  71.790 0.0000000000
33908  -26.608  -61.084  71.521 0.0000000000
35132  -27.277  -60.692  71.665 0.0000000000
35133  -27.824  -60.532  72.058 0.0000000000
35122  -28.697  -60.362  72.615 0.0000000000
36260  -28.753  -59.838  71.962 0.0000000000
37415  -29.839  -58.894  72.273 0.0000000000
39596  -30.466  -57.588  72.384 0.0000000000
39597  -31.037  -57.162  72.326 0.0000000000
38521  -32.878  -57.431  72.080 0.0000000000
127064  -33.064  -57.550  73.051 0.0000000000
38522  -33.627  -58.017  72.448 0.0000000000
38523  -34.330  -58.158  71.991 0.0000000000
126460  -35.084  -58.246  71.739 0.0000000000
38537  -35.787  -58.355  71.485 0.0000000000
126457  -37.006  -58.319  71.185 0.0000000000
38539  -38.449  -58.177  71.462 0.0000000000
38560  -38.463  -58.203  70.553 0.0000000000
128944  -39.694  -58.133  70.107 0.0000000000
38584  -41.083  -58.051  69.818 0.0000000000
38541  -40.639  -57.791  71.182 0.0000000000
38563  -41.213  -57.775  70.603 0.0000000000
39649  -42.306  -57.266  69.833 0.0000000000
40691  -43.572  -56.365  69.406 0.0000000000
40679  -43.514  -56.064  70.367 0.0000000000
40692  -44.154  -55.784  69.660 0.0000000000
41688  -44.473  -55.366  69.177 0.0000000000
42707  -44.986  -53.608  70.277 0.0000000000
43814  -45.222  -53.305  69.708 0.0000000000
44828  -45.090  -52.553  69.348 0.0000000000
44814  -44.861  -51.733  69.333 0.0000000000
45762  -44.857  -51.221  69.666 0.0000000000
46789  -44.784  -50.721  69.551 0.0000000000
132423  -44.917  -50.619  71.311 0.0000000000
134947  -45.038  -50.788  70.671 0.0000000000
46788  -44.883  -50.310  70.253 0.0000000000
47870  -44.764  -50.257  69.609 0.0000000000
47869  -44.746  -49.691  70.005 0.0000000000
50002  -44.442  -48.265  71.201 0.0000000000
133500  -44.054  -47.566  70.962 0.0000000000
50001  -43.986  -47.647  70.142 0.0000000000
51053  -43.047  -46.323  70.135 0.0000000000
135559  -42.629  -45.589  70.552 0.0000000000
52030  -42.835  -45.448  71.375 0.0000000000
53104  -42.348  -44.779  70.943 0.0000000000
52040  -42.144  -44.858  70.127 0.0000000000
53103  -42.042  -43.938  70.528 0.0000000000
54128  -41.824  -42.974  70.070 0.0000000000
55998  -42.342  -41.547  69.820 0.0000000000
55082  -44.038  -41.892  68.843 0.0000000000
53122  -47.015  -44.022  68.388 0.0000000000
52073  -47.941  -45.316  68.355 0.0000000000
53106  -46.984  -44.197  70.007 0.0000000000
52056  -48.022  -45.303  69.119 0.0000000000
51079  -48.943  -46.221  68.075 0.0000000000
50015  -49.645  -46.839  67.833 0.0000000000
50026  -50.158  -47.166  67.328 0.0000000000
132067  -51.282  -47.319  66.867 0.0000000000
54092  -47.958  -43.150  72.142 0.0000000000
52032  -48.412  -44.676  70.714 0.0000000000
54111  -49.155  -43.390  71.221 0.0000000000
52033  -49.094  -44.742  70.548 0.0000000000
52044  -49.458  -45.286  69.998 0.0000000000
51081  -50.252  -46.368  68.487 0.0000000000
50017  -50.882  -46.587  68.089 0.0000000000
50028  -51.975  -47.269  66.399 0.0000000000
50061  -53.167  -47.086  65.133 0.0000000000
51116  -53.626  -46.473  64.498 0.0000000000
52088  -53.041  -45.209  66.890 0.0000000000
148382  -53.792  -45.820  65.049 0.0000000000
51117  -53.923  -45.794  63.859 0.0000000000
53172  -54.148  -44.225  63.471 0.0000000000
55066  -50.512  -42.351  69.023 0.0000000000
55084  -51.625  -43.063  68.126 0.0000000000
55100  -52.515  -42.976  66.769 0.0000000000
54190  -53.602  -43.572  65.464 0.0000000000
53171  -54.170  -44.095  64.197 0.0000000000
53183  -54.518  -44.272  62.785 0.0000000000
54204  -54.161  -43.548  63.081 0.0000000000
55144  -54.326  -42.887  62.705 0.0000000000
56077  -52.943  -42.150  64.523 0.0000000000
56078  -53.239  -42.400  63.860 0.0000000000
130165  -54.090  -42.479  62.383 0.0000000000
56101  -54.690  -42.067  61.766 0.0000000000
56100  -53.975  -42.217  61.999 0.0000000000
56114  -54.295  -41.834  61.422 0.0000000000
56074  -50.117  -41.733  65.046 0.0000000000
126334  -50.660  -41.861  64.187 0.0000000000
134204  -48.723  -41.254  64.439 0.0000000000
126225  -49.516  -41.679  64.326 0.0000000000
56086  -51.295  -42.016  63.374 0.0000000000
126680  -52.193  -42.190  62.806 0.0000000000
56098  -52.951  -42.142  62.151 0.0000000000
56113  -53.636  -41.908  61.423 0.0000000000
57031  -54.241  -41.469  60.784 0.0000000000
57030  -53.434  -41.628  60.655 0.0000000000
150706  -53.290  -41.448  60.079 0.0000000000
56128  -51.134  -42.238  60.604 0.0000000000
57064  -53.192  -41.171  59.406 0.0000000000
56146  -52.162  -41.472  59.209 0.0000000000
57063  -51.929  -41.203  58.475 0.0000000000
57079  -52.221  -40.707  57.859 0.0000000000
60148  -51.392  -37.504  63.430 0.0000000000
59028  -50.832  -38.064  63.145 0.0000000000
59027  -50.138  -38.464  62.776 0.0000000000
61225  -54.226  -35.689  61.622 0.0000000000
61224  -53.407  -36.017  61.358 0.0000000000
60203  -51.782  -36.528  60.302 0.0000000000
60188  -51.969  -36.661  60.984 0.0000000000
125791  -51.370  -37.119  61.215 0.0000000000
59070  -50.793  -37.749  61.610 0.0000000000
59049  -50.105  -38.372  61.913 0.0000000000
150870  -49.551  -38.838  61.848 0.0000000000
57940  -48.216  -39.829  61.344 0.0000000000
57047  -47.973  -40.627  60.906 0.0000000000
56125  -48.091  -41.266  60.306 0.0000000000
57952  -47.854  -39.933  59.664 0.0000000000
56157  -47.884  -41.133  58.999 0.0000000000
56144  -48.935  -41.775  59.371 0.0000000000
56159  -49.190  -41.560  58.550 0.0000000000
57070  -51.287  -41.152  57.987 0.0000000000
57078  -51.532  -40.578  57.174 0.0000000000
57087  -51.253  -40.293  56.392 0.0000000000
58008  -50.983  -39.982  55.545 0.0000000000
134711  -48.539  -40.670  56.041 0.0000000000
57096  -50.020  -40.187  55.471 0.0000000000
58034  -49.958  -39.695  54.376 0.0000000000
60247  -49.089  -37.409  56.307 0.0000000000
128430  -48.502  -37.664  55.759 0.0000000000
60285  -47.669  -38.210  54.639 0.0000000000
61338  -48.691  -36.834  54.555 0.0000000000
60286  -47.885  -37.425  54.172 0.0000000000
59193  -47.512  -38.780  54.310 0.0000000000
58049  -48.294  -39.481  53.664 0.0000000000
64213  -56.429  -33.187  55.922 0.0000000000
64229  -54.374  -33.295  54.890 0.0000000000
150216  -55.506  -32.243  54.328 0.0000000000
64249  -54.143  -32.958  54.113 0.0000000000
64228  -53.610  -33.454  54.573 0.0000000000
64246  -51.942  -33.746  53.097 0.0000000000
63357  -51.165  -34.018  52.798 0.0000000000
66092  -55.970  -30.539  52.787 0.0000000000
66091  -55.147  -31.159  52.682 0.0000000000
65164  -54.390  -31.612  52.341 0.0000000000
65174  -53.180  -32.039  51.444 0.0000000000
128696  -52.864  -32.574  52.051 0.0000000000
64269  -52.152  -32.955  51.820 0.0000000000
64257  -51.671  -33.473  52.321 0.0000000000
64256  -50.847  -33.700  52.005 0.0000000000
32804  -22.880  -61.963  70.187 0.0000000000
32823  -21.930  -61.826  69.184 0.0000000000
33937  -22.172  -61.180  68.090 0.0000000000
33984  -18.899  -61.085  64.482 0.0000000000
35199  -20.315  -60.699  65.211 0.0000000000
35226  -19.652  -60.724  64.577 0.0000000000
36279  -27.621  -59.269  69.945 0.0000000000
37458  -27.132  -59.059  69.131 0.0000000000
36287  -26.373  -59.185  68.668 0.0000000000
37461  -26.069  -58.820  68.016 0.0000000000
37465  -25.001  -58.815  66.917 0.0000000000
36306  -24.284  -59.131  66.547 0.0000000000
37472  -23.908  -58.937  65.664 0.0000000000
39703  -26.593  -57.365  65.203 0.0000000000
38652  -25.844  -57.747  64.918 0.0000000000
38651  -25.064  -58.019  64.653 0.0000000000
37485  -24.541  -58.493  65.171 0.0000000000
37484  -23.926  -58.656  64.813 0.0000000000
36342  -22.333  -59.236  64.274 0.0000000000
36368  -21.312  -59.533  62.847 0.0000000000
37513  -21.100  -59.557  61.963 0.0000000000
36367  -20.611  -59.885  62.254 0.0000000000
38757  -24.079  -58.433  58.529 0.0000000000
38602  -38.303  -58.030  68.274 0.0000000000
151463  -37.614  -58.022  68.072 0.0000000000
38618  -37.202  -57.803  67.534 0.0000000000
38632  -37.945  -56.882  66.458 0.0000000000
38631  -37.139  -56.793  66.360 0.0000000000
38630  -36.652  -57.202  66.910 0.0000000000
129360  -35.965  -56.891  66.498 0.0000000000
38653  -34.963  -56.781  65.286 0.0000000000
149000  -34.671  -56.819  64.945 0.0000000000
40785  -37.850  -55.510  63.164 0.0000000000
40768  -37.208  -55.710  63.607 0.0000000000
39759  -36.488  -55.920  63.697 0.0000000000
137383  -36.230  -55.867  62.063 0.0000000000
40783  -35.708  -55.966  62.498 0.0000000000
39758  -35.861  -56.005  63.365 0.0000000000
39738  -35.522  -56.355  63.859 0.0000000000
39737  -34.745  -56.470  63.629 0.0000000000
39736  -33.910  -56.633  63.796 0.0000000000
39755  -33.423  -56.366  63.180 0.0000000000
40780  -32.852  -56.162  62.529 0.0000000000
40796  -32.203  -56.068  61.896 0.0000000000
140007  -33.154  -56.108  60.818 0.0000000000
41795  -32.322  -56.002  60.893 0.0000000000
41777  -31.506  -55.769  61.393 0.0000000000
41793  -30.689  -55.262  60.081 0.0000000000
42817  -29.858  -54.876  59.778 0.0000000000
42837  -29.519  -54.443  58.667 0.0000000000
46979  -36.021  -50.071  56.501 0.0000000000
46968  -35.637  -50.691  56.911 0.0000000000
46977  -34.851  -51.119  55.578 0.0000000000
45928  -35.378  -51.417  57.328 0.0000000000
45927  -34.715  -51.785  56.852 0.0000000000
44969  -34.432  -52.501  57.145 0.0000000000
43965  -34.165  -53.199  57.465 0.0000000000
43998  -33.947  -53.539  55.458 0.0000000000
43979  -33.346  -53.448  56.372 0.0000000000
43964  -33.481  -53.499  57.089 0.0000000000
42880  -33.023  -54.150  57.422 0.0000000000
140065  -32.287  -54.408  57.297 0.0000000000
129604  -31.836  -54.426  56.830 0.0000000000
41856  -32.311  -55.336  55.788 0.0000000000
42891  -31.497  -54.740  56.510 0.0000000000
42878  -31.021  -54.454  56.952 0.0000000000
132682  -30.245  -54.500  57.283 0.0000000000
42858  -29.653  -54.438  57.721 0.0000000000
134613  -28.956  -54.322  57.880 0.0000000000
41852  -29.086  -54.867  57.099 0.0000000000
131198  -28.607  -55.745  57.504 0.0000000000
33907  -26.043  -61.303  71.253 0.0000000000
36424  -24.005  -59.487  58.655 0.0000000000
37428  -29.679  -58.617  71.710 0.0000000000
37595  -24.214  -59.005  58.578 0.0000000000
38578  -35.766  -58.236  69.703 0.0000000000
38639  -35.564  -56.712  65.808 0.0000000000
38654  -35.504  -56.632  65.124 0.0000000000
39707  -32.936  -57.150  65.509 0.0000000000
39708  -34.269  -57.017  65.281 0.0000000000
39709  -37.853  -56.436  65.270 0.0000000000
39710  -38.329  -56.641  65.787 0.0000000000
39739  -36.228  -56.226  64.074 0.0000000000
39820  -24.752  -57.075  58.651 0.0000000000
40700  -42.642  -56.490  67.846 0.0000000000
40724  -30.089  -56.207  66.283 0.0000000000
40725  -30.846  -56.294  66.062 0.0000000000
40754  -32.314  -56.600  64.193 0.0000000000
40762  -26.558  -56.578  63.157 0.0000000000
40764  -28.748  -56.115  63.842 0.0000000000
40769  -38.116  -55.700  63.873 0.0000000000
40784  -36.414  -55.689  62.875 0.0000000000
40799  -34.825  -56.148  61.478 0.0000000000
40812  -34.585  -56.057  60.665 0.0000000000
40837  -25.248  -56.313  58.676 0.0000000000
40838  -25.876  -55.852  58.544 0.0000000000
40839  -27.176  -55.847  58.093 0.0000000000
40869  -32.102  -55.995  55.982 0.0000000000
40870  -33.368  -56.577  56.194 0.0000000000
40885  -33.791  -56.031  55.808 0.0000000000
41698  -44.581  -55.237  68.642 0.0000000000
41708  -43.821  -55.394  67.378 0.0000000000
41753  -39.407  -55.230  63.473 0.0000000000
41779  -36.461  -55.618  61.466 0.0000000000
41781  -37.614  -55.289  62.578 0.0000000000
41787  -24.881  -55.942  59.499 0.0000000000
41790  -26.828  -55.043  60.622 0.0000000000
41836  -27.196  -54.875  57.970 0.0000000000
41853  -29.830  -55.008  56.695 0.0000000000
41854  -30.844  -55.171  56.452 0.0000000000
41875  -32.220  -54.768  55.937 0.0000000000
42750  -45.083  -53.996  67.981 0.0000000000
42762  -44.334  -54.203  66.989 0.0000000000
42783  -41.625  -54.424  64.320 0.0000000000
42814  -26.675  -54.725  59.787 0.0000000000
42820  -37.025  -54.390  60.477 0.0000000000
42825  -50.530  -52.472  59.311 0.0000000000
42833  -25.757  -55.166  59.034 0.0000000000
42835  -26.963  -54.457  58.963 0.0000000000
42846  -49.309  -53.034  58.336 0.0000000000
42847  -49.751  -52.938  58.526 0.0000000000
42849  -50.438  -52.719  58.677 0.0000000000
42860  -31.634  -54.638  57.611 0.0000000000
42871  -50.401  -52.938  58.044 0.0000000000
42875  -27.857  -54.755  57.747 0.0000000000
42876  -28.651  -54.645  57.518 0.0000000000
42879  -32.499  -54.112  56.760 0.0000000000
42885  -49.976  -53.553  56.881 0.0000000000
42910  -33.528  -54.795  55.486 0.0000000000
43857  -44.849  -52.540  67.358 0.0000000000
43877  -44.543  -52.728  66.378 0.0000000000
43905  -39.302  -53.595  62.129 0.0000000000
43906  -40.930  -53.610  63.072 0.0000000000
43911  -39.379  -52.912  61.678 0.0000000000
43913  -50.646  -52.044  60.388 0.0000000000
43925  -49.486  -52.076  59.569 0.0000000000
43926  -49.878  -52.190  59.695 0.0000000000
43929  -51.291  -52.174  59.819 0.0000000000
43936  -37.118  -53.248  59.694 0.0000000000
43941  -49.223  -52.509  58.899 0.0000000000
43942  -49.659  -52.559  59.090 0.0000000000
43944  -50.868  -52.449  59.270 0.0000000000
43963  -32.985  -53.748  56.768 0.0000000000
43978  -32.840  -53.907  56.276 0.0000000000
43987  -50.299  -53.140  56.753 0.0000000000
44813  -45.028  -52.047  69.861 0.0000000000
44879  -44.751  -51.903  66.936 0.0000000000
44892  -44.647  -52.169  66.266 0.0000000000
44902  -44.297  -51.782  64.762 0.0000000000
44920  -43.384  -52.131  63.143 0.0000000000
44921  -50.282  -51.260  61.133 0.0000000000
44923  -51.315  -51.360  61.381 0.0000000000
44924  -51.879  -51.158  61.236 0.0000000000
44928  -40.516  -52.212  61.699 0.0000000000
44930  -49.988  -51.514  60.629 0.0000000000
44932  -50.929  -51.811  61.054 0.0000000000
44933  -51.522  -51.739  60.935 0.0000000000
44934  -51.923  -51.455  60.662 0.0000000000
44943  -38.797  -52.167  60.310 0.0000000000
44946  -49.720  -51.732  60.096 0.0000000000
44957  -34.765  -52.913  57.802 0.0000000000
44964  -51.408  -51.626  58.689 0.0000000000
44965  -51.608  -51.487  59.291 0.0000000000
44968  -33.829  -52.916  56.629 0.0000000000
44970  -35.185  -52.261  57.739 0.0000000000
44993  -50.525  -52.155  56.705 0.0000000000
45770  -44.769  -51.173  69.245 0.0000000000
45793  -44.747  -51.487  67.977 0.0000000000
45830  -44.644  -51.581  66.248 0.0000000000
45878  -50.583  -50.911  61.485 0.0000000000
45880  -52.253  -50.565  60.835 0.0000000000
45887  -49.454  -51.039  60.556 0.0000000000
45898  -39.267  -51.699  60.180 0.0000000000
45900  -40.691  -51.092  60.492 0.0000000000
45901  -41.480  -50.939  60.755 0.0000000000
45911  -48.314  -51.053  59.274 0.0000000000
45917  -36.675  -51.564  58.359 0.0000000000
45923  -51.757  -50.816  59.241 0.0000000000
45938  -34.952  -51.075  56.448 0.0000000000
45955  -34.561  -51.832  55.663 0.0000000000
46863  -44.406  -50.727  64.820 0.0000000000
46877  -44.174  -50.656  64.333 0.0000000000
46897  -43.720  -50.703  63.019 0.0000000000
46898  -49.710  -50.130  61.272 0.0000000000
46902  -51.560  -50.637  61.543 0.0000000000
46913  -42.196  -50.374  60.626 0.0000000000
46914  -42.661  -50.529  61.240 0.0000000000
46919  -52.595  -49.367  60.561 0.0000000000
46935  -47.674  -49.784  59.425 0.0000000000
46953  -52.226  -50.226  59.767 0.0000000000
46954  -52.589  -49.588  60.039 0.0000000000
46957  -36.934  -50.889  58.023 0.0000000000
46959  -38.525  -50.430  58.454 0.0000000000
46961  -46.467  -49.709  58.018 0.0000000000
46969  -36.446  -50.461  57.311 0.0000000000
46975  -51.300  -50.815  58.291 0.0000000000
47911  -44.585  -49.746  67.695 0.0000000000
47949  -44.254  -50.197  65.013 0.0000000000
47977  -43.702  -49.956  63.148 0.0000000000
47989  -48.763  -49.277  60.445 0.0000000000
48006  -42.643  -49.558  60.285 0.0000000000
48009  -53.792  -47.731  60.523 0.0000000000
48021  -40.595  -49.782  59.154 0.0000000000
48039  -41.141  -49.246  58.912 0.0000000000
48041  -52.098  -49.261  59.096 0.0000000000
48047  -38.271  -49.292  57.348 0.0000000000
48057  -43.965  -48.999  55.923 0.0000000000
48058  -44.650  -49.395  56.110 0.0000000000
48955  -44.499  -49.310  68.262 0.0000000000
48977  -43.927  -48.858  66.505 0.0000000000
48978  -50.178  -47.540  65.438 0.0000000000
49008  -50.529  -46.850  63.909 0.0000000000
49009  -51.082  -47.197  63.712 0.0000000000
49043  -43.363  -48.849  62.752 0.0000000000
49045  -50.032  -48.482  61.788 0.0000000000
49074  -42.901  -48.720  60.043 0.0000000000
49078  -54.170  -47.254  60.683 0.0000000000
49106  -41.204  -48.508  58.447 0.0000000000
49113  -54.380  -47.471  59.895 0.0000000000
49118  -38.483  -48.532  56.870 0.0000000000
49120  -40.165  -48.014  57.588 0.0000000000
49128  -36.407  -49.102  55.595 0.0000000000
50012  -43.850  -48.124  68.443 0.0000000000
50014  -49.220  -46.643  67.626 0.0000000000
50024  -49.102  -46.717  66.956 0.0000000000
50027  -50.832  -47.087  67.498 0.0000000000
50039  -48.674  -46.179  65.827 0.0000000000
50041  -49.990  -47.468  66.384 0.0000000000
50042  -50.677  -47.514  66.684 0.0000000000
50055  -43.304  -48.182  65.267 0.0000000000
50073  -49.345  -46.325  64.403 0.0000000000
50086  -42.688  -47.394  63.065 0.0000000000
50107  -53.755  -46.746  61.593 0.0000000000
50119  -49.294  -47.555  61.220 0.0000000000
50131  -42.867  -47.819  59.961 0.0000000000
50145  -46.827  -47.488  59.248 0.0000000000
50159  -41.293  -47.476  58.204 0.0000000000
50189  -43.642  -47.604  56.170 0.0000000000
51067  -49.102  -46.147  68.693 0.0000000000
51068  -49.694  -46.148  68.922 0.0000000000
51069  -50.243  -45.980  68.976 0.0000000000
51077  -47.881  -45.273  67.525 0.0000000000
51078  -48.424  -45.771  67.892 0.0000000000
51083  -52.110  -45.947  67.616 0.0000000000
51091  -47.813  -45.252  66.726 0.0000000000
51105  -52.695  -46.687  66.094 0.0000000000
51106  -53.034  -45.965  66.540 0.0000000000
51123  -42.599  -46.765  64.909 0.0000000000
51126  -48.305  -45.604  64.606 0.0000000000
51136  -53.718  -45.833  62.368 0.0000000000
51143  -42.279  -45.753  62.155 0.0000000000
51168  -47.895  -46.201  60.265 0.0000000000
51180  -55.348  -45.643  59.838 0.0000000000
51188  -41.329  -46.625  58.306 0.0000000000
51198  -40.326  -46.314  57.317 0.0000000000
51201  -44.875  -46.488  57.612 0.0000000000
52031  -47.898  -44.527  70.823 0.0000000000
52045  -50.113  -45.089  69.755 0.0000000000
52074  -51.852  -45.295  68.178 0.0000000000
52098  -41.903  -45.336  65.777 0.0000000000
52110  -41.920  -45.351  64.977 0.0000000000
52111  -42.333  -46.168  65.070 0.0000000000
52121  -46.603  -44.409  63.794 0.0000000000
52140  -46.488  -44.443  62.063 0.0000000000
52164  -47.075  -44.952  60.470 0.0000000000
52173  -42.099  -45.683  59.953 0.0000000000
52174  -46.047  -44.901  59.355 0.0000000000
52185  -45.705  -45.332  58.696 0.0000000000
52204  -40.281  -45.021  56.345 0.0000000000
52220  -42.216  -44.885  55.987 0.0000000000
53092  -47.503  -44.146  71.128 0.0000000000
53093  -48.114  -44.183  71.215 0.0000000000
53094  -49.443  -44.071  70.720 0.0000000000
53095  -50.082  -43.862  70.227 0.0000000000
53107  -47.493  -44.442  70.490 0.0000000000
53114  -46.996  -44.031  69.216 0.0000000000
53132  -52.869  -44.500  67.305 0.0000000000
53142  -46.087  -43.623  66.203 0.0000000000
53155  -41.670  -44.421  65.357 0.0000000000
53157  -46.100  -43.754  65.364 0.0000000000
53158  -53.633  -44.431  65.696 0.0000000000
53188  -44.746  -43.706  62.205 0.0000000000
53196  -42.026  -43.896  61.482 0.0000000000
53208  -44.703  -43.800  60.373 0.0000000000
53210  -56.305  -44.113  59.861 0.0000000000
53218  -41.664  -44.441  59.024 0.0000000000
53219  -44.648  -43.937  59.465 0.0000000000
53239  -40.851  -44.624  56.883 0.0000000000
53242  -43.514  -44.091  57.609 0.0000000000
53243  -44.220  -44.475  57.824 0.0000000000
53249  -40.873  -44.754  56.093 0.0000000000
53258  -41.544  -44.700  56.022 0.0000000000
54108  -46.539  -43.534  71.112 0.0000000000
54132  -50.040  -43.043  70.291 0.0000000000
54150  -50.937  -43.485  69.251 0.0000000000
54151  -51.491  -43.654  68.668 0.0000000000
54165  -45.609  -43.025  68.491 0.0000000000
54170  -41.605  -42.973  67.299 0.0000000000
54179  -41.594  -43.268  66.517 0.0000000000
54189  -44.451  -43.082  65.234 0.0000000000
54191  -53.950  -43.427  64.698 0.0000000000
54200  -42.381  -43.203  63.646 0.0000000000
54201  -43.114  -42.861  64.137 0.0000000000
54222  -42.425  -43.531  61.898 0.0000000000
54234  -43.729  -43.363  61.788 0.0000000000
54261  -42.899  -43.519  59.626 0.0000000000
54269  -41.803  -43.867  57.913 0.0000000000
54270  -42.279  -43.693  58.383 0.0000000000
54271  -42.960  -43.627  58.748 0.0000000000
55051  -44.749  -41.910  70.693 0.0000000000
55052  -45.482  -42.629  70.643 0.0000000000
55080  -41.982  -42.225  68.303 0.0000000000
55083  -50.890  -42.488  68.498 0.0000000000
55097  -42.864  -42.053  67.253 0.0000000000
55099  -51.903  -42.786  67.329 0.0000000000
55114  -44.002  -42.557  66.366 0.0000000000
55116  -52.488  -42.600  66.122 0.0000000000
55134  -43.620  -42.886  64.888 0.0000000000
55153  -55.180  -42.792  62.294 0.0000000000
55163  -56.988  -42.478  60.240 0.0000000000
55192  -57.294  -41.924  58.417 0.0000000000
56001  -50.112  -41.698  69.337 0.0000000000
56129  -57.470  -41.155  59.715 0.0000000000
56142  -47.900  -41.064  59.674 0.0000000000
56143  -48.281  -41.447  59.559 0.0000000000
56166  -48.492  -41.260  57.971 0.0000000000
56984  -48.783  -40.322  66.313 0.0000000000
57002  -48.258  -40.803  64.001 0.0000000000
57051  -55.510  -40.616  60.449 0.0000000000
57052  -56.952  -40.104  60.204 0.0000000000
57062  -47.764  -40.544  59.316 0.0000000000
57071  -52.721  -40.905  58.570 0.0000000000
57073  -57.677  -40.316  58.875 0.0000000000
57075  -47.549  -40.531  57.679 0.0000000000
57084  -48.093  -40.771  56.466 0.0000000000
57094  -48.121  -40.479  55.705 0.0000000000
57095  -49.088  -40.477  55.647 0.0000000000
57933  -48.610  -39.522  62.774 0.0000000000
57941  -48.907  -39.278  61.786 0.0000000000
57953  -48.097  -39.800  60.422 0.0000000000
57967  -47.630  -39.954  58.920 0.0000000000
57968  -48.141  -39.326  59.259 0.0000000000
58007  -47.327  -40.029  56.407 0.0000000000
58018  -47.394  -39.656  55.707 0.0000000000
58020  -50.299  -39.904  55.010 0.0000000000
58048  -47.709  -39.249  53.957 0.0000000000
58062  -48.566  -39.113  52.890 0.0000000000
59104  -49.858  -37.670  59.058 0.0000000000
59127  -49.231  -37.760  57.776 0.0000000000
61211  -53.552  -36.002  62.279 0.0000000000
61237  -52.335  -36.199  60.658 0.0000000000
61240  -54.799  -35.324  61.086 0.0000000000
61256  -54.165  -35.431  59.800 0.0000000000
61269  -52.404  -35.839  58.687 0.0000000000
61270  -53.179  -35.562  58.882 0.0000000000
61304  -50.213  -36.698  56.895 0.0000000000
62227  -55.755  -34.616  62.075 0.0000000000
62321  -52.599  -35.265  57.350 0.0000000000
62322  -53.443  -35.082  57.488 0.0000000000
62405  -48.262  -35.903  52.614 0.0000000000
63224  -55.387  -34.470  62.705 0.0000000000
63272  -55.464  -34.344  57.301 0.0000000000
63286  -52.818  -34.731  56.101 0.0000000000
63287  -55.393  -34.162  56.767 0.0000000000
64211  -54.601  -33.709  55.602 0.0000000000
65123  -56.419  -32.671  55.266 0.0000000000
65125  -58.307  -31.760  56.029 0.0000000000
65138  -54.951  -32.673  54.424 0.0000000000
65157  -55.955  -31.468  53.804 0.0000000000
65175  -53.614  -32.063  52.206 0.0000000000
66104  -55.356  -30.596  52.083 0.0000000000
67040  -58.718  -29.801  54.814 0.0000000000
68075  -58.750  -29.242  53.896 0.0000000000
126010  -51.958  -42.313  61.146 0.0000000000
127077  -42.550  -46.957  59.989 0.0000000000
127764  -56.738  -34.382  60.278 0.0000000000
127795  -52.438  -47.312  65.556 0.0000000000
127823  -55.408  -45.440  60.198 0.0000000000
128450  -56.011  -32.011  54.202 0.0000000000
128458  -47.667  -38.406  52.824 0.0000000000
128468  -52.187  -32.352  50.760 0.0000000000
128758  -52.961  -42.186  62.990 0.0000000000
129500  -47.847  -38.252  55.501 0.0000000000
130273  -38.218  -52.762  60.413 0.0000000000
130367  -41.782  -45.284  55.500 0.0000000000
130919  -41.389  -55.318  65.310 0.0000000000
132106  -44.037  -48.172  56.421 0.0000000000
132979  -43.367  -53.494  64.782 0.0000000000
133323  -54.028  -44.881  62.862 0.0000000000
133684  -48.782  -44.169  71.079 0.0000000000
134129  -50.237  -53.128  57.439 0.0000000000
134732  -51.013  -51.972  57.680 0.0000000000
135313  -51.542  -51.903  60.382 0.0000000000
135903  -53.184  -48.362  60.624 0.0000000000
136337  -47.577  -38.079  53.835 0.0000000000
136570  -50.669  -40.664  56.829 0.0000000000
137283  -51.264  -42.006  66.332 0.0000000000
137299  -49.333  -46.496  68.102 0.0000000000
138371  -33.437  -54.162  55.581 0.0000000000
140022  -48.136  -45.240  69.726 0.0000000000
140153  -56.903  -39.596  59.903 0.0000000000
140872  -43.472  -49.232  62.026 0.0000000000
141313  -38.621  -57.789  67.797 0.0000000000
143181  -42.324  -46.350  59.998 0.0000000000
143554  -43.525  -48.759  64.991 0.0000000000
143738  -57.625  -40.390  59.356 0.0000000000
143846  -34.409  -56.763  64.484 0.0000000000
143972  -26.849  -60.562  71.058 0.0000000000
144655  -34.650  -55.067  59.153 0.0000000000
145154  -40.026  -49.103  58.340 0.0000000000
145430  -45.916  -42.550  72.152 0.0000000000
145455  -30.820  -54.539  57.574 0.0000000000
145634  -48.332  -48.865  60.105 0.0000000000
145679  -42.035  -44.558  61.173 0.0000000000
146020  -53.147  -46.336  62.535 0.0000000000
146558  -44.852  -52.121  68.868 0.0000000000
147610  -50.284  -44.492  69.901 0.0000000000
147881  -42.366  -43.762  57.670 0.0000000000
148143  -51.356  -48.529  62.040 0.0000000000
148728  -28.427  -59.819  71.522 0.0000000000
148742  -43.257  -48.352  64.029 0.0000000000
148871  -51.609  -36.867  60.729 0.0000000000
149043  -39.162  -46.200  55.951 0.0000000000
149097  -52.535  -39.826  56.428 0.0000000000
149150  -47.284  -44.460  69.472 0.0000000000
149444  -54.326  -48.342  60.169 0.0000000000
149765  -39.667  -56.300  65.601 0.0000000000
150103  -54.686  -42.411  62.198 0.0000000000
150110  -34.818  -58.238  70.667 0.0000000000
150149  -47.625  -36.950  52.509 0.0000000000
150157  -48.139  -39.565  59.848 0.0000000000
150502  -55.937  -41.924  61.554 0.0000000000
151071  -32.149  -56.749  68.269 0.0000000000
151186  -51.331  -45.618  68.438 0.0000000000
151301  -41.473  -46.262  54.783 0.0000000000
151394  -50.365  -36.359  56.317 0.0000000000
151425  -58.361  -29.942  54.273 0.0000000000
151901  -51.390  -42.167  66.702 0.0000000000
