#!ascii label  , from subject sub-v1s2x0051460_ses-1 vox2ras=TkReg
2039
29592  -25.010  -70.460  19.924 0.5000000000
134098  -25.727  -70.623  20.687 0.5000000000
29593  -25.903  -70.255  19.725 0.4000000060
29580  -26.375  -70.203  20.613 0.5000000000
30568  -26.519  -69.932  19.455 0.5000000000
30580  -27.127  -69.640  19.262 0.5000000000
43137  -29.569  -56.950  17.089 0.5000000000
43148  -29.776  -56.490  16.510 0.4000000060
43149  -30.445  -56.193  16.253 0.4000000060
43159  -29.955  -56.014  15.856 0.4000000060
44113  -30.704  -55.672  15.350 0.6000000238
44112  -30.117  -55.553  15.360 0.5000000000
43160  -31.479  -55.335  15.109 0.5000000000
44119  -30.570  -55.238  14.772 0.5000000000
44120  -31.137  -55.284  14.589 0.4000000060
44114  -32.022  -54.942  14.922 0.4000000060
45052  -31.243  -54.674  14.190 0.5000000000
44121  -31.679  -54.874  14.416 0.5000000000
45985  -32.595  -53.809  15.382 0.4000000060
28623  -25.071  -71.681  21.167 0.5000000000
28611  -25.715  -71.166  21.262 0.4000000060
29568  -27.079  -70.158  21.510 0.5000000000
141681  -27.409  -69.508  21.265 0.5000000000
31545  -27.463  -69.205  20.405 0.5000000000
31555  -27.753  -69.158  19.194 0.5000000000
42222  -28.975  -57.314  17.854 0.5000000000
42223  -29.395  -57.421  17.652 0.5000000000
43138  -30.206  -56.777  16.931 0.5000000000
43150  -31.220  -55.771  16.062 0.6000000238
48848  -30.711  -50.350  18.678 0.3000000119
45037  -32.307  -54.368  16.146 0.4000000060
145489  -31.188  -50.424  17.931 0.3000000119
47886  -32.605  -51.868  15.693 0.4000000060
46993  -32.568  -52.854  15.548 0.3000000119
47885  -32.106  -51.322  16.626 0.4000000060
29579  -24.983  -70.885  20.846 0.5000000000
30569  -26.921  -69.745  20.472 0.5000000000
133514  -27.474  -69.793  18.044 0.5000000000
43139  -30.948  -56.303  16.935 0.6000000238
48858  -30.921  -49.797  17.976 0.3000000119
136160  -31.607  -50.822  17.365 0.3000000119
26641  -38.956  -73.449  21.000 0.3000000119
26654  -38.352  -73.292  20.801 0.3000000119
140725  -38.802  -73.597  20.337 0.4000000060
25643  -38.222  -74.402  19.910 0.4000000060
24687  -39.431  -74.574  19.169 0.4000000060
24686  -38.551  -74.879  19.420 0.4000000060
24695  -38.040  -75.846  19.209 0.4000000060
24696  -38.957  -75.421  18.752 0.4000000060
23695  -38.294  -76.503  18.388 0.4000000060
22676  -37.478  -77.143  18.328 0.4000000060
26640  -38.401  -72.936  21.601 0.3000000119
26639  -37.792  -72.907  21.309 0.3000000119
26638  -36.870  -73.262  21.348 0.4000000060
25634  -38.323  -73.789  20.298 0.4000000060
25633  -37.511  -74.379  20.412 0.4000000060
24685  -37.622  -75.247  19.866 0.4000000060
23671  -37.283  -76.138  19.620 0.4000000060
152237  -37.394  -76.684  19.015 0.4000000060
22689  -35.461  -77.507  17.604 0.4000000060
130659  -36.235  -77.505  17.903 0.4000000060
27595  -35.718  -72.041  22.317 0.3000000119
27612  -36.245  -72.606  21.842 0.3000000119
27611  -35.261  -72.649  21.749 0.3000000119
26652  -37.003  -73.999  20.922 0.4000000060
25631  -35.643  -74.861  20.976 0.4000000060
25632  -36.583  -74.683  20.766 0.4000000060
24674  -36.154  -75.460  20.597 0.4000000060
23670  -36.482  -76.689  19.570 0.4000000060
22664  -35.875  -77.199  19.137 0.4000000060
23667  -33.860  -76.265  19.169 0.4000000060
22663  -35.098  -77.184  19.013 0.4000000060
133321  -33.500  -74.997  18.361 0.4000000060
138627  -33.463  -75.936  18.400 0.4000000060
150852  -33.755  -76.646  18.433 0.4000000060
28588  -34.844  -70.988  23.246 0.3000000119
28604  -36.183  -71.582  22.973 0.3000000119
27594  -34.900  -71.945  22.067 0.3000000119
150376  -34.999  -73.726  21.301 0.3000000119
24673  -35.221  -75.583  20.663 0.4000000060
23651  -34.879  -76.219  20.174 0.4000000060
24694  -33.585  -75.513  19.025 0.4000000060
24683  -33.833  -75.532  19.709 0.4000000060
23668  -34.585  -76.650  19.497 0.4000000060
25652  -33.889  -74.275  17.938 0.4000000060
28602  -34.578  -71.256  22.456 0.3000000119
28601  -34.137  -70.870  22.179 0.3000000119
28615  -34.323  -71.580  21.575 0.3000000119
27609  -34.306  -72.420  21.034 0.3000000119
26635  -34.358  -73.197  20.914 0.4000000060
26651  -34.228  -73.839  20.634 0.4000000060
127303  -33.941  -74.058  20.190 0.4000000060
25630  -34.257  -74.502  20.567 0.4000000060
28645  -34.540  -71.945  18.738 0.3000000119
26663  -33.992  -73.483  19.086 0.4000000060
24671  -33.897  -74.810  20.053 0.4000000060
27644  -34.482  -72.983  18.291 0.3000000119
26672  -33.804  -74.232  18.821 0.4000000060
140845  -33.826  -74.057  19.590 0.4000000060
26673  -34.131  -73.741  18.348 0.4000000060
32543  -33.679  -67.647  23.351 0.3000000119
31519  -33.687  -68.512  22.816 0.3000000119
33546  -34.393  -66.722  22.544 0.3000000119
29556  -34.272  -70.592  22.806 0.3000000119
30544  -33.727  -69.479  22.550 0.3000000119
29555  -33.863  -70.256  22.348 0.3000000119
30561  -33.739  -69.964  21.797 0.3000000119
30572  -33.943  -70.082  21.178 0.3000000119
129825  -33.970  -71.165  21.131 0.3000000119
29584  -34.057  -70.600  20.683 0.3000000119
27633  -34.032  -72.319  20.174 0.3000000119
27623  -34.139  -71.963  20.817 0.3000000119
28635  -34.210  -71.719  19.637 0.3000000119
127301  -34.121  -72.792  20.560 0.3000000119
27634  -34.136  -72.619  19.346 0.3000000119
137927  -33.906  -73.263  19.972 0.4000000060
28652  -35.067  -72.176  17.777 0.3000000119
27651  -35.754  -72.466  16.746 0.4000000060
27658  -35.451  -73.280  16.208 0.4000000060
32544  -33.969  -67.556  22.590 0.3000000119
31520  -34.036  -68.165  22.009 0.3000000119
132451  -34.643  -67.952  21.466 0.3000000119
31538  -33.736  -69.057  21.980 0.3000000119
30562  -34.018  -69.423  21.291 0.3000000119
30583  -34.548  -70.149  20.023 0.3000000119
29614  -35.065  -70.440  18.843 0.3000000119
29597  -34.694  -70.470  19.450 0.3000000119
29596  -34.275  -70.911  19.894 0.3000000119
29615  -35.569  -70.450  18.113 0.3000000119
28646  -35.059  -71.216  18.336 0.3000000119
126433  -35.626  -71.359  17.509 0.3000000119
28653  -36.170  -71.509  16.849 0.3000000119
28660  -36.549  -72.200  16.184 0.3000000119
27659  -36.116  -73.051  15.600 0.4000000060
32559  -34.664  -67.272  21.871 0.3000000119
33547  -35.086  -66.333  22.038 0.3000000119
31539  -34.275  -68.632  21.392 0.3000000119
32560  -35.209  -67.501  21.175 0.3000000119
34588  -35.896  -66.000  21.655 0.3000000119
34589  -36.915  -65.870  21.373 0.3000000119
31540  -34.957  -68.213  20.907 0.3000000119
32571  -35.676  -67.712  20.474 0.3000000119
34574  -36.409  -65.334  22.109 0.3000000119
31577  -36.033  -69.161  18.715 0.3000000119
31559  -35.573  -69.032  19.402 0.3000000119
30574  -34.864  -69.356  20.038 0.3000000119
30600  -35.543  -69.740  18.745 0.3000000119
30601  -36.078  -69.661  18.080 0.3000000119
29625  -36.230  -70.485  17.301 0.3000000119
28668  -36.869  -72.658  15.331 0.4000000060
27666  -35.856  -73.263  15.008 0.5000000000
33560  -35.439  -66.748  21.406 0.3000000119
33573  -35.715  -67.060  20.864 0.3000000119
33561  -36.157  -66.488  21.016 0.3000000119
31550  -35.273  -68.559  20.207 0.3000000119
32585  -35.987  -68.163  19.741 0.3000000119
34590  -38.010  -65.742  21.610 0.3000000119
31560  -36.338  -68.536  19.050 0.3000000119
33563  -38.603  -66.259  21.152 0.3000000119
34591  -38.914  -65.875  21.928 0.3000000119
29626  -36.997  -70.084  16.739 0.3000000119
32562  -40.600  -67.404  21.355 0.3000000119
29637  -36.756  -71.114  16.493 0.3000000119
28661  -37.211  -71.819  15.793 0.3000000119
134511  -37.080  -72.684  14.644 0.4000000060
27667  -36.444  -72.947  14.892 0.5000000000
134701  -36.313  -67.526  20.002 0.3000000119
137047  -36.891  -66.497  20.596 0.3000000119
32586  -36.790  -67.736  19.380 0.3000000119
32572  -36.857  -67.045  19.971 0.3000000119
33575  -37.570  -66.703  20.184 0.3000000119
31578  -36.624  -68.862  18.247 0.3000000119
33562  -37.722  -66.233  20.860 0.3000000119
30617  -36.707  -69.496  17.494 0.3000000119
33577  -39.130  -66.737  20.673 0.3000000119
32574  -39.565  -67.289  20.196 0.3000000119
32561  -39.896  -67.019  20.970 0.3000000119
31583  -41.243  -68.878  18.872 0.3000000119
31562  -40.481  -68.111  19.725 0.3000000119
29638  -37.460  -70.745  16.061 0.3000000119
29646  -37.917  -71.517  15.450 0.3000000119
28669  -37.592  -72.396  15.052 0.3000000119
32607  -37.670  -67.740  18.808 0.3000000119
32587  -37.540  -67.201  19.561 0.3000000119
31599  -37.142  -68.864  17.662 0.3000000119
31579  -37.377  -68.365  18.154 0.3000000119
32606  -36.937  -68.209  18.706 0.3000000119
31580  -38.176  -68.076  18.060 0.3000000119
32608  -38.643  -67.690  18.677 0.3000000119
32588  -38.339  -67.321  19.358 0.3000000119
33592  -38.120  -66.914  19.863 0.3000000119
30635  -37.784  -69.759  16.358 0.3000000119
30618  -37.397  -69.244  17.058 0.3000000119
31600  -37.788  -68.594  17.487 0.3000000119
31602  -39.476  -68.460  17.454 0.3000000119
31581  -39.353  -67.865  18.646 0.3000000119
32573  -38.800  -67.047  19.970 0.3000000119
31582  -40.487  -68.568  18.497 0.3000000119
31561  -40.005  -68.053  19.045 0.3000000119
30602  -40.941  -69.120  17.990 0.3000000119
148648  -40.661  -68.433  19.169 0.3000000119
30621  -41.459  -69.604  17.397 0.3000000119
30603  -41.665  -69.473  18.258 0.3000000119
28670  -38.301  -72.098  14.771 0.4000000060
29629  -43.454  -71.123  17.451 0.3000000119
27668  -37.852  -72.512  14.376 0.3000000119
28647  -44.146  -71.598  17.850 0.3000000119
27679  -37.267  -72.485  14.208 0.5000000000
27689  -36.457  -72.313  14.152 0.5000000000
30636  -38.643  -69.461  16.161 0.3000000119
30619  -38.187  -68.945  16.790 0.3000000119
31614  -39.101  -68.767  16.712 0.3000000119
31615  -39.964  -68.801  16.780 0.3000000119
30620  -40.715  -69.199  17.080 0.3000000119
29647  -38.547  -71.339  15.175 0.4000000060
29627  -41.975  -70.198  16.824 0.3000000119
28681  -38.736  -72.253  14.085 0.5000000000
30622  -42.194  -69.992  17.702 0.3000000119
28654  -43.309  -71.353  16.508 0.4000000060
27680  -38.099  -72.335  13.798 0.5000000000
28655  -44.046  -71.820  16.855 0.3000000119
27690  -37.412  -72.142  13.698 0.6000000238
28690  -36.574  -71.564  13.737 0.6000000238
143838  -39.089  -69.926  15.649 0.3000000119
30646  -39.947  -69.991  15.350 0.3000000119
30647  -40.960  -69.905  15.531 0.3000000119
143888  -38.327  -70.451  15.687 0.3000000119
30637  -39.537  -69.297  16.084 0.3000000119
30638  -40.415  -69.383  16.165 0.3000000119
30639  -41.231  -69.685  16.438 0.3000000119
29639  -41.766  -70.287  15.887 0.4000000060
28671  -39.016  -71.650  14.641 0.4000000060
29651  -42.320  -70.855  15.354 0.4000000060
27681  -39.167  -72.218  13.904 0.5000000000
29640  -42.558  -70.801  16.217 0.4000000060
28662  -43.117  -71.418  15.633 0.4000000060
27669  -44.434  -71.927  15.099 0.4000000060
27691  -38.832  -72.119  13.543 0.5000000000
28692  -38.356  -71.977  13.325 0.6000000238
29628  -42.738  -70.644  17.122 0.4000000060
28663  -43.876  -71.951  15.955 0.4000000060
27660  -44.473  -72.177  15.615 0.4000000060
27684  -45.067  -72.056  15.399 0.4000000060
28697  -38.253  -71.240  13.173 0.6000000238
28664  -44.566  -72.348  16.367 0.3000000119
27671  -45.250  -72.267  15.678 0.4000000060
28691  -37.485  -71.473  13.400 0.6000000238
29665  -37.548  -70.589  13.307 0.6000000238
29664  -36.703  -70.704  13.581 0.6999999881
29649  -40.675  -70.531  14.829 0.3000000119
29648  -39.119  -70.740  15.197 0.3000000119
28682  -39.570  -71.784  14.132 0.3000000119
29650  -41.498  -70.496  15.066 0.3000000119
28673  -41.941  -70.910  14.645 0.4000000060
28674  -42.751  -71.303  14.924 0.4000000060
27693  -40.164  -71.345  13.552 0.5000000000
28675  -43.649  -71.759  15.166 0.4000000060
27697  -39.571  -71.568  13.417 0.5000000000
28699  -39.607  -71.103  13.135 0.6000000238
28687  -44.759  -71.626  15.166 0.4000000060
29660  -44.985  -71.141  15.305 0.4000000060
29661  -45.481  -71.323  15.641 0.4000000060
30642  -45.564  -70.385  16.642 0.4000000060
30658  -37.037  -69.961  13.470 0.6999999881
30654  -36.380  -69.352  13.813 0.6999999881
30657  -36.040  -69.950  13.760 0.6999999881
28672  -40.473  -71.279  14.240 0.4000000060
29658  -41.207  -70.853  14.487 0.4000000060
28693  -41.640  -71.030  13.979 0.4000000060
27682  -40.087  -71.539  13.808 0.4000000060
27683  -40.806  -71.205  13.775 0.4000000060
28684  -42.270  -71.012  14.402 0.4000000060
28700  -40.681  -70.974  13.543 0.4000000060
149041  -43.009  -71.321  14.696 0.4000000060
28695  -43.297  -70.694  14.281 0.4000000060
28685  -43.564  -71.405  14.722 0.4000000060
28696  -44.032  -70.678  14.609 0.4000000060
148617  -44.515  -71.085  14.924 0.4000000060
30656  -44.240  -70.109  14.999 0.4000000060
29669  -39.791  -70.556  13.252 0.6000000238
29652  -44.781  -70.600  15.419 0.4000000060
30641  -44.917  -70.135  16.230 0.4000000060
135056  -39.585  -69.809  13.221 0.6000000238
30663  -38.692  -69.621  13.206 0.6999999881
135667  -38.142  -69.031  13.346 0.6999999881
30624  -45.315  -70.005  17.228 0.4000000060
31630  -37.413  -69.008  13.521 0.6999999881
149087  -35.960  -69.590  13.933 0.6999999881
27695  -41.836  -70.900  13.878 0.4000000060
137821  -40.012  -71.285  13.425 0.4000000060
28701  -41.525  -70.721  13.687 0.4000000060
138780  -40.280  -70.792  13.379 0.6000000238
152385  -41.185  -69.752  13.424 0.5000000000
29667  -43.601  -70.228  14.332 0.4000000060
30664  -40.056  -69.023  13.290 0.6999999881
30648  -43.901  -69.672  15.080 0.4000000060
148931  -39.397  -69.034  13.285 0.6999999881
30640  -44.224  -69.663  15.752 0.4000000060
130421  -38.839  -68.629  13.345 0.6999999881
30623  -44.475  -69.600  16.766 0.4000000060
31605  -43.724  -68.964  17.453 0.4000000060
32649  -38.274  -67.687  13.557 0.6999999881
31564  -44.541  -68.754  19.010 0.4000000060
125983  -36.670  -69.351  13.692 0.6999999881
31627  -36.386  -68.973  14.016 0.6999999881
32593  -44.890  -67.905  19.560 0.4000000060
33596  -45.143  -67.006  19.612 0.4000000060
31638  -42.050  -69.082  13.514 0.4000000060
149033  -41.743  -69.712  13.487 0.4000000060
30666  -42.488  -69.769  13.680 0.4000000060
29672  -42.737  -70.269  13.811 0.4000000060
134980  -40.516  -69.803  13.337 0.6999999881
31637  -41.243  -68.531  13.411 0.5000000000
30660  -43.385  -69.763  14.272 0.4000000060
31636  -40.572  -68.121  13.307 0.6999999881
30655  -43.604  -69.680  14.644 0.4000000060
31617  -43.501  -69.197  15.337 0.4000000060
32654  -40.325  -67.231  13.230 0.6999999881
147380  -43.112  -68.729  15.758 0.4000000060
31616  -43.008  -68.535  16.616 0.4000000060
32652  -38.922  -67.747  13.432 0.6999999881
31604  -42.927  -68.306  17.565 0.4000000060
31584  -43.438  -68.343  18.525 0.4000000060
149271  -44.080  -68.953  18.323 0.4000000060
32592  -43.886  -67.865  19.460 0.4000000060
32648  -37.660  -68.005  13.720 0.6999999881
32644  -37.042  -68.331  14.047 0.6999999881
141469  -44.902  -66.088  19.566 0.4000000060
32647  -41.993  -68.122  13.939 0.4000000060
31633  -42.435  -68.795  13.847 0.4000000060
31634  -43.010  -69.248  14.260 0.4000000060
32651  -41.390  -67.466  13.683 0.6000000238
31632  -41.692  -68.296  13.654 0.5000000000
142810  -42.103  -68.025  14.328 0.5000000000
145064  -42.608  -68.543  14.571 0.4000000060
31574  -28.834  -68.776  17.385 0.4000000060
32604  -29.404  -68.000  17.563 0.5000000000
32655  -41.013  -67.534  13.360 0.6000000238
32635  -42.412  -68.144  15.854 0.4000000060
33654  -40.145  -66.347  13.071 0.6000000238
32626  -42.292  -67.931  16.993 0.4000000060
32610  -42.410  -67.655  18.158 0.4000000060
33652  -39.565  -66.223  13.243 0.6999999881
33651  -38.939  -66.218  13.491 0.6999999881
32591  -42.942  -67.541  19.228 0.4000000060
32645  -37.672  -67.614  13.880 0.6999999881
33595  -43.543  -66.602  20.112 0.4000000060
33580  -43.541  -65.893  20.261 0.4000000060
35639  -44.359  -64.652  19.370 0.4000000060
36642  -44.429  -63.753  18.944 0.4000000060
33649  -41.398  -66.412  14.021 0.6000000238
32646  -41.610  -67.342  13.994 0.5000000000
32641  -41.793  -67.556  15.487 0.5000000000
31609  -28.512  -69.251  15.518 0.3000000119
31596  -29.088  -68.745  16.259 0.4000000060
34672  -40.569  -65.767  12.980 0.6000000238
33653  -41.263  -66.604  13.603 0.6000000238
32642  -42.241  -68.047  14.930 0.4000000060
34671  -40.073  -65.713  12.990 0.6000000238
32634  -41.656  -67.467  16.385 0.5000000000
35684  -39.489  -64.763  13.576 0.6999999881
34668  -39.646  -65.432  13.242 0.6000000238
32625  -41.622  -67.330  17.415 0.4000000060
34665  -38.415  -65.633  14.185 0.8000000119
32609  -41.691  -67.108  18.248 0.4000000060
33616  -42.102  -67.062  19.036 0.4000000060
33594  -42.733  -66.734  19.862 0.4000000060
34606  -43.067  -65.179  20.384 0.4000000060
35623  -43.377  -64.496  20.151 0.4000000060
136329  -43.934  -63.138  19.335 0.4000000060
37643  -44.427  -62.956  18.539 0.4000000060
34666  -41.258  -65.411  14.042 0.6000000238
33645  -41.219  -66.202  14.695 0.5000000000
135324  -41.598  -67.246  14.694 0.5000000000
31610  -29.145  -68.566  15.206 0.4000000060
32620  -29.724  -67.899  16.019 0.4000000060
34669  -40.445  -65.043  13.082 0.6000000238
140944  -41.117  -64.639  13.603 0.6000000238
133481  -41.209  -66.795  15.722 0.5000000000
33629  -30.260  -67.040  16.404 0.5000000000
35685  -40.088  -63.967  13.499 0.6999999881
138939  -40.086  -64.652  13.229 0.6999999881
33639  -41.019  -66.822  16.872 0.5000000000
141302  -30.180  -66.548  17.592 0.5000000000
35681  -39.397  -64.016  13.977 0.6999999881
35680  -38.848  -64.847  14.083 0.6999999881
33633  -40.570  -66.194  17.474 0.5000000000
138933  -31.420  -64.343  17.733 0.6999999881
151549  -31.089  -65.021  17.284 0.6000000238
35671  -37.943  -64.599  15.649 0.6999999881
35677  -38.675  -64.019  14.795 0.6999999881
34662  -38.394  -65.004  14.741 0.6999999881
34637  -40.741  -66.188  18.365 0.5000000000
36650  -32.427  -63.289  17.659 0.6999999881
36649  -31.929  -63.693  18.358 0.6999999881
33615  -41.396  -66.586  18.732 0.4000000060
35670  -37.275  -64.658  16.596 0.6999999881
34657  -37.468  -65.325  15.965 0.8000000119
34604  -41.462  -65.505  20.031 0.4000000060
33593  -41.826  -66.343  19.590 0.4000000060
34605  -42.320  -65.238  20.450 0.4000000060
36627  -42.937  -63.670  20.281 0.4000000060
37630  -43.309  -63.002  19.885 0.4000000060
37642  -43.715  -62.307  19.333 0.4000000060
35679  -41.262  -64.449  14.135 0.6000000238
34664  -41.005  -65.252  14.749 0.6000000238
33644  -40.909  -65.937  15.454 0.6000000238
31620  -29.081  -68.213  14.958 0.4000000060
32629  -29.577  -67.757  15.161 0.4000000060
32621  -30.031  -67.270  15.536 0.6999999881
36691  -41.307  -63.123  13.652 0.6999999881
35683  -41.315  -63.702  13.763 0.6000000238
34663  -40.675  -65.228  15.738 0.5000000000
137652  -30.581  -66.316  16.705 0.6999999881
36686  -39.350  -63.254  14.401 0.6999999881
36687  -39.992  -63.118  13.722 0.6999999881
36689  -40.757  -63.117  13.399 0.6999999881
35687  -41.108  -63.804  13.503 0.6999999881
144375  -40.332  -65.230  16.573 0.5000000000
33638  -40.612  -66.020  16.452 0.5000000000
34646  -31.027  -65.659  16.297 0.6999999881
34636  -40.216  -65.660  18.093 0.5000000000
35658  -31.453  -64.752  16.334 0.6999999881
36672  -38.252  -62.493  16.116 0.6999999881
36683  -38.846  -62.874  15.193 0.6999999881
34635  -39.997  -65.185  18.748 0.4000000060
36658  -31.870  -63.903  16.948 0.6999999881
36671  -37.827  -63.037  16.569 0.6999999881
35661  -37.601  -63.808  16.552 0.6999999881
37672  -38.085  -61.490  16.409 0.6000000238
37661  -37.093  -62.126  17.744 0.6000000238
36661  -37.370  -63.015  17.262 0.6999999881
34618  -41.022  -66.002  19.212 0.4000000060
35621  -41.528  -64.657  20.505 0.4000000060
37669  -32.769  -63.021  15.711 0.6999999881
38623  -37.311  -61.230  17.226 0.6000000238
142705  -36.653  -61.530  17.869 0.6000000238
139182  -41.481  -63.860  20.715 0.4000000060
36626  -42.103  -63.405  20.609 0.4000000060
38612  -43.829  -61.444  18.905 0.4000000060
35678  -40.977  -64.298  15.055 0.6000000238
33634  -28.495  -66.995  15.256 0.6000000238
32638  -29.493  -67.380  15.028 0.6000000238
32630  -29.964  -67.002  15.203 0.6999999881
38657  -41.574  -61.903  13.646 0.6000000238
37690  -41.432  -62.479  13.654 0.6999999881
37688  -41.520  -62.566  13.748 0.6999999881
35682  -41.361  -63.593  14.170 0.6000000238
37686  -39.646  -62.214  14.242 0.6000000238
37687  -40.737  -62.250  13.478 0.6000000238
37689  -41.319  -62.358  13.468 0.6999999881
33635  -30.470  -66.488  15.721 0.6999999881
37673  -38.784  -61.830  15.435 0.6000000238
34651  -40.167  -65.511  17.278 0.5000000000
35668  -31.390  -64.674  15.692 0.6999999881
34647  -31.190  -65.194  15.718 0.6999999881
38633  -38.533  -60.913  15.673 0.6000000238
36659  -32.419  -63.540  16.264 0.6999999881
36669  -31.885  -64.111  15.855 0.6999999881
36670  -32.241  -63.463  15.532 0.6999999881
35638  -39.985  -64.668  19.519 0.4000000060
34603  -40.674  -64.775  20.127 0.4000000060
39584  -36.995  -60.398  16.680 0.6000000238
36624  -40.170  -63.516  20.703 0.4000000060
134801  -40.741  -64.103  20.577 0.4000000060
37659  -33.493  -62.468  16.479 0.6999999881
37671  -33.933  -62.004  15.699 0.6999999881
38608  -35.132  -61.402  17.688 0.6999999881
38609  -35.884  -61.379  18.184 0.6000000238
36625  -41.257  -63.066  20.901 0.4000000060
37628  -41.962  -62.391  20.675 0.4000000060
37629  -42.927  -62.224  20.111 0.4000000060
38595  -42.424  -61.398  20.321 0.4000000060
38603  -43.214  -61.394  19.649 0.4000000060
40525  -43.637  -59.942  18.710 0.3000000119
34653  -28.786  -65.815  15.781 0.5000000000
39619  -41.081  -60.430  13.265 0.6000000238
38654  -41.439  -61.529  13.512 0.6000000238
38647  -41.627  -62.060  13.677 0.6000000238
36684  -41.147  -63.272  14.909 0.6000000238
126348  -40.691  -63.777  15.800 0.6000000238
33640  -29.288  -66.581  15.045 0.6000000238
34658  -30.041  -65.912  15.179 0.5000000000
39611  -40.082  -60.632  13.709 0.6000000238
38645  -40.548  -61.350  13.545 0.6000000238
36673  -40.138  -62.915  16.730 0.5000000000
137459  -40.473  -64.522  16.214 0.4000000060
35663  -39.958  -64.758  17.114 0.5000000000
34659  -30.564  -65.535  15.365 0.6999999881
35672  -40.112  -63.780  16.756 0.5000000000
35662  -39.658  -64.188  17.824 0.4000000060
34655  -31.057  -65.145  15.492 0.8000000119
39610  -39.057  -60.211  14.791 0.6000000238
36653  -39.363  -63.618  18.647 0.4000000060
36640  -39.478  -63.850  19.601 0.4000000060
38632  -37.816  -60.669  16.405 0.6000000238
39609  -38.177  -59.686  15.229 0.6000000238
36623  -39.575  -63.360  20.371 0.4000000060
36613  -39.793  -62.847  20.924 0.4000000060
36614  -40.442  -62.930  21.050 0.4000000060
37670  -33.125  -62.448  15.098 0.6999999881
38630  -34.350  -61.546  15.029 0.6999999881
38620  -34.786  -61.431  16.525 0.6999999881
39595  -36.400  -60.143  15.354 0.6999999881
37616  -40.803  -62.183  21.156 0.4000000060
38594  -41.492  -61.435  20.847 0.4000000060
38643  -34.744  -61.115  14.516 0.6999999881
38585  -40.709  -61.357  21.255 0.4000000060
40502  -41.386  -59.794  20.749 0.3000000119
41343  -42.381  -58.806  19.644 0.4000000060
39567  -42.761  -60.452  19.810 0.3000000119
141516  -41.491  -60.887  13.616 0.6000000238
129399  -41.675  -61.081  13.978 0.6000000238
38646  -41.560  -61.781  14.194 0.6000000238
37683  -41.101  -62.272  15.196 0.6000000238
37675  -40.595  -62.245  16.206 0.5000000000
35673  -29.496  -65.646  15.383 0.6000000238
39620  -41.404  -59.954  13.455 0.6000000238
145792  -30.372  -65.383  15.283 0.6999999881
37663  -39.437  -62.538  18.027 0.5000000000
36662  -39.662  -63.208  17.633 0.4000000060
150214  -39.372  -63.067  18.319 0.4000000060
35675  -30.736  -64.866  15.385 0.6999999881
40548  -38.855  -59.393  14.320 0.6000000238
40556  -39.609  -58.970  13.312 0.6000000238
151780  -39.184  -63.376  19.304 0.5000000000
36681  -32.172  -63.292  15.379 0.8000000119
36680  -31.286  -64.124  15.500 0.8000000119
37640  -38.783  -62.202  19.538 0.4000000060
37680  -32.563  -62.730  15.187 0.8000000119
40547  -37.779  -59.225  14.422 0.6000000238
37641  -39.040  -62.992  19.878 0.4000000060
37681  -33.025  -62.249  14.533 0.6999999881
40539  -37.088  -59.563  14.833 0.6999999881
41324  -38.140  -58.004  20.927 0.5000000000
40499  -37.990  -58.756  20.503 0.5000000000
40483  -38.663  -59.348  21.298 0.5000000000
38582  -38.918  -61.199  21.172 0.4000000060
38583  -39.452  -61.680  21.280 0.4000000060
38641  -33.413  -61.767  14.298 0.6999999881
38642  -34.043  -61.488  14.205 0.6999999881
39607  -35.230  -60.606  14.164 0.6999999881
39608  -35.846  -59.969  13.850 0.6999999881
42184  -38.254  -57.034  21.009 0.5000000000
41309  -38.637  -58.418  21.395 0.5000000000
40485  -39.694  -59.193  21.537 0.4000000060
40484  -39.158  -59.803  21.499 0.4000000060
39539  -40.263  -60.793  21.454 0.4000000060
131691  -38.874  -56.082  21.509 0.4000000060
42174  -38.928  -57.621  21.581 0.5000000000
42175  -39.717  -57.580  21.446 0.4000000060
41325  -40.387  -58.424  21.249 0.4000000060
140594  -41.258  -58.899  20.772 0.4000000060
39552  -40.667  -60.150  21.274 0.4000000060
139530  -39.632  -56.019  21.431 0.4000000060
43100  -40.098  -56.769  21.284 0.4000000060
42185  -40.685  -57.451  20.984 0.4000000060
41326  -41.322  -58.072  20.597 0.4000000060
147948  -41.834  -59.151  20.301 0.4000000060
39612  -41.666  -60.384  13.886 0.6000000238
39599  -41.330  -60.750  14.744 0.6000000238
35656  -28.815  -64.957  16.486 0.5000000000
39625  -41.128  -59.456  13.032 0.6000000238
40550  -41.555  -59.605  13.888 0.6000000238
39598  -40.690  -60.788  15.880 0.5000000000
39586  -39.796  -60.910  17.030 0.5000000000
38634  -40.305  -61.572  16.563 0.5000000000
35667  -29.348  -64.794  15.883 0.6000000238
36678  -30.091  -64.347  15.627 0.6999999881
40557  -40.530  -59.046  12.881 0.6000000238
129584  -40.601  -59.603  13.102 0.6000000238
38624  -39.571  -61.752  17.561 0.5000000000
36667  -29.652  -63.841  16.328 0.6000000238
40555  -38.086  -58.729  13.634 0.6000000238
39577  -39.070  -61.156  18.114 0.5000000000
37678  -31.081  -63.501  15.510 0.8000000119
40516  -37.984  -59.295  19.785 0.5000000000
39576  -38.550  -60.601  18.846 0.5000000000
38610  -38.654  -61.425  19.158 0.5000000000
38611  -39.042  -62.007  18.551 0.5000000000
152446  -31.695  -63.156  15.306 0.8000000119
40554  -36.594  -59.181  13.471 0.6000000238
43117  -38.064  -56.633  19.344 0.5000000000
42227  -38.529  -57.315  17.823 0.5000000000
147051  -37.882  -58.596  19.748 0.5000000000
39566  -38.207  -60.179  19.808 0.5000000000
144907  -38.422  -60.919  19.751 0.5000000000
39551  -38.493  -60.782  20.652 0.4000000060
37679  -32.250  -62.967  15.259 0.8000000119
42200  -37.923  -57.473  19.577 0.5000000000
41323  -37.864  -58.033  20.131 0.5000000000
40500  -38.248  -59.666  20.754 0.5000000000
39605  -33.296  -61.418  14.262 0.8000000119
39617  -34.925  -60.307  13.641 0.6999999881
40553  -35.568  -59.522  13.439 0.6999999881
44080  -38.190  -55.601  19.382 0.5000000000
43106  -38.077  -56.211  20.384 0.4000000060
38653  -34.490  -61.002  13.973 0.6999999881
43107  -38.438  -56.178  21.127 0.4000000060
40541  -41.123  -60.120  14.949 0.5000000000
35632  -28.806  -64.586  19.024 0.5000000000
40564  -40.832  -58.682  12.776 0.6000000238
40558  -41.379  -59.025  13.162 0.6000000238
40540  -40.159  -59.990  16.352 0.5000000000
35647  -29.177  -63.932  17.911 0.5000000000
150847  -39.868  -59.201  16.328 0.5000000000
40532  -39.465  -59.515  17.071 0.5000000000
36647  -29.293  -63.660  19.025 0.5000000000
36648  -29.422  -63.118  18.092 0.5000000000
35657  -29.156  -64.218  16.828 0.5000000000
41378  -38.551  -58.238  12.864 0.6000000238
41379  -39.873  -58.317  12.521 0.6000000238
41358  -39.250  -58.778  17.075 0.5000000000
40531  -38.925  -59.393  17.701 0.5000000000
39585  -39.156  -60.178  17.678 0.5000000000
41384  -38.032  -57.896  12.548 0.6000000238
42232  -38.970  -57.310  16.905 0.5000000000
134544  -38.744  -58.070  17.477 0.5000000000
41351  -38.562  -58.799  18.032 0.5000000000
40524  -38.390  -59.626  18.664 0.5000000000
37657  -31.159  -62.907  15.709 0.6999999881
141073  -37.942  -58.058  19.250 0.5000000000
41341  -38.071  -58.762  18.954 0.5000000000
38628  -31.957  -62.731  15.312 0.6999999881
43128  -38.409  -56.557  18.255 0.5000000000
38629  -32.142  -62.105  15.431 0.6999999881
129344  -33.037  -61.970  14.353 0.8000000119
39616  -34.279  -60.667  13.918 0.6999999881
44069  -38.297  -55.421  20.783 0.5000000000
136033  -38.247  -54.631  20.332 0.5000000000
39604  -32.776  -61.742  14.688 0.6999999881
38652  -33.857  -61.205  14.047 0.8000000119
44061  -38.629  -55.400  21.239 0.4000000060
137213  -39.196  -55.179  21.472 0.5000000000
46949  -41.200  -52.804  20.371 0.4000000060
47856  -42.159  -51.977  19.370 0.5000000000
48836  -42.107  -51.174  19.039 0.5000000000
45969  -43.241  -53.427  18.363 0.5000000000
46968  -42.359  -52.773  19.281 0.5000000000
47871  -42.602  -51.610  18.595 0.5000000000
141575  -41.375  -58.900  13.861 0.6000000238
40549  -40.760  -59.226  15.109 0.5000000000
41386  -40.398  -58.017  12.418 0.6000000238
41372  -41.232  -58.266  13.354 0.6000000238
41371  -40.811  -58.329  14.485 0.6000000238
149531  -39.919  -58.398  15.832 0.5000000000
136879  -29.453  -62.964  18.941 0.5000000000
36657  -29.454  -63.401  17.189 0.5000000000
37667  -29.908  -63.017  16.705 0.6999999881
41385  -39.563  -57.489  12.219 0.6000000238
139087  -40.199  -57.370  12.437 0.6000000238
42245  -40.850  -57.623  12.993 0.6000000238
152525  -39.251  -56.596  16.331 0.5000000000
144500  -39.263  -58.000  16.679 0.5000000000
36634  -29.343  -63.214  19.845 0.5000000000
37655  -29.630  -62.678  17.562 0.6000000238
40563  -37.203  -58.456  12.903 0.6000000238
37656  -30.513  -62.591  16.697 0.6999999881
42255  -38.045  -56.986  12.051 0.6000000238
43141  -38.824  -56.373  17.161 0.5000000000
41383  -36.918  -58.133  12.693 0.6000000238
134692  -38.351  -55.887  18.627 0.5000000000
44088  -38.500  -54.837  18.289 0.6000000238
45014  -38.442  -53.843  18.316 0.5000000000
45013  -38.272  -54.524  19.340 0.5000000000
142854  -39.195  -51.844  20.794 0.4000000060
47839  -39.918  -51.430  20.740 0.4000000060
40545  -34.306  -60.140  13.818 0.6999999881
47840  -40.617  -52.153  20.636 0.4000000060
39593  -33.660  -60.344  14.840 0.6999999881
47841  -41.443  -52.007  20.116 0.4000000060
39591  -32.435  -61.414  15.800 0.6999999881
47872  -43.198  -51.929  18.019 0.5000000000
46986  -43.786  -52.181  17.264 0.5000000000
47880  -42.890  -51.254  18.036 0.5000000000
42239  -40.770  -57.529  13.849 0.5000000000
133602  -40.238  -57.708  14.952 0.5000000000
43175  -39.491  -56.472  12.692 0.6000000238
42244  -40.215  -56.743  13.360 0.5000000000
42233  -39.624  -57.320  15.866 0.5000000000
37636  -29.456  -62.452  19.426 0.6000000238
37645  -29.519  -62.429  18.365 0.6000000238
42252  -39.218  -56.908  12.006 0.6000000238
43153  -39.648  -56.223  15.413 0.5000000000
38616  -29.682  -62.036  17.932 0.6000000238
42251  -37.602  -57.115  12.446 0.5000000000
43173  -38.200  -56.696  12.267 0.5000000000
43152  -39.269  -55.675  16.130 0.5000000000
145931  -39.001  -55.329  16.805 0.5000000000
148952  -29.908  -62.430  17.314 0.6999999881
42250  -36.934  -57.649  12.678 0.6000000238
132610  -38.653  -55.619  17.728 0.5000000000
44096  -38.848  -54.519  17.016 0.6000000238
45023  -38.647  -53.589  17.272 0.5000000000
38618  -30.928  -62.124  17.243 0.6999999881
41369  -35.627  -59.011  13.262 0.6999999881
46966  -38.010  -51.765  19.163 0.5000000000
47837  -38.021  -51.160  19.799 0.4000000060
136743  -31.372  -62.377  16.091 0.6999999881
40546  -34.968  -59.639  13.554 0.6999999881
40538  -34.526  -59.481  14.526 0.6999999881
45958  -38.297  -53.323  18.814 0.5000000000
45943  -38.252  -52.965  20.010 0.5000000000
46945  -38.325  -52.210  20.216 0.4000000060
47838  -38.662  -51.622  20.433 0.4000000060
137080  -39.063  -51.083  20.602 0.4000000060
138242  -33.999  -60.078  14.381 0.6999999881
140110  -40.237  -49.993  20.247 0.4000000060
48834  -41.044  -50.281  19.868 0.4000000060
38619  -31.756  -61.836  16.640 0.6999999881
139938  -33.611  -60.312  15.971 0.6999999881
149642  -41.034  -50.848  20.162 0.4000000060
49755  -41.280  -49.577  19.263 0.4000000060
39581  -33.057  -60.840  16.555 0.6999999881
48835  -41.521  -51.133  19.740 0.4000000060
49769  -41.734  -49.599  18.607 0.4000000060
49770  -42.242  -50.026  18.179 0.4000000060
47881  -43.340  -51.350  17.448 0.5000000000
48860  -42.833  -50.595  17.615 0.5000000000
43169  -39.422  -55.725  13.609 0.5000000000
43163  -39.745  -55.894  14.342 0.5000000000
43174  -38.845  -56.481  12.394 0.5000000000
44125  -39.143  -54.882  13.887 0.5000000000
137435  -39.479  -55.176  15.127 0.5000000000
44105  -39.152  -54.497  15.838 0.5000000000
38601  -29.548  -61.775  18.792 0.6000000238
43168  -38.503  -56.068  13.006 0.5000000000
38617  -30.057  -61.974  17.578 0.6999999881
42243  -37.359  -56.768  13.865 0.5000000000
45030  -38.739  -53.443  16.098 0.6000000238
42242  -36.630  -57.615  13.277 0.6000000238
41370  -36.002  -58.174  13.876 0.6999999881
45967  -38.421  -52.759  17.627 0.5000000000
41363  -35.240  -58.891  14.128 0.8000000119
45966  -38.132  -52.115  18.227 0.5000000000
46975  -37.399  -51.263  17.806 0.5000000000
48815  -38.820  -50.258  20.395 0.4000000060
48816  -39.637  -50.521  20.528 0.4000000060
49741  -40.083  -49.393  20.102 0.4000000060
41357  -36.023  -58.344  16.739 0.6000000238
49754  -40.654  -49.513  19.799 0.4000000060
40537  -34.098  -59.854  15.412 0.6999999881
40530  -34.767  -59.360  16.202 0.6999999881
131717  -35.497  -58.950  17.084 0.6000000238
41350  -35.987  -58.355  18.028 0.6000000238
142592  -33.176  -60.754  17.776 0.6999999881
39582  -33.765  -60.407  17.328 0.6000000238
40529  -34.287  -59.886  16.786 0.6999999881
130666  -34.933  -59.438  17.512 0.6000000238
137424  -35.475  -59.041  18.058 0.6000000238
50704  -41.387  -48.920  18.691 0.4000000060
38607  -32.407  -61.303  17.517 0.6999999881
40523  -35.001  -59.411  18.606 0.6000000238
129351  -35.532  -58.742  18.898 0.6000000238
49788  -42.542  -49.733  17.362 0.5000000000
40498  -35.029  -59.151  19.583 0.6000000238
41340  -35.479  -58.416  19.764 0.6000000238
48868  -43.083  -50.158  16.817 0.5000000000
48869  -43.555  -50.610  16.271 0.5000000000
44106  -39.198  -54.340  14.875 0.6000000238
152441  -29.461  -61.021  20.112 0.5000000000
44124  -39.021  -55.568  13.329 0.5000000000
45054  -38.926  -54.586  14.062 0.6000000238
45041  -38.703  -53.757  15.209 0.6000000238
38604  -29.778  -61.377  18.366 0.6000000238
38605  -30.474  -61.554  18.057 0.6000000238
43167  -38.052  -55.862  13.687 0.6000000238
44123  -38.604  -55.117  13.787 0.6000000238
45988  -38.238  -52.771  15.708 0.5000000000
45977  -38.384  -52.497  16.408 0.5000000000
39571  -30.089  -60.847  18.587 0.6000000238
43162  -37.641  -55.920  14.473 0.6000000238
43161  -37.227  -56.652  15.175 0.6000000238
46996  -37.968  -52.042  16.148 0.5000000000
47879  -36.993  -51.208  17.345 0.5000000000
133892  -37.616  -50.431  19.716 0.4000000060
129539  -38.390  -50.727  20.208 0.4000000060
38606  -31.424  -61.582  17.892 0.6999999881
39572  -31.030  -61.115  18.607 0.6000000238
142015  -36.576  -57.559  15.286 0.6999999881
148917  -36.896  -56.955  16.136 0.6000000238
46976  -38.049  -51.910  17.055 0.5000000000
46985  -37.388  -51.622  16.788 0.5000000000
47855  -37.375  -50.759  18.892 0.5000000000
49740  -39.393  -49.628  20.308 0.4000000060
50681  -39.724  -48.881  20.018 0.4000000060
41356  -35.304  -58.828  15.698 0.6999999881
42231  -36.504  -57.642  16.424 0.6999999881
146314  -36.469  -56.790  17.938 0.6999999881
45986  -37.060  -51.994  16.349 0.5000000000
46994  -37.092  -51.543  16.681 0.5000000000
136197  -40.316  -48.992  19.785 0.4000000060
39573  -31.968  -61.077  18.678 0.6000000238
42214  -36.264  -57.365  18.507 0.6000000238
43127  -36.340  -56.353  18.716 0.6999999881
50703  -40.893  -48.206  18.865 0.4000000060
39574  -32.825  -60.734  18.657 0.6999999881
39575  -33.693  -60.436  18.510 0.6000000238
40522  -34.436  -60.018  18.056 0.6000000238
43116  -36.135  -56.366  19.454 0.6000000238
51697  -41.435  -48.178  18.013 0.4000000060
39565  -34.298  -59.892  19.301 0.6000000238
147930  -35.730  -57.748  19.876 0.6000000238
136179  -35.675  -57.231  20.400 0.6000000238
51707  -41.541  -47.554  17.200 0.4000000060
42182  -35.372  -58.006  20.500 0.6000000238
42172  -35.174  -57.465  21.184 0.6000000238
50731  -42.457  -48.571  16.300 0.5000000000
50718  -42.378  -49.037  17.078 0.4000000060
49797  -42.929  -49.148  15.640 0.5000000000
45046  -38.466  -54.312  14.528 0.6000000238
43151  -37.510  -55.348  15.186 0.6000000238
44115  -38.009  -55.065  14.363 0.6000000238
45994  -38.202  -53.455  15.242 0.6000000238
45987  -37.720  -52.387  15.884 0.5000000000
39570  -29.756  -60.549  18.888 0.6000000238
44104  -37.302  -54.709  15.837 0.6000000238
139995  -37.696  -53.080  15.522 0.5000000000
47870  -36.974  -50.708  18.303 0.5000000000
140377  -37.239  -50.007  19.932 0.4000000060
39561  -30.599  -60.389  18.873 0.6000000238
39562  -31.537  -60.560  19.192 0.6000000238
135357  -37.077  -55.893  16.260 0.6000000238
150362  -36.799  -55.863  17.037 0.6000000238
45029  -36.858  -53.417  16.709 0.5000000000
135797  -36.350  -53.485  18.458 0.5000000000
45965  -36.398  -52.370  17.996 0.5000000000
46974  -36.690  -51.480  17.584 0.5000000000
48814  -38.017  -50.018  20.156 0.4000000060
49739  -38.444  -49.493  20.277 0.4000000060
44087  -36.612  -55.979  17.700 0.5000000000
147983  -36.875  -52.527  16.615 0.5000000000
51686  -40.348  -47.482  19.024 0.4000000060
39563  -32.397  -60.451  19.419 0.6000000238
44068  -35.748  -55.585  20.624 0.6000000238
51696  -40.894  -47.528  18.327 0.4000000060
39564  -33.288  -60.293  19.466 0.6000000238
40515  -33.647  -59.782  20.158 0.6000000238
130548  -33.831  -59.349  20.706 0.6000000238
50717  -42.013  -48.375  17.195 0.4000000060
151267  -41.228  -47.534  17.814 0.4000000060
41322  -34.961  -58.724  20.391 0.6000000238
42181  -34.754  -58.251  21.098 0.6000000238
50740  -42.496  -48.502  15.228 0.5000000000
51719  -42.117  -47.881  15.742 0.4000000060
51741  -41.954  -48.000  14.782 0.5000000000
50746  -41.562  -48.345  13.781 0.4000000060
45040  -37.821  -54.052  15.074 0.6000000238
45039  -37.317  -53.665  15.909 0.5000000000
47836  -36.022  -51.246  19.530 0.5000000000
48831  -36.385  -50.616  19.477 0.5000000000
48832  -36.785  -50.602  18.957 0.5000000000
49738  -37.610  -49.461  20.278 0.4000000060
40514  -31.123  -59.941  19.326 0.6000000238
39549  -31.943  -60.033  19.903 0.6000000238
45956  -36.090  -52.865  19.161 0.5000000000
46965  -36.259  -51.696  18.630 0.5000000000
47869  -36.649  -50.940  18.443 0.5000000000
50679  -38.178  -48.238  20.294 0.4000000060
50693  -39.432  -48.236  19.898 0.4000000060
45012  -36.315  -54.531  18.905 0.5000000000
39550  -32.791  -59.988  20.146 0.6000000238
40496  -33.169  -59.486  20.744 0.6000000238
44060  -35.248  -55.912  21.566 0.6000000238
52678  -40.509  -46.279  17.124 0.4000000060
41308  -34.010  -58.462  21.510 0.6000000238
44059  -34.683  -56.020  22.190 0.6000000238
41321  -34.300  -58.913  20.919 0.6000000238
42171  -34.398  -57.716  21.758 0.6000000238
43096  -34.795  -56.792  21.899 0.6000000238
51718  -41.643  -47.353  16.251 0.4000000060
51730  -41.528  -47.411  15.309 0.4000000060
51739  -40.365  -47.429  13.919 0.3000000119
51740  -41.212  -47.670  14.349 0.4000000060
51750  -39.817  -47.971  12.888 0.3000000119
48813  -36.682  -50.223  19.663 0.5000000000
138537  -37.244  -48.956  20.447 0.5000000000
50678  -37.349  -48.227  20.495 0.5000000000
46964  -35.909  -52.112  19.516 0.5000000000
46944  -35.622  -52.161  20.423 0.6000000238
135866  -37.954  -48.856  20.347 0.4000000060
150043  -38.954  -47.165  19.775 0.4000000060
40495  -32.394  -59.443  20.543 0.6000000238
41319  -32.082  -58.595  20.784 0.6000000238
45942  -35.816  -53.739  20.145 0.6000000238
51685  -39.545  -47.445  19.577 0.4000000060
52659  -39.819  -46.736  19.048 0.4000000060
41306  -32.744  -58.247  21.541 0.6000000238
137299  -35.539  -53.961  20.978 0.6999999881
53540  -39.756  -45.778  17.323 0.3000000119
145630  -32.795  -57.596  21.892 0.6000000238
44977  -34.932  -54.379  22.087 0.6000000238
53550  -40.003  -45.935  16.665 0.3000000119
41307  -33.351  -58.556  21.535 0.6000000238
42170  -33.503  -57.896  21.960 0.6000000238
44055  -34.900  -55.202  22.033 0.6000000238
52689  -41.148  -46.791  16.742 0.4000000060
42165  -33.941  -57.143  22.341 0.6000000238
44048  -33.639  -55.328  23.076 0.6000000238
52701  -41.094  -46.816  15.825 0.3000000119
51729  -40.812  -47.027  14.885 0.3000000119
52711  -39.940  -46.774  14.484 0.3000000119
52724  -39.455  -47.262  13.467 0.3000000119
51749  -38.939  -47.876  12.391 0.3000000119
47827  -35.569  -51.215  20.575 0.6000000238
133529  -35.907  -50.656  20.096 0.5000000000
50677  -36.511  -48.669  20.637 0.5000000000
51673  -37.879  -47.532  20.290 0.4000000060
51684  -38.966  -46.533  19.466 0.4000000060
42169  -32.187  -57.577  21.273 0.6000000238
45941  -35.580  -53.196  20.786 0.6000000238
52658  -39.306  -46.079  18.847 0.3000000119
151472  -39.890  -46.312  18.508 0.3000000119
43094  -32.002  -56.778  21.437 0.6000000238
43095  -32.517  -56.946  21.944 0.6000000238
43087  -32.814  -56.398  22.536 0.6000000238
44976  -34.333  -54.680  22.722 0.6000000238
42164  -33.192  -57.117  22.288 0.6000000238
53567  -39.791  -45.978  15.942 0.3000000119
43088  -33.510  -56.502  22.636 0.6000000238
44054  -33.177  -55.873  22.989 0.6000000238
52700  -40.318  -46.486  15.424 0.3000000119
52710  -38.964  -46.508  14.067 0.3000000119
53596  -38.261  -46.406  13.232 0.3000000119
52723  -38.616  -47.147  12.885 0.3000000119
48804  -35.493  -50.409  20.865 0.6000000238
129843  -35.624  -49.717  20.816 0.6000000238
49736  -35.973  -49.277  20.631 0.5000000000
139902  -36.032  -48.093  20.863 0.5000000000
139863  -36.558  -47.939  20.688 0.4000000060
46922  -35.044  -52.200  22.048 0.6000000238
47819  -35.203  -51.230  21.608 0.6000000238
52643  -37.377  -46.726  20.134 0.4000000060
52657  -37.874  -46.149  19.650 0.4000000060
146235  -34.772  -52.648  22.503 0.6000000238
53515  -38.360  -45.656  19.029 0.4000000060
148092  -38.966  -45.679  18.622 0.3000000119
42180  -31.763  -57.846  20.469 0.6000000238
45920  -34.482  -53.105  22.875 0.6000000238
53531  -39.431  -45.747  18.171 0.3000000119
43086  -32.053  -56.149  22.061 0.6000000238
44969  -34.213  -53.890  23.023 0.6000000238
53548  -37.781  -45.036  16.581 0.3000000119
44968  -33.543  -54.341  23.298 0.6000000238
53566  -38.969  -45.681  15.584 0.3000000119
44053  -32.487  -55.613  22.788 0.6000000238
44047  -32.933  -55.097  23.274 0.6000000238
53581  -38.791  -45.921  14.848 0.3000000119
148969  -37.910  -45.762  13.350 0.3000000119
48803  -35.225  -49.802  21.423 0.6000000238
49728  -35.426  -49.176  21.135 0.5000000000
51671  -35.872  -47.339  20.757 0.5000000000
51672  -36.910  -47.386  20.479 0.4000000060
48794  -35.115  -50.451  21.691 0.6000000238
52656  -36.606  -45.967  19.789 0.4000000060
53514  -36.948  -45.442  19.155 0.4000000060
133843  -34.840  -50.837  22.390 0.6000000238
53529  -37.129  -45.102  18.358 0.4000000060
53538  -37.215  -44.905  17.406 0.3000000119
139208  -31.676  -56.265  21.234 0.6000000238
141454  -34.189  -51.938  23.336 0.6000000238
44058  -31.485  -55.543  21.514 0.6000000238
137473  -33.526  -52.891  23.573 0.6000000238
54464  -37.102  -44.598  15.924 0.3000000119
45913  -33.169  -53.518  23.563 0.6000000238
44052  -31.792  -55.235  22.396 0.6000000238
44974  -31.601  -54.376  22.629 0.6000000238
44966  -31.974  -53.945  23.199 0.6000000238
49727  -34.947  -49.092  21.913 0.6000000238
51664  -35.466  -47.885  21.235 0.4000000060
132160  -35.299  -47.084  21.090 0.4000000060
129602  -36.222  -46.586  20.336 0.4000000060
148585  -34.382  -50.343  23.216 0.5000000000
130534  -34.828  -49.988  22.220 0.5000000000
53528  -35.907  -44.800  18.461 0.4000000060
47804  -33.979  -51.308  23.553 0.5000000000
53537  -36.187  -44.619  17.800 0.3000000119
54454  -36.208  -44.247  17.250 0.3000000119
44999  -31.122  -54.916  20.875 0.6000000238
129753  -32.931  -52.740  23.731 0.5000000000
44984  -31.302  -54.685  21.823 0.6000000238
45912  -32.440  -53.364  23.496 0.6000000238
45927  -31.116  -53.874  22.109 0.6000000238
45919  -31.412  -53.586  22.805 0.6000000238
45911  -31.766  -53.146  23.272 0.6000000238
45926  -30.771  -53.293  21.591 0.5000000000
45918  -30.971  -53.124  22.380 0.5000000000
51659  -34.825  -47.727  22.504 0.4000000060
51660  -35.089  -47.277  21.848 0.3000000119
52634  -35.256  -46.493  21.405 0.4000000060
52641  -35.516  -46.361  20.664 0.4000000060
52642  -35.717  -45.731  19.961 0.3000000119
49715  -34.630  -49.429  22.781 0.4000000060
53512  -35.510  -44.917  19.540 0.3000000119
53527  -35.447  -44.371  18.812 0.3000000119
48786  -33.657  -50.650  23.906 0.5000000000
55385  -35.485  -43.967  18.431 0.3000000119
46901  -32.755  -51.889  23.886 0.5000000000
151082  -35.874  -43.995  17.526 0.3000000119
133549  -32.199  -52.523  23.594 0.5000000000
55404  -36.747  -43.558  16.178 0.3000000119
46909  -31.493  -52.385  23.259 0.5000000000
151771  -31.289  -52.946  22.924 0.5000000000
147306  -34.789  -47.058  22.766 0.3000000119
52629  -35.081  -46.430  22.375 0.3000000119
53497  -35.414  -45.772  21.001 0.3000000119
50654  -33.940  -48.660  23.994 0.3000000119
51652  -34.565  -47.633  23.210 0.4000000060
53498  -35.555  -45.456  20.251 0.3000000119
54433  -35.463  -44.420  19.400 0.3000000119
50639  -33.368  -48.582  24.319 0.3000000119
55371  -35.523  -43.974  19.095 0.3000000119
48779  -32.697  -50.892  24.103 0.4000000060
55386  -35.929  -43.777  17.877 0.3000000119
47803  -31.843  -51.546  23.692 0.5000000000
56260  -37.108  -43.065  16.615 0.3000000119
47802  -31.044  -51.663  23.107 0.5000000000
56274  -37.816  -42.328  16.353 0.3000000119
46927  -30.654  -52.526  21.935 0.4000000060
46920  -30.975  -52.415  22.691 0.5000000000
52622  -34.755  -46.354  23.197 0.3000000119
53492  -35.398  -45.755  21.983 0.3000000119
50640  -33.811  -48.037  24.137 0.3000000119
50655  -34.259  -48.228  23.636 0.3000000119
54418  -35.665  -45.117  21.519 0.3000000119
54423  -35.551  -45.181  20.661 0.3000000119
134944  -33.239  -47.968  24.379 0.3000000119
55363  -36.449  -43.484  19.766 0.3000000119
55372  -36.089  -43.578  18.781 0.3000000119
49700  -31.889  -49.107  24.158 0.3000000119
50638  -32.543  -48.315  24.388 0.3000000119
56239  -37.062  -43.113  18.440 0.3000000119
56253  -36.999  -43.217  17.474 0.3000000119
49708  -31.122  -49.199  23.661 0.3000000119
48777  -31.501  -49.935  23.860 0.4000000060
56254  -38.099  -42.529  18.058 0.3000000119
56261  -38.020  -42.522  17.152 0.3000000119
48784  -31.136  -50.719  23.459 0.4000000060
149981  -38.120  -41.660  16.111 0.3000000119
137708  -30.443  -51.162  21.997 0.4000000060
131261  -30.653  -51.012  22.738 0.4000000060
57187  -38.147  -41.324  15.536 0.3000000119
53477  -34.536  -45.687  23.595 0.3000000119
51640  -34.130  -47.349  23.817 0.3000000119
52623  -35.122  -45.558  22.963 0.3000000119
54412  -36.021  -44.254  22.069 0.3000000119
55357  -36.338  -43.859  21.275 0.3000000119
54419  -35.848  -44.591  20.900 0.3000000119
52603  -33.689  -46.711  24.050 0.3000000119
55358  -36.672  -43.389  20.763 0.3000000119
56227  -37.223  -42.763  20.508 0.3000000119
56233  -37.287  -42.802  19.516 0.3000000119
50637  -31.706  -48.298  24.090 0.3000000119
51637  -32.059  -47.550  24.213 0.3000000119
56240  -38.048  -42.294  18.974 0.3000000119
58104  -38.909  -40.691  18.114 0.3000000119
48783  -30.619  -50.224  22.976 0.4000000060
57160  -38.551  -41.632  17.637 0.3000000119
140933  -38.716  -40.652  17.084 0.3000000119
48793  -30.405  -50.447  22.200 0.4000000060
58126  -38.912  -40.244  16.165 0.3000000119
147648  -39.426  -39.908  15.618 0.3000000119
58140  -39.025  -40.414  15.206 0.3000000119
59118  -40.390  -39.554  14.308 0.3000000119
53478  -34.806  -45.049  23.472 0.3000000119
133051  -35.571  -44.228  22.795 0.3000000119
54388  -34.251  -44.992  23.739 0.3000000119
148688  -36.696  -43.164  21.581 0.3000000119
56226  -37.082  -42.648  21.382 0.3000000119
52621  -32.335  -46.098  23.865 0.3000000119
52602  -33.097  -46.325  24.039 0.3000000119
57130  -37.740  -42.002  20.362 0.3000000119
56234  -38.022  -41.976  19.723 0.3000000119
57151  -38.586  -41.552  18.558 0.3000000119
51651  -31.323  -47.660  23.773 0.3000000119
57139  -38.477  -41.409  19.424 0.3000000119
58095  -38.860  -40.651  19.027 0.3000000119
50652  -30.634  -48.718  23.193 0.4000000060
49714  -30.379  -49.675  22.465 0.4000000060
59087  -39.026  -39.951  17.651 0.3000000119
58114  -39.031  -39.698  16.946 0.3000000119
49726  -30.200  -49.832  21.637 0.4000000060
59108  -40.137  -39.403  15.520 0.3000000119
48801  -30.107  -49.916  20.709 0.4000000060
59107  -39.685  -40.000  14.764 0.3000000119
60075  -41.465  -38.379  14.328 0.3000000119
55348  -35.710  -43.427  22.781 0.3000000119
55349  -36.343  -43.316  22.130 0.3000000119
54402  -34.692  -44.380  23.539 0.3000000119
55336  -35.196  -43.896  23.265 0.3000000119
57122  -37.483  -41.948  21.157 0.3000000119
54387  -33.522  -44.896  23.781 0.3000000119
57131  -38.250  -41.297  20.201 0.3000000119
53475  -31.552  -45.779  23.468 0.3000000119
59088  -39.167  -39.190  17.611 0.3000000119
129289  -39.327  -38.919  16.968 0.3000000119
60050  -39.893  -38.769  16.441 0.3000000119
60063  -40.702  -38.572  15.897 0.3000000119
60064  -41.359  -38.211  15.339 0.3000000119
49753  -30.224  -49.798  19.603 0.3000000119
60074  -40.905  -38.915  14.895 0.3000000119
61046  -41.944  -37.713  13.781 0.3000000119
61056  -42.265  -37.143  13.075 0.3000000119
55335  -34.498  -43.486  23.488 0.3000000119
56218  -36.101  -42.574  22.604 0.3000000119
58077  -37.881  -40.436  21.374 0.3000000119
57123  -37.909  -41.223  20.940 0.3000000119
147557  -33.236  -44.152  23.609 0.3000000119
55334  -33.608  -43.447  23.527 0.3000000119
59039  -38.636  -39.837  20.227 0.3000000119
132536  -38.876  -39.971  19.494 0.3000000119
59058  -39.100  -38.574  18.885 0.3000000119
59074  -39.080  -39.611  18.584 0.3000000119
59075  -39.168  -38.749  18.152 0.3000000119
135235  -39.309  -38.427  17.592 0.3000000119
60049  -39.662  -38.160  17.103 0.3000000119
61037  -41.103  -37.786  16.088 0.3000000119
61038  -41.554  -37.543  15.522 0.3000000119
61960  -42.218  -36.149  15.187 0.3000000119
133477  -41.793  -37.697  14.806 0.3000000119
61047  -42.336  -37.053  13.896 0.3000000119
61970  -42.386  -36.638  14.503 0.3000000119
62881  -42.826  -35.745  12.908 0.3000000119
62885  -42.783  -35.836  11.957 0.3000000119
56205  -34.733  -42.663  23.230 0.3000000119
139188  -35.685  -41.746  22.793 0.3000000119
57113  -36.903  -41.098  22.221 0.3000000119
138836  -37.461  -41.158  21.631 0.3000000119
55333  -32.825  -43.562  23.379 0.3000000119
56204  -33.991  -42.667  23.359 0.3000000119
145817  -35.577  -40.963  22.694 0.3000000119
58067  -36.598  -40.349  22.341 0.3000000119
59018  -37.672  -39.683  21.709 0.3000000119
145941  -38.578  -39.149  20.473 0.3000000119
55332  -32.137  -43.993  23.243 0.3000000119
60025  -39.178  -38.041  18.242 0.3000000119
54411  -31.324  -44.324  22.791 0.3000000119
61009  -39.952  -37.224  17.171 0.3000000119
61024  -40.358  -37.969  16.622 0.3000000119
61025  -41.364  -36.998  15.981 0.3000000119
132922  -42.940  -35.207  14.449 0.3000000119
63770  -43.211  -35.024  13.460 0.3000000119
58065  -35.120  -40.420  22.615 0.3000000119
137062  -33.305  -41.126  22.669 0.3000000119
57110  -34.077  -41.205  22.827 0.3000000119
56217  -32.390  -42.370  22.749 0.3000000119
55347  -32.274  -43.095  22.976 0.3000000119
56203  -33.072  -42.673  23.179 0.3000000119
57096  -33.625  -41.915  22.978 0.3000000119
55345  -30.884  -43.822  22.152 0.3000000119
55346  -31.572  -43.459  22.621 0.3000000119
128674  -37.289  -52.688  16.067 0.5000000000
44078  -36.166  -55.611  19.450 0.6999999881
132133  -36.583  -52.981  17.397 0.5000000000
39606  -33.698  -60.651  14.075 0.6999999881
25610  -39.294  -74.395  22.361 0.3000000119
26621  -38.977  -73.531  21.945 0.3000000119
25622  -39.491  -74.014  21.351 0.3000000119
25635  -39.476  -73.864  20.307 0.3000000119
25645  -39.674  -74.195  19.586 0.4000000060
24697  -39.878  -75.049  18.466 0.4000000060
23683  -39.408  -76.019  17.916 0.4000000060
23696  -38.707  -76.759  17.579 0.4000000060
22691  -37.935  -77.186  17.624 0.4000000060
22690  -37.024  -77.436  17.731 0.4000000060
128248  -36.313  -77.513  16.963 0.4000000060
22673  -33.997  -77.150  17.955 0.4000000060
22699  -35.237  -77.507  16.662 0.4000000060
23681  -33.460  -76.531  17.726 0.4000000060
34573  -35.507  -65.545  22.313 0.3000000119
34575  -37.394  -65.325  22.195 0.3000000119
26685  -35.612  -73.358  15.483 0.5000000000
140030  -39.649  -66.251  22.332 0.3000000119
33565  -40.147  -66.815  21.853 0.3000000119
27678  -36.054  -72.824  14.661 0.5000000000
141376  -45.414  -72.453  17.893 0.3000000119
27652  -45.048  -72.509  16.942 0.3000000119
129077  -46.058  -72.303  16.716 0.3000000119
28676  -45.765  -71.667  15.799 0.4000000060
29663  -35.819  -70.842  13.886 0.6000000238
29641  -45.720  -70.749  16.303 0.4000000060
30606  -46.514  -69.887  18.402 0.4000000060
139137  -45.382  -69.289  18.787 0.4000000060
32594  -45.799  -67.871  19.331 0.4000000060
33597  -46.190  -67.002  18.924 0.4000000060
30597  -28.240  -69.235  17.969 0.4000000060
32603  -28.762  -68.302  18.486 0.5000000000
135152  -29.137  -67.542  18.873 0.5000000000
32643  -36.356  -68.499  14.351 0.6999999881
34621  -45.452  -65.418  18.551 0.4000000060
32640  -36.682  -67.585  14.802 0.6999999881
36654  -44.901  -63.698  18.101 0.4000000060
33628  -29.888  -67.310  17.235 0.5000000000
33610  -30.015  -65.978  18.835 0.5000000000
35648  -30.903  -64.746  18.480 0.6000000238
34632  -30.586  -65.626  17.767 0.6000000238
35649  -31.454  -64.140  19.070 0.8000000119
33643  -37.398  -66.731  14.793 0.8000000119
33647  -37.828  -66.917  14.008 0.6999999881
34660  -37.170  -66.072  15.788 0.8000000119
37653  -44.728  -62.438  17.829 0.4000000060
34661  -37.870  -65.698  15.045 0.8000000119
34656  -36.878  -65.428  16.604 0.8000000119
38613  -44.404  -61.570  18.158 0.4000000060
37658  -32.921  -62.844  17.116 0.6999999881
35652  -36.316  -63.944  18.145 0.8000000119
37647  -33.580  -62.351  18.243 0.6999999881
142173  -34.311  -62.033  18.712 0.6999999881
36652  -36.148  -62.922  18.714 0.8000000119
40533  -43.784  -59.211  18.299 0.3000000119
43108  -40.866  -56.718  20.783 0.4000000060
137067  -42.451  -57.959  19.333 0.4000000060
40517  -42.738  -59.612  19.553 0.4000000060
41344  -43.168  -59.189  19.003 0.3000000119
140531  -40.547  -56.021  20.989 0.4000000060
43109  -41.339  -56.184  20.359 0.4000000060
42201  -42.229  -57.264  19.504 0.4000000060
41342  -41.955  -57.973  19.897 0.4000000060
44070  -40.117  -55.237  21.232 0.4000000060
137349  -42.478  -55.050  19.153 0.4000000060
45016  -42.308  -54.014  19.407 0.5000000000
44988  -39.770  -54.460  21.322 0.5000000000
46948  -40.471  -52.946  20.884 0.4000000060
45960  -42.186  -53.291  19.512 0.5000000000
45024  -42.920  -54.201  18.703 0.5000000000
45978  -43.771  -53.515  17.687 0.4000000060
46978  -43.501  -52.747  17.922 0.5000000000
45944  -38.403  -53.888  20.634 0.5000000000
139543  -38.514  -53.076  20.619 0.5000000000
46947  -39.701  -52.441  21.003 0.4000000060
47887  -43.811  -51.411  16.617 0.5000000000
48873  -43.725  -50.348  15.398 0.5000000000
49805  -43.373  -49.666  15.053 0.5000000000
39548  -29.219  -60.602  20.662 0.5000000000
49804  -42.862  -49.117  14.659 0.5000000000
51751  -40.702  -48.142  13.328 0.4000000060
40512  -29.593  -59.719  19.345 0.6000000238
51760  -39.226  -48.541  11.948 0.3000000119
150111  -30.340  -59.718  18.909 0.6000000238
40494  -31.631  -59.332  19.967 0.6000000238
51748  -38.237  -47.780  11.936 0.3000000119
52738  -37.697  -47.264  11.324 0.3000000119
41318  -31.432  -58.466  19.836 0.6000000238
43104  -31.664  -56.936  20.498 0.6000000238
44067  -31.385  -55.868  20.467 0.6000000238
131697  -31.163  -55.048  19.890 0.6000000238
44998  -30.939  -54.207  20.309 0.6000000238
44983  -30.969  -54.068  21.233 0.6000000238
45940  -30.736  -53.419  20.694 0.5000000000
46943  -30.555  -52.663  21.072 0.5000000000
47826  -30.442  -51.785  21.382 0.4000000060
48802  -30.290  -50.749  21.229 0.4000000060
48812  -30.306  -50.622  20.189 0.4000000060
151792  -41.909  -35.649  15.652 0.3000000119
62860  -42.409  -35.404  15.173 0.3000000119
63771  -43.440  -34.170  13.535 0.3000000119
64748  -43.543  -33.914  12.684 0.3000000119
63775  -43.410  -34.530  12.104 0.3000000119
56216  -31.768  -42.604  22.443 0.3000000119
54417  -30.284  -44.190  21.631 0.3000000119
131518  -45.650  -66.347  19.029 0.4000000060
135604  -43.997  -52.942  17.383 0.5000000000
27596  -36.751  -71.972  22.391 0.3000000119
24684  -36.746  -75.904  20.141 0.4000000060
133227  -34.833  -73.263  21.331 0.3000000119
26637  -35.632  -73.394  21.422 0.3000000119
27650  -35.056  -73.111  17.207 0.4000000060
30536  -33.727  -69.123  23.386 0.3000000119
31549  -34.577  -68.968  20.720 0.3000000119
33564  -39.413  -66.467  21.468 0.3000000119
33576  -38.335  -66.611  20.432 0.3000000119
32589  -39.254  -67.524  19.358 0.3000000119
29616  -42.859  -70.442  18.040 0.3000000119
126462  -39.016  -68.064  18.046 0.3000000119
31601  -38.616  -68.438  17.403 0.3000000119
129778  -39.764  -68.290  18.232 0.3000000119
31603  -40.246  -68.679  17.646 0.3000000119
28648  -44.871  -71.998  18.330 0.3000000119
149114  -38.866  -71.581  13.214 0.6000000238
27662  -45.601  -72.335  16.019 0.4000000060
138611  -39.815  -71.060  14.673 0.3000000119
30605  -45.725  -69.829  18.255 0.4000000060
31629  -37.012  -68.804  13.768 0.6999999881
28683  -41.244  -71.112  14.093 0.4000000060
29670  -41.149  -70.302  13.503 0.4000000060
30665  -40.684  -68.871  13.316 0.6000000238
32653  -39.611  -67.043  13.297 0.6999999881
31624  -43.153  -69.132  14.690 0.4000000060
33655  -40.720  -66.541  13.134 0.6000000238
140005  -44.212  -67.157  19.845 0.4000000060
33650  -38.227  -67.064  13.667 0.6999999881
150675  -44.220  -65.840  20.013 0.4000000060
34620  -44.549  -65.462  19.568 0.4000000060
31595  -28.453  -69.444  16.593 0.3000000119
34673  -41.000  -66.048  13.200 0.6000000238
151895  -36.903  -68.051  14.275 0.6999999881
33614  -41.137  -66.717  17.841 0.5000000000
33648  -38.402  -66.286  13.817 0.6999999881
35686  -40.723  -64.035  13.293 0.6999999881
134426  -38.008  -66.276  14.284 0.8000000119
36682  -38.241  -63.507  15.857 0.6999999881
35622  -42.418  -64.369  20.514 0.4000000060
36688  -41.427  -63.008  13.770 0.6999999881
136609  -36.985  -63.874  17.323 0.6999999881
36660  -36.799  -62.995  18.029 0.6999999881
37650  -36.441  -62.131  18.375 0.8000000119
38622  -36.448  -60.888  17.427 0.6000000238
40526  -44.227  -60.014  18.024 0.4000000060
38655  -41.621  -61.535  13.629 0.6000000238
37684  -41.412  -62.510  14.334 0.6000000238
38644  -39.406  -61.172  14.509 0.6000000238
37660  -34.326  -61.807  17.512 0.6999999881
39594  -35.562  -60.644  15.229 0.6999999881
38621  -35.591  -61.015  17.131 0.6999999881
37648  -35.011  -61.717  18.513 0.8000000119
39583  -36.082  -60.596  16.401 0.6999999881
36674  -40.681  -62.998  15.861 0.4000000060
37627  -39.289  -62.588  20.627 0.3000000119
37615  -39.976  -62.274  21.295 0.3000000119
137693  -41.917  -60.569  20.481 0.3000000119
40503  -42.205  -59.716  20.104 0.3000000119
38635  -41.105  -61.475  15.264 0.5000000000
36668  -30.293  -63.611  15.927 0.6999999881
38602  -38.576  -61.529  20.106 0.4000000060
37626  -38.873  -62.142  20.379 0.4000000060
43098  -38.665  -56.892  21.405 0.4000000060
41310  -39.314  -58.388  21.562 0.4000000060
39537  -38.766  -60.286  21.221 0.4000000060
39538  -39.422  -60.793  21.441 0.4000000060
42183  -37.942  -57.239  20.313 0.5000000000
40501  -40.577  -59.416  21.250 0.4000000060
138692  -39.935  -60.043  21.553 0.4000000060
42186  -41.516  -57.158  20.255 0.4000000060
37668  -30.545  -63.089  16.078 0.6999999881
139216  -38.301  -58.074  18.375 0.5000000000
39592  -33.121  -60.940  14.932 0.8000000119
40562  -36.212  -58.843  13.009 0.6999999881
44986  -38.682  -54.273  21.131 0.5000000000
48850  -42.424  -50.826  18.430 0.5000000000
48849  -41.780  -50.364  19.027 0.4000000060
45968  -42.648  -53.373  18.989 0.5000000000
37625  -29.302  -62.663  20.520 0.5000000000
42238  -40.137  -56.852  14.593 0.5000000000
45002  -38.242  -53.757  19.792 0.5000000000
41377  -36.316  -58.345  12.981 0.6999999881
46929  -39.297  -53.081  21.187 0.4000000060
131709  -29.459  -61.762  20.070 0.5000000000
45957  -38.204  -52.805  19.266 0.5000000000
49787  -41.973  -49.122  17.888 0.4000000060
131108  -42.782  -49.419  16.540 0.5000000000
138003  -29.537  -61.085  19.193 0.5000000000
42237  -36.740  -57.388  14.307 0.6000000238
41364  -35.951  -58.259  15.390 0.6999999881
42226  -36.404  -57.570  17.503 0.6999999881
42213  -35.957  -57.988  19.140 0.6000000238
40497  -34.402  -59.347  20.222 0.6000000238
39560  -29.507  -60.399  19.707 0.5000000000
48833  -37.034  -50.438  19.175 0.4000000060
43140  -36.709  -56.692  17.066 0.6999999881
42199  -36.052  -57.077  19.484 0.6000000238
43105  -35.912  -56.417  20.098 0.6000000238
43097  -35.527  -56.593  21.036 0.6000000238
44095  -36.843  -54.850  16.934 0.5000000000
45022  -36.526  -54.108  17.775 0.5000000000
132161  -36.477  -55.257  18.274 0.6000000238
52670  -40.411  -46.843  18.448 0.4000000060
45001  -35.993  -54.681  19.894 0.6999999881
130650  -35.420  -55.174  21.320 0.6000000238
145370  -40.222  -46.247  17.893 0.4000000060
41320  -33.589  -59.017  21.184 0.6000000238
136624  -36.161  -53.884  19.350 0.6999999881
45955  -35.792  -52.826  20.012 0.6000000238
138820  -34.241  -55.656  22.666 0.6000000238
148040  -36.063  -50.030  20.214 0.5000000000
49737  -36.736  -49.533  20.291 0.5000000000
52644  -38.371  -46.936  19.945 0.4000000060
45928  -35.223  -53.665  21.637 0.6000000238
53539  -38.701  -45.349  17.405 0.3000000119
53549  -39.097  -45.518  16.498 0.3000000119
140644  -34.945  -53.031  22.167 0.6000000238
45921  -34.708  -53.803  22.445 0.6000000238
151989  -33.747  -56.004  22.890 0.6000000238
52739  -37.883  -47.123  12.136 0.3000000119
141411  -35.366  -51.906  21.215 0.6000000238
46928  -35.320  -52.707  21.394 0.6000000238
50676  -35.759  -48.613  20.942 0.6000000238
47805  -34.498  -51.382  22.995 0.6000000238
134761  -38.136  -45.216  15.843 0.3000000119
44967  -32.693  -54.212  23.406 0.6000000238
53565  -38.268  -45.406  15.113 0.3000000119
50666  -35.324  -48.591  21.408 0.5000000000
53513  -35.805  -45.174  19.249 0.4000000060
46910  -33.564  -52.124  23.693 0.5000000000
50665  -35.038  -48.178  21.928 0.4000000060
50660  -34.667  -48.497  22.827 0.4000000060
54448  -35.665  -44.136  17.977 0.3000000119
49710  -33.919  -49.895  23.859 0.5000000000
55392  -36.374  -43.776  17.081 0.3000000119
134226  -34.253  -49.191  23.535 0.4000000060
148008  -33.653  -49.266  24.127 0.4000000060
49709  -33.208  -49.994  24.189 0.4000000060
55362  -35.884  -44.119  20.083 0.3000000119
49701  -32.833  -49.219  24.361 0.3000000119
48778  -32.313  -49.973  24.188 0.3000000119
57172  -38.378  -41.667  16.764 0.3000000119
135376  -35.540  -44.923  22.464 0.3000000119
131349  -33.134  -46.957  24.204 0.3000000119
50653  -31.129  -48.425  23.670 0.3000000119
53461  -33.811  -45.792  23.938 0.3000000119
59096  -39.437  -39.502  16.313 0.3000000119
60083  -40.991  -39.029  13.771 0.3000000119
57121  -37.083  -41.872  21.883 0.3000000119
53476  -32.246  -45.384  23.667 0.3000000119
53460  -32.965  -45.531  23.850 0.3000000119
56206  -35.385  -42.593  22.988 0.3000000119
58078  -38.316  -40.509  20.654 0.3000000119
54399  -31.790  -44.868  23.363 0.3000000119
61980  -42.582  -36.389  13.586 0.3000000119
139229  -36.215  -41.046  22.555 0.3000000119
59019  -38.265  -39.623  21.054 0.3000000119
59057  -38.906  -39.127  19.671 0.3000000119
137300  -40.691  -37.117  16.552 0.3000000119
62861  -42.627  -35.923  14.469 0.3000000119
142207  -43.362  -34.564  12.804 0.3000000119
63779  -43.717  -34.560  11.530 0.3000000119
57111  -34.910  -41.275  22.831 0.3000000119
59002  -36.989  -39.646  22.182 0.3000000119
53491  -30.041  -45.011  21.747 0.3000000119
128384  -31.142  -42.987  21.969 0.3000000119
145621  -36.770  -77.496  16.060 0.4000000060
35660  -36.621  -64.724  17.318 0.8000000119
37649  -35.673  -62.180  18.856 0.8000000119
45004  -40.501  -54.571  20.969 0.4000000060
45015  -41.758  -54.601  19.923 0.4000000060
47013  -46.027  -52.976  12.803 0.3000000119
47900  -45.102  -51.806  13.787 0.4000000060
131112  -45.566  -52.401  12.252 0.3000000119
46998  -44.661  -52.482  16.074 0.4000000060
145356  -44.765  -52.091  15.476 0.4000000060
47888  -44.381  -51.752  15.981 0.4000000060
47910  -45.042  -51.921  11.665 0.3000000119
47899  -44.635  -51.311  14.302 0.4000000060
47905  -44.625  -51.259  13.319 0.3000000119
45945  -40.338  -53.775  21.045 0.3000000119
48874  -44.219  -50.790  14.839 0.4000000060
49820  -42.972  -49.922  13.013 0.3000000119
48879  -43.787  -50.184  14.461 0.4000000060
49825  -41.611  -50.440  11.072 0.3000000119
48888  -43.305  -50.571  12.390 0.3000000119
49813  -43.264  -49.668  14.061 0.4000000060
49824  -40.728  -50.173  10.565 0.3000000119
50764  -41.280  -49.654  11.850 0.3000000119
40521  -29.984  -59.879  18.887 0.5000000000
50763  -40.260  -49.536  11.356 0.3000000119
50754  -41.860  -49.053  13.145 0.3000000119
135964  -29.650  -58.987  18.862 0.5000000000
147843  -29.609  -58.441  18.423 0.5000000000
41339  -30.746  -59.088  19.030 0.5000000000
50769  -39.154  -49.144  10.530 0.3000000119
50753  -40.988  -48.885  12.634 0.3000000119
41349  -30.288  -58.462  18.431 0.5000000000
145343  -31.488  -57.658  19.800 0.5000000000
42225  -30.727  -56.891  17.708 0.5000000000
43126  -31.321  -56.531  18.429 0.5000000000
128184  -30.991  -57.224  18.453 0.5000000000
42224  -29.908  -57.351  17.519 0.5000000000
44077  -31.410  -55.958  19.303 0.5000000000
141280  -31.284  -56.219  17.695 0.4000000060
44094  -31.647  -55.625  17.105 0.4000000060
45011  -31.125  -54.262  19.403 0.5000000000
45021  -31.749  -54.926  17.938 0.4000000060
136435  -32.002  -55.162  15.893 0.4000000060
45028  -32.043  -54.772  16.980 0.4000000060
145846  -31.091  -53.594  19.018 0.4000000060
136063  -31.713  -54.117  17.679 0.5000000000
45954  -31.405  -54.197  18.529 0.4000000060
140749  -31.981  -54.029  16.953 0.3000000119
129455  -31.373  -53.285  18.224 0.4000000060
142091  -30.633  -52.745  20.185 0.4000000060
45984  -32.153  -53.368  16.527 0.3000000119
46983  -31.684  -52.711  17.437 0.3000000119
45964  -30.871  -52.729  19.180 0.3000000119
46963  -30.560  -52.006  19.840 0.3000000119
46992  -32.127  -52.280  16.610 0.3000000119
149110  -30.477  -52.130  20.588 0.3000000119
46973  -31.266  -52.208  18.292 0.3000000119
142284  -30.823  -51.726  19.038 0.3000000119
47854  -30.524  -51.235  19.659 0.3000000119
47835  -30.390  -51.427  20.478 0.3000000119
47878  -31.641  -51.727  17.462 0.3000000119
47868  -31.158  -51.167  18.275 0.3000000119
47867  -30.732  -51.015  19.013 0.3000000119
48830  -30.500  -50.601  19.427 0.3000000119
42211  -29.266  -57.887  18.136 0.5000000000
46007  -46.322  -53.862  12.213 0.3000000119
45989  -44.851  -53.424  16.180 0.4000000060
42210  -28.761  -57.214  18.678 0.4000000060
45929  -38.827  -53.558  21.118 0.4000000060
45946  -40.976  -53.454  20.594 0.4000000060
45930  -39.497  -53.713  21.301 0.3000000119
45979  -44.306  -53.525  17.052 0.4000000060
47893  -44.053  -51.053  15.736 0.4000000060
49812  -42.607  -49.311  13.634 0.3000000119
40513  -29.979  -59.008  18.526 0.5000000000
149275  -31.432  -56.443  19.894 0.5000000000
45953  -30.844  -53.498  19.785 0.4000000060
47016  -46.008  -53.075  11.715 0.3000000119
126901  -45.755  -52.934  13.669 0.4000000060
130647  -45.535  -52.355  13.279 0.3000000119
47007  -44.993  -51.976  14.742 0.4000000060
47002  -45.217  -52.771  15.260 0.4000000060
47008  -45.410  -52.506  14.230 0.4000000060
48885  -44.018  -50.855  12.847 0.3000000119
47909  -44.494  -51.416  12.224 0.3000000119
48880  -44.218  -50.692  13.882 0.4000000060
49819  -42.188  -49.746  12.455 0.3000000119
49823  -39.944  -49.609  10.551 0.3000000119
41317  -29.090  -58.793  20.033 0.5000000000
41348  -29.119  -58.094  19.012 0.5000000000
148385  -29.752  -58.065  18.150 0.5000000000
42198  -31.009  -57.997  18.895 0.5000000000
43115  -31.419  -56.991  19.270 0.5000000000
42212  -30.395  -57.714  18.111 0.5000000000
130612  -31.556  -55.745  18.227 0.4000000060
128796  -31.434  -55.027  18.889 0.5000000000
45975  -31.752  -53.490  17.382 0.3000000119
35635  -32.505  -64.060  20.346 0.6999999881
35637  -35.170  -63.751  19.274 0.6999999881
36639  -34.823  -63.133  19.554 0.6999999881
35619  -33.834  -63.542  20.114 0.6999999881
36637  -33.592  -63.070  19.956 0.6999999881
36636  -32.891  -63.357  19.898 0.6999999881
37639  -34.804  -62.389  19.306 0.6999999881
36638  -34.240  -62.981  19.824 0.6999999881
37637  -33.234  -62.761  19.270 0.6999999881
131703  -32.553  -63.180  18.952 0.6999999881
42216  -42.809  -57.438  18.819 0.3000000119
43119  -42.544  -56.615  19.064 0.3000000119
43130  -43.535  -56.821  18.026 0.3000000119
45025  -43.303  -55.127  18.313 0.3000000119
43129  -43.092  -56.694  18.505 0.3000000119
37638  -33.937  -62.428  19.411 0.6999999881
43118  -41.974  -56.452  19.689 0.3000000119
44089  -42.866  -55.919  18.724 0.3000000119
44097  -43.872  -55.565  17.611 0.3000000119
45042  -44.790  -55.216  16.344 0.3000000119
45043  -45.310  -55.155  15.515 0.3000000119
37646  -32.915  -62.791  18.331 0.6999999881
44081  -41.837  -55.569  19.812 0.3000000119
44082  -42.351  -55.921  19.281 0.3000000119
128029  -44.565  -54.299  16.682 0.3000000119
45990  -45.107  -54.394  15.892 0.3000000119
140034  -45.488  -54.539  15.157 0.3000000119
46002  -45.644  -53.307  14.399 0.3000000119
44071  -41.075  -55.196  20.587 0.3000000119
45995  -45.416  -53.763  15.240 0.3000000119
140534  -41.088  -54.193  20.552 0.3000000119
34649  -36.237  -65.503  17.294 0.6999999881
33632  -36.461  -66.198  16.538 0.6999999881
34648  -35.635  -65.434  17.967 0.6999999881
34601  -32.228  -65.255  20.913 0.6999999881
35659  -36.071  -64.841  17.866 0.6999999881
34634  -35.055  -65.351  18.639 0.6999999881
35650  -34.863  -64.577  19.276 0.6999999881
36622  -33.253  -63.814  20.272 0.6999999881
35616  -32.092  -64.722  20.749 0.6999999881
138751  -35.736  -63.615  18.802 0.6999999881
35634  -31.760  -64.297  20.154 0.6999999881
139664  -43.340  -57.924  18.371 0.3000000119
42217  -43.324  -57.274  18.302 0.3000000119
43142  -44.023  -56.534  17.471 0.3000000119
43154  -44.629  -56.594  16.727 0.3000000119
44117  -45.549  -55.824  15.013 0.3000000119
45049  -45.728  -55.117  14.691 0.3000000119
45055  -45.897  -54.270  14.291 0.3000000119
41352  -42.913  -58.314  18.927 0.3000000119
45031  -43.797  -54.828  17.689 0.3000000119
44098  -44.413  -55.813  16.966 0.3000000119
26687  -33.591  -73.894  14.654 0.4000000060
26694  -34.275  -73.482  14.467 0.4000000060
26688  -34.325  -73.670  15.269 0.4000000060
26693  -33.367  -73.450  13.897 0.4000000060
27688  -35.389  -72.326  14.121 0.5000000000
27677  -35.022  -72.939  14.513 0.4000000060
26689  -35.121  -73.357  15.120 0.4000000060
27687  -34.538  -72.336  13.810 0.5000000000
27676  -33.881  -72.797  13.747 0.4000000060
140713  -32.926  -72.794  13.582 0.4000000060
28689  -35.606  -71.608  13.921 0.5000000000
27686  -33.752  -71.850  13.550 0.5000000000
27675  -32.949  -72.065  13.529 0.5000000000
28688  -34.582  -71.530  13.750 0.5000000000
28680  -33.707  -71.105  13.774 0.5000000000
28679  -33.077  -71.415  13.721 0.5000000000
152593  -31.905  -71.572  14.343 0.5000000000
28667  -31.726  -71.834  14.827 0.5000000000
29656  -34.458  -70.657  13.987 0.6000000238
28678  -32.253  -71.453  13.985 0.5000000000
149895  -33.440  -70.634  14.324 0.5000000000
28659  -32.170  -71.558  15.719 0.6000000238
29644  -32.341  -71.233  14.713 0.5000000000
28651  -32.463  -71.269  16.792 0.5000000000
29657  -35.235  -70.444  14.004 0.6000000238
131067  -33.747  -70.621  14.096 0.6000000238
30653  -35.211  -69.982  14.060 0.6000000238
29635  -32.819  -71.002  15.823 0.6000000238
29623  -32.994  -70.615  16.896 0.5000000000
131419  -32.251  -69.972  19.289 0.5000000000
29611  -32.046  -70.860  18.748 0.5000000000
29595  -32.536  -70.206  18.501 0.5000000000
32541  -29.564  -67.931  22.196 0.4000000060
30652  -34.371  -70.180  14.263 0.6000000238
32557  -30.091  -67.363  22.063 0.5000000000
31625  -34.985  -69.581  14.477 0.6000000238
30651  -33.794  -70.304  14.523 0.5000000000
136158  -30.576  -67.639  22.015 0.5000000000
30645  -34.303  -69.731  14.821 0.6000000238
30644  -33.790  -69.986  15.321 0.6000000238
32558  -31.257  -67.406  21.600 0.5000000000
29636  -33.399  -70.366  16.033 0.6000000238
29624  -33.437  -70.065  16.918 0.6000000238
30581  -31.818  -69.623  20.163 0.5000000000
30615  -33.045  -69.962  17.804 0.5000000000
30598  -32.776  -69.496  18.755 0.5000000000
30599  -33.326  -69.111  18.207 0.5000000000
32556  -28.939  -67.895  21.921 0.4000000060
144349  -29.469  -67.363  21.817 0.5000000000
30558  -28.434  -69.013  22.316 0.4000000060
145868  -29.936  -66.704  21.669 0.5000000000
33557  -30.743  -66.791  21.714 0.5000000000
31622  -35.504  -68.820  14.733 0.6000000238
33558  -31.622  -66.519  21.271 0.5000000000
30634  -34.296  -69.407  15.760 0.6000000238
30633  -33.825  -69.735  16.360 0.6000000238
31611  -34.187  -69.099  16.799 0.6000000238
30582  -32.422  -69.014  19.667 0.5000000000
30616  -33.636  -69.450  17.332 0.6000000238
31575  -33.011  -68.699  18.984 0.5000000000
31557  -32.699  -68.131  19.613 0.5000000000
32567  -28.621  -67.708  21.092 0.4000000060
32568  -29.117  -67.005  21.045 0.5000000000
134768  -28.400  -68.244  21.441 0.4000000060
34599  -31.016  -65.452  21.001 0.5000000000
34600  -31.673  -65.340  21.001 0.5000000000
33559  -31.816  -65.770  21.106 0.5000000000
32639  -35.915  -68.031  15.121 0.6000000238
33571  -32.326  -65.962  20.853 0.5000000000
32569  -31.910  -67.375  20.967 0.5000000000
31613  -35.294  -68.400  15.666 0.6000000238
31598  -34.475  -68.354  17.207 0.6000000238
31548  -32.164  -68.163  20.311 0.5000000000
31597  -33.877  -68.710  17.710 0.5000000000
32583  -33.078  -67.447  19.605 0.5000000000
31558  -33.211  -68.038  19.121 0.5000000000
33569  -29.722  -66.308  20.776 0.5000000000
35617  -32.812  -64.660  20.601 0.6000000238
34602  -32.694  -65.325  20.719 0.5000000000
32633  -36.212  -67.428  15.615 0.6000000238
32631  -35.061  -68.007  16.656 0.6000000238
33572  -32.933  -65.818  20.461 0.5000000000
136455  -32.268  -66.756  20.811 0.5000000000
32624  -35.383  -67.224  17.015 0.6000000238
33589  -32.890  -66.629  20.232 0.5000000000
32622  -34.167  -67.963  18.098 0.5000000000
32584  -33.675  -67.490  18.896 0.5000000000
32581  -28.628  -67.672  19.870 0.4000000060
131820  -30.816  -65.109  20.294 0.4000000060
31546  -28.064  -68.430  20.431 0.4000000060
35618  -33.677  -64.352  20.245 0.6000000238
34616  -33.919  -65.231  19.925 0.6000000238
33590  -33.483  -66.033  19.852 0.5000000000
129066  -33.437  -66.865  19.543 0.5000000000
33613  -35.181  -65.999  18.076 0.6000000238
33611  -33.950  -66.606  19.111 0.5000000000
32582  -29.242  -66.867  19.834 0.5000000000
34614  -30.520  -65.239  19.251 0.4000000060
35633  -31.057  -64.631  19.733 0.5000000000
33588  -29.693  -66.281  19.681 0.4000000060
33609  -29.641  -66.931  18.533 0.4000000060
139562  -34.297  -64.636  19.804 0.6000000238
33591  -34.094  -65.885  19.374 0.5000000000
33612  -34.573  -66.145  18.648 0.5000000000
31537  -31.028  -68.247  21.714 0.5000000000
31547  -31.585  -68.174  21.024 0.5000000000
30571  -31.876  -68.824  20.434 0.5000000000
31556  -28.284  -68.579  19.192 0.4000000060
31626  -35.758  -69.334  14.169 0.6000000238
33637  -36.679  -66.841  15.656 0.6000000238
33631  -35.705  -66.302  17.323 0.6000000238
33636  -36.040  -66.972  16.409 0.6000000238
34633  -34.487  -65.320  19.301 0.6000000238
35615  -31.415  -64.886  20.628 0.5000000000
29655  -33.048  -70.967  14.131 0.5000000000
29645  -33.202  -70.594  14.900 0.6000000238
34587  -31.246  -65.986  21.269 0.5000000000
31621  -34.824  -69.094  15.205 0.6000000238
31612  -34.700  -68.728  16.218 0.6000000238
31576  -33.542  -68.339  18.509 0.5000000000
32632  -35.667  -67.692  16.104 0.6000000238
32623  -34.762  -67.574  17.567 0.6000000238
33630  -35.035  -66.752  17.875 0.6000000238
32605  -34.388  -67.112  18.388 0.6000000238
29642  -46.137  -70.918  16.665 0.3000000119
28666  -46.349  -71.776  16.800 0.3000000119
29643  -46.478  -71.177  17.120 0.3000000119
30626  -46.483  -70.345  18.035 0.3000000119
29632  -46.883  -70.794  18.026 0.3000000119
30627  -46.899  -70.181  18.366 0.3000000119
30608  -47.539  -69.236  18.825 0.3000000119
31585  -46.242  -69.237  18.853 0.3000000119
142876  -46.974  -69.167  18.728 0.3000000119
30607  -47.055  -69.625  18.597 0.3000000119
31587  -47.441  -68.521  18.789 0.3000000119
31566  -46.271  -68.485  19.094 0.3000000119
31586  -46.945  -68.512  18.805 0.3000000119
37665  -45.975  -62.990  16.523 0.3000000119
37664  -45.385  -62.783  16.973 0.3000000119
38626  -45.689  -62.206  16.483 0.3000000119
38625  -44.984  -61.867  17.315 0.3000000119
39601  -45.445  -60.528  16.524 0.3000000119
145774  -45.737  -61.401  16.278 0.3000000119
39600  -44.846  -60.210  17.283 0.3000000119
27674  -32.136  -72.234  13.790 0.4000000060
27655  -46.651  -72.054  17.438 0.3000000119
29633  -47.286  -70.903  18.332 0.3000000119
27673  -31.478  -72.592  14.074 0.4000000060
30609  -48.023  -69.468  18.998 0.3000000119
31588  -47.879  -68.168  18.859 0.3000000119
33598  -46.961  -66.842  18.286 0.3000000119
137137  -46.403  -66.156  18.237 0.3000000119
36655  -45.530  -64.005  17.411 0.3000000119
131326  -45.897  -63.983  16.988 0.3000000119
36665  -46.420  -63.891  16.898 0.3000000119
36675  -46.344  -63.230  16.649 0.3000000119
37676  -46.345  -62.636  16.417 0.3000000119
39613  -46.058  -60.944  15.817 0.3000000119
30628  -47.434  -70.172  18.607 0.3000000119
32612  -47.673  -67.462  18.565 0.3000000119
21781  -24.030  -78.323  17.899 0.4000000060
23679  -24.619  -77.297  17.786 0.3000000119
23664  -25.672  -76.766  18.976 0.3000000119
24680  -25.684  -75.733  19.240 0.3000000119
28633  -31.165  -71.881  19.860 0.4000000060
28634  -31.536  -71.385  19.385 0.4000000060
27622  -30.776  -72.680  19.955 0.4000000060
26662  -30.760  -73.429  18.518 0.4000000060
29582  -31.289  -70.245  20.787 0.4000000060
29594  -31.721  -70.546  19.774 0.4000000060
147314  -31.683  -71.623  18.613 0.4000000060
27643  -31.561  -72.164  18.087 0.4000000060
28644  -32.037  -71.546  17.752 0.4000000060
27642  -31.146  -72.880  18.144 0.4000000060
147603  -31.442  -72.569  17.446 0.4000000060
29551  -27.690  -70.304  22.335 0.3000000119
29612  -32.537  -70.754  17.790 0.4000000060
30542  -28.381  -69.754  22.564 0.3000000119
30557  -27.778  -69.551  22.039 0.3000000119
28650  -31.992  -71.886  16.650 0.4000000060
31536  -30.391  -68.384  22.144 0.4000000060
25641  -30.532  -73.795  19.449 0.4000000060
28625  -31.293  -71.181  20.280 0.4000000060
27632  -31.307  -72.254  19.044 0.4000000060
22692  -38.553  -77.141  16.751 0.3000000119
22700  -37.461  -77.418  16.705 0.3000000119
22687  -33.691  -77.058  17.079 0.3000000119
23694  -33.097  -76.245  16.810 0.3000000119
23714  -32.761  -76.109  14.656 0.3000000119
23721  -32.588  -76.502  14.349 0.3000000119
24720  -32.679  -75.192  14.775 0.3000000119
24725  -32.175  -75.488  14.368 0.3000000119
25673  -33.033  -74.497  14.928 0.3000000119
24719  -32.331  -74.568  14.144 0.3000000119
25678  -32.789  -73.943  14.053 0.3000000119
25677  -31.877  -73.916  13.925 0.3000000119
26692  -32.234  -73.151  13.785 0.3000000119
22698  -34.233  -77.382  16.374 0.3000000119
21782  -24.642  -78.379  18.101 0.4000000060
22665  -36.619  -77.276  18.645 0.4000000060
22674  -34.803  -77.360  18.214 0.4000000060
22675  -35.685  -77.425  18.451 0.4000000060
22688  -34.518  -77.385  17.338 0.4000000060
23650  -34.221  -76.098  19.876 0.4000000060
23652  -35.811  -76.211  20.260 0.4000000060
23669  -35.458  -76.778  19.677 0.4000000060
23682  -34.296  -76.963  18.750 0.4000000060
24658  -34.801  -74.817  20.926 0.3000000119
24672  -34.363  -75.431  20.375 0.4000000060
24675  -36.941  -75.171  20.389 0.4000000060
25620  -35.242  -74.172  21.200 0.3000000119
25621  -36.159  -74.058  21.101 0.4000000060
25642  -33.701  -74.796  19.368 0.4000000060
25644  -38.930  -73.989  19.719 0.4000000060
26636  -34.598  -73.956  21.029 0.4000000060
26650  -34.089  -73.441  20.458 0.3000000119
26653  -37.717  -73.505  20.795 0.4000000060
26682  -34.761  -73.592  16.671 0.4000000060
27610  -34.627  -72.513  21.409 0.3000000119
27614  -37.864  -72.507  21.836 0.3000000119
27661  -45.060  -72.468  16.014 0.4000000060
27663  -46.052  -71.947  16.024 0.3000000119
27670  -44.904  -72.216  15.517 0.4000000060
27672  -45.558  -72.082  15.661 0.4000000060
27685  -45.317  -71.708  15.450 0.4000000060
27692  -39.407  -71.765  13.490 0.5000000000
27694  -41.067  -71.022  13.734 0.4000000060
27696  -39.085  -71.836  13.332 0.6000000238
28603  -35.246  -71.517  22.794 0.3000000119
28626  -34.062  -71.463  20.427 0.3000000119
28656  -44.694  -72.276  17.312 0.3000000119
28657  -46.772  -71.395  17.600 0.3000000119
28665  -46.117  -71.466  16.332 0.4000000060
28677  -31.693  -71.902  14.216 0.5000000000
28686  -44.154  -71.301  14.795 0.4000000060
28694  -42.604  -71.005  14.231 0.4000000060
28698  -38.991  -70.727  13.161 0.6000000238
28702  -42.370  -70.662  13.867 0.4000000060
29572  -33.942  -70.720  21.737 0.3000000119
29583  -33.902  -70.533  21.352 0.3000000119
29613  -34.615  -71.099  19.143 0.3000000119
29630  -46.086  -70.568  17.081 0.4000000060
29631  -46.461  -70.653  17.554 0.3000000119
29653  -45.377  -70.900  15.737 0.4000000060
29654  -45.785  -71.163  16.037 0.4000000060
29659  -44.443  -70.605  14.960 0.4000000060
29662  -35.051  -70.996  13.935 0.6000000238
29666  -43.139  -70.020  13.940 0.4000000060
29668  -38.231  -70.399  13.171 0.6000000238
29671  -42.050  -70.249  13.617 0.4000000060
30573  -34.323  -69.764  20.650 0.3000000119
30584  -35.027  -69.834  19.393 0.3000000119
30625  -45.919  -70.274  17.585 0.4000000060
30649  -44.548  -70.160  15.521 0.4000000060
30650  -45.178  -70.530  15.933 0.4000000060
30659  -42.816  -69.421  13.887 0.4000000060
30661  -43.924  -70.135  14.620 0.4000000060
30662  -37.791  -69.735  13.301 0.6999999881
31534  -27.944  -68.859  21.539 0.4000000060
31535  -28.549  -68.476  22.002 0.4000000060
31563  -41.109  -68.504  19.677 0.3000000119
31565  -45.547  -68.659  19.236 0.4000000060
31606  -44.749  -69.495  18.072 0.4000000060
31623  -42.862  -68.659  15.100 0.4000000060
31628  -42.583  -68.663  14.228 0.4000000060
31631  -38.242  -68.343  13.449 0.6999999881
31635  -39.767  -68.138  13.308 0.6999999881
32570  -32.508  -67.424  20.264 0.5000000000
32595  -46.688  -67.739  18.834 0.3000000119
32611  -47.329  -67.570  18.569 0.3000000119
32637  -28.862  -67.641  14.874 0.4000000060
32650  -38.908  -66.935  13.468 0.6999999881
33570  -30.495  -66.078  21.305 0.5000000000
33574  -36.249  -67.026  20.458 0.3000000119
33578  -42.397  -65.970  20.233 0.4000000060
33579  -43.031  -66.195  20.331 0.4000000060
33641  -29.851  -66.670  15.143 0.5000000000
33642  -30.270  -66.231  15.297 0.6999999881
33646  -37.285  -67.586  14.268 0.6999999881
33656  -41.069  -66.783  13.355 0.6000000238
34598  -30.240  -65.667  20.266 0.4000000060
34615  -33.278  -65.191  20.449 0.5000000000
34617  -40.554  -65.347  19.444 0.4000000060
34619  -43.847  -65.258  20.061 0.4000000060
34650  -39.761  -65.025  17.954 0.5000000000
34654  -30.824  -65.707  15.589 0.6999999881
34667  -38.933  -65.538  13.657 0.6999999881
34670  -40.870  -65.248  13.229 0.6000000238
35620  -40.011  -64.118  20.242 0.4000000060
35636  -34.412  -63.806  19.806 0.6999999881
35651  -35.561  -64.522  18.575 0.6999999881
35653  -39.629  -64.464  18.724 0.4000000060
35669  -31.728  -63.934  15.613 0.8000000119
35674  -29.975  -65.111  15.306 0.6999999881
35676  -31.269  -64.638  15.581 0.6999999881
36635  -32.146  -63.712  19.584 0.6999999881
36641  -43.713  -63.779  19.708 0.4000000060
36651  -35.439  -62.952  19.197 0.8000000119
36663  -45.109  -63.288  17.525 0.3000000119
36664  -45.861  -63.566  16.830 0.3000000119
36679  -30.719  -64.092  15.503 0.6999999881
36685  -41.463  -62.981  14.064 0.6999999881
36690  -41.170  -63.088  13.457 0.6999999881
37614  -39.502  -62.263  21.088 0.4000000060
37651  -39.044  -62.887  18.934 0.5000000000
37652  -44.241  -62.121  18.592 0.4000000060
37662  -37.686  -62.204  16.970 0.6999999881
37674  -39.896  -62.361  17.114 0.5000000000
37682  -33.535  -61.937  14.568 0.6999999881
38584  -40.049  -61.553  21.432 0.3000000119
38593  -39.073  -61.907  20.989 0.4000000060
38631  -35.209  -61.011  15.819 0.6999999881
38636  -46.215  -61.756  16.011 0.3000000119
38640  -32.738  -62.396  14.913 0.8000000119
39553  -41.092  -60.687  21.057 0.4000000060
39578  -43.457  -60.636  19.159 0.4000000060
39579  -44.010  -60.740  18.450 0.4000000060
39587  -44.601  -60.918  17.702 0.4000000060
39588  -45.233  -61.200  16.923 0.3000000119
39596  -37.535  -60.015  15.896 0.6000000238
39597  -38.231  -60.285  15.744 0.6000000238
39618  -39.956  -59.915  13.598 0.6000000238
40482  -32.855  -58.992  21.199 0.6000000238
40518  -43.185  -59.947  19.276 0.3000000119
41327  -41.777  -58.575  20.230 0.4000000060
41353  -43.400  -58.604  18.504 0.3000000119
41380  -40.952  -58.192  12.741 0.6000000238
41390  -37.625  -57.397  12.440 0.6000000238
41391  -38.510  -57.164  12.035 0.6000000238
42173  -38.515  -57.602  21.298 0.5000000000
42215  -38.151  -57.362  18.765 0.5000000000
43089  -34.155  -56.403  22.543 0.6000000238
43099  -39.249  -56.827  21.570 0.4000000060
43178  -38.536  -56.841  12.001 0.6000000238
44079  -38.149  -55.303  20.099 0.5000000000
44090  -43.466  -56.106  18.121 0.3000000119
44107  -44.807  -56.004  16.382 0.3000000119
44108  -45.195  -55.873  15.806 0.3000000119
44116  -39.359  -54.941  14.316 0.5000000000
44122  -32.208  -54.428  14.395 0.5000000000
44975  -32.223  -54.778  23.034 0.6000000238
44985  -35.306  -54.508  21.482 0.6000000238
44987  -39.042  -54.317  21.401 0.5000000000
45000  -35.656  -54.621  20.758 0.6999999881
45003  -38.468  -54.743  20.976 0.5000000000
45032  -44.283  -54.991  17.146 0.3000000119
45038  -32.356  -54.496  15.161 0.4000000060
45047  -38.743  -54.071  14.682 0.6000000238
45048  -39.065  -54.372  14.393 0.6000000238
45914  -33.867  -53.415  23.368 0.6000000238
45959  -41.645  -53.582  20.026 0.5000000000
45976  -36.709  -52.034  17.015 0.5000000000
46006  -46.104  -53.601  13.452 0.3000000119
46911  -34.084  -52.627  23.350 0.6000000238
46921  -34.591  -52.221  22.840 0.6000000238
46930  -39.851  -53.166  21.190 0.3000000119
46946  -38.859  -52.568  20.868 0.4000000060
46967  -41.857  -52.732  19.793 0.5000000000
46977  -42.826  -52.542  18.654 0.5000000000
46984  -36.948  -51.537  16.838 0.5000000000
46987  -44.347  -52.774  16.788 0.5000000000
46995  -37.335  -51.812  16.393 0.5000000000
46997  -44.234  -52.107  16.574 0.4000000060
47798  -33.342  -51.383  23.892 0.5000000000
47817  -30.655  -51.771  22.334 0.4000000060
47818  -34.856  -51.585  22.412 0.6000000238
47894  -44.528  -51.483  15.202 0.4000000060
47906  -45.122  -51.778  12.777 0.3000000119
48785  -31.856  -50.628  23.931 0.5000000000
48817  -40.480  -50.724  20.385 0.4000000060
48818  -40.879  -51.364  20.381 0.4000000060
48861  -43.365  -50.807  16.989 0.5000000000
48884  -43.629  -50.259  13.477 0.3000000119
49707  -30.635  -49.471  23.117 0.4000000060
49798  -43.313  -49.846  15.984 0.5000000000
49826  -42.526  -50.432  11.826 0.3000000119
50680  -38.844  -48.752  20.187 0.4000000060
50694  -40.197  -48.294  19.543 0.4000000060
50695  -40.838  -48.901  19.362 0.4000000060
50730  -42.017  -47.910  16.549 0.4000000060
50747  -42.286  -48.654  14.229 0.4000000060
50752  -40.022  -48.756  12.200 0.3000000119
50768  -38.656  -48.842  10.484 0.3000000119
51638  -32.830  -47.500  24.350 0.3000000119
51639  -33.499  -47.419  24.201 0.3000000119
51674  -38.772  -47.765  20.031 0.4000000060
51706  -40.920  -46.925  17.672 0.4000000060
51757  -37.731  -47.500  10.889 0.3000000119
51758  -37.897  -47.929  11.180 0.3000000119
52601  -32.513  -46.858  24.135 0.3000000119
52604  -34.269  -46.461  23.740 0.3000000119
52620  -31.646  -46.754  23.803 0.3000000119
52688  -40.533  -46.351  16.310 0.4000000060
52699  -39.471  -46.215  15.080 0.3000000119
52750  -37.645  -46.847  10.950 0.3000000119
53530  -38.405  -45.358  18.243 0.3000000119
54400  -32.652  -44.694  23.617 0.3000000119
54401  -33.997  -44.220  23.692 0.3000000119
54403  -35.206  -44.669  23.153 0.3000000119
54410  -30.605  -44.675  22.317 0.3000000119
54424  -35.496  -44.785  20.032 0.3000000119
56219  -36.691  -42.565  22.061 0.3000000119
56273  -37.177  -42.803  15.846 0.3000000119
57097  -34.400  -41.980  23.033 0.3000000119
57098  -35.027  -42.051  23.013 0.3000000119
57109  -32.841  -41.812  22.752 0.3000000119
57112  -36.485  -41.813  22.417 0.3000000119
58066  -35.865  -40.329  22.529 0.3000000119
58068  -37.296  -40.393  21.967 0.3000000119
58086  -38.621  -40.614  19.864 0.3000000119
58125  -38.435  -40.990  16.218 0.3000000119
58139  -38.555  -40.767  15.596 0.3000000119
61959  -41.674  -36.275  15.815 0.3000000119
61969  -41.982  -36.963  15.251 0.3000000119
62871  -42.898  -35.676  13.773 0.3000000119
63774  -43.162  -35.160  12.442 0.3000000119
126897  -41.168  -65.689  13.563 0.6000000238
129894  -44.066  -54.231  17.401 0.3000000119
132921  -37.792  -56.589  12.928 0.5000000000
133866  -43.679  -69.131  16.217 0.4000000060
134257  -38.297  -58.849  21.046 0.5000000000
134713  -37.645  -68.322  13.623 0.6999999881
135426  -40.896  -64.540  13.269 0.6000000238
135709  -38.756  -54.779  21.298 0.5000000000
136395  -42.641  -62.941  20.328 0.4000000060
137022  -43.520  -54.222  18.025 0.4000000060
137446  -40.471  -65.700  18.778 0.4000000060
138202  -34.438  -73.660  17.581 0.4000000060
138410  -31.735  -72.149  17.319 0.4000000060
138857  -30.950  -49.924  23.455 0.3000000119
139155  -30.378  -49.026  22.691 0.4000000060
139373  -42.162  -37.245  14.468 0.3000000119
140667  -31.782  -63.490  15.368 0.8000000119
141199  -39.002  -59.046  21.578 0.5000000000
141904  -44.260  -66.424  19.987 0.4000000060
142012  -37.370  -38.949  21.963 0.3000000119
142357  -34.472  -40.602  22.675 0.3000000119
142404  -45.487  -72.498  16.522 0.3000000119
145249  -38.872  -57.730  12.394 0.6000000238
146363  -38.768  -61.521  20.775 0.4000000060
146528  -40.806  -63.508  20.836 0.4000000060
146613  -31.457  -48.760  23.904 0.3000000119
146931  -35.121  -43.207  23.223 0.3000000119
146981  -45.125  -64.387  18.263 0.4000000060
147250  -30.538  -43.372  21.471 0.3000000119
148366  -38.979  -54.050  14.811 0.6000000238
149378  -46.428  -62.973  16.584 0.3000000119
149488  -48.372  -69.113  19.289 0.3000000119
149620  -40.289  -68.526  13.305 0.6999999881
150181  -43.439  -67.201  19.772 0.4000000060
150373  -37.151  -57.138  13.094 0.6000000238
150660  -32.713  -44.099  23.489 0.3000000119
150738  -41.104  -62.753  15.115 0.6999999881
150764  -36.686  -72.686  14.562 0.5000000000
150886  -30.897  -72.999  19.040 0.4000000060
151240  -37.049  -51.684  16.502 0.5000000000
151342  -34.501  -46.956  23.394 0.3000000119
151580  -42.892  -65.708  20.411 0.4000000060
151704  -29.038  -67.464  21.509 0.4000000060
151850  -33.815  -74.442  19.835 0.4000000060
152134  -41.276  -69.268  13.381 0.5000000000
