#!ascii label  , from subject sub-v1s2x0051460_ses-1 vox2ras=TkReg
603
67160  21.353  -28.736  15.428 0.0000000000
70985  30.731  -24.689  8.850 0.0000000000
141054  24.699  -14.122  4.947 0.0000000000
132040  20.420  -16.151  7.983 0.0000000000
62152  22.534  -33.440  17.343 0.0000000000
64273  25.406  -31.680  16.317 0.0000000000
69138  24.839  -26.561  11.860 0.0000000000
73827  23.059  -21.643  9.432 0.0000000000
75815  27.654  -18.809  5.547 0.0000000000
81542  29.034  -13.013  6.031 0.0000000000
142555  25.709  -9.095  3.817 0.0000000000
147472  22.033  -31.175  16.343 0.0000000000
63223  24.102  -32.876  16.767 0.0000000000
66217  23.480  -30.328  14.617 0.0000000000
71872  21.570  -23.304  11.728 0.0000000000
74778  19.637  -20.457  11.584 0.0000000000
79624  22.153  -15.426  6.005 0.0000000000
76704  23.823  -18.259  6.423 0.0000000000
78625  25.893  -16.312  4.527 0.0000000000
139308  29.547  -16.244  4.018 0.0000000000
129832  28.203  -14.174  3.106 0.0000000000
87584  23.471  -5.560  5.379 0.0000000000
85854  23.799  -7.622  5.321 0.0000000000
87588  25.417  -6.789  3.677 0.0000000000
70070  27.795  -25.829  10.931 0.0000000000
68123  27.235  -28.232  12.490 0.0000000000
153363  29.682  -26.341  11.548 0.0000000000
82434  20.427  -12.215  5.992 0.0000000000
71911  33.355  -22.689  6.899 0.0000000000
151314  20.585  -26.107  14.255 0.0000000000
68127  22.645  -27.424  13.508 0.0000000000
70054  21.789  -25.278  12.747 0.0000000000
70973  24.421  -24.250  10.627 0.0000000000
72844  26.878  -22.489  9.314 0.0000000000
75787  21.746  -19.075  8.868 0.0000000000
74822  25.443  -20.510  7.499 0.0000000000
73848  29.952  -21.502  7.068 0.0000000000
74837  31.321  -19.950  5.094 0.0000000000
84141  21.094  -9.353  5.323 0.0000000000
149577  25.503  -11.436  4.751 0.0000000000
151296  23.818  -8.159  -0.327 0.0000000000
84984  26.234  -10.022  1.328 0.0000000000
83304  27.600  -11.704  2.277 0.0000000000
84136  28.455  -10.607  4.764 0.0000000000
66238  25.184  -29.607  13.360 0.0000000000
67161  20.440  -27.901  16.093 0.0000000000
67144  20.542  -28.743  16.578 0.0000000000
146052  21.290  -29.833  16.063 0.0000000000
65265  22.705  -30.913  15.617 0.0000000000
67159  22.235  -29.091  15.003 0.0000000000
80610  23.133  -14.595  5.387 0.0000000000
137032  24.378  -16.213  5.066 0.0000000000
80620  25.582  -15.050  4.264 0.0000000000
79632  27.414  -15.377  3.894 0.0000000000
127279  26.522  -14.327  3.929 0.0000000000
88421  24.347  -5.063  4.868 0.0000000000
87583  24.357  -5.901  4.857 0.0000000000
88426  25.561  -4.903  3.569 0.0000000000
132136  28.921  -24.832  10.175 0.0000000000
131467  28.989  -26.297  10.559 0.0000000000
70085  30.309  -25.787  9.818 0.0000000000
82427  19.301  -12.213  7.540 0.0000000000
84122  19.087  -10.306  7.455 0.0000000000
63226  21.393  -32.238  17.683 0.0000000000
142744  21.498  -33.406  18.524 0.0000000000
61181  22.527  -34.451  18.422 0.0000000000
151149  23.724  -34.819  18.269 0.0000000000
63241  24.940  -32.380  16.708 0.0000000000
62149  25.106  -33.396  17.642 0.0000000000
70032  21.344  -25.558  13.305 0.0000000000
70918  20.991  -24.903  13.221 0.0000000000
72847  22.752  -22.446  10.146 0.0000000000
71871  22.323  -23.750  11.207 0.0000000000
72832  23.570  -23.028  10.066 0.0000000000
71882  25.935  -23.370  10.164 0.0000000000
137257  25.028  -22.275  9.143 0.0000000000
76668  20.169  -18.178  10.029 0.0000000000
77596  20.715  -17.546  8.811 0.0000000000
75817  25.808  -18.927  5.783 0.0000000000
75809  24.601  -19.316  6.798 0.0000000000
75807  26.563  -19.781  6.389 0.0000000000
74820  27.596  -20.499  7.320 0.0000000000
74833  28.560  -20.309  6.541 0.0000000000
74831  31.241  -20.651  5.436 0.0000000000
75812  30.064  -19.106  4.697 0.0000000000
133136  29.450  -14.798  4.902 0.0000000000
78603  30.206  -16.926  5.714 0.0000000000
85853  24.519  -8.579  5.082 0.0000000000
84969  21.811  -8.636  5.439 0.0000000000
84967  24.114  -9.324  5.312 0.0000000000
83289  23.304  -10.992  5.399 0.0000000000
84137  24.838  -10.371  5.134 0.0000000000
84153  27.252  -11.152  2.068 0.0000000000
84982  28.065  -10.359  2.624 0.0000000000
84147  28.336  -10.826  3.358 0.0000000000
68143  23.912  -27.568  12.622 0.0000000000
68125  23.949  -28.380  13.171 0.0000000000
67203  25.365  -28.485  12.703 0.0000000000
68101  28.477  -27.930  14.004 0.0000000000
67175  27.272  -28.769  13.929 0.0000000000
65232  20.771  -30.721  17.549 0.0000000000
63245  21.672  -31.774  17.028 0.0000000000
63224  23.324  -33.209  16.958 0.0000000000
64275  22.913  -31.763  15.907 0.0000000000
64274  23.741  -32.018  15.749 0.0000000000
65264  24.645  -31.086  14.799 0.0000000000
72812  19.899  -22.503  12.534 0.0000000000
73804  20.753  -21.653  11.376 0.0000000000
74801  21.969  -20.885  9.784 0.0000000000
79615  20.904  -15.359  7.049 0.0000000000
77610  21.472  -16.994  7.479 0.0000000000
78616  23.239  -16.813  5.950 0.0000000000
127364  25.141  -17.138  5.286 0.0000000000
77626  27.069  -17.556  5.193 0.0000000000
76719  29.070  -17.937  4.402 0.0000000000
78635  28.356  -16.158  3.697 0.0000000000
80624  28.996  -15.265  3.502 0.0000000000
81551  28.931  -13.403  4.553 0.0000000000
151853  21.832  -6.375  5.958 0.0000000000
86744  22.886  -6.768  5.572 0.0000000000
86753  25.104  -7.326  4.681 0.0000000000
86752  25.423  -7.560  4.086 0.0000000000
70072  25.875  -25.772  11.364 0.0000000000
69120  26.333  -27.342  11.958 0.0000000000
69135  27.648  -26.677  11.365 0.0000000000
69133  28.937  -26.915  11.742 0.0000000000
80584  19.217  -14.479  8.681 0.0000000000
81535  19.921  -13.696  7.341 0.0000000000
81556  21.454  -13.754  5.867 0.0000000000
138396  22.576  -13.218  5.356 0.0000000000
62138  24.718  -34.109  17.949 0.0000000000
129341  31.846  -23.950  8.226 0.0000000000
70983  32.213  -24.855  8.786 0.0000000000
131822  20.680  -27.161  14.941 0.0000000000
67180  21.818  -28.249  14.823 0.0000000000
68128  21.825  -27.043  13.936 0.0000000000
69123  22.659  -26.433  12.720 0.0000000000
70052  23.376  -25.870  11.884 0.0000000000
70956  21.915  -24.108  11.926 0.0000000000
70075  22.998  -25.232  11.655 0.0000000000
70073  24.818  -25.785  11.517 0.0000000000
70971  26.338  -24.234  10.608 0.0000000000
71881  27.148  -23.895  10.353 0.0000000000
72842  28.713  -22.887  8.994 0.0000000000
75761  20.795  -19.654  10.318 0.0000000000
74810  23.119  -20.444  8.553 0.0000000000
76693  22.613  -18.321  7.429 0.0000000000
75785  23.543  -19.937  7.864 0.0000000000
74808  24.531  -20.836  8.006 0.0000000000
73836  26.556  -21.373  8.348 0.0000000000
73834  28.715  -21.520  8.119 0.0000000000
72853  30.566  -22.845  7.865 0.0000000000
72866  31.057  -22.304  7.169 0.0000000000
74829  32.290  -21.307  6.171 0.0000000000
77625  30.480  -18.148  5.044 0.0000000000
83292  20.807  -10.882  5.198 0.0000000000
135412  22.819  -11.791  5.348 0.0000000000
82443  24.527  -12.745  5.296 0.0000000000
87594  25.281  -7.220  2.627 0.0000000000
85868  25.399  -9.193  2.001 0.0000000000
84995  25.284  -9.445  0.145 0.0000000000
84976  26.028  -9.909  2.656 0.0000000000
84148  26.367  -10.862  3.191 0.0000000000
82441  26.219  -12.084  3.958 0.0000000000
146632  26.557  -12.843  3.627 0.0000000000
82458  27.812  -12.742  2.539 0.0000000000
82452  28.617  -12.832  3.817 0.0000000000
82433  28.710  -12.101  5.682 0.0000000000
67178  23.467  -29.000  13.981 0.0000000000
66230  23.842  -29.829  14.068 0.0000000000
65276  25.067  -30.561  14.351 0.0000000000
67191  26.288  -29.103  12.926 0.0000000000
66227  26.241  -29.821  14.102 0.0000000000
149240  20.708  -28.505  15.868 0.0000000000
66220  20.935  -29.206  15.958 0.0000000000
66219  21.719  -29.536  15.581 0.0000000000
137189  23.955  -14.381  5.109 0.0000000000
80609  24.708  -14.839  4.655 0.0000000000
80608  25.446  -14.244  4.490 0.0000000000
88427  25.095  -5.016  4.282 0.0000000000
70986  30.004  -24.594  9.224 0.0000000000
70969  29.723  -25.346  9.806 0.0000000000
70968  30.537  -25.287  9.320 0.0000000000
62153  21.741  -33.092  17.784 0.0000000000
63209  21.161  -32.620  18.405 0.0000000000
129178  22.107  -33.863  18.018 0.0000000000
61180  23.222  -34.736  18.245 0.0000000000
62140  22.845  -34.217  17.766 0.0000000000
64255  25.846  -31.921  17.080 0.0000000000
136563  26.115  -31.394  16.627 0.0000000000
70919  20.251  -24.596  13.662 0.0000000000
72846  23.680  -22.298  9.431 0.0000000000
72831  24.417  -22.739  9.650 0.0000000000
72845  24.410  -22.035  8.953 0.0000000000
131831  20.181  -16.950  8.916 0.0000000000
78593  20.751  -16.857  8.133 0.0000000000
75816  26.646  -19.044  5.751 0.0000000000
75806  27.533  -19.399  5.956 0.0000000000
74834  27.531  -20.002  6.566 0.0000000000
75805  28.490  -19.727  5.892 0.0000000000
75804  29.429  -20.131  5.681 0.0000000000
75813  29.382  -19.455  5.140 0.0000000000
81541  29.296  -13.970  5.362 0.0000000000
80601  29.501  -14.648  6.168 0.0000000000
141604  25.402  -8.850  4.442 0.0000000000
84966  25.206  -9.585  4.790 0.0000000000
85866  27.950  -9.526  2.453 0.0000000000
133851  24.387  -27.015  12.119 0.0000000000
67204  24.590  -28.207  12.802 0.0000000000
68142  24.937  -27.745  12.449 0.0000000000
150519  28.956  -28.148  14.563 0.0000000000
67174  28.503  -28.475  14.680 0.0000000000
65250  21.336  -30.359  16.491 0.0000000000
65251  20.790  -30.208  17.115 0.0000000000
64276  21.217  -30.959  16.995 0.0000000000
63244  22.419  -32.153  16.542 0.0000000000
141316  23.234  -30.772  15.087 0.0000000000
64286  23.446  -31.389  15.362 0.0000000000
64285  24.216  -31.555  15.286 0.0000000000
133478  23.878  -31.039  14.818 0.0000000000
128688  19.640  -21.357  11.860 0.0000000000
74790  20.435  -20.837  11.184 0.0000000000
73818  21.365  -21.241  10.591 0.0000000000
74789  21.077  -20.433  10.443 0.0000000000
131134  21.361  -15.033  6.453 0.0000000000
79614  21.589  -15.832  6.646 0.0000000000
79623  22.796  -16.043  5.750 0.0000000000
78626  25.186  -16.411  4.805 0.0000000000
132109  24.697  -16.824  5.277 0.0000000000
78614  25.769  -16.874  5.004 0.0000000000
77627  26.408  -17.235  5.168 0.0000000000
78624  26.522  -16.565  4.618 0.0000000000
77641  28.162  -16.902  3.978 0.0000000000
78623  27.427  -16.255  4.066 0.0000000000
80618  27.925  -14.700  3.366 0.0000000000
80625  28.487  -14.876  3.473 0.0000000000
80617  28.785  -14.548  3.425 0.0000000000
81550  29.133  -14.235  4.118 0.0000000000
81559  28.560  -13.701  3.267 0.0000000000
88411  22.353  -5.288  6.040 0.0000000000
87572  22.499  -6.018  5.686 0.0000000000
137185  23.726  -6.365  5.246 0.0000000000
142726  25.079  -6.517  4.390 0.0000000000
142248  24.619  -6.675  4.893 0.0000000000
70071  26.876  -25.789  11.234 0.0000000000
69136  26.633  -26.596  11.617 0.0000000000
152144  29.411  -26.307  10.722 0.0000000000
145854  28.973  -26.692  11.026 0.0000000000
139959  29.570  -26.656  12.535 0.0000000000
81529  18.763  -13.891  9.099 0.0000000000
81528  19.007  -13.628  8.579 0.0000000000
80595  19.831  -14.335  7.749 0.0000000000
81536  19.453  -13.724  7.988 0.0000000000
82435  19.838  -12.273  6.742 0.0000000000
81544  20.294  -13.157  6.620 0.0000000000
138977  21.012  -12.882  5.760 0.0000000000
139055  21.841  -13.094  5.468 0.0000000000
82446  21.533  -12.235  5.317 0.0000000000
62151  23.287  -33.829  17.369 0.0000000000
62150  24.144  -33.553  17.364 0.0000000000
62137  25.690  -33.757  18.163 0.0000000000
71910  32.212  -23.131  7.491 0.0000000000
68105  20.356  -26.439  14.937 0.0000000000
68104  21.389  -27.473  14.593 0.0000000000
69079  20.954  -26.763  14.355 0.0000000000
70031  22.012  -25.991  13.000 0.0000000000
70053  22.625  -25.780  12.300 0.0000000000
71873  20.691  -22.888  12.224 0.0000000000
71855  21.082  -23.710  12.409 0.0000000000
71885  23.555  -23.818  10.566 0.0000000000
71870  22.933  -24.070  10.908 0.0000000000
70954  23.499  -24.655  11.070 0.0000000000
70074  23.832  -25.471  11.500 0.0000000000
70953  24.340  -25.019  11.156 0.0000000000
70952  25.165  -24.999  11.020 0.0000000000
70972  25.466  -24.204  10.578 0.0000000000
137971  25.883  -22.493  9.413 0.0000000000
71896  27.551  -23.235  9.699 0.0000000000
71895  28.530  -23.419  9.474 0.0000000000
72843  27.879  -22.643  9.183 0.0000000000
76667  20.931  -18.616  9.490 0.0000000000
75775  20.478  -18.907  10.188 0.0000000000
75774  21.301  -19.344  9.608 0.0000000000
149232  21.624  -20.077  9.726 0.0000000000
75773  22.182  -19.803  9.046 0.0000000000
76705  23.024  -17.960  6.763 0.0000000000
77609  22.225  -17.466  7.178 0.0000000000
75795  25.155  -20.129  7.259 0.0000000000
75797  23.982  -19.519  7.234 0.0000000000
74823  24.874  -20.434  7.586 0.0000000000
74809  23.923  -20.523  8.031 0.0000000000
73853  25.190  -20.917  7.879 0.0000000000
73838  24.934  -21.260  8.222 0.0000000000
73852  25.979  -20.920  7.816 0.0000000000
74819  28.776  -20.796  7.124 0.0000000000
73850  28.176  -20.957  7.825 0.0000000000
147748  29.178  -22.075  8.273 0.0000000000
72867  30.291  -22.074  7.444 0.0000000000
140455  30.732  -21.715  6.632 0.0000000000
133959  31.785  -21.228  5.849 0.0000000000
74830  31.848  -20.499  5.604 0.0000000000
74817  32.395  -20.823  6.294 0.0000000000
75803  31.543  -19.766  5.381 0.0000000000
77635  29.646  -17.341  3.970 0.0000000000
76718  29.832  -18.219  4.496 0.0000000000
78622  30.069  -17.005  3.959 0.0000000000
85842  22.649  -7.251  5.701 0.0000000000
85855  22.241  -7.807  5.581 0.0000000000
84970  20.902  -8.028  5.583 0.0000000000
84971  20.530  -8.651  5.587 0.0000000000
84959  20.035  -8.751  5.898 0.0000000000
84130  19.830  -9.791  5.921 0.0000000000
152256  20.920  -10.172  5.130 0.0000000000
83288  24.364  -11.157  5.328 0.0000000000
136770  23.899  -11.931  5.455 0.0000000000
136834  24.826  -11.980  5.269 0.0000000000
87606  25.258  -6.592  1.880 0.0000000000
87595  24.712  -7.638  1.499 0.0000000000
86762  24.839  -8.310  1.822 0.0000000000
86771  24.254  -8.407  0.475 0.0000000000
85002  26.018  -9.668  0.558 0.0000000000
85888  25.325  -9.348  -0.152 0.0000000000
84994  25.964  -9.715  0.707 0.0000000000
85879  25.336  -9.521  0.759 0.0000000000
143413  26.411  -10.612  2.593 0.0000000000
138352  26.760  -10.674  1.879 0.0000000000
148736  26.743  -11.468  2.621 0.0000000000
83305  27.136  -11.650  2.216 0.0000000000
133894  26.850  -12.125  2.824 0.0000000000
142764  27.484  -12.216  2.402 0.0000000000
82459  27.405  -12.999  2.733 0.0000000000
83296  28.473  -11.424  3.969 0.0000000000
140158  28.594  -12.090  4.513 0.0000000000
83287  28.567  -11.348  5.241 0.0000000000
68103  22.292  -27.801  14.189 0.0000000000
67179  22.687  -28.622  14.377 0.0000000000
67194  23.148  -28.239  13.695 0.0000000000
67193  24.837  -28.876  13.063 0.0000000000
131526  24.240  -29.224  13.559 0.0000000000
66229  24.677  -30.045  13.849 0.0000000000
66228  25.524  -30.112  13.845 0.0000000000
68140  26.872  -28.024  12.029 0.0000000000
68124  26.564  -28.540  12.520 0.0000000000
66226  26.983  -29.309  14.489 0.0000000000
67176  26.581  -29.258  13.591 0.0000000000
66215  26.620  -29.920  15.138 0.0000000000
66202  20.814  -29.642  16.569 0.0000000000
65266  21.941  -30.321  15.865 0.0000000000
66218  22.633  -30.060  15.181 0.0000000000
80611  22.451  -14.781  5.659 0.0000000000
127894  22.968  -15.388  5.505 0.0000000000
79622  23.917  -15.319  5.050 0.0000000000
79635  24.881  -15.625  4.589 0.0000000000
79634  25.708  -15.786  4.320 0.0000000000
79633  26.518  -15.942  4.173 0.0000000000
80619  26.488  -15.188  4.095 0.0000000000
137628  27.255  -14.651  3.756 0.0000000000
81560  27.572  -13.959  3.106 0.0000000000
88422  23.599  -4.802  5.608 0.0000000000
148309  24.832  -5.577  4.441 0.0000000000
87589  25.237  -5.750  3.922 0.0000000000
70970  28.141  -24.977  10.561 0.0000000000
70087  28.499  -25.948  10.623 0.0000000000
133688  29.022  -25.703  10.318 0.0000000000
70086  29.597  -26.044  10.211 0.0000000000
70068  30.162  -25.969  10.640 0.0000000000
83278  18.925  -11.279  7.828 0.0000000000
83277  19.452  -11.225  6.886 0.0000000000
63227  20.845  -31.797  18.288 0.0000000000
64244  20.510  -31.432  18.889 0.0000000000
61166  22.965  -34.980  18.869 0.0000000000
60253  23.687  -35.239  18.672 0.0000000000
63242  24.138  -32.416  16.245 0.0000000000
132843  24.774  -32.969  17.202 0.0000000000
69080  20.179  -25.604  14.542 0.0000000000
70033  20.563  -25.450  13.804 0.0000000000
72822  22.056  -22.952  10.932 0.0000000000
71886  22.837  -23.387  10.583 0.0000000000
71884  24.158  -23.433  10.211 0.0000000000
71883  24.920  -23.418  10.185 0.0000000000
72830  25.213  -22.807  9.723 0.0000000000
72856  26.217  -21.915  8.821 0.0000000000
76681  20.609  -17.996  9.375 0.0000000000
76680  21.305  -18.276  8.787 0.0000000000
76714  24.933  -18.158  5.816 0.0000000000
76703  24.494  -18.663  6.349 0.0000000000
76702  25.141  -18.994  6.224 0.0000000000
132146  25.779  -19.495  6.277 0.0000000000
74836  25.750  -20.100  6.959 0.0000000000
74821  26.561  -20.623  7.519 0.0000000000
74835  26.594  -20.287  7.026 0.0000000000
74818  29.559  -21.110  6.849 0.0000000000
73857  30.370  -21.123  6.188 0.0000000000
132742  29.509  -20.703  6.328 0.0000000000
74832  30.332  -20.451  5.541 0.0000000000
147031  30.752  -19.528  4.903 0.0000000000
79631  29.536  -15.588  4.475 0.0000000000
78613  29.944  -16.421  4.777 0.0000000000
79621  29.681  -15.494  5.484 0.0000000000
78604  29.928  -16.126  5.884 0.0000000000
133166  23.354  -8.188  5.381 0.0000000000
84968  22.989  -8.981  5.480 0.0000000000
84139  22.686  -9.922  5.483 0.0000000000
84140  21.863  -9.890  5.439 0.0000000000
84138  23.731  -10.145  5.485 0.0000000000
83298  25.793  -10.557  4.289 0.0000000000
84993  26.563  -9.959  1.148 0.0000000000
84983  27.152  -10.516  1.697 0.0000000000
152790  27.530  -10.938  2.026 0.0000000000
84152  27.839  -11.162  2.315 0.0000000000
83303  28.222  -11.607  2.749 0.0000000000
84975  28.421  -9.904  4.256 0.0000000000
68126  23.325  -27.743  13.141 0.0000000000
68122  28.071  -27.622  12.846 0.0000000000
68102  27.614  -28.249  13.422 0.0000000000
67158  27.765  -28.858  14.720 0.0000000000
64257  20.595  -30.919  18.222 0.0000000000
64256  21.040  -31.409  17.611 0.0000000000
63225  22.029  -32.637  17.135 0.0000000000
142242  22.697  -32.821  16.830 0.0000000000
63243  23.302  -32.521  16.354 0.0000000000
133524  24.585  -31.949  15.940 0.0000000000
64284  25.047  -31.435  15.485 0.0000000000
72824  20.157  -22.144  11.979 0.0000000000
72823  21.201  -22.464  11.562 0.0000000000
72833  21.736  -22.062  10.762 0.0000000000
73817  22.248  -21.601  10.046 0.0000000000
151361  22.522  -21.290  9.600 0.0000000000
79603  20.389  -15.573  7.693 0.0000000000
78592  21.036  -16.200  7.381 0.0000000000
77620  22.689  -17.136  6.550 0.0000000000
77630  23.925  -17.527  5.981 0.0000000000
140600  23.539  -16.119  5.427 0.0000000000
78615  24.076  -16.840  5.554 0.0000000000
77629  24.601  -17.467  5.628 0.0000000000
77628  25.570  -17.634  5.457 0.0000000000
76712  26.311  -18.121  5.528 0.0000000000
76711  27.336  -18.202  5.371 0.0000000000
76710  28.322  -18.351  5.075 0.0000000000
76720  28.024  -17.573  4.714 0.0000000000
77636  28.861  -17.329  3.984 0.0000000000
78633  29.425  -16.637  3.754 0.0000000000
153923  27.846  -15.792  3.781 0.0000000000
79644  28.732  -15.638  3.545 0.0000000000
79643  29.164  -15.962  3.617 0.0000000000
80616  29.238  -15.000  3.933 0.0000000000
86743  24.273  -7.126  5.143 0.0000000000
140763  24.862  -7.942  4.865 0.0000000000
85863  25.419  -8.198  4.271 0.0000000000
69137  25.645  -26.537  11.760 0.0000000000
69121  25.354  -27.215  12.078 0.0000000000
69119  27.225  -27.364  11.767 0.0000000000
133577  27.833  -27.270  11.629 0.0000000000
70069  28.413  -26.458  10.958 0.0000000000
69134  28.348  -26.953  11.367 0.0000000000
69118  28.250  -27.321  11.896 0.0000000000
69099  28.867  -27.114  12.618 0.0000000000
80596  19.765  -15.124  8.214 0.0000000000
132132  20.329  -14.862  7.393 0.0000000000
145824  20.786  -14.740  6.798 0.0000000000
81545  19.645  -13.062  7.395 0.0000000000
81543  20.821  -13.670  6.262 0.0000000000
80612  21.769  -14.553  5.948 0.0000000000
81555  22.330  -13.960  5.560 0.0000000000
81554  23.217  -13.755  5.310 0.0000000000
81553  24.143  -13.568  5.220 0.0000000000
62139  23.732  -34.365  17.841 0.0000000000
71904  30.888  -23.785  8.416 0.0000000000
70984  31.295  -25.174  8.925 0.0000000000
70991  32.420  -24.406  8.324 0.0000000000
68083  20.417  -27.167  15.573 0.0000000000
68082  20.895  -27.881  15.333 0.0000000000
151960  21.338  -26.231  13.688 0.0000000000
69101  22.263  -26.683  13.289 0.0000000000
69100  23.023  -27.083  12.887 0.0000000000
69122  23.430  -26.580  12.295 0.0000000000
70051  24.081  -26.242  11.802 0.0000000000
70936  20.614  -24.147  13.030 0.0000000000
70935  21.448  -24.506  12.584 0.0000000000
70934  22.242  -24.914  12.090 0.0000000000
70955  22.626  -24.494  11.416 0.0000000000
70951  26.119  -24.991  10.932 0.0000000000
70950  27.067  -24.936  10.797 0.0000000000
71880  28.264  -24.064  10.036 0.0000000000
71879  29.196  -24.273  9.706 0.0000000000
71894  29.441  -23.593  9.038 0.0000000000
151375  19.660  -19.740  11.368 0.0000000000
130298  20.268  -20.030  11.009 0.0000000000
73840  23.381  -21.161  8.845 0.0000000000
76694  21.567  -17.772  7.950 0.0000000000
76679  22.193  -18.698  8.160 0.0000000000
75810  24.099  -18.950  6.749 0.0000000000
75798  23.082  -19.176  7.617 0.0000000000
75786  22.660  -19.552  8.310 0.0000000000
73839  23.910  -21.021  8.401 0.0000000000
73826  23.837  -21.642  8.838 0.0000000000
72858  24.967  -21.710  8.611 0.0000000000
72857  25.483  -21.934  8.820 0.0000000000
73851  27.054  -20.885  7.934 0.0000000000
73835  27.672  -21.393  8.335 0.0000000000
72855  27.242  -21.911  8.836 0.0000000000
138820  28.390  -22.128  8.648 0.0000000000
72841  29.283  -22.707  8.600 0.0000000000
72852  31.384  -23.081  7.708 0.0000000000
72864  32.493  -22.535  6.919 0.0000000000
73856  31.190  -21.321  5.969 0.0000000000
72870  32.304  -21.920  6.337 0.0000000000
76709  29.265  -18.704  4.774 0.0000000000
76717  30.379  -18.680  4.784 0.0000000000
78612  30.235  -17.354  4.689 0.0000000000
76690  31.325  -19.146  5.866 0.0000000000
142181  19.757  -10.660  6.171 0.0000000000
83284  20.500  -11.447  5.611 0.0000000000
83291  21.414  -10.634  5.139 0.0000000000
145922  21.290  -11.460  5.161 0.0000000000
82445  22.304  -12.462  5.314 0.0000000000
82444  23.325  -12.799  5.358 0.0000000000
81552  25.128  -13.482  4.939 0.0000000000
88429  25.446  -6.022  3.099 0.0000000000
86761  25.325  -8.005  3.089 0.0000000000
85862  25.589  -8.684  3.505 0.0000000000
85880  24.520  -9.169  0.096 0.0000000000
85869  24.736  -9.019  0.988 0.0000000000
84977  25.910  -9.926  3.747 0.0000000000
83297  26.304  -11.403  3.634 0.0000000000
84154  26.830  -11.160  2.182 0.0000000000
82442  25.592  -12.589  4.711 0.0000000000
81562  26.057  -13.528  4.241 0.0000000000
81561  26.894  -13.587  3.389 0.0000000000
81567  27.970  -13.421  2.717 0.0000000000
147283  27.997  -12.255  2.451 0.0000000000
82457  28.219  -12.899  2.792 0.0000000000
82440  28.739  -12.682  4.959 0.0000000000
84965  28.635  -9.819  5.475 0.0000000000
84129  28.681  -10.577  5.894 0.0000000000
83283  28.809  -11.333  6.322 0.0000000000
82426  28.987  -12.077  6.724 0.0000000000
66231  23.048  -29.502  14.501 0.0000000000
65277  24.259  -30.552  14.337 0.0000000000
65263  25.438  -30.877  15.035 0.0000000000
68141  25.978  -28.061  12.323 0.0000000000
67202  26.012  -28.768  12.618 0.0000000000
67192  25.668  -29.198  12.928 0.0000000000
67190  26.927  -28.763  13.056 0.0000000000
67177  25.960  -29.682  13.320 0.0000000000
66216  25.845  -30.341  14.613 0.0000000000
65262  26.103  -30.544  15.310 0.0000000000
64272  25.923  -31.057  15.880 0.0000000000
70084  30.901  -25.499  9.468 0.0000000000
145048  30.989  -25.548  10.216 0.0000000000
68139  27.552  -27.701  11.972 0.0000000000
70992  31.814  -24.767  8.595 0.0000000000
70993  31.342  -24.599  8.646 0.0000000000
71893  30.221  -24.019  8.783 0.0000000000
71897  26.656  -23.065  9.801 0.0000000000
71905  30.015  -23.276  8.413 0.0000000000
71909  33.038  -23.026  7.172 0.0000000000
72854  29.826  -22.447  8.070 0.0000000000
72865  31.835  -22.432  6.975 0.0000000000
72869  32.979  -22.366  6.697 0.0000000000
73825  24.459  -21.414  8.468 0.0000000000
73833  29.540  -21.783  7.761 0.0000000000
73837  25.568  -21.421  8.330 0.0000000000
73847  31.526  -21.817  6.342 0.0000000000
73849  29.147  -21.253  7.491 0.0000000000
73855  32.911  -21.964  6.484 0.0000000000
74800  22.371  -20.423  9.248 0.0000000000
74824  24.284  -20.222  7.639 0.0000000000
74838  30.910  -20.118  4.946 0.0000000000
75796  24.686  -19.893  7.252 0.0000000000
75808  25.157  -19.670  6.842 0.0000000000
75814  28.454  -19.087  5.380 0.0000000000
76692  23.483  -18.725  7.019 0.0000000000
76713  25.504  -18.398  5.730 0.0000000000
76715  24.358  -18.051  6.029 0.0000000000
77619  23.358  -17.570  6.317 0.0000000000
77634  30.120  -17.764  4.418 0.0000000000
77637  27.270  -16.968  4.690 0.0000000000
77640  28.976  -16.816  3.683 0.0000000000
78579  20.023  -16.357  8.581 0.0000000000
78605  22.363  -16.322  6.263 0.0000000000
78606  21.878  -16.656  6.891 0.0000000000
78634  28.971  -16.269  3.576 0.0000000000
79587  19.985  -15.792  8.254 0.0000000000
79645  28.172  -15.390  3.617 0.0000000000
80602  21.060  -14.329  6.331 0.0000000000
80603  20.407  -14.125  6.896 0.0000000000
82447  20.899  -11.886  5.362 0.0000000000
83285  20.010  -11.458  6.123 0.0000000000
83290  22.317  -10.846  5.258 0.0000000000
84142  20.458  -9.746  5.414 0.0000000000
86779  23.912  -8.615  -0.560 0.0000000000
130309  27.911  -28.405  14.190 0.0000000000
131669  22.770  -20.971  9.213 0.0000000000
136145  21.919  -11.589  5.183 0.0000000000
140159  28.432  -12.192  3.238 0.0000000000
141761  25.988  -20.523  7.367 0.0000000000
142725  20.218  -10.680  5.660 0.0000000000
146691  30.369  -17.533  5.333 0.0000000000
147887  29.273  -15.619  3.844 0.0000000000
148462  30.248  -19.818  4.996 0.0000000000
150739  25.046  -17.610  5.522 0.0000000000
150980  23.698  -28.712  13.590 0.0000000000
