#!ascii label  , from subject sub-v1s2x0051460_ses-1 vox2ras=TkReg
2025
36214  48.897  -61.536  23.431 0.6000000238
35212  49.528  -62.099  24.879 0.5000000000
36192  46.427  -61.575  25.035 0.6999999881
36193  45.512  -61.493  25.183 0.6000000238
36205  45.759  -61.515  24.457 0.6000000238
36194  44.580  -61.452  25.516 0.6000000238
35203  47.117  -62.120  25.663 0.6999999881
141259  47.405  -61.630  24.800 0.6000000238
140594  47.200  -61.442  23.984 0.5000000000
35220  47.188  -61.915  23.398 0.5000000000
35234  47.616  -62.396  22.773 0.5000000000
140671  45.061  -61.844  23.980 0.6000000238
36206  44.656  -61.404  24.538 0.6000000238
130577  48.191  -62.252  25.624 0.5000000000
36201  49.694  -61.767  24.081 0.5000000000
36215  47.994  -61.477  23.659 0.6000000238
36217  44.049  -61.913  23.893 0.6000000238
35210  51.586  -62.715  24.828 0.5000000000
144310  52.145  -62.984  24.233 0.5000000000
36170  42.737  -61.266  27.634 0.6000000238
36184  42.835  -61.133  26.915 0.6999999881
35176  44.932  -62.376  27.363 0.6000000238
132485  43.499  -61.571  27.149 0.6000000238
129937  44.020  -61.560  26.327 0.6000000238
36183  43.261  -61.195  26.331 0.6000000238
35191  46.801  -62.498  26.524 0.6000000238
35192  45.728  -62.371  26.652 0.6999999881
37203  43.069  -60.850  25.735 0.6000000238
35202  49.318  -62.379  25.689 0.5000000000
35174  46.507  -62.781  27.349 0.5000000000
37206  43.196  -60.759  25.080 0.6000000238
35211  50.576  -62.366  24.875 0.5000000000
37209  43.171  -60.877  24.335 0.6000000238
35201  50.436  -62.526  25.768 0.5000000000
148295  42.863  -60.630  23.847 0.6000000238
37214  42.810  -59.986  23.056 0.6999999881
36226  43.052  -61.450  22.910 0.6000000238
38124  42.966  -59.304  22.827 0.6999999881
37213  43.128  -60.678  22.678 0.6000000238
37223  43.630  -60.438  21.997 0.6000000238
37222  44.458  -61.014  20.936 0.6000000238
152291  43.863  -61.009  21.514 0.6000000238
39033  48.667  -59.546  18.623 0.5000000000
39038  50.923  -58.874  17.676 0.6999999881
38149  49.110  -59.972  17.938 0.6000000238
39047  50.943  -59.021  16.723 0.8000000119
38154  49.906  -59.475  17.561 0.6999999881
37154  42.010  -60.777  28.889 0.6000000238
37182  41.705  -60.201  27.509 0.6999999881
35158  43.909  -62.199  28.608 0.6999999881
35177  44.083  -62.083  27.740 0.6999999881
36169  43.332  -61.725  28.104 0.6000000238
37195  42.590  -60.624  26.295 0.6999999881
37196  41.905  -60.107  26.676 0.6999999881
35156  45.375  -62.772  28.123 0.6000000238
35142  44.471  -62.621  29.063 0.6000000238
38106  41.624  -59.510  26.247 0.8000000119
34117  46.639  -63.477  28.592 0.5000000000
34136  46.164  -63.066  28.045 0.5000000000
38116  41.669  -59.176  25.469 0.8000000119
37204  42.637  -60.361  25.403 0.6000000238
34134  48.204  -63.191  27.973 0.5000000000
35173  47.550  -62.838  27.349 0.5000000000
38119  41.922  -59.152  24.690 0.8000000119
37207  42.673  -60.290  24.511 0.6000000238
35187  51.009  -62.849  26.474 0.5000000000
39006  42.052  -58.762  24.080 0.8000000119
38121  42.543  -59.215  23.433 0.8000000119
37210  42.637  -60.059  23.718 0.6999999881
133647  43.457  -58.099  22.473 0.6999999881
39013  42.914  -58.576  22.884 0.6999999881
129982  44.852  -58.052  21.441 0.6999999881
39011  44.121  -58.353  21.949 0.6999999881
39012  43.483  -58.916  22.410 0.6999999881
133370  45.411  -57.889  21.035 0.6000000238
38131  44.650  -59.586  21.267 0.6000000238
38132  44.005  -59.439  21.823 0.6000000238
39035  47.250  -58.389  19.856 0.6999999881
137034  45.846  -59.009  20.581 0.6999999881
38139  45.214  -59.293  20.938 0.6000000238
137684  48.724  -58.629  19.016 0.6999999881
38144  47.185  -59.309  19.655 0.6000000238
39039  50.533  -59.122  17.926 0.8000000119
149123  49.372  -58.306  18.826 0.8000000119
39034  47.959  -58.986  19.317 0.6000000238
39919  51.788  -57.848  17.402 0.8999999762
39924  49.821  -58.448  16.223 0.6999999881
39046  51.547  -58.357  16.857 0.8000000119
39048  50.215  -59.063  16.851 0.6999999881
37155  41.473  -60.118  29.192 0.6000000238
38083  41.094  -59.561  28.579 0.6999999881
38084  40.672  -58.817  28.827 0.6999999881
36145  42.581  -61.269  29.398 0.6000000238
38097  40.791  -58.955  27.842 0.6000000238
146821  43.773  -61.871  31.322 0.4000000060
35143  43.833  -62.231  29.502 0.6000000238
36131  42.652  -61.194  30.171 0.6000000238
38096  41.309  -59.451  27.047 0.6999999881
35127  44.471  -62.659  29.912 0.6000000238
38985  41.223  -58.804  26.269 0.8000000119
33085  46.019  -64.013  29.945 0.4000000060
34103  45.602  -63.499  29.681 0.5000000000
34104  45.045  -63.041  29.408 0.6000000238
38997  41.343  -58.465  25.586 0.8000000119
33100  46.966  -63.988  28.948 0.5000000000
39007  41.605  -58.382  24.833 0.8000000119
34133  49.304  -63.251  27.832 0.4000000060
39009  42.418  -58.246  23.464 0.8000000119
35170  50.678  -62.985  27.123 0.5000000000
148090  43.826  -57.656  22.172 0.8000000119
40776  44.902  -56.192  21.197 0.8000000119
39892  44.332  -57.472  21.761 0.6999999881
39887  42.867  -57.653  22.924 0.8000000119
40791  46.506  -56.843  20.285 0.8000000119
39891  45.061  -57.189  21.236 0.6999999881
40790  47.374  -56.547  19.664 0.8999999762
39909  47.258  -57.509  19.866 0.8999999762
39900  45.841  -57.430  20.704 0.6999999881
137853  47.902  -57.349  19.458 0.8999999762
39899  46.586  -57.848  20.331 0.6999999881
39908  47.946  -58.090  19.472 0.6000000238
39912  51.232  -58.008  17.935 0.8999999762
137996  50.390  -57.538  18.374 0.8999999762
139183  49.538  -57.671  15.902 0.8000000119
39925  47.645  -57.520  16.494 0.8000000119
39927  50.383  -57.846  15.814 0.8000000119
144740  48.693  -58.040  16.150 0.8000000119
39922  52.003  -57.492  16.435 0.8000000119
39923  50.783  -58.526  16.410 0.6999999881
38069  41.036  -59.373  29.404 0.6999999881
38945  40.493  -57.989  29.277 0.6000000238
37143  42.024  -60.629  29.891 0.6000000238
37144  41.474  -59.815  30.017 0.5000000000
38960  40.449  -58.063  28.286 0.6999999881
36122  43.487  -61.267  31.718 0.4000000060
37136  42.903  -60.839  31.411 0.5000000000
37137  42.489  -60.760  30.755 0.6000000238
38986  40.782  -58.099  26.588 0.6999999881
35120  44.320  -62.428  31.322 0.5000000000
38998  41.049  -58.128  25.982 0.6999999881
33040  45.858  -63.893  32.097 0.5000000000
34088  45.026  -63.219  30.315 0.6000000238
33069  46.162  -64.904  31.064 0.4000000060
33070  45.794  -64.271  30.668 0.4000000060
40765  42.365  -56.410  23.381 0.8000000119
40766  41.842  -56.870  24.057 0.8000000119
33083  47.039  -64.786  29.234 0.4000000060
40772  43.011  -56.746  22.740 0.8000000119
39883  42.348  -57.355  23.506 0.8000000119
39884  41.892  -57.851  24.071 0.8000000119
34115  48.630  -63.716  28.250 0.3000000119
41646  45.343  -55.555  20.808 0.8000000119
153569  44.364  -55.850  21.540 0.8000000119
40778  43.726  -56.871  22.142 0.8000000119
40782  46.068  -55.888  20.423 0.8000000119
40777  44.365  -56.618  21.619 0.8000000119
41650  47.929  -55.836  19.216 0.8999999762
146605  46.678  -56.015  20.034 0.8999999762
41659  48.758  -56.125  18.758 0.8999999762
40799  48.412  -56.845  19.145 0.8999999762
41658  50.536  -55.875  17.880 0.8999999762
40798  49.753  -56.612  18.430 0.8999999762
40797  51.050  -56.981  18.044 0.8999999762
40811  48.964  -56.882  15.984 0.8000000119
40812  48.169  -56.878  16.331 0.8000000119
40805  51.799  -57.251  17.552 0.8999999762
40804  52.358  -56.642  17.199 0.8999999762
40814  51.563  -56.991  15.612 0.8000000119
40809  52.467  -56.709  16.921 0.8000000119
38055  41.092  -59.007  30.200 0.6000000238
38056  40.760  -58.720  29.546 0.6000000238
39836  40.363  -57.212  28.627 0.6000000238
38044  41.919  -59.486  31.263 0.6000000238
36113  43.911  -61.027  32.397 0.4000000060
37129  42.438  -60.181  31.420 0.4000000060
38054  41.901  -60.115  30.711 0.5000000000
39850  40.523  -57.335  26.872 0.6999999881
36121  44.194  -61.919  32.015 0.4000000060
40741  40.599  -56.643  26.317 0.6999999881
140758  45.452  -63.273  32.224 0.5000000000
146571  44.770  -62.226  32.422 0.4000000060
134702  40.928  -56.778  25.440 0.6999999881
33039  46.522  -64.145  32.363 0.5000000000
41629  42.251  -55.248  23.508 0.8000000119
40754  41.347  -56.356  24.649 0.8000000119
42554  44.404  -54.143  21.449 0.8000000119
134486  42.819  -55.679  22.867 0.8000000119
133334  46.320  -54.317  19.834 0.8000000119
41660  48.361  -55.164  18.675 0.8999999762
41651  47.034  -55.332  19.599 0.8999999762
42571  48.899  -54.408  18.079 0.8999999762
134795  51.973  -56.122  17.483 1.0000000000
41681  49.226  -56.060  15.673 0.8000000119
41669  53.337  -55.295  17.368 1.0000000000
40810  49.868  -56.975  15.617 0.8000000119
40808  52.737  -55.791  16.664 1.0000000000
40813  52.232  -56.602  16.008 0.8000000119
41686  51.663  -56.102  15.093 0.8000000119
39808  40.837  -57.572  30.076 0.6000000238
40710  40.506  -56.599  28.883 0.6000000238
147422  41.956  -58.797  31.540 0.6000000238
40720  40.472  -56.337  28.132 0.6999999881
37116  44.507  -60.668  32.927 0.4000000060
37117  43.857  -60.158  32.815 0.4000000060
38034  42.526  -59.306  32.031 0.4000000060
36111  45.243  -61.911  32.878 0.4000000060
40740  40.726  -56.033  25.854 0.6999999881
34063  46.700  -62.824  32.878 0.5000000000
36101  45.870  -61.372  33.203 0.4000000060
149242  41.032  -55.809  25.229 0.8000000119
42549  42.814  -54.581  23.058 0.8000000119
42531  41.852  -54.615  24.736 0.8000000119
42560  45.092  -53.581  21.006 0.8000000119
148058  43.811  -54.328  22.015 0.8000000119
152656  46.170  -53.600  20.004 0.8000000119
132582  45.074  -54.464  20.829 0.8000000119
152721  47.657  -54.934  19.107 0.8999999762
42580  50.086  -54.675  17.735 0.8999999762
42581  49.539  -53.833  17.831 0.8999999762
41670  51.263  -55.213  17.665 1.0000000000
42579  52.547  -54.866  17.448 1.0000000000
126856  54.089  -54.837  17.519 1.0000000000
41690  50.800  -55.768  14.536 0.8000000119
41682  48.252  -55.824  16.316 0.8000000119
41679  54.027  -55.254  16.987 1.0000000000
41685  52.111  -55.358  15.184 0.8000000119
153224  52.333  -55.884  15.704 0.8000000119
39796  42.045  -57.448  31.372 0.6000000238
38929  41.160  -58.247  30.583 0.6000000238
40680  40.874  -56.884  29.867 0.6000000238
41587  40.705  -55.656  27.396 0.6999999881
41599  41.110  -54.994  26.830 0.6999999881
38017  44.592  -59.775  33.232 0.4000000060
38033  43.345  -59.452  32.689 0.5000000000
132917  41.068  -55.230  25.899 0.8000000119
42504  41.752  -54.502  26.322 0.8000000119
36102  45.141  -61.080  33.099 0.4000000060
152413  41.375  -55.134  25.189 0.8000000119
36099  47.381  -61.182  33.211 0.4000000060
138617  46.569  -60.743  33.336 0.4000000060
42548  43.426  -53.996  22.583 0.8000000119
42540  43.132  -53.783  23.329 0.8000000119
42555  44.086  -53.664  22.114 0.8000000119
42559  45.664  -53.778  20.378 0.8000000119
42572  47.961  -54.050  18.593 0.8999999762
43346  47.602  -53.279  19.117 0.8000000119
43364  50.685  -53.687  17.731 1.0000000000
43363  52.372  -53.698  17.537 1.0000000000
43353  51.172  -52.844  17.931 1.0000000000
126398  53.898  -54.325  17.947 1.0000000000
140165  52.295  -53.085  15.802 1.0000000000
42609  50.568  -54.981  14.036 0.8999999762
41688  49.412  -55.506  15.167 0.8000000119
42605  49.049  -54.776  14.868 0.8999999762
42607  51.916  -54.770  14.808 1.0000000000
131438  50.500  -54.086  13.875 1.0000000000
44235  51.826  -52.375  15.805 1.0000000000
45121  51.430  -51.488  15.888 1.0000000000
44240  50.799  -52.021  14.636 1.0000000000
44241  49.981  -52.495  13.708 1.0000000000
46092  50.381  -50.286  14.893 1.0000000000
41543  41.892  -55.976  30.009 0.6999999881
41578  41.667  -55.363  28.831 0.6999999881
41577  42.701  -55.202  28.644 0.6999999881
40663  42.542  -56.755  31.176 0.6000000238
40664  41.806  -56.880  30.831 0.6000000238
131569  41.016  -55.432  28.179 0.6999999881
39780  43.075  -57.813  32.359 0.6000000238
38885  45.031  -58.994  33.354 0.5000000000
42503  42.748  -54.304  26.427 0.8000000119
38015  46.432  -59.690  33.389 0.4000000060
42516  42.187  -54.155  25.317 0.8000000119
139553  43.676  -53.434  23.687 0.8000000119
43313  43.964  -53.282  22.924 0.8000000119
44169  45.500  -53.030  21.289 0.8000000119
43326  44.765  -53.167  22.318 0.8000000119
43347  46.778  -53.345  19.657 0.6999999881
43339  46.289  -53.141  20.323 0.8000000119
43356  48.288  -53.134  18.720 0.8999999762
44196  48.567  -52.481  19.555 0.8000000119
43354  49.933  -52.867  18.301 0.8999999762
44208  49.171  -52.576  18.898 1.0000000000
150742  49.827  -52.305  18.801 1.0000000000
44207  50.421  -52.181  18.457 1.0000000000
45095  50.143  -51.631  18.572 1.0000000000
43352  52.182  -52.908  17.421 1.0000000000
146468  50.558  -51.163  18.066 1.0000000000
44221  51.697  -52.226  17.535 1.0000000000
45112  51.494  -51.267  16.749 1.0000000000
45111  51.927  -52.200  16.719 1.0000000000
42610  49.536  -54.360  13.984 1.0000000000
46089  50.985  -50.536  16.008 1.0000000000
131320  50.665  -53.132  14.006 1.0000000000
44248  49.400  -52.008  13.608 1.0000000000
46096  50.114  -49.838  13.804 1.0000000000
45128  50.007  -51.576  13.799 1.0000000000
41562  42.275  -55.536  29.391 0.6999999881
42484  42.022  -54.869  28.127 0.6999999881
40661  44.347  -56.808  31.257 0.5000000000
41542  42.785  -55.855  29.944 0.6999999881
42494  42.190  -54.530  27.225 0.6999999881
39794  43.765  -57.275  32.094 0.6000000238
38901  45.392  -58.408  33.027 0.5000000000
149338  44.419  -57.666  32.495 0.5000000000
43281  43.053  -53.959  25.675 0.8000000119
43295  44.091  -53.616  24.402 0.8000000119
129716  44.765  -53.551  23.861 0.6999999881
43312  45.384  -53.406  23.221 0.8000000119
44157  46.359  -53.033  21.845 0.8000000119
43325  45.948  -53.254  22.531 0.8000000119
44197  47.694  -52.709  19.774 0.6999999881
44167  48.054  -52.877  21.428 0.6999999881
44182  48.760  -52.090  20.014 0.8999999762
45073  48.337  -52.172  20.683 0.8000000119
46060  47.163  -50.958  20.743 0.8000000119
46941  46.511  -49.988  20.279 0.8000000119
45084  49.165  -51.928  19.619 0.8999999762
45085  48.687  -51.807  20.046 0.8000000119
46071  47.352  -50.567  19.999 0.8000000119
45096  49.403  -51.478  18.967 1.0000000000
46069  48.620  -51.127  19.318 0.8999999762
46070  47.726  -50.212  19.261 0.8999999762
46953  46.844  -49.648  19.558 0.8000000119
46078  48.995  -50.663  18.662 0.8999999762
151969  49.264  -50.325  18.300 1.0000000000
45103  51.221  -51.284  17.482 1.0000000000
45102  51.821  -51.976  17.119 1.0000000000
46973  50.709  -49.787  16.338 1.0000000000
46978  50.516  -49.626  15.527 1.0000000000
44249  48.622  -51.981  13.600 1.0000000000
47791  50.417  -48.386  15.763 1.0000000000
46981  50.324  -49.305  14.449 1.0000000000
46097  49.862  -50.613  13.683 1.0000000000
128038  50.414  -48.738  15.137 1.0000000000
47801  50.448  -48.351  14.102 1.0000000000
46984  50.092  -48.929  13.266 1.0000000000
134620  44.125  -56.358  30.091 0.6999999881
40698  43.770  -56.076  29.640 0.6999999881
41561  43.324  -55.617  29.127 0.6999999881
41576  43.813  -55.703  28.198 0.6999999881
42483  43.123  -54.919  27.823 0.6999999881
42493  43.531  -54.857  26.928 0.6999999881
39793  44.783  -57.237  31.845 0.5000000000
42502  43.882  -54.744  26.181 0.6999999881
39778  45.304  -57.751  32.444 0.5000000000
42514  45.246  -54.968  25.291 0.8000000119
43294  45.312  -54.374  24.633 0.6999999881
43311  46.782  -53.862  23.428 0.6999999881
127200  46.111  -54.274  24.090 0.6999999881
43324  47.347  -53.515  22.696 0.6999999881
43332  47.824  -53.290  21.996 0.6999999881
44183  48.233  -52.359  20.588 0.6999999881
46049  46.879  -51.185  21.523 0.8000000119
46041  46.452  -51.193  22.235 0.8000000119
46933  45.188  -50.039  22.117 0.8000000119
131759  45.397  -49.727  21.364 0.8000000119
46942  45.699  -49.434  20.564 0.8000000119
46962  48.798  -49.864  18.254 1.0000000000
46964  47.220  -49.214  18.890 0.8999999762
46954  46.069  -49.157  19.811 0.8000000119
47776  48.373  -49.053  17.899 1.0000000000
47778  46.884  -48.432  18.550 0.8000000119
46076  50.468  -50.414  17.566 1.0000000000
46971  49.202  -49.309  17.570 1.0000000000
46969  50.599  -49.848  16.914 1.0000000000
46974  50.383  -49.103  16.491 1.0000000000
47798  50.322  -47.587  15.597 1.0000000000
46099  48.525  -50.743  13.549 1.0000000000
44250  47.776  -51.832  13.726 1.0000000000
47797  50.494  -47.819  14.845 1.0000000000
48728  50.579  -47.349  13.736 1.0000000000
47804  50.339  -48.103  13.313 1.0000000000
46985  49.603  -49.454  13.377 1.0000000000
48733  50.275  -47.008  12.724 1.0000000000
41560  44.287  -56.188  28.698 0.6999999881
41575  44.712  -56.161  27.867 0.6999999881
41597  44.935  -55.798  26.688 0.6000000238
146875  45.186  -55.553  26.325 0.6000000238
42500  45.546  -55.102  25.667 0.6000000238
127594  46.085  -54.820  25.341 0.6999999881
43293  46.932  -54.283  24.132 0.6999999881
43280  46.449  -54.449  24.755 0.6999999881
43292  47.396  -53.775  23.737 0.6999999881
44150  48.015  -53.144  23.288 0.6999999881
45054  46.335  -51.617  23.418 0.8000000119
45053  48.014  -52.590  22.887 0.6999999881
45058  47.673  -51.907  22.228 0.8000000119
46934  44.671  -49.324  21.801 0.8000000119
47751  44.964  -48.928  20.955 0.8000000119
148951  45.875  -48.484  19.424 0.8000000119
48699  47.280  -48.060  17.929 0.8000000119
146579  46.661  -47.833  18.229 0.8000000119
47793  49.400  -48.075  16.625 1.0000000000
48708  48.570  -47.846  16.960 1.0000000000
48710  46.936  -47.404  17.687 0.6999999881
48717  49.242  -47.357  16.331 1.0000000000
48709  47.743  -47.597  17.339 0.8999999762
48724  50.021  -46.965  15.651 1.0000000000
49708  50.039  -46.160  14.864 1.0000000000
45129  47.160  -51.543  13.941 1.0000000000
150608  50.601  -46.663  13.742 1.0000000000
50684  50.339  -45.753  12.932 1.0000000000
47806  49.792  -48.556  13.073 1.0000000000
46093  48.768  -49.961  13.581 1.0000000000
46094  47.884  -50.408  13.819 1.0000000000
48734  49.875  -47.617  12.785 1.0000000000
41585  44.944  -56.077  27.325 0.6999999881
44123  45.958  -54.036  26.010 0.6000000238
141061  46.479  -54.146  25.186 0.6999999881
134415  46.974  -52.845  24.483 0.6999999881
45043  47.321  -52.486  23.641 0.6999999881
45044  46.206  -51.838  24.168 0.8000000119
46043  45.271  -50.459  22.702 0.6999999881
46924  44.510  -49.767  22.855 0.6999999881
47760  44.538  -48.044  20.565 0.6999999881
47771  44.947  -47.819  19.831 0.6999999881
47770  45.482  -47.915  19.367 0.6999999881
49690  46.561  -46.694  17.422 0.8000000119
48700  46.118  -47.257  18.163 0.6999999881
48718  48.294  -47.135  16.644 0.8999999762
49699  49.034  -46.543  15.800 1.0000000000
132002  49.118  -45.641  15.001 1.0000000000
46095  47.065  -50.949  14.191 1.0000000000
50685  50.176  -45.117  13.137 1.0000000000
46983  48.131  -49.586  13.986 1.0000000000
48729  49.280  -47.342  13.025 1.0000000000
42482  45.140  -55.999  27.720 0.6000000238
148348  45.061  -55.827  26.966 0.6000000238
43269  45.529  -53.796  26.800 0.6000000238
43268  45.680  -55.059  26.212 0.6000000238
44124  45.235  -52.655  26.587 0.6000000238
44132  45.980  -52.966  25.742 0.6000000238
45033  45.908  -52.095  25.094 0.6000000238
46022  45.033  -51.175  24.459 0.6999999881
46910  44.367  -50.226  23.966 0.6999999881
47742  44.042  -48.858  22.252 0.6999999881
47752  44.287  -48.517  21.443 0.6999999881
48671  43.850  -47.721  21.244 0.6999999881
48679  44.072  -47.386  20.566 0.6999999881
48689  44.457  -47.338  19.975 0.6999999881
55558  45.140  -40.141  23.278 0.3000000119
49682  45.353  -46.821  18.525 0.6999999881
48688  44.992  -47.229  19.271 0.6999999881
56472  45.501  -39.503  22.651 0.3000000119
42596  42.255  -54.666  16.065 0.8999999762
49709  48.326  -45.940  15.711 1.0000000000
43403  44.354  -53.094  14.884 1.0000000000
45122  46.273  -51.338  14.620 1.0000000000
44247  44.487  -52.404  14.701 1.0000000000
51700  49.729  -44.468  12.811 1.0000000000
49713  48.605  -46.644  13.231 1.0000000000
49718  49.706  -46.528  12.602 1.0000000000
47802  49.200  -48.183  13.290 1.0000000000
48730  48.474  -47.613  13.885 1.0000000000
43248  45.151  -54.044  28.422 0.6000000238
43258  45.356  -54.216  27.417 0.6000000238
44102  44.726  -52.999  28.247 0.6000000238
149004  44.482  -52.035  27.211 0.6000000238
45013  43.911  -51.315  27.386 0.6000000238
45024  43.696  -50.752  26.695 0.6999999881
46011  44.272  -50.976  25.874 0.6999999881
45034  45.069  -51.860  25.861 0.6000000238
46023  44.162  -50.434  25.002 0.6999999881
48577  45.154  -47.650  28.438 0.3000000119
48593  44.624  -46.973  28.099 0.3000000119
46911  43.809  -49.399  23.668 0.6999999881
47743  43.486  -48.225  22.672 0.6999999881
54702  44.363  -41.030  24.067 0.3000000119
55560  43.931  -40.738  23.478 0.4000000060
56473  44.798  -39.561  22.673 0.4000000060
56474  44.035  -39.801  22.395 0.4000000060
42587  41.596  -55.045  16.618 0.6999999881
42588  40.957  -55.352  16.675 0.6999999881
59297  45.188  -36.765  19.080 0.3000000119
57340  45.161  -38.924  22.228 0.3000000119
49691  45.732  -46.406  17.767 0.6999999881
43377  42.099  -54.233  15.704 0.8999999762
58358  45.485  -37.019  19.896 0.3000000119
57361  44.799  -38.614  21.660 0.3000000119
49701  47.017  -46.212  16.699 0.8000000119
44237  42.905  -52.534  15.119 0.8999999762
58342  44.961  -37.628  20.410 0.3000000119
56497  44.172  -38.821  21.049 0.3000000119
50669  47.548  -45.680  16.032 0.8000000119
148884  49.156  -44.142  13.609 1.0000000000
46091  46.823  -50.645  15.039 1.0000000000
50697  49.448  -44.537  12.365 1.0000000000
46979  47.627  -49.290  14.954 1.0000000000
150881  49.031  -45.826  12.440 1.0000000000
47803  48.245  -48.609  14.251 1.0000000000
48731  47.744  -47.005  14.355 1.0000000000
48725  47.680  -47.880  14.864 1.0000000000
48726  46.825  -47.225  15.191 1.0000000000
45989  43.431  -50.530  27.570 0.6999999881
46876  43.042  -49.875  26.882 0.6999999881
47663  45.336  -48.429  28.876 0.3000000119
47664  44.482  -48.304  28.786 0.4000000060
46012  43.587  -50.168  25.917 0.6999999881
135019  43.472  -49.635  25.191 0.6999999881
46898  43.732  -49.672  24.467 0.6999999881
49554  43.863  -46.999  28.083 0.4000000060
143501  43.373  -48.608  23.565 0.6999999881
50538  44.162  -45.444  27.356 0.3000000119
48594  43.355  -46.708  27.699 0.5000000000
48661  43.180  -47.444  22.662 0.6999999881
135115  43.478  -47.596  22.014 0.6999999881
51561  43.665  -45.163  27.093 0.5000000000
143490  43.481  -47.124  21.518 0.6999999881
52698  43.429  -43.121  25.354 0.4000000060
51601  42.565  -44.335  24.768 0.6000000238
53770  42.738  -42.739  23.791 0.5000000000
49662  43.946  -46.803  20.198 0.6999999881
53744  43.755  -42.377  24.984 0.3000000119
49670  44.351  -46.675  19.510 0.6999999881
56513  43.623  -39.270  17.942 0.4000000060
54703  43.321  -41.243  23.069 0.4000000060
49669  44.761  -46.553  18.896 0.6999999881
41683  40.282  -55.470  16.738 0.6999999881
57395  43.686  -38.421  18.328 0.4000000060
55587  43.644  -40.505  22.742 0.4000000060
41675  40.389  -55.876  17.167 0.6000000238
58372  44.495  -37.178  18.645 0.3000000119
58360  44.120  -37.829  18.926 0.3000000119
56488  43.737  -39.596  21.481 0.4000000060
55601  43.380  -40.356  21.859 0.4000000060
50661  46.181  -45.935  16.997 0.6999999881
50662  45.442  -45.534  17.373 0.6999999881
42597  41.547  -54.799  16.183 0.6999999881
57386  43.552  -39.028  18.949 0.4000000060
55609  43.251  -40.271  20.883 0.4000000060
50670  46.715  -45.374  16.316 0.8000000119
58359  44.732  -37.380  19.474 0.3000000119
57375  44.383  -38.252  20.470 0.3000000119
56498  43.529  -39.499  20.471 0.4000000060
50679  47.272  -44.830  15.504 0.8000000119
152498  45.548  -51.589  14.787 1.0000000000
51693  47.934  -44.254  14.577 0.8999999762
51707  49.220  -44.057  12.650 1.0000000000
47799  47.551  -48.636  15.154 1.0000000000
49714  46.952  -46.385  14.374 1.0000000000
149725  47.706  -46.309  13.759 1.0000000000
50695  48.593  -45.128  12.240 1.0000000000
47800  46.998  -48.212  15.591 1.0000000000
46976  46.644  -49.581  16.219 1.0000000000
48719  46.161  -47.766  15.916 1.0000000000
46977  46.000  -49.245  16.793 1.0000000000
45974  43.514  -50.293  28.405 0.6000000238
46862  43.060  -49.764  27.929 0.6000000238
46863  42.740  -49.109  27.530 0.6000000238
46877  42.650  -49.016  26.693 0.6999999881
149563  44.103  -48.893  28.967 0.5000000000
47665  42.856  -48.395  27.960 0.6000000238
46889  42.603  -48.652  25.955 0.6999999881
48578  44.113  -47.611  28.445 0.5000000000
48579  43.233  -47.583  28.051 0.4000000060
47713  42.960  -48.947  25.089 0.6999999881
47723  42.878  -48.248  24.347 0.6999999881
48595  42.748  -47.231  27.410 0.6000000238
48637  42.519  -47.492  24.709 0.6999999881
50540  42.846  -45.884  26.875 0.6000000238
152379  42.708  -47.614  24.117 0.6999999881
50549  43.095  -45.305  26.803 0.6000000238
152849  42.588  -45.238  25.824 0.6000000238
48662  42.825  -46.874  23.042 0.6999999881
49643  43.153  -46.797  22.149 0.6999999881
153707  42.735  -44.152  25.333 0.5000000000
52726  42.528  -43.751  24.001 0.6000000238
51621  42.472  -44.664  23.409 0.6000000238
49652  43.350  -46.468  21.345 0.6000000238
55639  43.779  -40.541  17.308 0.4000000060
53769  42.984  -41.963  23.442 0.4000000060
134567  42.601  -42.626  22.972 0.4000000060
139735  42.470  -43.995  22.955 0.5000000000
51640  42.611  -44.789  22.572 0.6000000238
49663  43.549  -46.259  20.575 0.6999999881
56520  43.631  -39.836  17.005 0.4000000060
53787  42.562  -42.697  22.243 0.5000000000
49671  43.806  -46.083  19.768 0.6999999881
130903  43.662  -40.210  17.997 0.5000000000
54739  42.796  -41.678  21.768 0.4000000060
53804  42.767  -41.913  21.186 0.4000000060
49683  44.278  -45.962  19.011 0.6999999881
43378  41.195  -54.018  15.798 0.8999999762
42598  40.684  -54.802  16.308 0.6999999881
57376  43.781  -38.751  19.930 0.4000000060
134395  43.100  -40.931  20.393 0.4000000060
51684  46.468  -44.419  15.792 0.6999999881
50671  45.929  -45.033  16.598 0.6999999881
145539  43.478  -39.479  19.595 0.4000000060
45125  43.416  -51.829  15.073 0.8999999762
52805  48.169  -43.399  13.223 0.8999999762
45124  44.276  -51.630  15.030 0.8999999762
46980  47.114  -49.845  15.500 1.0000000000
45123  45.157  -51.534  15.201 1.0000000000
51708  48.030  -44.565  12.255 1.0000000000
46087  46.593  -50.389  15.939 1.0000000000
50688  47.174  -45.668  13.480 1.0000000000
46083  46.189  -50.134  16.670 1.0000000000
45114  45.588  -51.289  16.172 1.0000000000
49710  46.063  -46.382  14.885 1.0000000000
147426  43.926  -48.810  18.308 0.8999999762
48721  44.632  -47.494  16.659 1.0000000000
47795  45.523  -48.211  16.625 1.0000000000
46972  44.980  -49.655  17.753 1.0000000000
147718  45.626  -49.897  17.276 1.0000000000
47796  44.797  -48.211  17.137 1.0000000000
46965  44.405  -49.651  18.306 1.0000000000
46080  44.518  -50.677  18.212 0.8999999762
142155  44.042  -50.241  18.724 0.8999999762
142715  42.569  -48.437  27.258 0.6000000238
153717  42.482  -48.382  26.607 0.6999999881
47714  42.552  -48.118  25.292 0.6999999881
48612  42.465  -47.058  26.562 0.6999999881
138235  42.332  -46.640  24.994 0.6999999881
49605  42.408  -46.445  25.883 0.6000000238
50569  42.419  -45.693  25.352 0.6000000238
129889  42.567  -46.937  24.006 0.6999999881
49618  42.416  -45.976  24.381 0.6999999881
49627  42.595  -46.123  23.474 0.6000000238
50619  42.776  -45.466  22.351 0.6000000238
49653  43.025  -45.931  21.870 0.6000000238
150472  43.304  -40.027  16.347 0.3000000119
50591  42.451  -45.125  24.656 0.6000000238
154039  42.479  -44.642  24.134 0.6000000238
50624  43.219  -45.674  21.081 0.6000000238
55648  43.588  -40.529  16.476 0.4000000060
55653  43.050  -40.843  15.654 0.4000000060
134103  42.598  -44.104  22.072 0.6000000238
50625  42.890  -45.005  21.703 0.6000000238
51645  42.800  -44.155  21.209 0.5000000000
50634  43.438  -45.461  20.230 0.6000000238
143515  42.785  -42.603  20.895 0.4000000060
50641  43.729  -45.167  19.281 0.6000000238
54766  44.045  -41.146  17.096 0.5000000000
131069  43.247  -41.958  19.565 0.4000000060
54746  42.970  -41.790  20.393 0.4000000060
50651  44.286  -45.224  18.437 0.6000000238
54758  43.665  -41.036  18.017 0.5000000000
136811  43.258  -41.211  19.648 0.4000000060
51674  45.253  -44.624  16.945 0.6000000238
55628  43.472  -40.701  18.862 0.4000000060
44238  42.058  -52.411  15.238 0.8999999762
51702  47.636  -43.293  13.875 0.8999999762
51694  47.022  -43.790  14.811 0.8000000119
45127  41.687  -51.878  15.425 0.8999999762
138541  42.849  -51.661  15.648 0.8999999762
45116  43.862  -51.634  15.701 0.8999999762
138277  47.587  -45.014  12.596 1.0000000000
48720  45.279  -47.243  16.059 1.0000000000
45104  45.181  -51.309  16.968 1.0000000000
46085  45.137  -50.565  17.613 0.8999999762
46955  43.578  -50.270  19.234 1.0000000000
46062  43.279  -50.878  19.540 1.0000000000
46081  43.842  -50.988  18.807 0.8999999762
46063  42.738  -50.771  20.138 1.0000000000
45076  42.337  -51.469  20.169 0.8999999762
48628  42.352  -47.293  25.592 0.6999999881
56532  42.049  -39.632  14.897 0.3000000119
55649  42.624  -40.338  15.494 0.3000000119
54776  43.085  -41.447  15.315 0.3000000119
51644  43.121  -44.853  20.790 0.6000000238
54772  43.885  -41.021  16.077 0.5000000000
52756  42.889  -43.460  20.671 0.5000000000
53803  43.118  -42.756  19.940 0.5000000000
52755  43.224  -43.743  19.920 0.5000000000
51658  43.537  -44.150  19.214 0.5000000000
52762  43.446  -43.253  19.167 0.5000000000
53826  44.274  -41.898  17.178 0.5000000000
132767  43.668  -42.822  18.459 0.5000000000
50663  44.762  -45.068  17.682 0.6000000238
53819  43.791  -41.967  18.044 0.5000000000
51685  45.763  -44.024  16.139 0.6999999881
53825  44.622  -42.273  16.686 0.5000000000
51695  46.262  -43.291  15.145 0.6000000238
52806  47.213  -42.975  13.336 0.8999999762
51709  47.073  -44.241  12.330 0.8999999762
52814  48.094  -43.697  12.440 0.8999999762
129831  46.550  -44.917  12.976 0.8999999762
48711  44.123  -47.749  17.310 0.8999999762
49703  44.389  -46.692  15.997 0.8999999762
49702  45.092  -46.375  15.304 0.8999999762
49715  46.273  -45.632  14.005 1.0000000000
45097  44.207  -51.434  17.904 0.8999999762
45105  44.465  -51.598  16.930 0.8999999762
44209  43.494  -51.598  18.242 0.8999999762
46966  43.648  -49.384  18.827 0.8000000119
149715  43.222  -49.579  19.395 0.6999999881
45087  42.511  -51.836  19.339 0.8999999762
44210  42.760  -51.883  18.473 0.8999999762
132276  41.321  -40.480  14.042 0.3000000119
136341  41.829  -41.260  14.687 0.3000000119
54777  40.856  -41.905  13.867 0.4000000060
53850  40.557  -42.256  14.061 0.3000000119
53848  41.990  -42.181  14.514 0.3000000119
54783  40.949  -42.413  13.805 0.4000000060
51650  43.333  -44.606  19.988 0.6000000238
54771  44.150  -41.525  15.557 0.5000000000
53847  43.532  -42.067  14.919 0.4000000060
52772  43.771  -43.569  18.470 0.5000000000
50652  43.931  -44.440  18.526 0.5000000000
53834  44.749  -41.861  15.708 0.5000000000
52779  44.123  -42.814  17.677 0.5000000000
147745  44.676  -44.211  17.311 0.5000000000
52792  45.075  -42.610  16.104 0.5000000000
51686  45.149  -43.648  16.527 0.5000000000
149299  45.279  -42.151  15.099 0.5000000000
52791  45.592  -42.981  15.587 0.5000000000
53845  45.318  -42.429  14.341 0.5000000000
52807  46.202  -42.729  13.618 0.6000000238
51703  46.729  -42.805  14.116 0.6000000238
51711  44.702  -43.688  13.204 0.6999999881
51715  46.324  -43.682  12.555 0.6999999881
52815  47.324  -43.635  12.456 0.6999999881
51704  44.857  -44.451  13.193 0.6999999881
135904  44.670  -45.132  13.901 0.8000000119
50696  45.878  -44.276  12.707 0.8000000119
148027  42.947  -51.844  17.613 0.8999999762
50680  45.381  -45.679  14.428 0.8999999762
47790  43.667  -48.080  17.919 0.6999999881
44211  41.843  -52.195  18.539 0.8999999762
152605  41.352  -52.365  18.931 0.8999999762
46064  42.098  -50.746  20.897 1.0000000000
53837  40.606  -42.304  14.820 0.3000000119
53849  40.703  -42.749  14.305 0.4000000060
53828  40.926  -42.515  15.978 0.3000000119
53857  41.474  -42.993  13.941 0.4000000060
52793  41.008  -43.271  14.722 0.3000000119
53856  42.683  -42.930  14.289 0.4000000060
52800  41.434  -43.603  13.973 0.4000000060
137008  41.298  -43.806  14.285 0.4000000060
53846  44.635  -42.018  14.977 0.4000000060
52810  42.033  -43.583  13.745 0.4000000060
51697  41.630  -44.259  13.931 0.4000000060
53855  44.182  -42.700  14.237 0.4000000060
52809  43.099  -43.574  13.758 0.4000000060
52808  44.161  -43.430  13.625 0.5000000000
129772  43.925  -45.307  14.383 0.6000000238
50681  44.632  -45.660  14.694 0.8000000119
48722  43.736  -46.907  16.732 0.6999999881
47772  42.988  -48.795  19.171 0.6999999881
44198  41.655  -52.186  19.597 0.8999999762
44199  40.836  -52.437  19.173 0.8999999762
45066  40.469  -51.435  21.710 0.8999999762
44170  40.058  -51.992  21.306 0.8000000119
44186  40.005  -52.359  20.587 0.8000000119
45067  39.656  -51.640  21.776 0.6999999881
46053  38.264  -50.995  21.966 0.8000000119
52781  41.165  -43.018  17.182 0.3000000119
53827  41.132  -43.196  15.895 0.3000000119
131381  41.402  -43.948  15.518 0.3000000119
52780  41.339  -43.711  16.666 0.4000000060
139378  41.646  -44.467  14.626 0.4000000060
51675  41.602  -44.478  16.829 0.4000000060
148033  41.751  -44.636  15.734 0.5000000000
152240  42.255  -44.260  13.606 0.5000000000
50683  42.556  -45.111  14.429 0.5000000000
50673  41.981  -45.134  16.487 0.5000000000
50692  42.485  -44.789  13.816 0.5000000000
50672  42.836  -45.550  15.543 0.5000000000
50691  43.094  -45.079  13.972 0.5000000000
50682  43.316  -45.461  14.909 0.6000000238
49712  43.530  -46.153  15.826 0.6999999881
49692  43.070  -46.768  17.135 0.6999999881
47781  42.672  -47.979  18.896 0.6999999881
147040  42.400  -48.380  19.496 0.6999999881
47761  42.102  -49.060  20.284 0.6999999881
133203  41.564  -48.729  20.710 0.6999999881
46051  41.418  -50.275  21.541 0.8000000119
46052  40.768  -50.694  22.020 0.6999999881
139156  40.989  -42.079  17.050 0.3000000119
53820  40.999  -42.456  18.232 0.3000000119
52774  41.131  -43.342  18.426 0.4000000060
51665  41.234  -44.179  18.686 0.4000000060
51664  41.475  -44.742  18.045 0.4000000060
50653  41.554  -45.502  18.437 0.3000000119
50664  42.153  -45.683  17.171 0.5000000000
49705  42.444  -45.666  16.376 0.6000000238
139022  41.614  -46.113  18.782 0.3000000119
49694  41.977  -46.080  18.045 0.5000000000
49685  41.881  -46.803  18.850 0.4000000060
49704  42.998  -46.261  16.477 0.6999999881
49693  42.524  -46.337  17.283 0.6999999881
49684  42.374  -46.850  18.103 0.6000000238
146120  42.806  -46.981  17.627 0.6999999881
48712  43.368  -47.336  17.481 0.6999999881
48690  42.098  -47.623  19.270 0.6999999881
47773  41.856  -48.188  19.966 0.6000000238
51660  41.047  -44.426  19.504 0.3000000119
51659  41.271  -44.972  18.940 0.3000000119
50642  41.349  -45.689  19.204 0.3000000119
50643  41.090  -45.157  19.726 0.3000000119
49673  41.134  -45.908  19.941 0.3000000119
50626  40.363  -45.810  21.302 0.3000000119
49672  41.444  -46.410  19.418 0.3000000119
49665  40.847  -46.243  20.666 0.4000000060
48691  41.566  -47.226  19.746 0.5000000000
150839  41.286  -47.166  20.247 0.5000000000
48672  40.846  -47.629  21.254 0.5000000000
47762  41.311  -47.761  20.521 0.6000000238
47754  41.097  -48.414  21.262 0.6000000238
53805  40.545  -42.422  19.906 0.4000000060
135734  40.619  -43.197  19.939 0.3000000119
52757  40.742  -43.955  20.079 0.3000000119
51652  40.416  -44.368  20.797 0.3000000119
151344  40.823  -44.639  20.141 0.3000000119
51646  40.267  -45.049  21.214 0.3000000119
50635  40.723  -45.304  20.544 0.3000000119
49654  39.907  -46.225  22.135 0.3000000119
131397  40.498  -46.795  21.452 0.4000000060
49645  40.090  -47.050  22.261 0.4000000060
47755  40.708  -48.199  21.767 0.6000000238
48663  40.430  -47.634  22.006 0.4000000060
48664  39.873  -47.789  22.867 0.4000000060
47744  40.345  -48.430  22.415 0.5000000000
138333  40.786  -48.927  21.972 0.6000000238
146219  37.596  -50.511  21.865 0.6999999881
45069  37.465  -51.086  21.192 0.8000000119
144697  40.413  -42.828  20.470 0.4000000060
53798  40.203  -42.863  21.164 0.3000000119
51647  39.960  -44.491  21.629 0.3000000119
50627  39.892  -45.306  21.848 0.3000000119
50620  39.514  -45.543  22.586 0.3000000119
132295  39.471  -46.214  22.824 0.4000000060
48647  39.173  -47.443  23.394 0.4000000060
129387  38.558  -47.832  23.772 0.4000000060
47730  39.132  -48.433  23.525 0.4000000060
46912  39.460  -49.319  23.248 0.5000000000
47731  38.097  -48.467  23.826 0.4000000060
46044  40.253  -50.280  22.589 0.6000000238
46913  38.661  -49.264  23.522 0.4000000060
46046  38.704  -50.516  22.746 0.6999999881
46036  38.311  -49.844  23.162 0.4000000060
46929  37.035  -49.168  22.428 0.4000000060
46937  37.346  -49.898  22.167 0.6000000238
46938  36.875  -49.550  21.738 0.5000000000
46054  36.970  -50.286  21.383 0.6000000238
134504  36.386  -50.332  20.780 0.6999999881
54740  40.280  -41.342  21.019 0.3000000119
133152  39.810  -42.985  21.999 0.3000000119
52746  39.650  -43.849  22.226 0.3000000119
130792  39.148  -44.993  23.085 0.3000000119
50603  39.100  -45.812  23.228 0.3000000119
48648  38.537  -47.078  23.719 0.4000000060
48649  37.934  -47.544  24.027 0.3000000119
48650  36.804  -47.146  23.751 0.3000000119
134630  37.335  -47.810  23.806 0.3000000119
47733  36.762  -47.836  23.304 0.3000000119
46914  37.972  -49.219  23.476 0.4000000060
47732  37.326  -48.674  23.301 0.3000000119
139402  36.414  -47.699  22.673 0.3000000119
47746  36.692  -48.372  22.584 0.3000000119
48673  36.329  -47.910  21.849 0.3000000119
47756  36.597  -48.803  21.591 0.3000000119
48682  36.253  -48.144  20.893 0.4000000060
47763  36.220  -48.989  20.649 0.5000000000
46945  36.503  -49.635  21.117 0.5000000000
46946  35.913  -49.924  20.512 0.5000000000
53788  39.582  -42.391  22.481 0.3000000119
52727  39.290  -43.116  22.970 0.3000000119
51622  39.228  -44.141  22.957 0.3000000119
50604  38.498  -45.321  23.647 0.3000000119
50592  37.857  -45.951  23.992 0.3000000119
49647  36.056  -46.408  22.800 0.3000000119
49655  36.125  -47.144  22.246 0.3000000119
48674  36.000  -47.261  21.110 0.3000000119
148003  36.080  -47.719  20.442 0.3000000119
139332  35.949  -48.230  19.989 0.4000000060
47764  35.565  -49.260  19.987 0.5000000000
138546  35.238  -48.538  19.302 0.5000000000
47774  34.657  -49.456  19.388 0.5000000000
130631  38.873  -43.764  23.434 0.3000000119
51602  38.215  -44.635  23.901 0.3000000119
132900  37.722  -45.171  24.085 0.3000000119
50593  37.163  -45.800  24.189 0.3000000119
49630  36.463  -46.434  23.571 0.3000000119
49656  35.790  -46.383  21.824 0.3000000119
49666  35.677  -46.262  20.684 0.3000000119
48692  35.643  -47.733  19.068 0.4000000060
47782  34.862  -47.984  18.449 0.4000000060
48706  33.615  -47.812  18.010 0.4000000060
151115  34.482  -48.755  18.843 0.5000000000
54741  39.969  -41.074  21.914 0.3000000119
54728  39.572  -41.594  22.668 0.3000000119
51603  37.630  -44.310  24.158 0.3000000119
141980  37.017  -45.006  24.169 0.3000000119
50605  36.142  -45.652  23.313 0.3000000119
50621  35.753  -45.626  22.497 0.3000000119
153609  35.484  -45.348  20.815 0.3000000119
146275  35.737  -46.483  19.617 0.3000000119
49674  35.813  -47.003  18.880 0.3000000119
48704  35.370  -47.295  18.224 0.4000000060
48714  34.841  -47.339  17.697 0.3000000119
54704  39.099  -41.682  23.366 0.3000000119
53771  38.849  -42.414  23.523 0.3000000119
53746  38.165  -42.529  23.997 0.3000000119
52701  37.804  -43.391  24.152 0.3000000119
52729  36.373  -43.895  23.681 0.3000000119
145948  35.952  -44.285  23.297 0.3000000119
139067  35.633  -44.199  22.750 0.3000000119
51625  35.796  -44.907  23.038 0.3000000119
50628  35.565  -45.533  21.581 0.3000000119
150169  35.409  -44.737  21.389 0.3000000119
54682  38.457  -41.759  23.758 0.3000000119
52702  36.961  -43.378  24.074 0.3000000119
54684  36.930  -42.013  23.909 0.3000000119
53772  36.287  -43.093  23.594 0.3000000119
52730  35.846  -43.608  23.183 0.3000000119
135414  35.354  -44.671  20.523 0.3000000119
50636  35.533  -45.563  19.846 0.3000000119
50644  35.693  -46.236  18.795 0.3000000119
54683  37.691  -41.854  23.995 0.3000000119
54705  37.166  -41.226  23.846 0.3000000119
53773  35.748  -42.738  22.995 0.3000000119
134678  36.311  -42.299  23.529 0.4000000060
53789  35.446  -42.831  22.260 0.3000000119
52753  35.313  -43.334  21.745 0.3000000119
138432  35.229  -43.972  21.151 0.3000000119
54729  35.530  -42.113  22.356 0.4000000060
54707  35.897  -41.825  23.065 0.4000000060
53800  35.242  -42.537  21.621 0.4000000060
55565  36.100  -41.106  23.097 0.3000000119
135046  35.671  -41.235  22.507 0.4000000060
43370  54.058  -53.947  17.108 1.0000000000
44234  52.559  -52.910  16.781 1.0000000000
42603  52.586  -54.688  15.696 0.8999999762
46943  42.502  -49.966  20.398 0.6999999881
45060  40.022  -51.065  22.342 0.8000000119
45061  39.180  -51.170  22.317 0.8000000119
46045  39.506  -50.537  22.774 0.6999999881
146948  44.818  -61.928  26.444 0.6000000238
35189  49.033  -62.583  26.577 0.5000000000
35171  49.811  -62.840  27.330 0.5000000000
36158  43.225  -61.770  29.005 0.6000000238
39914  49.408  -57.481  18.778 0.8999999762
36144  43.203  -61.700  29.917 0.5000000000
147984  46.490  -64.241  29.486 0.4000000060
34080  45.363  -63.690  30.998 0.5000000000
131313  47.813  -64.253  28.619 0.4000000060
39876  41.429  -57.343  24.727 0.6999999881
40783  45.611  -56.540  20.756 0.8999999762
130517  40.366  -57.243  27.746 0.6999999881
34081  44.847  -63.085  31.212 0.5000000000
33052  46.337  -64.606  31.819 0.5000000000
152129  41.846  -55.031  24.110 0.8000000119
140390  47.961  -65.087  28.755 0.4000000060
134193  43.860  -55.961  21.942 0.8000000119
40731  40.463  -56.489  27.164 0.6999999881
35098  46.068  -62.297  32.979 0.4000000060
42563  47.115  -54.184  19.235 0.8000000119
42604  49.987  -55.319  14.404 0.8000000119
39807  41.428  -57.538  30.777 0.6000000238
151265  45.084  -60.352  33.243 0.4000000060
35097  47.009  -62.085  33.061 0.4000000060
43296  43.082  -53.553  24.134 0.8000000119
43361  54.076  -54.063  17.671 1.0000000000
38016  45.464  -59.693  33.380 0.5000000000
38903  43.782  -58.785  33.021 0.5000000000
43385  51.569  -53.009  14.845 1.0000000000
40662  43.424  -56.717  31.368 0.6999999881
44206  51.311  -52.344  17.884 1.0000000000
44230  52.430  -52.963  17.295 1.0000000000
143246  49.889  -49.815  13.497 1.0000000000
149399  50.247  -48.893  13.634 1.0000000000
45057  48.288  -52.696  22.183 0.8000000119
48716  49.918  -47.601  16.126 1.0000000000
47759  45.346  -48.535  20.061 0.8000000119
47786  48.858  -48.561  17.261 1.0000000000
46970  50.030  -49.573  17.227 1.0000000000
46034  45.309  -50.892  23.467 0.6999999881
49689  47.408  -46.909  17.065 0.8000000119
50677  49.920  -45.277  14.045 1.0000000000
50693  50.033  -45.154  12.586 1.0000000000
50678  48.168  -45.209  15.216 1.0000000000
45023  44.403  -51.549  26.609 0.6000000238
127404  44.826  -51.310  25.224 0.6999999881
52675  43.759  -43.463  26.029 0.4000000060
134813  43.312  -53.477  15.292 1.0000000000
45133  44.115  -51.910  14.799 1.0000000000
135494  43.309  -42.116  24.262 0.4000000060
51568  43.512  -44.644  26.705 0.4000000060
53745  43.016  -42.906  24.606 0.5000000000
51581  43.320  -44.107  26.221 0.5000000000
56506  43.526  -39.838  18.855 0.4000000060
47788  45.269  -48.965  17.286 1.0000000000
53797  42.654  -42.353  21.683 0.5000000000
45077  41.570  -51.689  20.645 0.8000000119
53835  44.356  -41.535  16.350 0.5000000000
52778  44.647  -43.247  17.035 0.5000000000
52799  45.922  -42.503  14.546 0.5000000000
52812  46.787  -43.061  12.787 0.6999999881
52813  45.777  -43.297  12.967 0.6000000238
51712  43.529  -44.014  13.389 0.5000000000
50690  43.911  -44.736  13.678 0.5000000000
51696  41.992  -44.739  14.048 0.5000000000
46944  41.886  -49.679  20.946 0.6999999881
46935  41.290  -49.317  21.447 0.6999999881
46035  39.072  -49.984  23.228 0.6000000238
49619  37.371  -46.416  24.143 0.3000000119
37230  45.030  -60.178  20.742 0.5000000000
138568  45.672  -59.700  20.504 0.5000000000
39029  46.553  -58.726  20.245 0.5000000000
34208  44.343  -63.521  20.223 0.5000000000
36240  45.228  -61.134  20.267 0.5000000000
33197  44.260  -64.043  20.876 0.5000000000
35257  44.311  -62.601  20.488 0.5000000000
36241  44.571  -61.705  20.510 0.5000000000
34194  43.827  -63.270  21.739 0.5000000000
34181  44.363  -63.687  22.550 0.4000000060
152389  43.297  -62.089  22.596 0.5000000000
34180  45.138  -63.818  22.675 0.4000000060
35235  43.560  -62.746  22.626 0.5000000000
35222  45.359  -62.456  23.561 0.5000000000
35224  43.637  -62.461  23.324 0.5000000000
42564  43.041  -54.775  19.075 0.6999999881
41653  42.348  -55.294  19.642 0.6999999881
42583  45.363  -54.260  17.815 0.8000000119
141383  47.658  -54.660  16.315 0.8000000119
42582  46.189  -54.274  17.310 0.8000000119
42606  48.091  -54.333  15.362 0.8999999762
42565  42.211  -54.826  19.019 0.6999999881
42594  46.686  -54.030  16.566 0.8999999762
43365  45.785  -53.651  16.671 0.8999999762
43372  47.150  -53.864  15.771 0.8999999762
43386  48.381  -53.992  14.349 0.8999999762
42574  42.463  -54.467  18.203 0.6000000238
145861  43.265  -54.252  18.297 0.8000000119
43373  46.188  -53.566  15.886 0.8999999762
43387  47.395  -53.662  14.790 0.8999999762
43399  47.655  -53.241  14.084 0.8999999762
44242  49.044  -52.712  13.593 0.8999999762
42451  46.008  -54.212  29.880 0.5000000000
43231  45.656  -54.109  29.550 0.5000000000
43247  45.443  -55.058  28.640 0.5000000000
131788  45.725  -56.718  29.022 0.6000000238
134954  45.334  -56.238  28.429 0.5000000000
41574  45.033  -56.253  27.857 0.5000000000
40697  44.631  -56.585  29.303 0.6000000238
42575  41.672  -54.977  17.545 0.6000000238
43367  43.874  -53.729  16.730 0.8999999762
43374  45.223  -53.490  15.804 0.8999999762
43366  44.861  -53.583  16.634 0.8999999762
43388  46.437  -53.438  15.014 0.8999999762
43400  46.707  -53.003  14.465 0.8999999762
44243  48.090  -52.637  13.744 0.8999999762
44985  44.762  -51.973  29.440 0.5000000000
44998  44.414  -52.089  28.798 0.5000000000
137453  45.150  -52.483  29.707 0.5000000000
43232  45.292  -53.824  29.154 0.5000000000
44074  46.483  -52.842  30.329 0.5000000000
43376  43.491  -53.848  15.612 0.8999999762
42586  42.291  -54.618  16.841 0.6999999881
43375  44.306  -53.637  15.639 0.8999999762
43389  45.492  -53.342  15.122 0.8999999762
43401  45.760  -52.942  14.699 0.8999999762
44244  47.071  -52.317  14.025 0.8999999762
137660  44.914  -51.180  29.746 0.5000000000
45012  44.214  -51.974  27.989 0.5000000000
45945  45.775  -51.129  30.043 0.5000000000
44973  45.969  -51.761  30.237 0.5000000000
43391  43.992  -53.539  15.081 0.8999999762
43402  44.933  -52.980  14.816 0.8999999762
44245  46.067  -52.315  14.370 0.8999999762
45973  43.871  -50.801  28.862 0.5000000000
45957  44.448  -50.414  29.409 0.5000000000
45958  43.822  -50.086  29.035 0.5000000000
45956  45.435  -50.352  29.753 0.5000000000
47656  44.762  -48.935  29.166 0.4000000060
42599  39.569  -54.772  16.547 0.6000000238
42600  38.487  -54.205  16.624 0.6000000238
43379  40.089  -53.623  15.946 0.8000000119
131881  39.124  -53.630  16.236 0.6999999881
42601  37.666  -53.745  16.746 0.6999999881
43369  36.334  -53.661  17.272 0.6999999881
43395  39.982  -52.485  15.642 0.8000000119
43394  40.738  -52.850  15.503 0.8000000119
43380  39.290  -52.669  15.937 0.6999999881
43381  38.276  -52.908  16.369 0.6999999881
43382  37.088  -53.319  16.818 0.6999999881
129233  38.213  -52.219  16.678 0.6999999881
44227  37.364  -52.239  17.031 0.6999999881
45118  40.951  -51.641  15.652 0.8000000119
45109  39.590  -51.650  16.441 0.8000000119
45117  41.901  -51.588  15.659 0.8000000119
44226  38.145  -51.987  17.088 0.6999999881
45110  38.874  -51.872  16.518 0.6999999881
44224  40.089  -51.864  17.444 0.8000000119
45107  41.462  -51.523  16.380 0.8000000119
44225  39.038  -51.890  17.217 0.6999999881
44213  39.436  -52.245  18.298 0.8000000119
44202  37.603  -52.314  18.921 0.6000000238
44222  42.142  -51.902  17.487 0.8000000119
44223  41.132  -51.793  17.346 0.8000000119
44201  38.421  -52.362  19.280 0.6000000238
45088  36.998  -51.903  19.647 0.6000000238
44200  39.914  -52.490  19.425 0.8000000119
44188  38.040  -52.219  19.916 0.6000000238
44212  40.242  -52.326  18.531 0.8000000119
45079  36.261  -51.388  19.964 0.6000000238
44187  39.029  -52.422  20.078 0.6999999881
45078  37.703  -51.735  20.551 0.6000000238
46065  36.641  -50.922  20.686 0.6999999881
46066  35.763  -50.808  20.183 0.6000000238
129909  37.009  -51.432  20.441 0.6000000238
46957  35.086  -50.257  19.883 0.6000000238
44171  39.341  -52.177  21.102 0.6999999881
45068  38.839  -51.684  21.592 0.6999999881
35221  46.675  -62.768  22.982 0.4000000060
35223  44.368  -62.579  23.539 0.5000000000
147795  43.434  -61.831  23.560 0.5000000000
35246  43.535  -62.440  21.963 0.5000000000
35258  43.800  -62.774  21.285 0.5000000000
43398  48.679  -53.464  13.809 0.8999999762
47655  45.463  -49.025  29.233 0.3000000119
44239  40.361  -51.967  15.508 0.8000000119
34193  44.165  -63.838  21.819 0.5000000000
42584  44.636  -53.743  17.498 0.8000000119
42467  45.896  -55.282  29.317 0.5000000000
44231  39.608  -51.941  15.751 0.8000000119
44232  38.929  -52.105  16.160 0.6999999881
45108  40.478  -51.521  16.380 0.8000000119
44215  37.358  -52.261  17.768 0.6999999881
44214  38.394  -52.255  18.208 0.6999999881
38014  47.291  -59.196  33.133 0.4000000060
38032  47.975  -58.797  32.594 0.4000000060
38900  46.186  -58.208  32.684 0.4000000060
38899  47.139  -58.419  32.621 0.4000000060
39792  45.608  -57.386  31.489 0.5000000000
38898  48.659  -58.558  31.929 0.4000000060
38914  49.433  -58.692  31.538 0.4000000060
39806  45.875  -57.349  30.479 0.5000000000
40676  44.775  -56.793  30.193 0.5000000000
39790  47.274  -57.589  30.872 0.5000000000
38915  48.144  -57.841  30.922 0.4000000060
39776  46.842  -57.803  31.924 0.4000000060
136208  49.687  -58.415  30.752 0.4000000060
38928  48.874  -58.210  31.010 0.4000000060
38916  47.795  -58.115  31.808 0.4000000060
38926  50.482  -58.556  30.485 0.4000000060
150560  45.903  -57.053  29.272 0.5000000000
39805  46.559  -57.395  30.204 0.5000000000
39804  48.599  -57.765  30.185 0.4000000060
38927  49.216  -58.074  30.215 0.4000000060
134803  51.125  -57.753  27.939 0.4000000060
38959  50.893  -58.081  28.650 0.4000000060
38944  49.852  -58.192  29.839 0.4000000060
38971  51.809  -57.950  27.644 0.4000000060
38942  51.654  -58.439  29.253 0.4000000060
40674  46.025  -57.239  29.637 0.5000000000
142952  46.660  -57.200  29.700 0.5000000000
39821  47.221  -57.349  29.942 0.4000000060
43277  53.426  -53.782  25.101 0.3000000119
133914  47.889  -57.517  30.150 0.4000000060
41617  53.211  -55.358  24.864 0.3000000119
39819  49.172  -57.677  29.425 0.4000000060
149156  53.580  -55.897  24.070 0.3000000119
41618  53.108  -56.405  24.581 0.3000000119
41606  52.563  -56.107  25.401 0.3000000119
135307  51.655  -57.117  26.477 0.3000000119
39844  51.344  -57.441  27.185 0.4000000060
152131  50.569  -57.671  28.240 0.4000000060
39818  50.046  -57.897  28.839 0.4000000060
40739  52.644  -56.834  25.219 0.3000000119
131130  52.330  -57.165  25.858 0.3000000119
39849  52.173  -57.603  26.710 0.4000000060
41558  47.100  -56.329  29.559 0.4000000060
40694  48.156  -56.942  29.407 0.4000000060
136430  53.459  -53.083  25.139 0.3000000119
43266  52.455  -53.253  26.268 0.3000000119
42512  53.084  -54.394  25.397 0.3000000119
132714  52.553  -55.132  25.755 0.3000000119
41596  51.562  -55.699  26.728 0.3000000119
41584  51.019  -56.079  27.256 0.4000000060
40718  51.040  -56.953  27.042 0.4000000060
39834  50.156  -57.330  28.149 0.4000000060
41595  52.030  -55.864  26.157 0.3000000119
40730  51.536  -56.498  26.575 0.3000000119
147531  46.541  -55.800  29.497 0.4000000060
44113  50.663  -53.006  28.088 0.3000000119
43245  50.426  -53.775  28.318 0.3000000119
42480  50.260  -54.610  28.386 0.4000000060
43246  49.799  -54.049  28.841 0.4000000060
42464  49.125  -54.649  29.344 0.4000000060
41557  47.956  -56.173  29.513 0.4000000060
134606  51.859  -52.992  26.895 0.3000000119
135805  51.484  -53.701  27.255 0.3000000119
43256  50.954  -53.675  27.776 0.3000000119
147559  50.713  -55.159  27.803 0.4000000060
41572  50.013  -55.578  28.458 0.4000000060
145363  48.632  -56.513  29.256 0.4000000060
43267  51.991  -53.893  26.698 0.3000000119
144744  51.149  -54.382  27.509 0.3000000119
40709  49.318  -56.337  28.865 0.4000000060
140431  51.948  -54.889  26.531 0.3000000119
42492  51.338  -55.097  27.151 0.3000000119
40719  50.526  -56.792  27.667 0.4000000060
39835  49.489  -57.279  28.642 0.4000000060
44073  47.114  -52.169  30.248 0.4000000060
44085  47.977  -52.330  29.995 0.4000000060
140842  46.591  -53.825  30.213 0.4000000060
42450  46.366  -54.696  29.832 0.4000000060
44101  49.426  -52.603  29.123 0.3000000119
43229  48.222  -53.209  29.923 0.4000000060
142097  48.351  -54.126  29.788 0.4000000060
42449  46.970  -54.694  30.036 0.4000000060
44100  49.981  -53.053  28.701 0.4000000060
43228  49.150  -53.448  29.394 0.4000000060
42466  47.403  -55.433  29.754 0.4000000060
44216  36.502  -52.424  17.521 0.6000000238
44217  35.608  -52.650  17.622 0.6000000238
45089  35.800  -51.780  18.936 0.5000000000
44203  36.609  -52.190  18.456 0.5000000000
45080  35.431  -51.308  19.529 0.5000000000
46072  34.803  -50.981  19.451 0.5000000000
51666  35.484  -45.046  17.762 0.3000000119
52782  35.382  -44.490  16.305 0.3000000119
51688  35.231  -44.949  15.875 0.3000000119
137568  35.106  -43.147  20.934 0.3000000119
52764  35.143  -43.859  19.301 0.3000000119
145607  35.331  -44.565  18.777 0.3000000119
52775  35.247  -44.058  18.278 0.3000000119
52794  35.274  -44.131  15.719 0.3000000119
51699  34.831  -44.156  15.345 0.3000000119
52802  34.678  -43.357  15.010 0.3000000119
134024  34.940  -42.282  20.837 0.3000000119
53812  34.914  -42.944  19.946 0.3000000119
52765  34.903  -43.201  18.779 0.3000000119
53821  34.688  -42.634  18.041 0.3000000119
52783  35.278  -43.824  16.544 0.3000000119
137899  35.219  -43.376  15.781 0.3000000119
52801  35.116  -43.591  15.174 0.3000000119
52803  33.723  -43.089  15.139 0.3000000119
53853  33.309  -42.224  14.987 0.3000000119
54742  35.228  -41.561  21.584 0.3000000119
53806  34.795  -42.064  20.126 0.3000000119
53813  34.663  -42.201  19.225 0.3000000119
54760  34.482  -41.726  18.377 0.3000000119
53829  34.911  -43.047  16.862 0.3000000119
136371  34.595  -42.112  17.127 0.3000000119
53838  35.119  -42.817  15.182 0.3000000119
53851  34.959  -42.769  14.850 0.3000000119
53852  34.395  -42.563  14.725 0.3000000119
55611  35.080  -40.734  21.100 0.3000000119
55612  34.775  -40.761  20.320 0.3000000119
54754  34.525  -41.381  19.177 0.3000000119
149101  34.411  -41.255  17.756 0.3000000119
139098  34.486  -41.288  16.770 0.3000000119
54773  34.915  -42.003  14.769 0.3000000119
140592  34.664  -41.215  14.716 0.3000000119
141393  34.989  -40.052  20.657 0.3000000119
140532  34.693  -40.116  19.934 0.3000000119
55630  34.440  -40.785  18.667 0.3000000119
132500  34.480  -39.824  18.636 0.3000000119
55650  34.446  -40.624  16.475 0.3000000119
56501  34.842  -39.390  20.221 0.3000000119
146595  34.598  -39.523  19.457 0.3000000119
56508  34.515  -38.922  18.853 0.3000000119
55641  34.411  -40.379  17.594 0.3000000119
57379  34.701  -38.711  19.717 0.3000000119
58346  34.882  -37.786  20.028 0.3000000119
38943  50.700  -58.317  29.542 0.4000000060
38013  48.049  -59.656  32.991 0.4000000060
38030  49.344  -59.726  32.372 0.4000000060
38053  50.967  -59.089  31.016 0.4000000060
38029  49.813  -59.313  31.869 0.4000000060
38970  52.686  -58.121  27.513 0.4000000060
38957  52.377  -58.374  28.484 0.4000000060
38924  52.140  -58.940  29.990 0.4000000060
42529  54.460  -54.165  23.778 0.3000000119
41628  54.170  -55.775  23.392 0.3000000119
40753  53.206  -57.017  24.475 0.3000000119
39848  53.051  -57.547  25.884 0.3000000119
42511  53.660  -54.376  24.635 0.3000000119
44131  52.905  -52.723  25.721 0.3000000119
137833  51.519  -52.030  27.134 0.3000000119
44122  52.325  -52.226  26.347 0.3000000119
45954  47.344  -50.670  29.680 0.4000000060
44983  47.657  -51.502  29.877 0.4000000060
133572  48.497  -51.695  29.535 0.4000000060
135492  49.836  -52.156  28.662 0.3000000119
137943  50.362  -52.406  28.296 0.3000000119
45955  46.416  -50.453  29.798 0.4000000060
141886  36.123  -52.927  17.320 0.6000000238
145272  35.617  -39.883  22.070 0.3000000119
56490  35.526  -39.286  21.691 0.3000000119
57363  35.425  -38.623  21.260 0.3000000119
57378  35.056  -38.621  20.512 0.3000000119
58328  35.763  -37.213  21.417 0.3000000119
44140  54.046  -52.665  24.454 0.3000000119
38884  45.861  -58.923  33.298 0.4000000060
40660  45.173  -57.082  30.877 0.5000000000
40693  48.807  -57.104  29.085 0.4000000060
135281  52.532  -54.184  26.091 0.3000000119
43230  47.529  -53.901  30.137 0.4000000060
54748  34.862  -41.468  20.663 0.3000000119
150265  34.729  -42.009  14.672 0.3000000119
59268  35.601  -36.347  20.944 0.3000000119
37113  48.096  -60.538  33.108 0.3000000119
139128  48.735  -60.104  32.780 0.3000000119
131964  47.901  -58.474  16.366 0.6000000238
39920  47.144  -58.282  16.573 0.6999999881
39921  46.387  -58.067  17.115 0.6999999881
37125  50.053  -60.071  32.139 0.3000000119
32131  47.373  -65.604  29.280 0.3000000119
32115  46.595  -65.580  30.540 0.3000000119
39917  44.739  -57.317  18.693 0.6999999881
35107  48.410  -62.108  32.901 0.3000000119
151096  44.551  -57.999  18.721 0.6999999881
145188  45.766  -57.878  17.650 0.6999999881
36109  49.755  -61.505  32.419 0.3000000119
37126  49.393  -60.643  32.513 0.3000000119
134107  46.833  -57.253  17.030 0.6999999881
36108  50.627  -61.539  32.016 0.3000000119
37142  52.472  -60.319  30.702 0.3000000119
36120  51.420  -61.236  31.541 0.3000000119
37135  50.829  -60.476  31.762 0.3000000119
152735  53.093  -60.629  30.361 0.3000000119
138487  52.478  -59.575  30.280 0.3000000119
37134  51.681  -60.383  31.263 0.3000000119
32100  46.777  -65.477  31.472 0.3000000119
34071  47.891  -63.575  32.708 0.4000000060
40800  45.557  -56.081  18.152 0.6999999881
35106  49.253  -62.296  32.630 0.3000000119
35108  47.612  -62.722  32.910 0.3000000119
39916  45.402  -57.200  18.213 0.6999999881
39915  46.096  -57.137  17.664 0.6999999881
35105  50.098  -62.265  32.332 0.3000000119
133906  51.326  -62.076  31.711 0.3000000119
148910  51.892  -61.784  31.359 0.3000000119
38042  51.205  -59.760  31.350 0.3000000119
36129  53.408  -61.227  30.284 0.3000000119
33038  47.360  -64.274  32.531 0.4000000060
151938  44.420  -55.917  18.947 0.6999999881
139663  49.119  -64.181  32.598 0.3000000119
137516  48.600  -62.950  32.742 0.3000000119
35104  50.433  -62.992  32.255 0.3000000119
138029  49.683  -62.921  32.478 0.3000000119
41672  46.740  -55.283  17.232 0.6999999881
35117  52.004  -62.522  31.454 0.3000000119
40806  47.362  -56.300  16.838 0.6999999881
38052  51.786  -59.498  30.741 0.3000000119
38068  53.566  -59.778  29.342 0.3000000119
38051  52.801  -59.304  29.675 0.3000000119
41673  45.993  -55.127  17.832 0.6999999881
34069  49.931  -63.710  32.474 0.3000000119
33051  51.905  -64.380  31.873 0.3000000119
34079  51.468  -63.797  31.975 0.3000000119
41671  47.423  -55.297  16.774 0.6999999881
38082  53.809  -59.227  28.550 0.3000000119
33034  51.178  -64.416  32.238 0.3000000119
42593  48.646  -55.156  15.712 0.6999999881
38940  53.113  -58.882  28.994 0.3000000119
46825  47.898  -50.133  29.138 0.3000000119
38161  48.664  -59.877  16.973 0.5000000000
38151  45.242  -59.199  17.701 0.6999999881
38157  46.403  -59.632  16.730 0.6000000238
37245  44.563  -60.434  17.539 0.6000000238
39050  47.702  -59.376  16.447 0.6000000238
39031  43.099  -59.018  20.103 0.6999999881
39910  44.217  -57.468  19.114 0.6999999881
32099  47.328  -66.071  31.464 0.3000000119
39911  43.558  -57.181  19.703 0.6999999881
142062  47.800  -64.992  32.415 0.4000000060
41652  43.901  -55.371  19.135 0.6999999881
142486  48.680  -64.935  32.508 0.4000000060
33037  48.232  -64.282  32.582 0.4000000060
41663  43.870  -54.498  18.630 0.6999999881
150250  49.774  -64.431  32.524 0.3000000119
32083  50.270  -65.854  32.378 0.3000000119
31207  50.840  -66.534  32.262 0.3000000119
37127  48.688  -60.816  32.844 0.3000000119
41661  45.281  -54.964  18.247 0.6999999881
39045  45.909  -58.817  17.250 0.6000000238
32098  51.587  -65.122  32.173 0.3000000119
32084  49.292  -65.573  32.403 0.3000000119
37239  45.992  -61.265  19.367 0.5000000000
38143  47.876  -60.017  18.886 0.5000000000
37237  47.457  -60.666  18.615 0.5000000000
38138  46.396  -59.686  20.054 0.4000000060
32287  38.394  -66.282  18.225 0.4000000060
30404  36.821  -67.824  19.033 0.5000000000
134017  47.057  -60.204  19.312 0.5000000000
38150  48.495  -60.277  18.191 0.5000000000
29424  35.356  -68.678  19.638 0.4000000060
28464  34.399  -68.702  20.114 0.4000000060
31383  37.872  -66.747  18.716 0.5000000000
38156  48.311  -60.409  17.322 0.4000000060
29409  33.746  -68.335  19.745 0.4000000060
28465  33.652  -68.749  20.411 0.4000000060
30395  36.381  -67.492  20.201 0.4000000060
31378  38.096  -66.406  19.915 0.5000000000
31379  37.350  -67.131  19.709 0.4000000060
143868  39.884  -64.624  19.357 0.5000000000
34220  41.217  -63.352  18.894 0.4000000060
38163  47.134  -59.997  16.620 0.5000000000
36260  43.086  -61.427  17.971 0.4000000060
38158  45.814  -59.771  17.010 0.4000000060
29410  32.937  -68.475  19.982 0.4000000060
30410  29.410  -67.050  19.227 0.4000000060
30396  35.468  -67.760  20.026 0.4000000060
32272  32.657  -65.890  18.792 0.4000000060
31367  37.733  -66.450  20.824 0.5000000000
133842  37.057  -66.869  20.868 0.4000000060
32271  33.138  -65.744  18.803 0.4000000060
32256  38.847  -65.727  20.173 0.5000000000
33202  35.188  -64.193  20.947 0.4000000060
142278  34.090  -64.845  19.611 0.4000000060
140760  39.475  -65.119  19.766 0.5000000000
34210  41.176  -63.259  20.013 0.5000000000
34198  35.700  -63.325  20.992 0.4000000060
34212  35.040  -63.215  20.166 0.4000000060
34221  40.511  -63.997  19.430 0.5000000000
135271  41.697  -62.694  19.413 0.6000000238
148430  42.191  -62.244  18.940 0.6000000238
37246  43.759  -60.820  17.908 0.5000000000
29428  30.622  -67.515  19.371 0.4000000060
138928  33.200  -68.075  19.409 0.4000000060
31388  32.346  -66.845  19.021 0.4000000060
133893  38.048  -65.861  21.431 0.5000000000
31368  36.395  -66.768  21.324 0.4000000060
31387  33.017  -66.683  18.886 0.4000000060
32242  38.735  -65.385  21.388 0.5000000000
32257  34.681  -65.075  20.666 0.4000000060
32270  33.688  -65.673  19.319 0.4000000060
33215  39.474  -65.005  20.848 0.5000000000
36253  42.076  -61.986  19.770 0.5000000000
35238  36.984  -62.716  21.950 0.4000000060
38153  44.034  -59.986  18.452 0.6000000238
136365  31.672  -67.366  19.315 0.4000000060
30388  34.956  -67.003  20.971 0.4000000060
134074  32.296  -67.568  19.295 0.4000000060
30408  33.421  -67.312  19.284 0.4000000060
31370  34.838  -66.161  21.054 0.4000000060
33198  39.940  -64.260  21.318 0.5000000000
138057  36.366  -65.104  22.072 0.4000000060
33201  36.006  -64.320  21.678 0.4000000060
34211  40.563  -63.758  20.707 0.5000000000
34197  36.474  -63.459  21.738 0.4000000060
37240  43.378  -60.313  18.947 0.6000000238
36243  42.369  -61.213  20.093 0.6000000238
129087  32.104  -68.370  20.039 0.4000000060
30409  32.983  -67.536  19.125 0.4000000060
31380  34.422  -66.728  20.366 0.4000000060
32258  34.266  -65.833  20.153 0.4000000060
33199  39.267  -64.652  21.721 0.5000000000
32243  37.268  -66.115  21.671 0.5000000000
32235  37.085  -65.253  22.172 0.5000000000
32234  37.988  -65.216  22.045 0.5000000000
33185  37.623  -64.478  22.341 0.5000000000
35260  40.985  -62.932  21.060 0.5000000000
34196  39.540  -63.962  22.101 0.5000000000
34183  39.618  -63.292  22.400 0.5000000000
34186  37.266  -63.673  22.333 0.4000000060
36244  41.808  -61.648  20.675 0.6000000238
136333  38.382  -62.986  22.649 0.5000000000
134696  37.770  -62.189  22.310 0.4000000060
38145  44.089  -59.163  18.827 0.6000000238
38147  42.982  -59.904  19.808 0.6000000238
35247  41.287  -62.094  21.316 0.6000000238
35248  40.703  -62.489  21.879 0.5000000000
34185  38.055  -63.742  22.545 0.5000000000
36234  41.497  -61.180  21.592 0.6000000238
35236  40.052  -62.551  22.467 0.5000000000
37231  42.449  -60.306  20.505 0.6000000238
146741  43.624  -58.835  19.459 0.6000000238
39903  41.481  -56.841  20.993 0.5000000000
150319  42.256  -57.105  20.729 0.6000000238
39902  41.695  -57.604  21.245 0.5000000000
39901  42.926  -57.418  20.283 0.6000000238
39021  41.943  -58.503  21.329 0.6000000238
38125  40.961  -59.542  22.282 0.5000000000
145741  39.735  -61.185  22.646 0.5000000000
37232  42.051  -60.953  20.874 0.6000000238
36227  40.879  -61.042  22.330 0.5000000000
132951  40.267  -61.646  22.491 0.5000000000
36228  39.358  -61.870  22.713 0.5000000000
36229  38.421  -61.529  22.494 0.5000000000
146553  42.397  -55.866  20.148 0.5000000000
41647  41.653  -55.711  20.091 0.5000000000
40793  43.233  -55.873  19.716 0.6000000238
40784  42.749  -56.583  20.250 0.6000000238
37215  41.299  -60.350  22.095 0.6000000238
140927  40.265  -60.933  22.569 0.5000000000
148883  43.323  -58.144  19.903 0.6000000238
38133  42.132  -59.462  21.230 0.6000000238
37249  47.225  -60.811  17.340 0.4000000060
38162  47.927  -60.181  16.834 0.4000000060
127201  49.854  -59.544  17.775 0.5000000000
37242  48.486  -60.425  17.690 0.4000000060
38140  42.638  -59.521  20.485 0.6000000238
36258  46.535  -61.214  17.563 0.5000000000
37238  46.821  -60.962  18.811 0.5000000000
37244  47.321  -61.131  18.008 0.5000000000
32269  38.454  -66.200  19.167 0.5000000000
29408  34.545  -68.353  19.752 0.4000000060
30407  34.150  -67.857  19.637 0.4000000060
133832  32.865  -64.918  18.667 0.4000000060
33216  34.511  -64.009  19.996 0.4000000060
135496  33.978  -67.111  19.648 0.4000000060
31369  35.587  -66.469  21.444 0.4000000060
29427  31.584  -68.028  19.618 0.4000000060
37224  41.872  -60.331  21.381 0.6000000238
136364  30.115  -66.422  19.226 0.3000000119
33217  33.976  -63.829  19.084 0.3000000119
136173  31.697  -65.898  19.063 0.3000000119
34213  34.447  -63.049  19.342 0.3000000119
133216  32.093  -65.022  18.951 0.3000000119
33225  33.505  -63.651  18.763 0.3000000119
33227  32.350  -64.110  18.939 0.3000000119
28466  33.018  -68.881  20.784 0.4000000060
28478  35.132  -68.892  19.843 0.4000000060
29425  33.645  -67.932  19.435 0.4000000060
29426  32.569  -68.016  19.479 0.4000000060
30387  35.596  -67.244  20.928 0.4000000060
30397  34.690  -67.522  20.115 0.4000000060
30406  35.199  -68.253  19.744 0.4000000060
31366  38.356  -66.019  20.824 0.5000000000
31385  33.977  -66.397  19.694 0.4000000060
31386  33.477  -66.522  19.188 0.4000000060
31389  31.220  -66.695  19.208 0.4000000060
32082  51.189  -65.840  32.328 0.3000000119
32086  47.480  -65.608  31.996 0.3000000119
32087  46.978  -64.917  32.181 0.3000000119
32132  46.822  -65.436  29.801 0.4000000060
32244  36.379  -65.922  21.914 0.5000000000
32245  35.524  -65.350  21.570 0.4000000060
32268  38.950  -65.716  18.993 0.5000000000
33035  50.421  -64.398  32.430 0.3000000119
33036  49.373  -64.837  32.529 0.4000000060
33053  45.785  -64.184  31.464 0.4000000060
33084  46.342  -64.785  30.085 0.4000000060
33182  44.688  -64.231  22.038 0.4000000060
33183  38.961  -64.310  22.248 0.5000000000
33184  38.370  -64.369  22.333 0.5000000000
33186  36.807  -64.414  22.201 0.4000000060
33196  44.577  -64.589  20.860 0.5000000000
33200  38.681  -64.803  22.026 0.5000000000
33214  40.024  -64.481  20.281 0.5000000000
33224  39.463  -65.148  18.727 0.5000000000
33226  33.050  -63.923  18.662 0.3000000119
34064  46.040  -63.318  32.603 0.5000000000
34068  50.801  -63.710  32.250 0.3000000119
34070  49.191  -63.384  32.590 0.3000000119
34072  46.979  -63.518  32.704 0.4000000060
34073  45.351  -63.497  31.724 0.5000000000
34087  45.560  -63.728  30.337 0.5000000000
34102  46.250  -63.735  29.259 0.4000000060
34116  47.579  -63.622  28.410 0.5000000000
34118  45.713  -63.254  28.813 0.5000000000
34119  45.043  -62.852  28.726 0.6000000238
34135  47.123  -63.146  28.003 0.5000000000
34159  51.733  -62.971  25.495 0.5000000000
34168  51.926  -63.000  25.051 0.5000000000
34171  44.737  -63.256  23.169 0.4000000060
34182  43.967  -63.167  23.039 0.5000000000
34184  38.882  -63.661  22.507 0.5000000000
34195  40.284  -63.370  21.822 0.5000000000
34209  44.008  -63.319  20.961 0.5000000000
35096  47.737  -61.889  33.072 0.3000000119
35109  45.351  -62.685  32.552 0.4000000060
35110  44.826  -62.788  31.998 0.4000000060
35118  51.287  -62.991  31.912 0.3000000119
35119  50.763  -62.369  32.058 0.3000000119
35128  43.865  -62.178  30.515 0.4000000060
35157  44.626  -62.508  28.263 0.6000000238
35172  48.688  -62.828  27.387 0.5000000000
35175  45.731  -62.685  27.502 0.6000000238
35188  50.168  -62.654  26.604 0.5000000000
35190  47.884  -62.563  26.514 0.5000000000
35200  51.309  -62.762  25.695 0.5000000000
35204  46.131  -62.033  25.767 0.6999999881
35237  39.181  -62.796  22.632 0.5000000000
35259  41.532  -62.447  20.389 0.5000000000
35275  42.407  -62.070  17.943 0.4000000060
36098  48.225  -61.331  33.028 0.3000000119
36100  46.584  -61.544  33.193 0.4000000060
36110  48.965  -61.448  32.743 0.3000000119
36112  44.578  -61.515  32.643 0.4000000060
36119  52.154  -61.136  31.113 0.3000000119
36123  43.156  -61.438  30.855 0.5000000000
36159  42.619  -61.316  28.502 0.6000000238
36168  44.275  -61.913  26.999 0.6000000238
36182  45.351  -61.835  25.887 0.6999999881
36191  48.493  -61.840  24.864 0.5000000000
36195  43.673  -61.182  25.620 0.6000000238
36200  50.674  -62.119  23.964 0.5000000000
36202  48.737  -61.575  24.197 0.6000000238
36203  47.948  -61.499  24.294 0.6000000238
36204  46.599  -61.479  24.399 0.5000000000
36207  43.848  -61.125  24.875 0.6000000238
36216  46.230  -61.792  23.879 0.6000000238
36218  43.087  -61.283  23.543 0.6000000238
36219  42.886  -60.700  23.277 0.6000000238
36224  49.107  -61.724  22.592 0.6000000238
36233  43.434  -61.460  22.147 0.6000000238
36235  40.903  -61.771  22.062 0.6000000238
36242  43.868  -61.877  21.225 0.5000000000
36250  46.420  -61.459  18.348 0.5000000000
36251  45.721  -61.899  18.761 0.5000000000
36261  42.623  -61.530  19.016 0.6000000238
37114  47.327  -60.153  33.293 0.3000000119
37115  45.756  -60.498  33.350 0.4000000060
37128  43.146  -60.366  32.135 0.4000000060
37141  53.072  -59.979  30.119 0.3000000119
37153  53.560  -60.594  29.876 0.3000000119
37168  42.102  -60.799  28.006 0.6000000238
37169  41.565  -60.236  28.337 0.6999999881
37181  42.321  -60.688  27.183 0.6999999881
37216  40.576  -60.311  22.459 0.5000000000
37228  46.455  -60.526  19.566 0.5000000000
37229  45.841  -60.435  20.125 0.5000000000
37243  48.001  -60.710  18.091 0.5000000000
37247  43.102  -60.937  18.664 0.6000000238
37248  47.907  -60.755  17.590 0.4000000060
37254  46.383  -60.265  16.867 0.4000000060
38018  43.957  -59.447  33.087 0.5000000000
38031  48.694  -59.277  32.528 0.4000000060
38043  50.535  -59.566  31.609 0.3000000119
38045  41.504  -58.867  30.964 0.6000000238
38105  42.093  -59.938  25.839 0.8000000119
38115  42.255  -59.729  25.026 0.6000000238
38118  42.299  -59.550  24.217 0.6999999881
38123  43.324  -59.791  22.476 0.6999999881
38134  41.427  -59.015  21.797 0.5000000000
38146  43.544  -59.544  19.279 0.6000000238
38148  50.516  -59.177  17.638 0.6999999881
38152  44.652  -59.603  18.065 0.6999999881
38155  49.058  -59.922  17.569 0.4000000060
38159  45.221  -60.075  17.331 0.6000000238
38160  49.615  -59.532  17.244 0.6999999881
38883  46.607  -58.823  33.143 0.4000000060
38886  44.367  -59.054  33.245 0.5000000000
38902  44.564  -58.320  33.018 0.5000000000
38904  43.079  -58.569  32.556 0.5000000000
38913  50.194  -58.868  31.275 0.4000000060
38917  42.380  -58.180  31.938 0.6000000238
38918  41.690  -58.169  31.257 0.6000000238
38925  51.340  -58.700  30.240 0.4000000060
38930  40.782  -58.325  29.968 0.6000000238
38941  52.439  -58.728  29.309 0.3000000119
38958  51.548  -58.130  28.374 0.4000000060
38972  40.867  -58.704  27.012 0.8000000119
38973  40.566  -58.078  27.382 0.6999999881
39019  45.330  -58.542  21.028 0.6000000238
39020  44.705  -58.864  21.423 0.6000000238
39030  45.925  -58.233  20.660 0.6000000238
39032  42.582  -58.088  20.676 0.6000000238
39036  43.997  -58.231  19.167 0.6000000238
39037  51.299  -58.495  17.583 0.6999999881
39040  49.624  -59.193  18.395 0.6000000238
39041  44.613  -58.731  18.443 0.6000000238
39042  51.071  -58.794  17.396 0.8000000119
39043  50.438  -59.196  17.344 0.6999999881
39044  46.709  -59.032  16.613 0.6000000238
39049  48.453  -59.057  16.435 0.6000000238
39777  46.083  -57.649  31.998 0.5000000000
39779  43.732  -58.015  32.713 0.5000000000
39791  46.383  -57.500  31.165 0.5000000000
39795  42.798  -57.296  31.833 0.6000000238
39820  48.377  -57.381  29.591 0.4000000060
39822  40.542  -57.108  29.382 0.6000000238
39833  50.750  -57.308  27.669 0.4000000060
39860  52.851  -57.180  25.204 0.3000000119
39861  41.178  -57.765  25.432 0.6999999881
39862  40.783  -57.462  26.086 0.6999999881
39886  43.394  -57.421  22.492 0.8000000119
39907  48.634  -57.778  19.173 0.6999999881
39913  50.333  -58.423  18.385 0.8000000119
39918  52.047  -57.695  17.107 0.8000000119
39926  51.323  -57.848  15.995 0.8000000119
40675  45.486  -57.191  29.988 0.5000000000
40677  43.254  -56.285  30.557 0.6999999881
40678  42.280  -56.335  30.531 0.6000000238
40679  41.253  -56.948  30.350 0.6000000238
40695  47.302  -56.935  29.609 0.5000000000
40696  45.478  -56.943  29.340 0.5000000000
40699  41.274  -56.405  29.938 0.6999999881
40700  40.816  -56.436  29.422 0.6000000238
40729  52.083  -56.695  25.923 0.3000000119
40771  43.369  -56.082  22.409 0.8000000119
40785  41.976  -56.300  20.575 0.5000000000
40792  44.167  -56.510  19.193 0.6999999881
40801  44.843  -56.425  18.657 0.6999999881
40807  46.423  -56.206  17.465 0.6999999881
40815  50.757  -57.082  15.501 0.8000000119
41556  48.829  -55.686  29.357 0.4000000060
41559  45.069  -56.495  28.525 0.5000000000
41563  41.387  -55.860  29.454 0.6999999881
41573  49.429  -55.407  29.004 0.4000000060
41579  40.827  -55.932  28.846 0.6999999881
41586  44.359  -55.721  27.265 0.6000000238
41598  44.496  -55.480  26.540 0.6999999881
41600  40.670  -55.817  26.559 0.6999999881
41619  41.470  -55.446  24.626 0.8000000119
41636  43.422  -55.088  22.368 0.8000000119
41642  44.677  -55.233  21.256 0.8000000119
41643  44.061  -55.108  21.740 0.8000000119
41645  45.795  -54.892  20.412 0.8000000119
41662  44.674  -55.336  18.653 0.6999999881
41680  53.123  -55.406  17.272 1.0000000000
41684  52.823  -55.205  16.207 0.8000000119
41687  50.194  -56.205  15.076 0.8000000119
41689  51.392  -55.286  14.481 0.8000000119
42465  48.252  -55.088  29.674 0.4000000060
42481  49.727  -54.840  28.799 0.4000000060
42501  44.926  -55.473  25.949 0.6000000238
42513  46.125  -54.778  24.915 0.6999999881
42515  44.267  -54.506  25.533 0.8000000119
42517  41.659  -54.613  25.529 0.8000000119
42530  53.985  -55.097  24.059 0.3000000119
42541  42.426  -54.289  23.926 0.8000000119
42573  44.609  -54.298  18.225 0.6999999881
42585  43.109  -54.072  17.417 0.8999999762
42595  42.941  -54.302  16.192 0.6999999881
42602  53.658  -54.687  16.788 1.0000000000
42608  51.327  -54.504  14.256 1.0000000000
43217  47.348  -53.026  30.268 0.4000000060
43218  45.878  -53.447  30.074 0.5000000000
43257  45.336  -55.194  27.645 0.6000000238
43278  52.979  -53.561  25.645 0.3000000119
43279  47.023  -53.946  24.401 0.6999999881
43309  47.728  -53.461  23.406 0.6999999881
43310  47.567  -53.651  23.350 0.6999999881
43323  48.066  -53.391  22.696 0.6999999881
43333  44.772  -53.410  21.623 0.8000000119
43340  45.720  -53.166  20.775 0.8000000119
43355  48.827  -53.478  18.251 0.8999999762
43357  43.849  -53.913  17.859 0.8000000119
43362  53.392  -53.671  17.530 1.0000000000
43371  53.421  -53.517  17.407 1.0000000000
43383  52.972  -54.202  16.383 1.0000000000
43384  52.187  -53.931  15.154 1.0000000000
43390  44.644  -53.396  15.140 0.8999999762
43392  42.510  -53.413  15.360 0.8999999762
43393  41.651  -53.205  15.389 0.8999999762
43396  51.281  -53.742  14.293 1.0000000000
43397  49.691  -53.435  13.695 1.0000000000
44075  45.727  -52.523  30.159 0.5000000000
44084  48.775  -52.517  29.551 0.4000000060
44086  45.384  -53.190  29.671 0.5000000000
44087  44.866  -52.931  29.136 0.5000000000
44112  51.246  -52.932  27.511 0.3000000119
44114  44.873  -52.899  27.423 0.6000000238
44141  47.562  -53.369  23.819 0.6999999881
44149  48.250  -53.151  22.717 0.6999999881
44156  48.306  -53.142  22.148 0.6999999881
44158  45.327  -53.022  21.862 0.8000000119
44168  46.614  -52.770  21.039 0.8000000119
44172  38.511  -52.061  20.790 0.6000000238
44184  47.315  -52.674  20.365 0.6999999881
44185  40.753  -51.900  21.049 0.8000000119
44194  49.665  -52.042  19.109 1.0000000000
44195  49.165  -52.126  19.539 1.0000000000
44205  54.172  -54.525  17.263 1.0000000000
44228  36.769  -52.719  17.012 0.6999999881
44233  37.499  -52.629  16.706 0.6999999881
44236  43.802  -52.670  14.891 1.0000000000
44246  45.209  -52.328  14.561 0.8999999762
44972  46.683  -51.366  30.113 0.5000000000
44984  45.334  -51.829  29.974 0.5000000000
44997  49.229  -51.900  29.128 0.3000000119
44999  43.746  -51.084  28.144 0.6000000238
45059  47.026  -51.783  22.918 0.8000000119
45064  48.236  -52.632  21.551 0.6999999881
45065  41.276  -51.152  21.420 0.8999999762
45074  48.089  -51.947  21.392 0.8000000119
45075  42.884  -51.267  19.731 0.8999999762
45086  43.230  -51.427  19.145 0.8999999762
45094  50.946  -51.784  18.089 1.0000000000
45106  43.553  -51.787  16.983 0.8999999762
45113  46.086  -51.164  15.396 1.0000000000
45115  44.807  -51.571  15.990 0.8999999762
45119  40.003  -51.630  15.825 0.8000000119
45120  39.377  -51.779  16.044 0.6999999881
45126  42.441  -51.900  15.326 0.8999999762
45130  46.486  -51.659  14.265 0.8999999762
45131  45.653  -51.793  14.532 1.0000000000
45132  44.841  -51.826  14.756 1.0000000000
45134  49.226  -51.238  13.522 1.0000000000
45135  48.337  -51.381  13.569 1.0000000000
45136  47.719  -51.118  13.720 1.0000000000
45953  48.207  -50.895  29.402 0.3000000119
46042  45.931  -51.111  22.817 0.8000000119
46047  37.941  -50.276  22.558 0.6999999881
46050  45.893  -50.493  21.743 0.8000000119
46059  48.053  -51.505  20.445 0.8000000119
46061  46.187  -50.296  21.018 0.8000000119
46077  49.775  -50.807  18.326 1.0000000000
46079  48.372  -50.284  18.804 1.0000000000
46084  45.706  -50.724  16.923 1.0000000000
46086  51.056  -50.442  16.889 1.0000000000
46088  46.109  -50.787  16.298 1.0000000000
46090  47.451  -50.084  14.587 1.0000000000
46098  49.390  -50.317  13.505 1.0000000000
46827  45.059  -49.600  29.458 0.5000000000
46828  44.256  -49.533  29.197 0.5000000000
46841  43.571  -48.436  28.524 0.5000000000
46842  43.556  -49.416  28.699 0.6000000238
46843  43.047  -49.016  28.214 0.6000000238
46888  43.011  -49.383  25.949 0.6999999881
46925  43.786  -49.001  22.977 0.6999999881
46926  40.229  -49.362  22.689 0.5000000000
46927  39.740  -49.947  23.019 0.6000000238
46928  37.632  -49.557  22.942 0.4000000060
46936  40.852  -49.831  22.112 0.6999999881
46956  43.059  -50.174  19.807 1.0000000000
46961  49.592  -50.024  17.895 1.0000000000
46963  47.967  -49.556  18.543 1.0000000000
46975  47.147  -49.071  15.706 1.0000000000
46982  49.000  -49.099  13.471 1.0000000000
47683  42.684  -47.885  27.590 0.6000000238
47703  42.355  -47.911  26.166 0.6999999881
47722  43.344  -49.036  24.304 0.6999999881
47745  39.855  -48.676  23.018 0.5000000000
47753  43.777  -48.210  21.898 0.6999999881
47769  46.494  -48.799  19.185 0.8000000119
47777  47.603  -48.752  18.239 0.8000000119
47779  46.153  -48.015  18.821 0.8000000119
47780  43.311  -48.397  18.564 0.6999999881
47785  49.679  -48.811  16.898 1.0000000000
47787  48.048  -48.299  17.612 1.0000000000
47789  44.464  -48.707  17.741 1.0000000000
47792  50.121  -48.230  16.267 1.0000000000
47794  46.463  -48.673  16.232 1.0000000000
47805  50.213  -47.926  12.926 1.0000000000
48638  37.918  -46.735  24.028 0.3000000119
48639  37.306  -47.058  24.089 0.3000000119
48646  42.965  -47.722  23.468 0.6999999881
48665  36.382  -47.141  23.142 0.3000000119
48680  43.665  -46.982  20.888 0.6999999881
48681  41.005  -47.038  20.683 0.4000000060
48701  45.610  -47.456  18.819 0.6999999881
48702  42.912  -47.557  18.170 0.6999999881
48703  42.351  -47.349  18.651 0.6999999881
48705  34.301  -47.754  17.971 0.4000000060
48723  50.517  -46.859  14.632 1.0000000000
48727  45.881  -47.005  15.531 1.0000000000
48732  50.429  -47.371  13.042 1.0000000000
49563  44.173  -46.262  27.762 0.3000000119
49564  42.835  -46.472  27.156 0.6000000238
49583  42.618  -46.291  26.567 0.6000000238
49620  36.875  -46.456  24.059 0.3000000119
49628  39.106  -46.610  23.297 0.4000000060
49629  38.517  -46.246  23.657 0.4000000060
49644  42.792  -46.121  22.634 0.6000000238
49646  39.605  -46.889  22.801 0.4000000060
49664  41.223  -46.662  20.103 0.5000000000
49700  47.919  -46.422  16.361 1.0000000000
49711  44.133  -45.920  15.232 0.8000000119
49716  50.504  -46.575  13.106 1.0000000000
49717  50.205  -46.038  12.582 1.0000000000
50539  43.405  -45.855  27.321 0.5000000000
50550  42.627  -45.652  26.252 0.6000000238
50594  36.658  -45.712  23.924 0.3000000119
50650  44.906  -45.976  18.218 0.6999999881
50665  41.783  -45.276  17.529 0.3000000119
50686  49.653  -44.504  13.425 1.0000000000
50687  48.128  -45.753  12.939 1.0000000000
50689  45.552  -45.003  13.421 0.8000000119
50694  49.509  -45.349  12.308 1.0000000000
50698  48.775  -44.582  12.219 1.0000000000
51569  42.875  -44.826  26.207 0.6000000238
51582  42.602  -44.799  25.435 0.6000000238
51604  36.915  -44.201  24.111 0.3000000119
51623  38.736  -44.460  23.494 0.3000000119
51624  36.400  -44.810  23.668 0.3000000119
51641  39.556  -44.718  22.385 0.3000000119
51642  35.541  -44.848  22.229 0.3000000119
51651  43.061  -44.171  20.519 0.5000000000
51687  42.163  -45.049  15.235 0.5000000000
51689  34.931  -44.923  15.671 0.3000000119
51692  49.002  -44.644  14.261 1.0000000000
51698  35.100  -44.351  15.482 0.3000000119
51701  49.139  -43.871  13.126 1.0000000000
51705  44.201  -44.188  13.279 0.5000000000
51706  43.149  -44.515  13.626 0.5000000000
51710  45.239  -43.900  12.762 0.6999999881
51713  48.749  -44.051  12.333 1.0000000000
51714  48.022  -44.091  12.231 1.0000000000
52676  43.105  -43.767  25.650 0.5000000000
52699  42.789  -43.631  24.983 0.5000000000
52700  38.341  -43.951  23.877 0.3000000119
52728  38.606  -43.189  23.736 0.3000000119
52745  42.506  -43.331  22.505 0.5000000000
52747  35.531  -43.463  22.505 0.3000000119
52750  42.624  -43.264  21.589 0.5000000000
52751  40.405  -43.481  20.637 0.3000000119
52752  40.081  -43.670  21.403 0.3000000119
52763  40.964  -43.654  19.334 0.3000000119
52771  44.227  -43.827  17.839 0.5000000000
52773  41.344  -43.915  17.677 0.4000000060
52776  35.066  -43.504  17.651 0.3000000119
52795  34.059  -43.920  15.378 0.3000000119
52804  48.570  -43.663  12.754 0.8999999762
52811  47.704  -43.299  12.790 0.8999999762
53747  37.389  -42.626  24.088 0.3000000119
53748  36.760  -42.672  23.875 0.3000000119
53810  43.449  -42.403  19.002 0.5000000000
53836  40.822  -42.793  15.092 0.3000000119
53858  40.840  -42.709  13.940 0.4000000060
53859  40.656  -42.221  13.841 0.3000000119
54681  43.631  -41.393  23.882 0.4000000060
54706  36.478  -41.521  23.524 0.4000000060
54726  43.075  -41.112  22.212 0.4000000060
54727  42.778  -41.924  22.497 0.4000000060
54738  42.919  -41.119  21.242 0.4000000060
54749  34.668  -41.441  19.873 0.3000000119
54752  43.466  -41.561  18.851 0.4000000060
54778  40.672  -41.857  13.967 0.3000000119
55547  38.031  -41.068  23.843 0.3000000119
55559  44.588  -40.546  23.614 0.3000000119
55564  36.605  -40.714  23.475 0.3000000119
55586  44.354  -40.150  23.102 0.4000000060
55603  35.451  -40.600  21.933 0.3000000119
55619  43.310  -40.275  19.808 0.4000000060
55621  34.567  -40.778  19.566 0.3000000119
56487  44.463  -39.170  21.981 0.4000000060
56500  35.185  -39.325  20.961 0.3000000119
57339  45.881  -38.889  22.186 0.3000000119
57374  44.839  -38.157  21.113 0.3000000119
57385  44.274  -38.026  19.738 0.3000000119
58345  35.294  -37.091  20.559 0.3000000119
127084  43.662  -61.360  24.120 0.6000000238
127112  50.718  -51.083  15.161 1.0000000000
128211  43.177  -62.048  23.090 0.5000000000
128367  52.903  -53.614  16.510 1.0000000000
129008  42.503  -58.915  20.778 0.6000000238
129944  44.257  -60.259  21.375 0.6000000238
130241  40.931  -52.232  18.327 0.8000000119
130551  42.638  -49.242  19.784 0.6999999881
130828  40.333  -42.171  20.713 0.4000000060
131054  50.465  -56.069  27.895 0.4000000060
131071  49.968  -56.615  28.248 0.4000000060
131118  46.378  -56.970  29.387 0.5000000000
132350  48.567  -43.817  13.747 1.0000000000
132639  41.547  -59.471  30.651 0.5000000000
132654  42.469  -51.639  16.542 0.8000000119
132886  41.770  -55.867  24.008 0.8000000119
132920  47.120  -63.258  22.427 0.4000000060
132969  49.329  -55.471  18.233 0.8999999762
133435  42.818  -54.155  15.654 0.8999999762
133613  41.561  -59.727  21.793 0.6000000238
133666  39.039  -52.404  19.084 0.8000000119
133781  35.364  -44.327  17.195 0.3000000119
134028  41.272  -59.700  27.858 0.6999999881
134637  42.812  -60.700  19.509 0.6000000238
134759  50.992  -58.618  18.150 0.8000000119
134921  35.923  -47.264  19.924 0.3000000119
135078  43.995  -56.500  30.744 0.6999999881
135195  38.637  -62.286  22.655 0.5000000000
135235  49.288  -59.131  16.581 0.6999999881
135284  40.814  -52.301  20.119 0.8000000119
136161  35.164  -43.857  20.258 0.3000000119
136196  41.210  -52.196  15.349 0.8000000119
136775  42.276  -54.224  25.898 0.8000000119
137121  44.333  -51.324  29.186 0.5000000000
137356  45.191  -58.177  18.131 0.6999999881
137412  44.503  -62.704  30.667 0.6000000238
137489  34.799  -42.064  15.846 0.3000000119
137765  50.789  -65.112  32.412 0.3000000119
137930  37.694  -63.089  22.483 0.4000000060
138030  45.958  -36.423  19.442 0.3000000119
138549  45.689  -50.617  22.313 0.8000000119
139058  43.568  -53.733  24.976 0.8000000119
140235  51.343  -54.421  17.642 1.0000000000
140321  33.405  -64.637  18.886 0.4000000060
140420  34.634  -41.289  15.622 0.3000000119
140601  35.359  -37.891  20.876 0.3000000119
140732  44.772  -51.214  17.608 0.8999999762
140829  49.994  -65.039  32.513 0.3000000119
141396  35.326  -39.981  21.394 0.3000000119
141503  39.036  -61.012  22.573 0.5000000000
141703  45.124  -42.952  13.598 0.6000000238
141945  42.570  -53.883  24.770 0.8000000119
142208  35.411  -44.089  21.974 0.3000000119
143142  46.233  -62.359  23.427 0.6000000238
144131  46.400  -52.107  30.312 0.5000000000
144987  47.689  -54.615  29.945 0.4000000060
145241  49.227  -59.052  32.120 0.4000000060
145713  51.003  -56.469  15.038 0.8000000119
145998  47.795  -57.185  29.699 0.4000000060
146179  50.444  -46.009  13.727 1.0000000000
146355  44.543  -54.220  24.976 0.8000000119
146396  39.284  -42.232  23.028 0.3000000119
146447  51.563  -58.296  17.328 0.8999999762
146617  46.606  -53.231  25.063 0.6999999881
146682  40.942  -43.244  14.098 0.4000000060
146795  48.079  -51.087  19.805 0.8000000119
147170  42.460  -47.818  26.957 0.6999999881
147185  43.882  -63.404  22.374 0.5000000000
147549  43.829  -38.405  19.165 0.4000000060
147708  50.138  -60.847  32.178 0.3000000119
147794  46.956  -54.663  16.895 0.6999999881
148340  41.658  -56.489  30.367 0.6000000238
148821  50.219  -50.988  14.253 1.0000000000
149019  42.878  -44.308  25.792 0.5000000000
149032  42.514  -43.275  23.252 0.4000000060
149313  44.099  -41.646  24.569 0.3000000119
149790  42.585  -45.431  23.027 0.6000000238
150051  42.485  -45.331  23.842 0.6000000238
150298  44.057  -51.451  28.600 0.5000000000
150401  41.316  -55.004  27.571 0.6999999881
150415  42.651  -57.049  23.132 0.8000000119
150582  44.359  -44.574  17.969 0.5000000000
151011  37.581  -53.089  16.591 0.6999999881
151104  51.588  -54.384  27.035 0.3000000119
151589  43.369  -49.323  24.750 0.6999999881
151662  42.229  -48.683  19.878 0.6999999881
151665  45.386  -53.766  17.273 0.8000000119
151754  49.042  -56.766  18.795 0.8999999762
151842  44.460  -64.306  21.382 0.5000000000
152620  44.804  -50.162  18.024 0.8999999762
152714  46.388  -55.318  20.101 0.8000000119
152872  38.154  -51.534  21.235 0.8000000119
152942  35.018  -42.705  16.057 0.3000000119
152982  50.571  -49.104  15.931 1.0000000000
153088  45.386  -55.363  26.843 0.6000000238
153163  48.369  -58.182  31.433 0.4000000060
153334  49.185  -62.885  32.613 0.3000000119
153366  50.714  -54.312  27.965 0.3000000119
153486  40.490  -62.116  22.272 0.5000000000
153624  48.020  -53.386  23.084 0.6999999881
153653  35.141  -67.401  20.548 0.4000000060
153665  34.533  -40.201  19.275 0.3000000119
153809  37.329  -43.818  24.188 0.3000000119
153852  48.608  -63.672  32.641 0.3000000119
