#!ascii label  , from subject sub-v1s2x0051460_ses-1 vox2ras=TkReg
1385
31263  32.119  -66.404  29.507 0.8999999762
30299  32.025  -67.303  29.224 0.8000000119
31287  32.874  -66.906  28.942 0.8000000119
29332  33.032  -68.212  28.127 0.6999999881
134450  33.858  -67.810  26.991 0.8000000119
129869  31.316  -66.179  29.648 0.8999999762
152219  32.882  -66.132  29.349 1.0000000000
32162  33.854  -65.388  28.911 1.0000000000
31285  34.058  -66.024  28.277 0.8999999762
31302  33.678  -66.893  28.206 0.8000000119
30332  34.229  -67.023  26.686 0.8000000119
31301  34.199  -66.542  27.521 0.8999999762
30345  33.905  -67.733  26.101 0.8000000119
30354  33.724  -67.555  25.092 0.6999999881
30360  33.276  -67.631  24.343 0.6999999881
32140  29.918  -65.565  29.191 0.8000000119
32139  30.808  -65.537  29.559 0.8999999762
33089  31.194  -64.946  29.705 0.8999999762
32163  30.393  -64.762  29.069 0.8999999762
32165  28.220  -65.347  28.314 0.8999999762
32137  32.513  -65.577  29.645 0.8999999762
33086  33.640  -64.727  29.523 1.0000000000
143474  34.393  -65.740  27.563 0.8999999762
150629  34.501  -65.029  27.570 1.0000000000
32197  34.533  -65.285  26.757 0.8999999762
141458  34.435  -65.852  26.189 0.8999999762
30353  34.210  -66.970  25.731 0.8000000119
30366  32.981  -67.224  23.735 0.6999999881
34091  31.769  -64.189  30.100 0.8999999762
132489  30.972  -64.206  29.613 0.8999999762
146636  29.745  -64.892  28.511 0.8999999762
33103  29.329  -64.600  27.847 0.8999999762
32182  28.764  -64.850  27.578 0.8999999762
33088  32.053  -64.901  29.960 0.8999999762
33087  32.923  -64.844  29.874 0.8999999762
33101  34.187  -64.613  28.880 1.0000000000
32206  34.447  -65.232  25.796 0.8000000119
31332  34.005  -66.727  24.989 0.8000000119
151512  33.559  -65.572  23.762 0.8000000119
32222  33.184  -65.510  23.267 0.8000000119
32223  32.597  -65.761  22.789 0.8000000119
32237  32.232  -64.927  22.297 0.8000000119
34121  30.312  -64.001  28.805 0.8999999762
33120  28.943  -64.281  27.068 0.8999999762
33121  27.910  -64.488  26.586 0.8999999762
34092  31.297  -63.508  30.090 0.8999999762
34139  29.131  -63.832  27.250 0.8999999762
33135  27.808  -64.093  25.918 0.8000000119
148413  27.261  -64.381  26.237 0.8000000119
33074  32.524  -64.307  30.171 0.8999999762
35194  28.063  -63.190  26.074 0.6999999881
33136  26.990  -63.989  25.481 0.6999999881
33149  26.346  -63.573  24.940 0.6999999881
33073  33.305  -63.956  30.137 0.8999999762
34156  26.114  -63.072  24.500 0.6999999881
34164  25.374  -62.954  23.933 0.6999999881
34106  33.875  -63.095  29.926 1.0000000000
35215  25.286  -62.519  24.136 0.6000000238
142338  34.046  -63.929  29.483 1.0000000000
147423  34.431  -63.850  28.697 1.0000000000
33118  34.516  -64.396  28.064 1.0000000000
33133  34.622  -64.415  27.139 1.0000000000
33148  34.619  -64.448  26.215 0.8999999762
134497  34.707  -63.719  27.589 1.0000000000
34138  34.852  -63.572  26.641 0.8999999762
32214  34.215  -65.219  24.916 0.8000000119
32215  33.876  -65.086  24.119 0.8000000119
33173  33.814  -64.316  23.680 0.8000000119
32236  32.909  -64.923  22.828 0.8000000119
34187  33.076  -63.394  22.447 0.8000000119
34173  33.724  -63.550  23.115 0.8000000119
34107  30.586  -63.432  29.473 0.8999999762
33119  29.421  -64.177  27.620 0.8999999762
34108  30.086  -63.449  28.830 0.8999999762
34122  29.700  -63.779  28.107 0.8999999762
35180  28.493  -63.205  26.948 0.8999999762
34090  32.290  -63.510  30.414 0.8999999762
34154  27.503  -63.123  25.473 0.6999999881
35206  26.746  -62.495  25.070 0.6000000238
34163  26.061  -62.525  24.519 0.6000000238
34089  33.140  -62.910  30.438 1.0000000000
35217  23.858  -62.656  23.648 0.5000000000
34105  34.391  -63.129  29.155 1.0000000000
35197  23.167  -62.401  25.017 0.5000000000
35159  34.665  -62.348  28.702 1.0000000000
34120  34.700  -63.163  28.222 1.0000000000
35179  35.031  -62.330  27.836 1.0000000000
137365  35.000  -62.974  27.324 1.0000000000
34153  34.747  -63.678  25.675 0.8999999762
33160  34.187  -64.399  24.461 0.8000000119
34162  34.946  -62.990  25.143 0.8999999762
140247  34.526  -63.648  24.782 0.8000000119
34172  34.241  -63.619  23.900 0.8000000119
35213  35.315  -62.347  24.741 0.8999999762
35214  34.806  -62.819  24.119 0.8000000119
141902  35.498  -61.734  24.568 0.8999999762
136020  34.236  -62.846  23.195 0.8000000119
35239  34.025  -61.979  22.507 0.8000000119
36231  34.466  -61.158  22.530 0.8000000119
36232  33.765  -61.056  21.797 0.8000000119
35160  28.975  -63.027  28.011 0.8999999762
35132  30.837  -62.671  30.122 0.8999999762
36148  30.276  -62.055  30.017 0.8999999762
148069  28.086  -62.354  27.677 0.6999999881
35181  27.717  -62.491  26.686 0.8000000119
35130  32.308  -62.563  30.524 0.8999999762
36135  30.840  -61.758  30.444 0.8999999762
36186  26.379  -61.837  25.456 0.6999999881
36198  25.788  -61.867  24.824 0.6000000238
36210  25.228  -62.207  24.387 0.6000000238
36173  26.026  -61.225  26.598 0.6999999881
36187  25.583  -61.618  25.720 0.6000000238
35207  24.179  -62.406  24.490 0.5000000000
35145  33.659  -62.189  30.190 1.0000000000
35196  23.875  -62.320  25.687 0.5000000000
36188  22.657  -61.985  26.031 0.5000000000
35144  34.261  -62.295  29.548 1.0000000000
35178  35.309  -62.233  27.007 1.0000000000
35193  35.451  -62.177  26.106 0.8999999762
36160  34.865  -61.608  28.230 1.0000000000
36171  35.197  -61.609  27.442 0.8999999762
36185  35.421  -61.467  26.618 0.8999999762
136206  35.532  -61.890  25.250 0.8999999762
36208  35.620  -61.176  24.853 0.8999999762
36220  35.493  -61.180  24.031 0.8999999762
36221  35.117  -61.224  23.271 0.8999999762
36196  35.585  -61.296  25.727 0.8999999762
37211  35.266  -60.343  23.355 0.8999999762
38120  35.596  -59.569  24.613 0.8999999762
35146  30.056  -62.695  29.374 0.8999999762
134780  29.637  -63.119  28.637 0.8999999762
36161  28.461  -62.029  28.596 0.8999999762
35147  29.248  -62.408  28.950 0.8999999762
36162  27.601  -61.521  28.319 1.0000000000
36172  27.235  -61.770  27.415 0.8000000119
35182  26.836  -61.840  26.492 0.6999999881
35129  32.934  -62.021  30.557 0.8999999762
138867  31.560  -62.177  30.508 0.8999999762
152231  26.529  -61.296  27.211 0.6999999881
36174  25.000  -61.426  26.786 0.6999999881
146894  24.644  -61.941  26.092 0.5000000000
36132  33.357  -61.356  30.311 1.0000000000
36175  23.715  -61.790  26.764 0.5000000000
36147  34.023  -61.445  29.790 1.0000000000
37156  34.214  -60.855  29.278 1.0000000000
37171  34.020  -60.143  28.987 1.0000000000
142327  34.948  -61.058  27.777 1.0000000000
37170  34.534  -60.773  28.446 1.0000000000
37184  34.737  -60.418  27.583 0.8999999762
37197  35.404  -60.511  26.242 0.8999999762
38117  35.475  -59.635  25.574 0.8999999762
38136  36.509  -59.037  21.636 0.6999999881
145293  36.892  -58.381  21.952 0.8000000119
39027  35.787  -58.277  21.775 0.8000000119
36136  30.162  -61.371  30.284 0.8999999762
137220  29.562  -61.066  30.186 1.0000000000
36150  28.829  -61.709  29.290 1.0000000000
36151  28.057  -61.171  29.237 1.0000000000
36163  26.796  -61.021  27.943 0.6999999881
140071  32.226  -61.855  30.541 0.8999999762
37147  30.792  -60.907  30.511 0.8999999762
37185  26.145  -60.663  27.549 0.6999999881
37145  32.973  -60.731  30.317 1.0000000000
36134  31.677  -61.256  30.551 0.8999999762
36189  22.035  -60.974  26.295 0.4000000060
37157  33.595  -60.574  29.803 1.0000000000
38085  34.229  -59.928  28.075 1.0000000000
38098  34.505  -59.647  27.145 1.0000000000
38099  33.835  -59.268  27.671 1.0000000000
39885  35.458  -57.426  23.030 0.8999999762
39025  38.563  -58.675  21.823 0.6000000238
39026  37.671  -58.157  22.035 0.6000000238
39898  36.651  -57.592  22.169 0.8000000119
143398  35.265  -58.194  22.001 0.8999999762
38129  34.981  -58.444  22.171 0.8999999762
37148  30.052  -60.635  30.398 0.8999999762
37161  27.182  -60.660  28.717 0.8000000119
139511  26.395  -60.197  28.282 0.6999999881
37186  25.467  -60.795  27.524 0.6999999881
37173  23.855  -60.378  28.227 0.6000000238
37175  22.505  -60.406  27.064 0.4000000060
37158  32.826  -60.054  30.051 1.0000000000
37146  32.277  -60.541  30.426 0.8999999762
38070  33.327  -59.689  29.370 1.0000000000
38087  32.994  -58.989  28.881 1.0000000000
38086  33.626  -59.453  28.519 1.0000000000
38961  33.239  -58.863  28.063 1.0000000000
38974  33.373  -58.729  27.288 1.0000000000
151835  35.448  -57.700  23.805 0.8999999762
40755  35.504  -56.481  24.259 0.8999999762
39877  35.489  -56.985  23.705 0.8999999762
39890  35.688  -57.372  22.578 0.8999999762
39018  35.358  -57.854  22.449 0.8999999762
39024  39.509  -58.522  21.567 0.6000000238
38135  37.678  -59.114  21.939 0.6000000238
39028  35.729  -57.690  22.207 0.8999999762
37159  28.911  -61.107  29.816 0.8999999762
37160  28.382  -60.417  29.865 0.8999999762
138322  27.618  -60.242  29.403 0.6999999881
38061  28.654  -59.661  30.243 0.8999999762
150963  27.995  -59.782  29.878 0.8999999762
135757  25.762  -60.153  28.155 0.6000000238
144798  31.442  -60.328  30.476 1.0000000000
132025  30.632  -60.117  30.467 1.0000000000
133275  29.953  -59.993  30.438 1.0000000000
146898  25.240  -59.737  28.662 0.6000000238
37172  24.831  -60.357  28.247 0.6000000238
38090  23.574  -59.605  28.564 0.5000000000
38057  32.022  -59.745  30.252 1.0000000000
38058  31.177  -59.514  30.324 1.0000000000
38071  32.541  -59.288  29.641 1.0000000000
38962  32.698  -58.540  28.364 1.0000000000
38975  32.759  -58.451  27.613 1.0000000000
38989  33.554  -58.447  26.734 1.0000000000
38988  34.264  -58.481  26.494 1.0000000000
145978  33.984  -57.864  26.292 1.0000000000
39000  34.836  -58.098  25.975 1.0000000000
39851  34.610  -57.298  25.892 1.0000000000
39863  35.126  -57.257  25.469 0.8999999762
142925  35.425  -57.278  24.663 0.8999999762
40767  35.699  -56.420  23.589 0.8999999762
39889  36.200  -57.046  22.460 0.8999999762
40786  41.145  -56.249  20.521 0.6000000238
39894  40.021  -57.437  20.637 0.6000000238
39895  39.396  -57.893  20.970 0.6000000238
133340  38.902  -58.174  21.328 0.6000000238
39897  37.720  -57.304  22.079 0.8000000119
39888  37.084  -56.698  22.324 0.8000000119
37149  29.263  -60.354  30.277 0.8999999762
38073  27.399  -59.416  29.574 0.6999999881
38088  26.018  -59.369  28.670 0.6000000238
38059  30.344  -59.392  30.417 0.8999999762
38075  25.006  -59.086  29.189 0.6000000238
38089  24.439  -59.744  28.751 0.5000000000
38072  31.733  -58.948  29.929 1.0000000000
38931  30.824  -58.625  30.171 0.8999999762
38946  32.253  -58.492  29.114 1.0000000000
39837  32.191  -58.049  28.158 1.0000000000
38976  32.196  -58.102  27.078 1.0000000000
38990  32.805  -58.327  26.892 1.0000000000
127174  32.850  -58.002  26.431 1.0000000000
146484  33.397  -57.400  26.223 1.0000000000
40743  34.762  -56.463  25.633 1.0000000000
41607  35.075  -55.751  25.184 0.8999999762
41620  35.415  -55.840  24.586 0.8999999762
41631  35.709  -55.868  23.884 0.8999999762
141435  35.981  -55.217  23.473 0.8999999762
40787  40.381  -56.740  20.039 0.6000000238
39906  38.895  -57.508  20.773 0.6000000238
40781  37.905  -56.435  21.845 0.6999999881
40774  36.552  -56.264  22.675 0.8000000119
41654  41.460  -55.317  19.247 0.6000000238
40773  37.292  -55.810  22.189 0.6999999881
41638  36.603  -55.298  22.706 0.8999999762
38074  26.690  -58.995  29.234 0.6999999881
127942  25.942  -58.594  29.173 0.6000000238
38934  28.897  -58.734  30.460 0.8999999762
38062  28.010  -59.093  30.118 0.6999999881
38933  29.901  -58.709  30.435 0.8000000119
39824  30.874  -57.726  29.895 0.8999999762
146227  31.788  -57.921  28.933 1.0000000000
39845  31.711  -57.656  27.462 1.0000000000
39852  32.073  -58.059  26.353 1.0000000000
39864  31.856  -57.948  25.858 1.0000000000
40744  33.426  -56.557  26.046 1.0000000000
41608  34.518  -55.588  25.573 0.8999999762
152946  35.245  -55.264  24.782 0.8999999762
133245  35.549  -55.208  24.189 0.8999999762
39905  39.415  -57.467  20.321 0.6000000238
40780  38.416  -56.475  21.037 0.6999999881
42566  41.786  -54.904  18.517 0.6000000238
41648  40.884  -55.913  19.853 0.6000000238
41644  37.871  -55.474  21.435 0.6999999881
41637  37.244  -55.051  22.049 0.6999999881
38948  27.260  -58.568  29.793 0.6999999881
39811  28.791  -57.710  30.612 0.8000000119
141936  28.016  -58.271  30.327 0.8000000119
140564  27.392  -57.920  30.120 0.6999999881
149396  26.558  -58.376  29.435 0.6999999881
39810  29.682  -57.423  30.551 0.6999999881
136261  29.506  -58.105  30.501 0.8000000119
39809  30.395  -57.156  30.245 0.6999999881
40701  30.892  -56.917  29.661 0.6999999881
40711  31.256  -56.765  29.032 0.8000000119
39838  31.572  -57.425  28.469 0.8000000119
40721  31.336  -56.766  28.400 0.8000000119
135778  31.396  -57.159  27.828 0.8999999762
39853  31.455  -57.868  26.379 1.0000000000
136223  31.461  -58.002  25.777 1.0000000000
40733  32.572  -57.416  25.982 1.0000000000
143163  32.515  -56.112  25.595 1.0000000000
41609  33.696  -55.592  25.819 1.0000000000
42520  33.310  -54.833  25.492 1.0000000000
42519  34.191  -54.786  25.464 0.8999999762
42533  34.594  -54.185  24.984 0.8999999762
42532  35.201  -54.606  24.584 0.8999999762
41655  40.609  -56.033  18.886 0.6000000238
39904  39.748  -57.175  19.735 0.6000000238
40788  39.263  -57.129  19.741 0.6000000238
40789  38.783  -56.695  19.980 0.6999999881
42543  35.658  -54.403  23.767 0.8999999762
42550  36.764  -54.338  22.250 0.8999999762
43314  36.153  -53.811  22.737 0.8999999762
39812  27.856  -57.491  30.471 0.6000000238
39813  27.083  -57.341  30.177 0.6000000238
39826  25.406  -57.391  29.750 0.6000000238
40681  29.870  -56.650  30.622 0.6999999881
40702  30.534  -56.313  30.171 0.6999999881
141198  31.274  -55.957  28.726 0.8000000119
40722  31.152  -56.494  27.731 0.8000000119
39846  31.128  -57.334  27.025 0.8000000119
40745  31.692  -57.555  25.314 1.0000000000
40756  31.024  -57.796  24.472 1.0000000000
41610  31.513  -56.807  24.808 1.0000000000
42521  32.557  -54.927  25.249 1.0000000000
43283  33.022  -54.054  25.109 1.0000000000
43282  33.834  -53.979  25.208 1.0000000000
40795  39.534  -56.997  19.089 0.6000000238
43297  35.062  -53.760  24.288 0.8999999762
41664  41.134  -55.478  18.178 0.6000000238
40802  40.126  -56.528  18.277 0.6000000238
41656  38.478  -56.023  19.359 0.6999999881
42556  37.336  -54.554  21.454 0.6999999881
40685  26.642  -56.680  30.312 0.5000000000
40683  28.421  -56.881  30.780 0.6000000238
40684  27.518  -56.753  30.593 0.5000000000
140602  29.108  -56.198  30.984 0.6999999881
41544  29.994  -55.823  30.665 0.6999999881
41565  30.641  -55.332  30.106 0.6999999881
131354  31.167  -55.188  29.297 0.6999999881
133014  31.324  -55.121  28.655 0.6999999881
41588  30.680  -55.773  27.304 0.8000000119
40734  30.540  -56.795  26.742 0.8000000119
40746  30.223  -57.837  25.201 0.8999999762
39866  30.550  -58.045  24.856 1.0000000000
40735  29.946  -57.100  25.812 0.8000000119
39878  30.533  -57.941  24.374 1.0000000000
151396  31.229  -56.181  24.410 1.0000000000
42522  31.836  -55.527  24.965 1.0000000000
43299  33.439  -53.292  24.675 1.0000000000
43298  34.272  -53.390  24.610 0.8999999762
43316  34.673  -52.947  23.791 0.8999999762
44142  33.785  -52.699  24.023 0.8999999762
41665  40.494  -56.071  17.812 0.6000000238
40796  38.974  -56.690  18.943 0.6000000238
42561  37.795  -54.814  20.620 0.6999999881
137485  36.380  -53.576  21.871 0.8000000119
41674  41.028  -55.576  17.220 0.6000000238
134525  38.024  -55.182  19.690 0.6999999881
43327  35.728  -53.108  22.316 0.8000000119
44151  34.952  -52.656  22.807 0.8999999762
43334  36.477  -53.616  21.074 0.6999999881
140910  28.058  -56.103  30.997 0.5000000000
130745  27.080  -55.975  30.744 0.5000000000
41545  29.339  -55.320  31.029 0.6999999881
41532  27.690  -55.159  31.123 0.5000000000
133313  30.035  -55.107  30.695 0.6999999881
42495  31.086  -54.732  27.612 0.8000000119
41601  29.946  -56.089  26.451 0.8000000119
39867  29.868  -58.009  24.465 0.8999999762
40757  30.396  -57.732  23.832 1.0000000000
42534  32.133  -54.436  24.815 1.0000000000
40747  29.396  -57.334  24.656 0.8000000119
41632  30.128  -57.279  23.283 0.8999999762
147712  31.272  -55.132  24.402 1.0000000000
42535  30.623  -56.279  23.775 0.8999999762
43300  32.558  -53.479  24.514 1.0000000000
44143  32.929  -52.719  24.056 1.0000000000
44152  34.057  -52.388  23.130 0.8999999762
132995  38.499  -56.110  18.555 0.6999999881
44153  33.160  -52.374  23.301 0.8999999762
41666  39.917  -56.345  17.687 0.6000000238
41667  38.821  -56.311  18.151 0.6000000238
42567  37.290  -54.592  19.707 0.6999999881
42562  36.991  -54.092  20.611 0.6999999881
43335  35.686  -53.187  21.059 0.6999999881
44159  34.925  -52.671  21.679 0.8000000119
43341  36.074  -53.720  20.244 0.6999999881
44160  34.198  -52.392  22.179 0.8000000119
44161  33.299  -52.289  22.280 0.8999999762
41546  28.572  -55.522  31.165 0.6000000238
42469  30.966  -54.263  29.746 0.6999999881
42452  30.352  -54.604  30.441 0.6999999881
43233  31.634  -53.648  29.024 0.6999999881
152304  30.676  -53.498  30.014 0.6999999881
42468  31.462  -54.475  28.919 0.6999999881
131814  31.662  -53.983  28.446 0.6999999881
42485  31.418  -54.597  28.239 0.6999999881
43259  31.609  -53.827  27.790 0.6999999881
42496  30.366  -54.790  26.843 0.8000000119
43260  31.100  -54.001  27.230 0.8000000119
41611  29.320  -56.387  25.496 0.8000000119
43272  29.870  -54.152  26.104 0.8000000119
42523  28.855  -55.710  25.215 0.8000000119
40748  28.613  -57.099  23.609 0.8000000119
41633  29.226  -57.176  22.553 0.8999999762
42544  30.468  -54.854  23.681 0.8999999762
43301  31.575  -53.938  24.228 1.0000000000
41612  28.655  -56.527  24.448 0.8000000119
43317  32.063  -52.968  23.864 1.0000000000
43318  31.047  -53.343  23.531 1.0000000000
41676  39.566  -55.852  17.164 0.6000000238
152522  32.455  -52.496  23.418 1.0000000000
143739  37.489  -54.972  18.983 0.6999999881
42568  36.349  -54.211  19.508 0.6999999881
43342  34.992  -53.675  19.845 0.8000000119
44174  34.001  -52.622  21.255 0.8000000119
43234  31.144  -53.447  29.584 0.6999999881
44089  30.822  -52.890  29.817 0.6999999881
43249  31.941  -53.380  28.274 0.6999999881
136814  32.063  -53.018  27.692 0.6999999881
43284  30.289  -53.351  26.064 0.8000000119
43286  28.948  -54.583  25.288 0.8000000119
40769  28.665  -57.166  22.482 0.8999999762
136391  29.826  -56.493  22.958 0.8999999762
41622  27.784  -56.603  23.135 0.8000000119
41639  28.182  -57.133  22.009 0.8999999762
41677  38.724  -55.890  17.598 0.6000000238
42551  27.778  -56.444  21.682 0.8999999762
138268  29.537  -55.395  22.842 0.8999999762
42589  38.681  -55.223  17.085 0.6000000238
129154  31.660  -52.567  23.135 0.8999999762
139932  36.652  -54.621  18.731 0.6999999881
153727  31.355  -52.390  22.455 0.8999999762
44173  34.456  -53.144  20.499 0.8000000119
139472  33.705  -52.395  21.765 0.8999999762
44088  31.450  -52.902  29.314 0.6999999881
44104  31.907  -52.897  28.723 0.6999999881
153022  32.194  -52.820  28.154 0.6999999881
43270  31.586  -53.217  27.048 0.6999999881
44115  32.119  -52.443  27.163 0.6999999881
44125  31.662  -52.504  26.592 0.6999999881
42524  28.277  -55.618  24.323 0.8000000119
41634  27.144  -57.006  22.170 0.8000000119
42536  27.335  -55.614  23.353 0.8000000119
143681  26.810  -56.457  22.466 0.8000000119
43319  29.885  -53.933  23.056 0.8999999762
41668  38.069  -55.700  17.998 0.6000000238
41640  27.089  -56.831  21.771 0.8000000119
42552  26.882  -56.192  21.433 0.8999999762
44154  30.589  -52.805  22.698 0.8999999762
41678  38.080  -55.362  17.532 0.6000000238
42576  37.275  -55.060  18.224 0.6999999881
43348  35.476  -54.053  19.391 0.6999999881
132999  32.259  -52.294  22.590 0.8000000119
44189  33.348  -53.241  20.227 0.6999999881
44175  33.173  -52.567  21.197 0.8000000119
45001  32.111  -52.238  28.459 0.6999999881
44103  32.306  -52.317  27.790 0.6999999881
45014  32.408  -51.648  27.293 0.6999999881
43303  28.143  -54.503  24.286 0.8000000119
43321  27.232  -54.364  23.424 0.8000000119
41635  26.460  -56.360  21.866 0.8000000119
43320  28.689  -54.977  22.243 0.8999999762
150090  28.420  -53.928  21.875 0.8999999762
128558  37.235  -54.947  17.688 0.6000000238
43328  29.435  -53.407  22.301 0.8999999762
42577  36.207  -54.597  18.053 0.6999999881
42569  35.518  -54.324  18.651 0.6999999881
44163  29.914  -52.699  21.977 0.8999999762
43343  33.755  -53.857  19.398 0.6999999881
44190  32.312  -53.078  20.126 0.8000000119
129712  31.423  -52.309  21.691 0.8000000119
43344  32.828  -53.727  19.304 0.6999999881
44176  31.454  -52.571  20.523 0.8000000119
129746  32.303  -52.401  21.447 0.8000000119
45000  32.366  -51.551  28.074 0.6999999881
42590  37.812  -54.714  17.139 0.6000000238
42557  26.582  -55.562  21.391 0.8000000119
44164  29.000  -53.019  21.628 0.8999999762
43368  37.034  -54.233  17.184 0.6000000238
43349  34.597  -54.157  19.038 0.8000000119
44162  30.625  -52.406  21.877 0.8999999762
44177  30.681  -52.311  20.903 0.8000000119
42578  35.326  -54.283  18.150 0.6999999881
43337  26.774  -54.511  21.442 0.8000000119
42592  35.712  -54.202  17.782 0.5000000000
42570  34.657  -54.153  18.508 0.6000000238
43359  34.152  -53.835  18.449 0.6000000238
43350  33.810  -54.103  18.841 0.6999999881
44178  29.753  -52.425  21.260 0.8000000119
43360  33.301  -53.981  18.767 0.6000000238
43351  32.749  -53.864  18.960 0.6000000238
131174  31.717  -52.941  19.795 0.6999999881
44191  31.166  -52.438  20.228 0.8000000119
137289  31.984  -53.010  19.467 0.6000000238
44180  26.981  -53.337  21.355 0.8000000119
151886  27.774  -52.775  21.327 0.8000000119
44179  28.667  -52.605  21.363 0.8999999762
44229  35.513  -53.475  17.541 0.6000000238
44192  30.425  -52.078  20.780 0.8000000119
44193  29.399  -52.060  21.102 0.8000000119
44204  31.528  -52.571  19.835 0.6000000238
128225  28.312  -52.027  21.259 0.8000000119
129403  33.755  -53.260  18.332 0.6000000238
44219  33.018  -53.532  18.693 0.6000000238
44220  32.496  -53.111  18.930 0.6000000238
45082  30.094  -51.682  20.761 0.6999999881
45083  29.148  -51.652  21.082 0.8000000119
45093  31.413  -51.956  19.796 0.6000000238
137748  30.986  -51.323  20.289 0.6000000238
46067  30.209  -50.968  20.868 0.6999999881
45100  33.336  -52.479  18.400 0.6000000238
45092  32.095  -52.142  19.342 0.6000000238
45062  26.294  -51.959  22.022 0.8000000119
141122  27.242  -52.365  21.370 0.8000000119
44218  34.694  -53.108  17.828 0.6000000238
45072  26.761  -51.753  21.598 0.8000000119
150050  35.854  -52.200  17.991 0.5000000000
45070  28.429  -51.191  21.239 0.8000000119
45098  35.084  -52.186  18.008 0.6000000238
46068  29.383  -51.049  21.093 0.6000000238
45101  32.809  -51.857  18.716 0.6000000238
46082  33.426  -51.435  18.384 0.6000000238
46074  32.515  -51.062  18.997 0.6000000238
46075  31.816  -51.196  19.609 0.6000000238
149845  31.556  -50.347  20.142 0.6000000238
46058  26.584  -51.111  21.883 0.8000000119
45071  27.463  -51.451  21.385 0.8000000119
46932  26.552  -50.192  21.902 0.8000000119
46940  26.744  -50.019  21.690 0.6999999881
46057  26.897  -50.781  21.577 0.6999999881
45090  34.717  -51.549  18.625 0.6000000238
130122  29.713  -50.169  21.181 0.6000000238
46055  28.605  -50.329  21.228 0.6000000238
45091  34.063  -51.134  18.645 0.5000000000
141887  30.726  -50.239  20.817 0.6000000238
142459  33.507  -50.784  18.598 0.5000000000
46931  26.675  -49.469  22.111 0.6999999881
46939  26.945  -49.887  21.446 0.6000000238
46950  27.649  -49.734  21.213 0.6000000238
46056  27.575  -50.569  21.353 0.6000000238
46949  28.813  -49.346  21.103 0.6000000238
46951  26.875  -49.122  21.161 0.6000000238
46959  33.296  -50.126  18.643 0.5000000000
130851  32.239  -50.304  19.376 0.6000000238
151697  31.998  -49.648  19.918 0.6000000238
46947  31.308  -49.433  20.615 0.6000000238
153032  27.610  -49.064  20.962 0.6000000238
46960  32.825  -50.182  18.796 0.6000000238
141091  32.545  -49.459  19.211 0.6000000238
46958  34.124  -50.334  19.033 0.5000000000
46967  33.814  -49.352  18.752 0.4000000060
46968  33.167  -49.206  18.688 0.5000000000
47750  26.618  -49.323  21.596 0.6000000238
46952  26.369  -48.501  20.910 0.6000000238
47766  29.533  -48.491  20.763 0.6000000238
47768  26.911  -48.563  20.633 0.6000000238
133553  32.028  -48.752  20.060 0.6000000238
47765  30.868  -48.514  20.721 0.6000000238
47775  32.741  -48.615  19.004 0.6000000238
47783  33.889  -48.442  18.366 0.4000000060
48685  27.246  -47.936  20.167 0.5000000000
48687  25.994  -47.859  20.709 0.5000000000
47758  26.293  -48.459  21.194 0.5000000000
48684  28.683  -47.784  20.283 0.5000000000
48683  31.498  -47.811  20.278 0.6000000238
131003  32.353  -47.932  19.576 0.5000000000
48707  32.886  -47.923  18.655 0.4000000060
48678  25.933  -47.727  21.032 0.4000000060
148284  30.207  -47.595  20.399 0.6000000238
48695  29.207  -46.999  19.907 0.5000000000
141341  31.957  -47.317  19.859 0.4000000060
48694  30.306  -46.843  20.010 0.6000000238
48696  27.714  -47.203  19.682 0.4000000060
48693  32.517  -47.273  19.231 0.4000000060
49676  31.924  -46.709  19.659 0.4000000060
49680  26.845  -46.477  19.416 0.4000000060
138202  31.185  -47.051  20.122 0.4000000060
132609  33.039  -47.338  18.300 0.4000000060
49678  29.860  -46.345  19.546 0.4000000060
49667  26.135  -46.160  20.589 0.4000000060
49681  25.999  -46.521  19.864 0.4000000060
49679  28.399  -46.339  19.269 0.4000000060
50645  31.817  -45.983  19.319 0.4000000060
49677  30.996  -46.380  19.773 0.4000000060
50646  30.664  -45.729  19.329 0.4000000060
50647  29.462  -45.732  19.046 0.4000000060
50640  25.869  -45.591  20.065 0.4000000060
149632  25.822  -45.839  19.880 0.4000000060
50656  31.482  -45.285  18.789 0.3000000119
152500  28.429  -45.646  18.794 0.4000000060
141928  27.284  -45.712  18.898 0.4000000060
51657  26.153  -44.667  19.823 0.4000000060
50648  26.222  -45.558  19.400 0.4000000060
38137  34.957  -58.880  21.471 0.8000000119
147052  34.720  -58.941  21.781 0.8999999762
37220  34.183  -60.136  21.797 0.8999999762
37198  35.029  -60.205  26.919 0.8999999762
131801  34.687  -58.955  26.438 1.0000000000
38108  34.056  -58.940  26.968 1.0000000000
37205  35.628  -60.446  25.221 0.8999999762
38987  35.268  -58.830  25.850 0.8999999762
38122  35.401  -59.453  23.563 0.8999999762
130063  35.535  -58.796  25.021 0.8999999762
151616  35.156  -58.639  22.892 0.8999999762
38999  35.358  -58.046  25.330 0.8999999762
48686  26.289  -47.934  20.397 0.4000000060
48698  25.908  -47.289  20.261 0.4000000060
49661  25.947  -46.998  20.877 0.4000000060
32138  31.690  -65.628  29.739 0.8999999762
32161  34.290  -65.224  28.250 1.0000000000
136883  33.569  -66.921  24.333 0.8000000119
32164  29.122  -65.306  28.491 0.8999999762
31342  33.896  -66.002  24.420 0.8000000119
35131  31.619  -62.904  30.401 0.8999999762
34137  35.183  -62.782  26.614 0.8999999762
141771  34.450  -64.443  25.305 0.8000000119
35227  33.538  -62.740  22.531 0.8000000119
36146  34.492  -61.545  29.047 1.0000000000
35225  35.306  -61.947  23.952 0.8999999762
37212  34.753  -60.410  22.647 0.8999999762
37183  35.182  -60.881  27.113 0.8999999762
133037  35.480  -58.599  23.937 0.8999999762
36149  29.569  -61.774  29.722 0.8999999762
37187  24.323  -61.046  27.634 0.6000000238
36176  22.479  -61.111  26.561 0.4000000060
37188  23.274  -60.923  27.487 0.4000000060
38107  35.099  -59.619  26.390 0.8999999762
38141  35.213  -59.532  20.761 0.6999999881
39010  35.237  -58.021  22.960 0.8999999762
37162  26.868  -59.779  28.953 0.6999999881
37174  23.040  -60.145  27.926 0.4000000060
40775  35.811  -56.751  22.957 0.8999999762
41630  36.116  -55.993  23.239 0.8999999762
39896  38.371  -57.902  21.738 0.6999999881
140387  38.333  -57.169  21.553 0.6999999881
38060  29.498  -59.478  30.420 0.8999999762
40742  35.308  -56.488  25.048 0.8999999762
153883  35.478  -58.085  24.584 0.8999999762
38932  30.217  -57.945  30.324 0.8000000119
38949  25.181  -58.187  29.501 0.5000000000
38947  31.466  -58.208  29.559 1.0000000000
39823  31.347  -57.500  29.271 0.8999999762
41649  38.320  -55.709  20.418 0.6999999881
153746  35.923  -54.027  23.264 0.8999999762
39825  26.295  -57.307  29.888 0.6000000238
41564  31.019  -56.053  29.525 0.6999999881
126985  30.898  -57.994  25.489 1.0000000000
43315  35.534  -53.469  23.357 0.8999999762
40703  25.733  -56.684  30.084 0.5000000000
39854  30.649  -57.599  26.093 0.8999999762
40686  26.129  -55.959  30.412 0.5000000000
140386  31.219  -55.455  28.047 0.8000000119
42454  28.643  -54.789  31.222 0.6000000238
42443  27.985  -54.225  31.205 0.5000000000
40768  29.672  -57.412  23.226 0.8999999762
42505  29.498  -55.286  25.968 0.8000000119
133159  30.251  -53.869  30.494 0.6999999881
43271  30.708  -53.702  26.626 0.8000000119
43285  29.587  -53.438  25.570 0.8000000119
43329  27.434  -55.145  21.524 0.8999999762
145228  31.658  -51.446  28.906 0.6000000238
43345  32.323  -53.381  19.346 0.6999999881
43336  27.797  -53.577  21.468 0.8999999762
45081  30.971  -52.096  20.243 0.6999999881
46948  30.225  -49.316  21.042 0.6000000238
46073  33.010  -50.876  18.548 0.6000000238
47767  28.125  -48.555  20.614 0.6000000238
49668  25.903  -46.553  20.282 0.4000000060
48697  26.459  -47.296  19.869 0.4000000060
50639  26.384  -45.314  20.389 0.4000000060
37219  34.753  -59.316  22.350 0.8999999762
25358  28.276  -72.441  29.611 0.4000000060
25332  27.313  -72.533  30.603 0.4000000060
25314  26.882  -72.194  31.105 0.4000000060
26320  29.460  -71.668  28.728 0.4000000060
26276  27.625  -71.842  30.993 0.4000000060
26261  27.059  -71.361  31.439 0.4000000060
26318  31.051  -71.122  27.981 0.3000000119
26274  29.149  -71.190  30.355 0.4000000060
27338  31.243  -70.830  27.102 0.4000000060
27352  30.949  -70.481  26.206 0.4000000060
151311  31.313  -69.655  25.046 0.4000000060
136420  31.070  -69.424  24.614 0.4000000060
26260  27.986  -71.104  31.332 0.5000000000
149387  26.746  -70.647  31.464 0.4000000060
27296  29.954  -70.845  29.874 0.4000000060
27272  29.423  -70.511  30.583 0.4000000060
27325  31.640  -70.700  27.758 0.5000000000
27351  31.882  -70.334  26.463 0.4000000060
129312  31.460  -69.992  25.570 0.4000000060
28403  31.929  -69.388  24.960 0.5000000000
29378  31.934  -68.300  23.723 0.5000000000
30368  31.419  -67.854  23.059 0.6000000238
29386  30.550  -68.096  22.882 0.5000000000
142779  30.038  -67.659  22.429 0.6000000238
30389  29.776  -66.915  21.933 0.4000000060
27255  28.286  -70.326  31.304 0.5000000000
28312  26.772  -69.837  31.296 0.5000000000
28313  25.838  -69.641  31.050 0.5000000000
28314  25.098  -69.461  30.856 0.5000000000
27295  30.629  -70.331  29.607 0.6000000238
27254  28.935  -70.196  31.016 0.6000000238
153202  31.852  -69.991  28.547 0.5000000000
28365  31.823  -69.356  28.847 0.6000000238
27311  32.078  -70.259  27.983 0.5000000000
28390  32.517  -70.017  26.797 0.5000000000
28397  32.500  -69.657  25.947 0.4000000060
29366  32.864  -68.982  25.225 0.6000000238
30361  32.729  -68.001  24.002 0.6000000238
30367  32.241  -67.555  23.368 0.6000000238
31350  32.479  -66.713  23.087 0.6000000238
31358  31.860  -66.231  22.503 0.6000000238
144264  31.878  -65.507  22.271 0.6000000238
30375  31.717  -67.069  22.733 0.6000000238
151269  31.203  -66.517  22.292 0.6000000238
31360  30.396  -66.258  21.895 0.6000000238
31371  30.092  -65.316  21.560 0.6000000238
29274  27.932  -69.005  31.047 0.5000000000
29275  27.173  -69.005  31.073 0.5000000000
29277  25.392  -68.900  30.853 0.5000000000
149419  24.746  -68.832  30.771 0.5000000000
28349  30.680  -69.491  29.841 0.6000000238
145818  30.000  -69.385  30.367 0.6000000238
148975  32.340  -69.598  28.231 0.6000000238
29315  31.625  -68.598  29.186 0.6000000238
28377  33.095  -69.319  26.851 0.5000000000
29333  32.355  -68.673  28.578 0.6000000238
28396  33.197  -69.043  25.985 0.6000000238
29365  33.450  -68.381  25.584 0.6000000238
137937  33.237  -66.268  23.589 0.6000000238
32238  31.449  -64.829  21.861 0.6000000238
33204  31.062  -63.919  21.510 0.6999999881
29295  26.675  -68.215  30.775 0.6000000238
29296  25.748  -68.218  30.778 0.5000000000
29297  24.811  -68.117  30.796 0.5000000000
29291  30.217  -68.706  30.181 0.6000000238
29292  29.378  -68.836  30.585 0.6000000238
29293  28.469  -68.529  30.766 0.6000000238
139046  24.683  -67.138  30.654 0.5000000000
31249  23.495  -66.712  30.516 0.5000000000
30301  30.423  -67.905  29.977 0.6000000238
29358  33.517  -68.480  26.476 0.6000000238
34188  32.344  -62.986  21.748 0.6999999881
135582  28.173  -67.670  30.474 0.6000000238
30282  27.173  -67.351  30.442 0.6000000238
30284  25.357  -67.540  30.683 0.6000000238
30280  29.053  -67.921  30.433 0.6000000238
31248  26.433  -66.634  30.188 0.6000000238
136974  25.492  -66.735  30.412 0.6000000238
140091  24.319  -66.399  30.432 0.6000000238
32124  22.990  -66.069  30.224 0.6000000238
30302  29.669  -67.317  30.039 0.6000000238
137131  22.241  -65.953  29.750 0.5000000000
29316  30.922  -68.601  29.678 0.6000000238
132206  21.713  -65.756  28.923 0.6000000238
34199  31.559  -62.724  21.241 0.6999999881
30281  27.968  -66.876  30.072 0.6000000238
31269  25.880  -65.996  29.909 0.6000000238
138914  29.182  -66.660  29.781 0.6000000238
31247  27.268  -66.448  29.882 0.6000000238
32122  24.328  -65.696  30.040 0.6000000238
32147  23.081  -65.472  29.611 0.6000000238
137156  30.543  -67.101  29.752 0.6000000238
33092  23.375  -64.828  28.818 0.6000000238
30300  31.263  -67.770  29.479 0.6000000238
30319  33.164  -67.500  28.356 0.6000000238
35241  32.588  -62.254  21.567 0.6999999881
36238  33.077  -60.899  21.041 0.6999999881
31268  26.661  -65.931  29.595 0.6999999881
32144  25.478  -65.333  29.471 0.6999999881
31264  31.322  -66.873  29.548 0.6000000238
37221  33.626  -60.355  21.184 0.6999999881
130088  27.920  -66.274  29.577 0.6999999881
31266  29.823  -66.442  29.678 0.6999999881
136539  29.145  -66.013  29.326 0.6999999881
32143  26.750  -65.399  28.855 0.6999999881
32167  25.950  -64.979  28.645 0.6999999881
33091  24.248  -64.685  28.919 0.6000000238
33106  24.661  -64.561  28.159 0.6999999881
33123  25.169  -64.536  27.296 0.6000000238
33107  23.835  -64.539  28.011 0.5000000000
32141  28.398  -65.851  29.086 0.6999999881
32142  27.511  -65.762  29.121 0.6999999881
32166  26.862  -64.935  28.028 0.6999999881
33104  26.085  -64.675  27.641 0.6999999881
33125  23.579  -64.573  26.742 0.5000000000
33122  27.062  -64.646  27.067 0.6999999881
128237  26.251  -64.480  26.466 0.6000000238
33137  25.230  -64.483  26.142 0.6000000238
44126  30.979  -52.918  26.310 0.6999999881
43302  28.798  -53.510  24.869 0.6999999881
142178  28.082  -53.549  24.149 0.6999999881
43322  26.261  -54.045  22.426 0.6999999881
42553  25.938  -54.366  21.843 0.6999999881
45025  32.083  -51.818  26.577 0.6000000238
44133  31.185  -52.045  25.944 0.6000000238
44134  30.287  -52.691  25.716 0.6999999881
45046  29.291  -51.825  24.617 0.6999999881
46001  32.447  -50.889  26.634 0.6000000238
44145  27.387  -52.996  23.509 0.6999999881
44155  26.473  -52.859  22.550 0.6999999881
44166  26.167  -52.618  21.983 0.6999999881
45035  31.874  -51.201  25.938 0.6000000238
46014  30.954  -51.213  25.340 0.6000000238
45045  30.030  -51.131  24.803 0.6999999881
44144  28.580  -52.670  24.375 0.6999999881
45055  27.115  -52.086  23.101 0.6999999881
45056  26.505  -51.962  22.378 0.6999999881
152026  32.289  -50.506  25.941 0.6000000238
46013  31.684  -50.549  25.381 0.5000000000
46026  29.138  -50.974  24.291 0.5000000000
45047  28.168  -51.731  23.836 0.6999999881
150492  27.619  -50.227  23.120 0.6999999881
46048  26.513  -51.079  22.147 0.6999999881
48713  35.239  -46.963  17.524 0.3000000119
48715  34.284  -47.295  17.435 0.3000000119
49675  32.553  -46.616  18.904 0.3000000119
25359  27.642  -72.876  29.957 0.4000000060
24415  26.254  -73.130  30.462 0.3000000119
24416  25.453  -72.698  30.478 0.4000000060
26336  28.892  -72.030  28.342 0.3000000119
25334  25.539  -71.965  30.808 0.4000000060
27339  30.229  -70.838  26.656 0.4000000060
26263  25.648  -71.276  31.052 0.4000000060
27353  29.997  -70.406  25.946 0.4000000060
28399  29.830  -69.946  25.231 0.4000000060
28404  30.201  -69.513  24.569 0.4000000060
131742  31.048  -68.508  23.530 0.5000000000
30377  29.219  -67.584  22.199 0.4000000060
27258  24.809  -69.955  30.664 0.4000000060
28330  23.448  -68.968  30.365 0.5000000000
128187  30.362  -63.618  21.109 0.6000000238
135216  24.077  -68.492  30.660 0.5000000000
30285  23.889  -67.599  30.698 0.5000000000
138013  22.488  -68.001  30.576 0.5000000000
133307  30.850  -63.005  21.069 0.6000000238
30287  22.142  -67.390  30.505 0.5000000000
31270  21.477  -66.339  29.423 0.4000000060
35252  32.006  -62.194  21.101 0.6999999881
32168  22.409  -65.250  28.655 0.5000000000
37227  33.436  -60.342  20.535 0.6999999881
32184  22.221  -65.211  27.339 0.5000000000
38142  34.521  -59.612  20.712 0.6999999881
33140  22.934  -65.062  25.765 0.5000000000
33139  23.575  -64.864  25.455 0.6000000238
131374  32.521  -50.004  26.308 0.5000000000
46890  32.316  -49.815  25.514 0.5000000000
46901  31.169  -49.688  24.352 0.5000000000
46037  30.224  -49.932  24.113 0.5000000000
46917  29.559  -49.386  23.597 0.5000000000
46918  28.468  -49.800  23.437 0.5000000000
46930  27.522  -49.457  22.768 0.5000000000
49695  35.398  -46.515  17.161 0.3000000119
49697  34.262  -46.790  16.902 0.3000000119
49688  33.082  -46.765  18.019 0.3000000119
30320  32.556  -67.759  28.685 0.6000000238
29346  32.881  -69.061  27.810 0.6000000238
32183  27.888  -64.902  27.492 0.8000000119
33188  32.480  -64.043  22.289 0.6999999881
139575  32.953  -62.668  22.040 0.6999999881
43338  26.297  -53.960  21.598 0.6999999881
46919  26.885  -50.241  22.462 0.6000000238
49687  33.656  -47.181  17.557 0.3000000119
37226  33.903  -59.808  20.918 0.8000000119
37234  34.909  -60.268  20.058 0.6999999881
44135  29.461  -52.634  25.103 0.6999999881
26303  28.710  -71.809  30.023 0.4000000060
26301  30.109  -71.275  29.117 0.4000000060
26334  30.319  -71.230  27.454 0.3000000119
27312  30.774  -71.026  28.704 0.5000000000
27257  26.125  -70.351  31.276 0.5000000000
28410  29.682  -69.187  23.926 0.3000000119
28350  24.077  -69.747  30.144 0.5000000000
44165  26.042  -52.879  22.058 0.6999999881
45036  30.185  -51.896  25.286 0.6999999881
46025  30.802  -50.457  24.727 0.5000000000
46040  27.242  -51.115  22.953 0.6999999881
46024  31.659  -50.006  24.905 0.5000000000
46038  29.271  -50.200  23.943 0.5000000000
46039  28.309  -50.657  23.655 0.5000000000
47737  28.634  -49.026  23.123 0.5000000000
47704  32.642  -49.240  26.022 0.5000000000
46916  30.619  -49.245  23.799 0.5000000000
47747  28.979  -48.348  22.758 0.5000000000
36248  32.531  -60.983  20.058 0.6000000238
37235  33.994  -60.178  20.079 0.6000000238
37225  36.305  -60.348  21.185 0.5000000000
36247  34.419  -60.656  19.494 0.6000000238
37218  38.226  -60.686  22.248 0.5000000000
153954  37.179  -60.082  21.760 0.5000000000
140036  36.020  -59.683  21.194 0.6000000238
33162  24.242  -63.758  23.249 0.5000000000
145657  35.597  -59.011  21.334 0.6000000238
38127  39.107  -59.798  22.290 0.5000000000
39015  40.107  -58.936  22.104 0.5000000000
35228  24.224  -62.947  23.188 0.4000000060
34166  22.764  -63.490  23.426 0.4000000060
150448  22.724  -62.936  24.029 0.4000000060
39017  38.567  -59.349  22.046 0.5000000000
39022  41.065  -58.172  21.731 0.5000000000
39016  39.304  -59.151  22.008 0.5000000000
35209  22.815  -62.647  24.590 0.4000000060
39893  40.870  -57.361  21.343 0.5000000000
149763  40.345  -58.488  21.801 0.5000000000
35198  22.641  -62.365  25.488 0.4000000060
38950  24.272  -58.445  29.375 0.4000000060
38077  23.380  -58.685  28.772 0.4000000060
138829  22.877  -59.372  28.034 0.4000000060
151683  22.566  -59.822  27.414 0.3000000119
41547  26.537  -55.097  30.729 0.4000000060
41548  25.613  -55.252  30.333 0.4000000060
39827  24.469  -57.554  29.577 0.4000000060
42456  26.422  -54.326  30.553 0.4000000060
149210  24.770  -56.733  29.837 0.4000000060
39828  23.679  -57.741  29.169 0.4000000060
146803  24.348  -56.028  29.686 0.4000000060
40704  23.887  -56.811  29.404 0.4000000060
39839  23.108  -57.775  28.334 0.4000000060
38963  22.717  -58.524  27.749 0.4000000060
139928  25.184  -55.990  30.132 0.4000000060
42455  27.124  -54.344  30.880 0.4000000060
42457  25.925  -54.622  30.399 0.4000000060
41566  24.811  -55.287  29.863 0.4000000060
41567  24.048  -55.341  29.326 0.4000000060
150707  23.409  -57.155  28.794 0.4000000060
42486  23.922  -54.698  28.661 0.4000000060
40723  23.210  -56.280  27.850 0.4000000060
129297  28.772  -54.064  31.147 0.4000000060
43223  26.702  -53.694  30.500 0.4000000060
43236  25.919  -53.922  30.091 0.4000000060
43237  25.185  -53.906  29.439 0.4000000060
42453  29.558  -54.450  30.925 0.5000000000
43221  28.357  -53.480  31.045 0.4000000060
44080  27.058  -52.847  30.379 0.4000000060
131070  25.717  -53.193  29.550 0.4000000060
42471  24.587  -54.601  29.378 0.4000000060
43250  24.499  -53.956  28.759 0.4000000060
42487  23.524  -54.900  27.634 0.4000000060
43219  30.170  -53.056  30.355 0.5000000000
43220  29.341  -53.439  30.856 0.5000000000
136751  28.685  -52.876  30.823 0.5000000000
127063  27.927  -52.852  30.784 0.4000000060
43235  26.321  -53.225  30.075 0.4000000060
44077  29.404  -52.467  30.477 0.5000000000
44079  27.691  -52.289  30.422 0.4000000060
44090  26.332  -52.541  29.721 0.4000000060
44975  28.939  -51.677  30.239 0.4000000060
44976  28.024  -51.662  30.238 0.4000000060
44989  27.620  -51.213  29.818 0.4000000060
141315  27.120  -51.910  29.921 0.4000000060
44991  26.306  -51.733  29.326 0.4000000060
44988  28.468  -50.938  29.863 0.4000000060
45962  28.406  -50.269  29.459 0.4000000060
45963  27.619  -50.519  29.479 0.4000000060
145185  26.837  -49.469  28.725 0.4000000060
135586  31.136  -52.200  29.516 0.5000000000
45960  30.126  -50.592  29.422 0.5000000000
45961  29.181  -50.403  29.514 0.4000000060
46831  27.970  -49.807  29.164 0.4000000060
46832  27.166  -49.914  29.089 0.4000000060
135260  26.205  -49.285  28.502 0.3000000119
138094  31.685  -52.329  29.012 0.5000000000
44990  26.950  -51.137  29.467 0.4000000060
45965  26.290  -50.952  29.013 0.4000000060
45964  26.857  -50.507  29.199 0.4000000060
45959  30.970  -50.756  29.165 0.5000000000
46830  28.828  -49.795  29.129 0.4000000060
46848  28.390  -49.253  28.724 0.4000000060
47669  26.988  -48.823  28.336 0.3000000119
148921  31.600  -50.339  28.587 0.5000000000
46829  29.738  -49.898  29.094 0.4000000060
47668  27.905  -48.744  28.301 0.4000000060
46849  27.538  -49.322  28.736 0.3000000119
48583  26.801  -48.131  27.874 0.3000000119
47688  26.150  -48.583  28.119 0.3000000119
148732  32.233  -50.843  28.302 0.4000000060
47667  29.911  -48.675  28.157 0.3000000119
46847  29.317  -49.275  28.672 0.4000000060
48580  28.817  -48.666  28.264 0.4000000060
48582  27.475  -48.317  27.971 0.3000000119
48600  26.014  -47.880  27.708 0.3000000119
46845  31.144  -49.643  28.530 0.3000000119
46844  32.227  -50.211  28.047 0.4000000060
46864  32.459  -49.797  27.451 0.4000000060
135885  32.591  -50.180  26.928 0.4000000060
48581  28.224  -48.067  27.819 0.3000000119
48599  27.438  -47.762  27.619 0.3000000119
130757  26.716  -47.471  27.453 0.3000000119
48601  25.191  -47.719  27.544 0.3000000119
49571  24.793  -47.052  27.179 0.3000000119
46846  30.299  -49.420  28.621 0.3000000119
49570  25.882  -47.073  27.212 0.3000000119
49591  24.300  -46.433  26.669 0.3000000119
46865  31.862  -49.477  28.020 0.3000000119
47684  32.352  -48.816  27.241 0.3000000119
46878  32.597  -49.441  26.731 0.4000000060
46900  32.065  -49.357  24.743 0.4000000060
48616  23.765  -47.142  27.013 0.3000000119
47686  30.815  -48.326  27.745 0.3000000119
148026  30.002  -48.042  27.687 0.3000000119
47666  31.016  -49.005  28.208 0.3000000119
47685  31.631  -48.705  27.724 0.3000000119
145790  32.592  -48.666  26.356 0.3000000119
150681  32.663  -48.602  25.781 0.4000000060
47715  32.676  -48.310  25.319 0.4000000060
46899  32.533  -48.963  25.334 0.4000000060
46915  31.580  -48.946  24.074 0.4000000060
136251  30.980  -48.546  23.490 0.4000000060
146339  30.151  -48.799  23.443 0.4000000060
142620  29.498  -48.724  23.219 0.4000000060
138483  32.752  -47.713  24.966 0.3000000119
47734  32.541  -47.623  24.214 0.3000000119
47735  31.947  -48.170  23.755 0.4000000060
48653  31.296  -47.775  23.155 0.4000000060
47736  30.147  -48.177  22.989 0.4000000060
49651  29.865  -46.858  22.116 0.4000000060
48668  29.426  -47.613  22.465 0.4000000060
47748  27.822  -48.619  22.579 0.4000000060
135901  26.973  -48.884  22.267 0.5000000000
48629  32.684  -47.127  25.214 0.3000000119
48651  32.623  -46.990  23.933 0.3000000119
48652  32.182  -47.373  23.518 0.3000000119
48666  31.676  -46.944  22.884 0.4000000060
49650  31.032  -46.514  22.271 0.4000000060
48667  30.599  -47.343  22.594 0.4000000060
48676  27.413  -47.310  21.805 0.3000000119
48670  26.907  -48.141  22.019 0.3000000119
47749  26.546  -48.734  21.723 0.4000000060
48677  26.356  -47.517  21.404 0.3000000119
49621  32.615  -46.301  24.642 0.3000000119
49648  32.480  -45.780  23.455 0.3000000119
49632  32.378  -46.561  23.419 0.3000000119
49657  30.258  -46.125  21.760 0.3000000119
49658  29.100  -46.401  21.651 0.3000000119
48675  28.684  -47.115  21.994 0.3000000119
49659  28.018  -46.655  21.611 0.3000000119
141982  32.628  -45.823  24.008 0.3000000119
50623  31.948  -45.391  22.359 0.3000000119
50629  31.328  -45.659  21.989 0.3000000119
127438  31.243  -44.967  21.520 0.3000000119
50631  29.494  -45.665  21.353 0.3000000119
50632  28.074  -45.910  21.237 0.3000000119
49660  26.791  -46.592  21.279 0.3000000119
50637  28.779  -45.163  20.889 0.3000000119
50638  27.519  -45.242  20.694 0.3000000119
51656  27.032  -44.571  20.259 0.3000000119
44076  30.327  -52.296  30.015 0.5000000000
36239  32.588  -61.096  20.498 0.6000000238
147376  33.023  -60.904  19.641 0.5000000000
37241  33.723  -60.737  19.482 0.5000000000
36245  35.496  -60.898  20.142 0.5000000000
36246  34.932  -61.008  19.479 0.5000000000
139088  39.669  -60.449  22.543 0.5000000000
36230  37.530  -61.151  21.988 0.5000000000
36237  36.132  -60.887  20.851 0.5000000000
137055  25.084  -64.404  25.118 0.6000000238
33150  25.523  -63.679  24.525 0.6000000238
33151  24.575  -64.174  24.130 0.5000000000
32224  23.095  -64.966  22.998 0.5000000000
145135  23.404  -63.733  23.019 0.5000000000
33164  22.331  -64.405  23.164 0.5000000000
34158  21.979  -63.996  23.835 0.4000000060
34150  21.777  -63.589  24.805 0.4000000060
34149  22.369  -62.707  25.392 0.4000000060
35199  22.049  -62.218  26.308 0.4000000060
37199  21.957  -60.339  26.435 0.3000000119
38100  22.075  -59.757  26.678 0.3000000119
139371  22.362  -59.172  27.139 0.4000000060
41589  23.144  -55.737  27.222 0.4000000060
148252  22.643  -57.588  27.158 0.4000000060
44091  25.590  -52.396  28.993 0.4000000060
43251  23.900  -54.080  27.961 0.4000000060
43273  23.223  -53.655  26.479 0.4000000060
44092  25.070  -53.242  28.846 0.4000000060
43261  24.366  -53.339  28.175 0.4000000060
45002  25.670  -51.504  28.777 0.4000000060
44116  24.099  -52.727  27.665 0.4000000060
45976  26.334  -50.092  28.804 0.4000000060
45977  25.612  -50.707  28.599 0.4000000060
47670  25.569  -49.053  28.262 0.3000000119
47689  25.294  -48.439  27.906 0.3000000119
47690  24.442  -48.639  27.734 0.3000000119
151578  40.510  -59.211  22.260 0.5000000000
36190  21.619  -60.711  26.556 0.4000000060
41602  23.052  -55.086  26.546 0.4000000060
151747  25.128  -51.927  28.469 0.4000000060
44105  24.799  -52.583  28.355 0.4000000060
134369  22.251  -61.735  26.161 0.4000000060
45990  32.515  -50.740  27.543 0.5000000000
43222  27.502  -53.557  30.869 0.4000000060
37233  35.653  -60.254  20.599 0.6000000238
36236  36.767  -60.814  21.480 0.5000000000
37217  38.852  -60.374  22.397 0.5000000000
40712  23.451  -56.473  28.684 0.4000000060
41580  23.542  -55.615  28.427 0.4000000060
140506  23.080  -56.975  27.985 0.4000000060
42497  23.437  -54.270  26.987 0.4000000060
44078  28.438  -52.284  30.540 0.4000000060
44974  29.765  -51.784  30.084 0.5000000000
44986  30.544  -51.437  29.631 0.5000000000
44987  29.519  -51.109  29.852 0.5000000000
45975  30.670  -50.093  28.943 0.5000000000
47724  32.421  -48.458  24.605 0.4000000060
48596  31.669  -47.979  27.196 0.3000000119
48640  32.732  -47.016  24.508 0.3000000119
48669  28.180  -47.845  22.317 0.4000000060
49631  32.654  -46.415  24.008 0.3000000119
50606  32.496  -45.136  23.658 0.3000000119
49649  32.038  -45.970  22.684 0.3000000119
132541  28.139  -44.694  20.503 0.3000000119
43262  23.749  -53.493  27.381 0.4000000060
129871  21.174  -66.151  28.473 0.4000000060
32169  21.620  -65.634  27.930 0.4000000060
31304  20.672  -66.908  26.814 0.4000000060
32199  21.918  -66.553  25.313 0.3000000119
32198  22.301  -65.535  26.129 0.4000000060
133285  22.525  -65.975  24.841 0.3000000119
33205  29.791  -63.922  20.865 0.5000000000
33153  23.164  -65.407  24.495 0.5000000000
32208  22.557  -66.124  23.663 0.3000000119
34200  30.285  -63.343  20.651 0.5000000000
35254  30.864  -62.716  20.437 0.5000000000
34201  29.737  -63.805  20.404 0.5000000000
33152  23.875  -64.760  24.414 0.5000000000
32207  23.096  -65.293  23.486 0.4000000060
35253  31.386  -62.338  20.678 0.5000000000
34214  30.365  -63.182  20.202 0.5000000000
150126  31.101  -62.797  19.665 0.3000000119
36257  32.002  -61.519  20.013 0.5000000000
35273  31.827  -61.947  19.723 0.4000000060
34224  32.527  -63.197  18.939 0.3000000119
35272  32.735  -62.219  19.105 0.3000000119
34223  33.291  -63.023  18.760 0.3000000119
35271  33.705  -62.169  18.877 0.3000000119
136598  35.427  -62.541  20.292 0.3000000119
35263  34.909  -62.336  19.585 0.3000000119
35269  34.753  -61.641  19.317 0.4000000060
36255  33.367  -61.428  19.228 0.4000000060
33141  21.141  -64.125  25.390 0.3000000119
134696  37.770  -62.189  22.310 0.4000000060
35250  36.084  -62.356  20.984 0.4000000060
35262  35.341  -61.679  19.972 0.4000000060
136637  21.792  -63.217  25.964 0.3000000119
147216  21.789  -61.426  26.522 0.3000000119
38977  22.265  -58.373  26.676 0.3000000119
40724  22.792  -56.632  26.899 0.3000000119
152592  22.542  -57.154  26.360 0.3000000119
41590  22.723  -55.970  26.135 0.3000000119
153277  22.155  -56.704  25.449 0.3000000119
42506  22.863  -54.371  26.000 0.3000000119
44117  23.467  -52.939  26.848 0.3000000119
142460  22.995  -53.134  26.056 0.3000000119
43274  22.648  -53.660  25.552 0.3000000119
42525  21.973  -53.972  24.856 0.3000000119
45015  25.048  -51.281  28.337 0.3000000119
45016  23.910  -51.339  27.424 0.3000000119
142785  23.681  -52.147  27.131 0.3000000119
44127  23.064  -52.458  26.169 0.3000000119
45978  24.879  -50.557  28.233 0.3000000119
45026  23.204  -51.525  26.442 0.3000000119
45991  24.146  -50.505  27.700 0.3000000119
137645  23.561  -50.242  27.145 0.3000000119
46002  23.077  -50.643  26.417 0.3000000119
46850  25.420  -49.831  28.412 0.3000000119
46851  24.625  -49.920  28.091 0.3000000119
31372  29.208  -65.690  21.475 0.5000000000
35261  35.931  -61.441  20.626 0.4000000060
34140  21.775  -62.755  27.086 0.3000000119
147082  24.469  -51.873  27.920 0.3000000119
43287  22.095  -53.510  24.796 0.3000000119
153175  24.512  -51.115  27.931 0.3000000119
32216  22.524  -65.625  23.096 0.3000000119
32226  22.435  -65.122  22.939 0.3000000119
33154  21.206  -64.488  24.132 0.3000000119
27297  24.115  -70.420  29.557 0.4000000060
27298  23.603  -70.103  29.391 0.4000000060
28351  23.235  -69.544  29.974 0.4000000060
26280  21.615  -71.218  30.074 0.4000000060
27277  21.596  -70.376  30.396 0.3000000119
28331  22.679  -69.261  30.312 0.4000000060
28332  21.979  -69.486  30.482 0.4000000060
137836  21.580  -68.938  30.571 0.4000000060
29387  29.671  -68.209  22.772 0.3000000119
29299  22.434  -68.732  30.510 0.4000000060
29301  20.756  -68.843  30.471 0.3000000119
30305  20.607  -67.413  29.701 0.3000000119
148977  21.279  -68.517  30.520 0.4000000060
30322  19.498  -67.778  27.701 0.3000000119
29318  19.491  -68.542  29.492 0.3000000119
30334  20.116  -67.446  26.916 0.3000000119
30288  21.403  -67.429  30.278 0.4000000060
30321  20.143  -67.168  28.424 0.3000000119
31289  20.595  -66.666  27.859 0.3000000119
26305  22.885  -70.416  28.829 0.4000000060
26279  22.381  -70.456  29.821 0.4000000060
144306  20.633  -67.560  25.977 0.3000000119
27274  25.192  -70.667  30.822 0.3000000119
30335  19.516  -68.346  26.240 0.3000000119
24414  26.981  -73.180  30.282 0.4000000060
25315  26.270  -71.780  31.229 0.4000000060
25331  28.015  -72.192  30.344 0.4000000060
25333  26.193  -72.482  30.876 0.4000000060
26262  26.258  -71.056  31.384 0.4000000060
26275  28.398  -71.508  30.722 0.4000000060
26302  29.395  -71.465  29.598 0.4000000060
26319  30.219  -71.379  28.295 0.3000000119
26321  28.835  -71.949  29.195 0.4000000060
27256  27.469  -70.522  31.470 0.4000000060
27271  30.104  -70.097  30.259 0.6000000238
27273  28.737  -70.826  30.977 0.4000000060
27275  24.619  -70.531  30.308 0.3000000119
27276  22.507  -69.807  30.173 0.4000000060
27294  30.985  -70.588  29.070 0.5000000000
27299  23.030  -70.027  29.457 0.4000000060
27337  32.088  -70.426  27.267 0.5000000000
28310  28.621  -69.491  31.044 0.5000000000
28311  27.743  -69.699  31.323 0.5000000000
28328  29.453  -69.762  30.724 0.6000000238
28329  24.408  -69.207  30.574 0.5000000000
28348  31.316  -69.980  29.160 0.5000000000
28378  32.571  -69.852  27.494 0.5000000000
28398  30.744  -69.792  25.089 0.4000000060
29276  26.260  -68.987  30.948 0.5000000000
29294  27.596  -68.288  30.787 0.6000000238
29298  23.210  -68.228  30.550 0.5000000000
29300  21.754  -68.163  30.564 0.4000000060
29314  31.972  -68.025  29.040 0.6000000238
29317  20.200  -68.208  30.035 0.3000000119
29345  33.404  -68.466  27.364 0.6000000238
29372  33.151  -68.269  24.729 0.6999999881
29373  32.397  -68.673  24.446 0.6000000238
29374  31.516  -68.916  24.198 0.5000000000
29375  30.616  -69.065  24.023 0.5000000000
29379  30.132  -68.641  23.411 0.3000000119
30279  29.764  -68.115  30.304 0.6000000238
30283  26.137  -67.448  30.567 0.6000000238
30286  22.965  -67.447  30.571 0.5000000000
30289  20.977  -68.071  30.399 0.4000000060
30303  28.772  -67.142  30.116 0.6000000238
30304  21.209  -66.901  29.793 0.4000000060
30306  19.741  -67.782  29.081 0.3000000119
30333  33.971  -67.221  27.444 0.8000000119
30376  30.772  -67.245  22.426 0.6000000238
31250  22.580  -66.678  30.392 0.5000000000
31251  21.803  -66.734  30.158 0.5000000000
31262  33.250  -65.493  29.426 1.0000000000
31265  30.604  -66.270  29.663 0.6999999881
31267  28.548  -66.457  29.673 0.6999999881
31271  20.807  -66.690  29.021 0.4000000060
31286  33.473  -66.154  28.893 1.0000000000
31288  21.112  -66.306  27.298 0.3000000119
31303  21.194  -66.982  25.902 0.3000000119
31320  34.405  -66.168  26.816 0.8999999762
31341  34.281  -66.081  25.444 0.8000000119
31359  31.079  -65.627  21.937 0.6000000238
32121  25.037  -65.908  30.172 0.6000000238
32123  23.685  -65.885  30.170 0.6000000238
32145  24.680  -65.177  29.582 0.6000000238
32146  23.888  -65.203  29.596 0.6000000238
32185  21.647  -65.936  26.651 0.4000000060
32209  22.080  -66.905  24.100 0.3000000119
32225  22.967  -64.952  22.887 0.3000000119
32246  30.417  -64.486  21.437 0.6000000238
32247  29.388  -64.598  21.138 0.5000000000
33090  25.067  -64.735  28.896 0.6999999881
33102  29.813  -64.344  28.265 0.8999999762
33105  25.366  -64.639  28.166 0.6999999881
33108  22.962  -64.696  27.755 0.5000000000
33124  24.331  -64.456  27.429 0.6000000238
33126  22.757  -64.876  26.794 0.5000000000
33134  28.374  -64.166  26.423 0.8999999762
33138  24.329  -64.585  25.678 0.6000000238
33161  24.911  -63.519  23.765 0.6999999881
33163  23.663  -64.521  23.408 0.5000000000
33165  21.704  -64.949  23.182 0.5000000000
33174  24.014  -63.644  22.996 0.5000000000
33175  23.524  -64.190  23.027 0.5000000000
33176  22.948  -64.390  22.936 0.5000000000
33187  33.299  -64.226  22.939 0.8000000119
33189  31.803  -64.272  21.910 0.6999999881
33203  31.672  -63.490  21.619 0.6999999881
34145  35.144  -62.962  25.954 0.8999999762
34146  28.562  -63.808  26.536 0.8000000119
34147  28.015  -63.693  25.968 0.8000000119
34148  27.501  -63.599  25.551 0.6999999881
34155  26.876  -63.144  24.971 0.6999999881
34157  22.395  -63.192  24.353 0.4000000060
34165  24.708  -63.234  23.417 0.5000000000
34174  24.747  -62.914  23.513 0.6000000238
34175  24.308  -63.313  23.140 0.5000000000
34176  23.930  -63.491  22.977 0.5000000000
34177  23.564  -63.101  23.177 0.4000000060
34222  33.889  -62.950  18.819 0.3000000119
35195  27.284  -62.486  25.765 0.6000000238
35205  35.328  -62.487  25.449 0.8999999762
35208  23.394  -62.564  24.263 0.5000000000
35216  24.635  -62.592  23.777 0.4000000060
35226  34.777  -62.052  23.211 0.8000000119
35240  33.185  -61.866  21.830 0.8000000119
35249  36.732  -61.623  21.470 0.5000000000
35251  32.506  -61.580  21.068 0.6999999881
35264  31.510  -62.093  20.183 0.5000000000
35265  31.037  -62.546  19.933 0.5000000000
35270  34.334  -62.186  19.026 0.4000000060
36133  32.601  -61.283  30.502 0.8999999762
36197  26.180  -62.051  24.742 0.6000000238
36199  25.012  -61.948  25.079 0.5000000000
36209  25.765  -62.133  24.485 0.6000000238
36249  32.030  -61.640  20.412 0.6000000238
36254  34.243  -61.347  19.125 0.5000000000
36256  32.529  -61.419  19.620 0.4000000060
37208  35.580  -60.388  24.277 0.8999999762
37236  33.191  -60.500  19.971 0.6000000238
38076  24.127  -59.171  29.117 0.5000000000
38126  40.073  -59.601  22.374 0.5000000000
38128  38.265  -59.918  22.137 0.5000000000
38130  34.434  -59.368  21.433 0.8000000119
38935  26.787  -57.886  29.755 0.6999999881
39014  40.779  -58.857  22.096 0.5000000000
39023  40.176  -57.984  21.410 0.5000000000
39855  22.246  -57.552  26.026 0.3000000119
39865  31.092  -58.025  25.102 1.0000000000
40682  29.191  -56.978  30.760 0.6999999881
40732  34.106  -56.916  26.085 1.0000000000
40736  22.425  -56.792  25.826 0.3000000119
40758  29.256  -57.456  23.481 0.8999999762
40759  28.149  -57.090  22.629 0.8999999762
40770  27.736  -57.131  22.088 0.8000000119
40779  40.771  -56.834  20.861 0.6000000238
40794  40.066  -56.837  19.045 0.6000000238
40803  39.535  -56.681  18.363 0.6000000238
41621  31.019  -57.058  23.944 1.0000000000
41641  26.362  -56.022  21.513 0.8000000119
41657  38.030  -55.500  18.748 0.6999999881
42470  25.324  -54.585  29.944 0.4000000060
42518  34.838  -54.998  25.143 0.8999999762
42542  36.210  -54.499  23.054 0.8999999762
42545  28.895  -56.580  22.221 0.8999999762
42546  26.420  -55.529  22.428 0.6999999881
42547  25.987  -55.150  21.770 0.8000000119
42558  26.200  -55.066  21.611 0.8000000119
42591  36.453  -54.418  17.636 0.6000000238
43304  21.944  -53.431  24.753 0.3000000119
43330  25.873  -53.886  21.947 0.6999999881
43331  26.018  -53.458  21.908 0.6999999881
43358  34.937  -53.973  17.987 0.5000000000
44181  26.491  -52.804  21.625 0.8000000119
45063  26.400  -52.045  21.866 0.8000000119
45099  34.211  -52.300  18.006 0.6000000238
47757  26.254  -48.121  21.463 0.3000000119
47784  33.286  -48.350  18.501 0.4000000060
49696  34.888  -46.789  16.968 0.3000000119
50633  26.857  -45.823  20.872 0.4000000060
50649  25.970  -45.114  19.630 0.4000000060
127260  26.048  -57.924  29.506 0.6000000238
127292  39.304  -56.314  17.747 0.6000000238
130437  31.295  -69.209  29.360 0.6000000238
132371  26.148  -65.512  29.323 0.6999999881
133219  31.739  -62.609  19.413 0.3000000119
133356  33.462  -64.947  23.440 0.8000000119
133552  25.727  -70.710  31.156 0.5000000000
133695  24.494  -64.463  26.721 0.6000000238
135274  27.447  -65.284  28.356 0.6999999881
135982  23.345  -70.303  28.798 0.4000000060
136021  25.897  -47.299  20.625 0.4000000060
137225  33.547  -67.694  27.756 0.8000000119
137313  25.940  -64.181  25.433 0.6999999881
138022  28.471  -64.543  26.934 0.8999999762
140826  33.132  -54.092  18.951 0.6999999881
141490  23.144  -62.808  23.802 0.4000000060
142653  31.441  -70.559  28.485 0.5000000000
143320  34.371  -66.445  26.167 0.8999999762
143701  25.453  -70.146  31.010 0.4000000060
144144  26.632  -49.171  21.361 0.6000000238
146398  26.736  -72.735  30.697 0.3000000119
147277  32.917  -60.668  20.348 0.6000000238
147363  25.943  -53.386  22.097 0.6999999881
147525  23.576  -50.851  27.070 0.3000000119
148123  24.522  -64.540  24.813 0.5000000000
148331  24.808  -48.151  27.680 0.3000000119
148737  30.526  -70.842  29.285 0.4000000060
149824  36.871  -53.944  21.481 0.6999999881
149874  23.768  -56.042  29.230 0.4000000060
150061  30.049  -57.785  23.847 0.8999999762
150395  34.593  -63.791  28.155 1.0000000000
150566  24.087  -66.965  30.650 0.5000000000
151199  31.480  -64.569  29.892 0.8999999762
151346  24.888  -66.546  30.445 0.6000000238
151540  34.151  -56.167  25.925 1.0000000000
151652  29.886  -50.529  24.397 0.5000000000
151745  40.454  -56.438  19.502 0.6000000238
151796  30.604  -70.161  25.580 0.4000000060
153282  33.950  -51.700  18.217 0.6000000238
