#!ascii label  , from subject sub-v1s2x0051477_ses-1 vox2ras=TkReg
640
16927  -26.921  -76.047  23.960 0.6999999881
15985  -24.609  -76.383  22.201 0.6000000238
15986  -25.065  -77.091  22.282 0.6000000238
128857  -25.158  -77.315  20.210 0.4000000060
20042  -23.186  -72.189  28.281 0.6999999881
20062  -22.686  -72.538  27.686 0.6999999881
21079  -24.752  -71.648  28.412 0.6999999881
130608  -23.635  -72.300  27.467 0.6000000238
133527  -25.476  -71.820  27.868 0.6999999881
131539  -24.349  -72.325  27.012 0.6000000238
20064  -25.901  -72.254  27.147 0.6000000238
20081  -24.697  -72.484  26.398 0.6000000238
20084  -27.068  -72.837  26.776 0.6000000238
20082  -25.517  -72.512  26.481 0.6000000238
18977  -24.789  -73.156  25.068 0.5000000000
18978  -25.807  -73.211  25.242 0.5000000000
19002  -24.373  -73.719  24.274 0.5000000000
17953  -25.157  -74.720  23.613 0.6000000238
16913  -26.736  -75.265  24.124 0.6000000238
16924  -24.635  -75.361  22.994 0.6000000238
16940  -24.826  -75.833  22.771 0.6000000238
20061  -21.793  -72.749  27.854 0.6000000238
18937  -21.296  -72.869  27.330 0.6000000238
20078  -22.081  -72.713  26.948 0.6000000238
20079  -22.764  -72.721  26.241 0.6000000238
18975  -21.835  -73.364  25.124 0.6000000238
20092  -23.331  -72.878  25.598 0.6000000238
20093  -24.265  -72.793  25.686 0.6000000238
19001  -23.072  -73.870  23.993 0.6000000238
17934  -25.207  -74.016  24.119 0.6000000238
19021  -23.762  -74.342  23.545 0.6999999881
17951  -23.406  -75.080  22.836 0.6000000238
123999  -23.942  -75.317  22.534 0.6000000238
16005  -24.528  -76.286  20.418 0.5000000000
16006  -25.011  -76.539  19.987 0.5000000000
20040  -21.484  -72.650  28.581 0.6000000238
18922  -20.897  -72.967  27.958 0.6000000238
18957  -20.597  -72.918  26.369 0.6000000238
134334  -20.542  -72.962  25.761 0.6000000238
18959  -21.894  -72.973  26.003 0.6000000238
139742  -20.411  -73.380  24.444 0.6000000238
18999  -20.919  -73.658  24.550 0.6000000238
19018  -20.957  -74.109  23.507 0.6000000238
124990  -22.789  -73.356  24.883 0.6000000238
19019  -21.825  -74.440  23.263 0.6000000238
19033  -21.755  -74.452  22.046 0.6999999881
17980  -23.693  -75.235  20.906 0.6000000238
123271  -24.123  -75.042  19.744 0.6000000238
141114  -25.443  -76.714  19.813 0.4000000060
20038  -19.385  -72.593  28.352 0.6000000238
20060  -20.035  -72.947  27.837 0.6000000238
136805  -19.453  -72.367  26.701 0.6000000238
18998  -20.409  -73.052  25.078 0.6000000238
20102  -19.937  -72.992  24.321 0.5000000000
19017  -20.284  -73.443  23.750 0.6000000238
19032  -20.985  -74.034  22.304 0.6999999881
20127  -22.722  -73.179  19.959 0.6000000238
19020  -22.696  -74.768  23.093 0.6000000238
19034  -22.573  -74.964  21.889 0.6000000238
19055  -23.266  -73.866  19.901 0.6000000238
17993  -23.705  -74.404  19.831 0.6000000238
19056  -25.402  -73.844  19.260 0.6000000238
17994  -25.038  -74.758  19.295 0.6000000238
16980  -27.143  -74.661  19.421 0.4000000060
16978  -25.585  -75.316  19.285 0.5000000000
21075  -18.810  -71.711  28.707 0.5000000000
21097  -18.655  -71.137  27.244 0.6000000238
21109  -19.018  -71.888  26.945 0.6000000238
20076  -19.267  -71.893  25.917 0.6000000238
18956  -19.959  -72.638  25.961 0.5000000000
117867  -19.276  -71.651  24.886 0.5000000000
20101  -19.334  -72.224  24.037 0.5000000000
127886  -19.266  -72.071  22.470 0.6000000238
21136  -19.619  -71.374  21.872 0.6000000238
20116  -19.853  -72.533  21.794 0.6999999881
20125  -21.547  -72.259  20.531 0.6999999881
20118  -21.164  -73.423  21.015 0.6999999881
21147  -23.470  -71.205  20.452 0.6000000238
20126  -21.867  -73.077  20.307 0.6999999881
128412  -22.533  -72.138  20.210 0.6000000238
20137  -23.428  -72.194  19.953 0.6000000238
140108  -23.524  -73.008  19.786 0.6000000238
20138  -24.288  -72.430  19.778 0.6000000238
130681  -24.867  -73.174  19.561 0.6000000238
19067  -27.026  -73.842  19.180 0.5000000000
17995  -27.794  -74.035  19.677 0.4000000060
22056  -18.477  -70.213  27.583 0.6000000238
22065  -18.846  -70.627  26.861 0.6000000238
21108  -18.893  -71.221  26.382 0.5000000000
21119  -19.115  -71.244  25.552 0.6000000238
22084  -19.359  -70.709  24.058 0.5000000000
21125  -19.120  -71.265  24.012 0.6000000238
22975  -19.680  -70.201  23.584 0.5000000000
21129  -19.049  -71.643  23.200 0.6000000238
137551  -19.602  -70.146  23.013 0.5000000000
22099  -19.989  -70.294  21.971 0.5000000000
22990  -21.544  -69.410  21.596 0.5000000000
129705  -20.487  -71.073  21.303 0.6000000238
22991  -22.603  -68.952  21.712 0.5000000000
22101  -22.453  -69.930  21.120 0.5000000000
21146  -21.224  -71.423  20.779 0.6000000238
22992  -23.872  -69.100  22.059 0.4000000060
22114  -22.284  -71.095  20.664 0.6999999881
22993  -24.809  -69.168  22.158 0.4000000060
22116  -24.959  -70.257  21.059 0.5000000000
21148  -24.507  -70.932  20.557 0.6000000238
22117  -25.814  -70.353  21.115 0.5000000000
21149  -25.377  -70.906  20.621 0.6000000238
22118  -26.696  -70.362  20.953 0.5000000000
21165  -25.774  -71.490  19.973 0.6000000238
19058  -27.606  -73.224  19.533 0.5000000000
21150  -26.242  -70.913  20.510 0.6000000238
20140  -26.250  -72.283  19.645 0.6000000238
19057  -26.731  -73.061  19.331 0.6000000238
22066  -19.063  -70.118  26.920 0.5000000000
21118  -19.171  -70.809  25.873 0.5000000000
22074  -19.542  -70.733  24.794 0.5000000000
22963  -20.161  -69.721  23.974 0.4000000060
23861  -20.357  -68.970  22.783 0.4000000060
131304  -20.281  -69.518  22.228 0.5000000000
125261  -20.733  -69.926  21.732 0.5000000000
23863  -21.361  -68.378  21.922 0.5000000000
24781  -25.148  -67.912  22.278 0.4000000060
23865  -24.287  -68.401  22.270 0.4000000060
23867  -25.917  -68.444  22.199 0.5000000000
22994  -25.677  -69.142  22.020 0.5000000000
23868  -26.754  -68.235  21.971 0.5000000000
23876  -26.543  -69.002  21.785 0.5000000000
23007  -27.225  -69.619  21.161 0.5000000000
21168  -28.704  -71.283  20.262 0.5000000000
136020  -28.560  -71.992  20.181 0.5000000000
22128  -27.176  -70.923  20.299 0.6000000238
20141  -27.235  -72.393  19.667 0.5000000000
23862  -20.752  -68.069  22.540 0.4000000060
139558  -21.304  -67.682  22.305 0.5000000000
23864  -22.241  -67.860  21.997 0.5000000000
138328  -24.304  -66.804  21.702 0.5000000000
123276  -26.333  -66.944  21.887 0.4000000060
23877  -27.406  -68.750  21.501 0.5000000000
130908  -29.620  -69.905  20.414 0.5000000000
133057  -30.115  -71.018  20.868 0.3000000119
118001  -28.011  -67.201  21.595 0.5000000000
23008  -27.981  -69.189  20.982 0.5000000000
129166  -29.053  -69.696  20.323 0.5000000000
24779  -22.661  -67.019  21.932 0.4000000060
24780  -24.091  -67.436  21.969 0.4000000060
135912  -23.515  -66.544  21.641 0.4000000060
26605  -26.603  -65.330  21.640 0.4000000060
118757  -25.881  -66.313  21.751 0.4000000060
26606  -27.542  -65.465  21.447 0.4000000060
26607  -28.481  -66.030  21.085 0.5000000000
23879  -30.813  -69.229  21.358 0.4000000060
21170  -30.429  -70.580  20.905 0.4000000060
23878  -28.275  -68.531  21.088 0.5000000000
120256  -30.573  -68.911  20.601 0.5000000000
24796  -28.630  -67.716  21.037 0.5000000000
23882  -29.190  -68.499  20.439 0.5000000000
23013  -28.721  -69.150  20.446 0.5000000000
28452  -27.897  -63.602  21.453 0.4000000060
27503  -28.513  -65.182  20.961 0.4000000060
131891  -31.285  -68.521  20.902 0.4000000060
23884  -30.718  -68.015  20.501 0.5000000000
26608  -29.288  -65.773  20.560 0.5000000000
24803  -30.051  -67.192  20.375 0.5000000000
121854  -28.730  -64.319  21.010 0.4000000060
24805  -31.790  -67.204  20.974 0.4000000060
25699  -31.118  -66.898  22.491 0.3000000119
27504  -29.365  -64.961  20.306 0.5000000000
25718  -30.176  -66.400  20.329 0.5000000000
24804  -31.164  -67.091  20.594 0.5000000000
120943  -28.316  -62.862  21.426 0.4000000060
26609  -31.938  -65.677  21.445 0.3000000119
26596  -31.707  -65.197  22.339 0.3000000119
28453  -29.642  -64.148  20.296 0.4000000060
25719  -31.151  -66.203  20.431 0.5000000000
28466  -30.709  -64.013  19.877 0.4000000060
27509  -30.384  -64.805  19.984 0.5000000000
26614  -31.246  -65.424  20.283 0.5000000000
128491  -29.146  -62.437  21.056 0.4000000060
27489  -31.848  -64.368  22.277 0.3000000119
129754  -31.485  -64.747  23.125 0.3000000119
29366  -28.984  -63.445  21.038 0.4000000060
27511  -32.148  -64.351  20.603 0.4000000060
29367  -29.957  -63.291  20.277 0.4000000060
28467  -31.714  -63.801  20.005 0.4000000060
30381  -29.598  -61.397  20.735 0.5000000000
28454  -32.286  -63.953  21.234 0.3000000119
28437  -31.890  -63.347  22.395 0.4000000060
120801  -31.747  -62.598  23.197 0.4000000060
28421  -31.577  -63.214  23.688 0.4000000060
129318  -30.277  -62.385  20.167 0.4000000060
29381  -32.654  -62.578  20.105 0.5000000000
28455  -32.548  -63.028  21.029 0.4000000060
121337  -31.364  -62.285  19.623 0.5000000000
29380  -32.022  -62.918  19.815 0.5000000000
30394  -32.261  -61.874  19.521 0.5000000000
29368  -32.703  -62.074  20.723 0.4000000060
118562  -32.558  -61.507  21.460 0.4000000060
30372  -32.235  -61.281  22.545 0.4000000060
124324  -31.746  -62.470  24.062 0.3000000119
127621  -30.246  -60.707  20.179 0.5000000000
139021  -30.953  -60.857  19.592 0.5000000000
119139  -32.582  -59.727  22.018 0.4000000060
132601  -32.645  -59.179  22.957 0.3000000119
32433  -29.501  -59.550  20.781 0.5000000000
32434  -32.559  -59.316  20.912 0.4000000060
117399  -32.574  -60.717  21.621 0.4000000060
31369  -32.366  -60.501  22.743 0.4000000060
31357  -32.496  -60.004  23.533 0.4000000060
30348  -32.589  -60.705  24.351 0.3000000119
31390  -30.073  -59.993  20.356 0.5000000000
30406  -32.095  -61.039  19.255 0.5000000000
31392  -32.623  -60.709  19.881 0.5000000000
31391  -30.940  -60.033  19.675 0.5000000000
32423  -32.662  -58.733  22.080 0.4000000060
33436  -32.817  -58.556  23.221 0.4000000060
33458  -28.686  -58.212  21.005 0.5000000000
32405  -33.259  -59.399  24.521 0.3000000119
32442  -30.324  -59.316  20.210 0.5000000000
121731  -31.357  -58.823  20.063 0.5000000000
32444  -31.941  -59.338  19.666 0.5000000000
32445  -32.445  -59.815  19.852 0.5000000000
32452  -31.818  -59.849  19.281 0.5000000000
33449  -32.739  -58.029  22.692 0.4000000060
34423  -28.541  -57.296  21.009 0.5000000000
34425  -30.520  -57.365  20.864 0.5000000000
129150  -33.129  -57.961  23.609 0.3000000119
33437  -33.164  -58.611  24.144 0.3000000119
34424  -29.405  -57.271  20.708 0.5000000000
35362  -30.093  -57.464  20.661 0.5000000000
34440  -30.877  -58.063  20.493 0.5000000000
16926  -26.109  -75.783  23.624 0.6000000238
15099  -24.767  -77.533  21.325 0.5000000000
18960  -25.916  -72.823  25.977 0.6000000238
20110  -20.366  -73.414  22.626 0.6999999881
118043  -24.482  -74.090  19.476 0.6000000238
20117  -20.556  -72.319  20.993 0.6999999881
122464  -25.784  -73.023  19.423 0.6000000238
23004  -24.446  -69.665  21.643 0.5000000000
21164  -24.879  -71.537  20.066 0.6000000238
121183  -23.342  -67.864  22.102 0.5000000000
23003  -23.501  -69.654  21.402 0.4000000060
22119  -27.482  -70.322  20.596 0.5000000000
22129  -28.092  -70.757  20.255 0.5000000000
25710  -26.781  -66.155  21.758 0.4000000060
25698  -27.264  -67.035  21.861 0.5000000000
26594  -25.084  -65.919  21.606 0.4000000060
26615  -32.047  -65.207  20.742 0.4000000060
29359  -32.201  -62.236  22.089 0.4000000060
30361  -32.195  -60.986  23.642 0.3000000119
34439  -29.940  -57.922  20.509 0.5000000000
34441  -31.558  -58.144  20.714 0.5000000000
13042  -24.369  -79.711  31.700 0.5000000000
135968  -25.177  -81.055  31.682 0.5000000000
12114  -24.780  -80.290  31.784 0.5000000000
11247  -25.973  -81.638  28.467 0.5000000000
10269  -26.190  -81.792  29.949 0.5000000000
136907  -25.792  -81.424  31.040 0.4000000060
13044  -25.919  -78.937  31.263 0.5000000000
12124  -25.869  -80.192  30.582 0.6000000238
13063  -26.611  -79.514  30.308 0.6000000238
12154  -25.753  -81.214  29.126 0.5000000000
12133  -25.717  -80.899  30.037 0.5000000000
140583  -27.185  -81.748  26.585 0.4000000060
15849  -27.394  -76.382  30.863 0.6999999881
14956  -27.660  -77.140  31.096 0.6999999881
14011  -28.216  -77.983  30.394 0.6999999881
13064  -27.234  -79.324  29.544 0.5000000000
14022  -28.016  -78.612  29.499 0.6999999881
12176  -26.362  -80.949  27.386 0.5000000000
13092  -26.625  -80.410  27.684 0.5000000000
13076  -26.692  -79.973  28.601 0.5000000000
11290  -27.401  -81.264  26.103 0.5000000000
11289  -26.767  -81.274  26.847 0.5000000000
16830  -25.657  -75.330  29.804 0.5000000000
15863  -26.257  -75.780  29.677 0.6999999881
17824  -27.644  -74.579  31.143 0.6999999881
15864  -26.849  -75.920  30.278 0.6999999881
131789  -28.318  -75.847  31.029 0.6999999881
14969  -27.892  -77.584  31.031 0.6000000238
14033  -28.419  -78.329  28.335 0.6999999881
14023  -28.653  -77.828  29.375 0.6000000238
12177  -27.055  -80.437  26.889 0.5000000000
13093  -27.378  -79.675  27.562 0.6000000238
133853  -28.053  -78.970  27.724 0.6000000238
12205  -27.246  -80.782  26.247 0.5000000000
12273  -27.996  -80.958  23.583 0.5000000000
17840  -25.882  -74.750  30.771 0.5000000000
17841  -26.601  -74.752  30.974 0.6999999881
129124  -28.788  -76.018  30.770 0.6999999881
17842  -29.079  -74.957  30.084 0.6999999881
133516  -28.647  -74.547  30.524 0.6999999881
14982  -29.154  -77.022  29.284 0.8000000119
15906  -29.339  -76.268  28.856 0.6999999881
14041  -28.510  -78.432  27.240 0.6000000238
15009  -28.920  -77.716  27.536 0.6999999881
13126  -28.475  -79.307  25.544 0.6999999881
14050  -28.678  -78.622  26.261 0.6000000238
12253  -28.104  -80.799  24.633 0.6000000238
13125  -28.281  -80.039  24.898 0.6000000238
12287  -27.393  -80.334  22.580 0.6000000238
16801  -24.111  -74.884  30.928 0.5000000000
18901  -25.543  -73.354  31.468 0.6000000238
17839  -25.085  -74.749  30.665 0.5000000000
18902  -26.512  -73.523  31.370 0.6000000238
126328  -27.260  -73.793  31.245 0.6000000238
18903  -27.843  -74.033  31.106 0.6999999881
18924  -29.111  -74.055  28.878 0.6999999881
139256  -28.448  -73.478  29.937 0.6000000238
16855  -29.315  -75.492  29.319 0.6999999881
17864  -29.380  -74.816  28.429 0.6999999881
15010  -29.202  -76.968  27.723 0.6999999881
128729  -28.712  -79.112  24.615 0.6999999881
13142  -28.182  -80.268  23.814 0.6999999881
13143  -28.454  -79.590  24.037 0.6999999881
18900  -24.449  -73.722  31.486 0.5000000000
19991  -26.206  -72.768  31.315 0.6000000238
20009  -26.666  -72.303  30.781 0.6000000238
20011  -27.986  -73.107  30.278 0.6000000238
125266  -29.516  -75.430  27.694 0.8000000119
17874  -29.342  -74.566  27.309 0.5000000000
20067  -28.164  -73.017  27.978 0.6000000238
15023  -29.304  -77.111  26.791 0.6999999881
16901  -29.353  -76.057  25.473 0.6999999881
14087  -28.368  -78.075  23.649 0.6999999881
14061  -29.249  -77.639  24.916 0.6999999881
13170  -26.097  -80.011  21.737 0.5000000000
13171  -27.108  -79.308  22.455 0.6999999881
13183  -25.004  -79.627  21.235 0.5000000000
16800  -23.215  -75.037  31.247 0.5000000000
19989  -23.880  -72.936  31.426 0.5000000000
21035  -24.515  -71.662  30.274 0.6000000238
19990  -24.753  -72.789  31.406 0.6000000238
21036  -25.405  -71.632  30.228 0.6000000238
21037  -26.291  -71.742  30.163 0.6000000238
21080  -25.423  -71.559  28.704 0.6000000238
125829  -27.273  -72.025  29.305 0.6000000238
21081  -26.152  -71.667  28.582 0.6000000238
17916  -28.658  -74.442  25.795 0.6000000238
18963  -28.290  -73.689  26.414 0.5000000000
20044  -26.985  -71.949  28.554 0.5000000000
16915  -28.639  -76.015  24.699 0.6000000238
16900  -28.733  -75.231  25.175 0.6000000238
15067  -28.009  -77.401  23.644 0.6000000238
15954  -28.359  -76.731  24.171 0.6000000238
14102  -25.527  -78.525  21.762 0.5000000000
18899  -23.454  -73.739  31.539 0.5000000000
20007  -24.184  -72.171  30.983 0.6000000238
21057  -24.881  -71.492  29.349 0.6000000238
18938  -27.850  -73.165  27.086 0.5000000000
20083  -26.300  -72.645  26.564 0.5000000000
17936  -27.347  -74.890  24.571 0.4000000060
17915  -27.274  -74.266  24.925 0.5000000000
18962  -27.523  -73.332  26.343 0.5000000000
15970  -26.201  -76.769  23.292 0.6000000238
18898  -22.592  -73.658  31.462 0.5000000000
20006  -23.417  -72.321  30.912 0.6000000238
21055  -22.924  -71.823  29.804 0.6000000238
21056  -24.032  -71.593  29.521 0.6000000238
17935  -26.553  -74.453  24.447 0.5000000000
19003  -25.910  -73.836  24.572 0.4000000060
133189  -21.319  -74.167  31.482 0.5000000000
20005  -22.689  -72.405  30.715 0.5000000000
21033  -23.022  -71.965  30.403 0.6000000238
21077  -22.927  -71.986  29.030 0.6000000238
18896  -20.756  -73.609  31.452 0.5000000000
19986  -21.421  -72.664  31.098 0.5000000000
129097  -22.314  -71.968  30.147 0.6000000238
123325  -22.172  -72.177  29.305 0.6000000238
131521  -20.088  -73.840  31.489 0.5000000000
21032  -21.350  -71.847  30.259 0.5000000000
21054  -21.551  -71.988  29.802 0.6000000238
20023  -21.346  -72.395  29.195 0.6000000238
21019  -20.746  -71.776  31.299 0.5000000000
21031  -20.849  -71.242  30.777 0.5000000000
21010  -20.232  -71.202  31.937 0.5000000000
20039  -20.475  -72.739  28.684 0.5000000000
22003  -20.488  -70.595  31.493 0.5000000000
21053  -20.519  -71.268  30.054 0.5000000000
139365  -19.845  -71.001  32.260 0.5000000000
22034  -19.655  -70.293  30.069 0.5000000000
21076  -19.806  -72.015  29.208 0.4000000060
22867  -20.189  -69.979  31.824 0.5000000000
22019  -20.247  -70.192  30.706 0.5000000000
21052  -19.193  -71.031  29.470 0.4000000060
22018  -19.471  -69.447  30.116 0.4000000060
22033  -18.758  -69.975  29.425 0.4000000060
22032  -18.324  -69.720  28.612 0.4000000060
139997  -27.364  -75.528  24.336 0.6000000238
15083  -25.914  -77.677  22.475 0.5000000000
15110  -24.977  -78.349  20.662 0.4000000060
20066  -27.301  -72.504  27.704 0.6000000238
22046  -18.437  -70.620  28.787 0.4000000060
22923  -18.269  -69.702  28.072 0.4000000060
140498  -29.147  -76.853  29.913 0.6999999881
130895  -29.538  -75.942  27.233 0.6999999881
121607  -29.050  -78.470  25.228 0.6999999881
15035  -29.300  -77.682  25.871 0.6999999881
18939  -28.721  -73.668  27.365 0.6000000238
20045  -27.741  -72.521  28.772 0.6000000238
14086  -27.806  -78.655  23.125 0.6999999881
17895  -29.293  -74.834  26.367 0.6999999881
138174  -29.389  -76.996  25.356 0.6999999881
15066  -27.673  -77.979  23.219 0.6000000238
123331  -26.157  -79.141  21.874 0.6000000238
10309  -26.209  -82.021  28.843 0.5000000000
10355  -26.704  -81.992  27.208 0.4000000060
11246  -25.869  -81.637  29.156 0.5000000000
11268  -26.261  -81.520  27.658 0.5000000000
11313  -27.951  -81.283  25.299 0.5000000000
12123  -25.512  -80.691  31.060 0.5000000000
12134  -26.073  -80.467  29.452 0.6000000238
12155  -26.068  -80.938  28.258 0.5000000000
12230  -27.755  -80.725  25.557 0.5000000000
13043  -25.093  -79.333  31.466 0.5000000000
13052  -25.460  -79.778  31.290 0.6000000238
13053  -26.113  -79.386  31.004 0.6000000238
13054  -27.460  -78.712  30.380 0.6999999881
13077  -27.665  -79.163  28.556 0.5000000000
13094  -28.092  -79.156  26.960 0.6000000238
13109  -27.739  -80.081  26.015 0.5000000000
13110  -28.135  -79.401  26.304 0.6999999881
13157  -28.026  -79.528  23.223 0.6999999881
13158  -28.504  -78.869  23.775 0.6999999881
14000  -27.241  -77.862  31.132 0.6000000238
14009  -26.814  -78.673  31.058 0.5000000000
14010  -27.559  -78.174  30.917 0.6999999881
14071  -28.888  -78.278  24.362 0.6999999881
14103  -26.785  -78.377  22.578 0.6000000238
14955  -27.041  -77.413  31.052 0.6999999881
14957  -28.095  -77.001  31.124 0.6999999881
14968  -26.795  -76.764  30.591 0.6999999881
14970  -28.442  -77.198  30.740 0.6999999881
14996  -28.947  -77.460  28.444 0.6999999881
14997  -29.226  -76.800  28.442 0.6999999881
15022  -29.031  -77.935  26.729 0.6000000238
15049  -28.765  -77.473  24.188 0.6999999881
15065  -27.025  -77.504  23.193 0.6000000238
15082  -25.093  -77.852  21.697 0.5000000000
15098  -24.675  -76.965  20.792 0.5000000000
15850  -27.974  -76.437  31.116 0.6999999881
15851  -28.444  -76.533  30.937 0.6999999881
15865  -28.953  -76.598  30.416 0.6999999881
15886  -29.250  -76.352  29.710 0.6999999881
15920  -29.431  -76.231  27.941 0.6999999881
15930  -29.554  -76.178  26.507 0.6999999881
15942  -29.512  -76.808  25.975 0.6999999881
15969  -25.358  -76.218  22.989 0.6000000238
15971  -27.408  -76.753  23.764 0.6000000238
15995  -24.373  -76.353  21.270 0.5000000000
15996  -24.609  -76.885  21.580 0.6000000238
16802  -27.137  -75.431  30.735 0.6999999881
16803  -27.750  -75.553  31.033 0.6999999881
16804  -28.148  -75.167  31.071 0.6999999881
16831  -26.411  -75.310  30.382 0.6999999881
16832  -28.653  -75.273  30.756 0.6999999881
16833  -29.115  -75.783  30.269 0.6999999881
16865  -29.443  -75.651  28.446 0.8000000119
16875  -29.516  -75.399  26.857 0.6999999881
16886  -29.455  -75.510  26.154 0.6999999881
16914  -27.776  -76.075  24.290 0.6000000238
16925  -25.386  -75.461  23.336 0.6000000238
16939  -24.161  -75.747  21.988 0.6000000238
16963  -24.044  -75.818  20.610 0.6000000238
16964  -24.781  -75.740  19.668 0.5000000000
16965  -25.647  -76.129  19.517 0.5000000000
16979  -26.404  -75.393  19.332 0.4000000060
17821  -23.763  -74.440  31.372 0.5000000000
17822  -26.119  -74.104  31.308 0.6000000238
17823  -26.889  -74.240  31.274 0.6999999881
17825  -28.221  -74.570  30.978 0.6999999881
17853  -28.847  -74.115  29.845 0.6999999881
17854  -29.193  -74.661  29.325 0.6999999881
17894  -28.951  -74.159  26.601 0.5000000000
17917  -29.183  -75.193  25.756 0.6000000238
17937  -28.019  -75.357  24.649 0.6000000238
17952  -24.247  -74.872  23.259 0.6000000238
17954  -25.993  -74.973  23.847 0.6000000238
17967  -23.335  -75.164  21.687 0.6000000238
17979  -23.267  -74.716  20.479 0.6000000238
18008  -26.150  -74.491  19.140 0.5000000000
18897  -21.632  -73.453  31.327 0.5000000000
18911  -27.623  -73.422  30.911 0.6000000238
18915  -28.653  -73.514  29.216 0.6000000238
18923  -28.723  -73.542  28.363 0.6000000238
18936  -20.647  -72.918  27.218 0.6000000238
18940  -29.177  -74.057  28.058 0.6000000238
18958  -21.228  -72.942  26.584 0.6000000238
18961  -26.711  -73.194  25.933 0.6000000238
18974  -21.042  -73.200  25.646 0.6000000238
18976  -23.799  -73.276  24.921 0.5000000000
18979  -26.684  -73.740  25.077 0.4000000060
18980  -27.647  -73.826  25.592 0.5000000000
19000  -21.921  -73.856  24.213 0.6000000238
19045  -21.963  -74.115  20.718 0.6000000238
19046  -22.792  -74.459  20.609 0.6000000238
19066  -26.242  -73.640  19.175 0.5000000000
19985  -20.787  -72.746  31.398 0.5000000000
19987  -22.233  -72.913  31.099 0.5000000000
19988  -23.074  -72.978  31.270 0.6000000238
19992  -26.978  -73.042  31.191 0.6000000238
20008  -25.027  -72.053  30.970 0.6000000238
20010  -27.376  -72.669  30.571 0.6000000238
20022  -20.802  -72.098  29.458 0.6000000238
20024  -27.072  -71.987  30.044 0.6000000238
20025  -27.670  -72.472  29.762 0.6000000238
20026  -28.191  -72.983  29.470 0.6000000238
20041  -22.371  -72.441  28.460 0.6000000238
20043  -23.971  -71.873  28.224 0.6999999881
20046  -28.322  -73.088  28.751 0.6000000238
20059  -19.360  -72.556  27.485 0.6000000238
20063  -24.545  -71.978  27.640 0.6999999881
20065  -26.610  -72.437  27.184 0.5000000000
20077  -19.989  -72.768  26.959 0.6000000238
20080  -23.733  -72.547  26.476 0.6000000238
20091  -19.702  -72.421  25.013 0.5000000000
20094  -25.177  -72.780  25.787 0.6000000238
20108  -19.351  -72.375  23.210 0.5000000000
20109  -19.705  -72.862  22.838 0.6000000238
20139  -25.292  -72.279  19.704 0.6000000238
20142  -28.125  -72.546  19.892 0.5000000000
21020  -21.635  -72.214  30.667 0.5000000000
21034  -23.616  -71.753  30.255 0.6000000238
21058  -25.812  -71.526  29.396 0.6000000238
21059  -26.639  -71.709  29.339 0.6000000238
21074  -18.406  -71.013  28.051 0.6000000238
21078  -23.605  -71.785  28.880 0.6999999881
21098  -18.819  -71.961  27.827 0.6000000238
21135  -19.102  -71.248  22.569 0.5000000000
21163  -24.111  -71.598  20.109 0.6000000238
21166  -26.746  -71.583  19.937 0.6000000238
21167  -27.827  -71.641  19.985 0.5000000000
21169  -29.483  -71.112  20.562 0.5000000000
21995  -20.094  -70.490  32.079 0.5000000000
22045  -18.235  -70.185  28.197 0.4000000060
22090  -19.160  -70.750  23.234 0.5000000000
22098  -19.460  -70.548  22.508 0.5000000000
22100  -21.452  -70.440  21.113 0.5000000000
22115  -24.072  -70.241  20.890 0.5000000000
22130  -29.021  -70.431  20.284 0.5000000000
22131  -29.878  -70.474  20.624 0.4000000060
22879  -20.279  -69.814  31.352 0.5000000000
22953  -20.090  -70.346  24.716 0.5000000000
22976  -20.025  -69.620  23.235 0.5000000000
22988  -19.922  -69.808  22.624 0.5000000000
22989  -20.738  -68.959  22.099 0.5000000000
23005  -25.322  -69.726  21.616 0.5000000000
23006  -26.215  -69.713  21.477 0.5000000000
23012  -28.235  -69.889  20.501 0.5000000000
23014  -29.661  -69.198  20.313 0.5000000000
23015  -30.401  -69.842  20.729 0.4000000060
23866  -25.188  -68.628  22.288 0.4000000060
23883  -29.969  -68.497  20.306 0.5000000000
24778  -21.704  -67.113  22.487 0.5000000000
24782  -26.035  -67.657  22.132 0.4000000060
24783  -26.817  -67.562  21.954 0.5000000000
24785  -31.422  -67.453  21.415 0.3000000119
24795  -27.633  -67.877  21.688 0.5000000000
24797  -29.220  -67.231  20.711 0.5000000000
24798  -31.558  -67.850  20.907 0.4000000060
24802  -29.669  -67.872  20.394 0.5000000000
25696  -24.277  -66.216  21.591 0.4000000060
25697  -25.174  -66.919  21.835 0.4000000060
25700  -31.451  -66.032  22.432 0.3000000119
25711  -27.805  -66.446  21.599 0.5000000000
25712  -28.570  -66.865  21.180 0.5000000000
25713  -29.274  -66.570  20.700 0.5000000000
25714  -31.735  -66.593  21.358 0.4000000060
25720  -31.954  -66.024  20.802 0.3000000119
26595  -25.896  -65.593  21.676 0.4000000060
26613  -30.222  -65.603  20.168 0.5000000000
27501  -26.846  -64.688  21.572 0.4000000060
27502  -27.767  -64.550  21.351 0.4000000060
27505  -32.125  -64.828  21.373 0.3000000119
27510  -31.438  -64.622  20.168 0.4000000060
28420  -31.522  -64.037  23.332 0.3000000119
28468  -32.389  -63.491  20.369 0.5000000000
29343  -31.920  -61.850  23.424 0.4000000060
29379  -31.068  -63.193  19.750 0.5000000000
30392  -30.630  -61.534  19.896 0.4000000060
30393  -31.519  -61.387  19.426 0.5000000000
30395  -32.716  -61.610  19.940 0.5000000000
30405  -31.630  -60.568  19.278 0.5000000000
30407  -32.389  -60.980  19.507 0.5000000000
31347  -32.795  -59.911  24.292 0.3000000119
31378  -29.533  -60.401  20.879 0.5000000000
31379  -32.687  -60.234  20.662 0.4000000060
31400  -32.161  -60.403  19.226 0.5000000000
32412  -32.764  -59.244  23.850 0.3000000119
32443  -31.287  -59.287  19.754 0.5000000000
32453  -32.195  -59.919  19.341 0.5000000000
32454  -32.371  -60.341  19.458 0.5000000000
33471  -29.227  -57.805  20.714 0.5000000000
33472  -29.563  -58.601  20.609 0.5000000000
33473  -30.578  -58.640  20.243 0.5000000000
33474  -31.691  -58.684  20.275 0.5000000000
33475  -32.187  -59.026  20.329 0.5000000000
34390  -33.437  -57.335  24.006 0.3000000119
34426  -31.177  -57.580  21.025 0.5000000000
35350  -29.849  -56.820  21.008 0.5000000000
35351  -30.684  -56.955  21.368 0.5000000000
116958  -19.224  -71.016  24.813 0.6000000238
118125  -24.833  -78.479  21.106 0.4000000060
119121  -32.234  -61.740  24.350 0.3000000119
119401  -28.022  -74.590  25.028 0.4000000060
120090  -26.481  -76.138  19.536 0.4000000060
120486  -25.234  -73.557  24.654 0.5000000000
120877  -25.786  -74.376  24.112 0.6000000238
121060  -27.630  -79.734  26.719 0.6000000238
121263  -32.766  -61.172  20.578 0.4000000060
122949  -24.238  -71.634  28.862 0.6000000238
124854  -29.102  -76.809  24.742 0.6999999881
125150  -25.286  -74.181  31.276 0.6000000238
127568  -26.426  -72.036  27.806 0.5000000000
128735  -27.226  -74.874  31.051 0.6999999881
129142  -26.516  -76.239  29.936 0.6999999881
129834  -28.842  -77.291  30.075 0.8000000119
130076  -25.087  -72.195  27.069 0.6000000238
130433  -29.406  -76.485  27.230 0.6999999881
131237  -23.304  -68.453  22.088 0.5000000000
131275  -25.859  -72.087  30.895 0.6000000238
131854  -24.525  -74.413  31.211 0.5000000000
132830  -25.778  -81.362  29.848 0.5000000000
134088  -19.658  -72.879  23.613 0.5000000000
134310  -20.510  -73.202  21.626 0.6999999881
134939  -23.197  -70.367  20.832 0.5000000000
135094  -22.535  -73.007  25.543 0.6000000238
135257  -24.580  -74.251  23.719 0.6000000238
135347  -23.999  -73.469  19.654 0.6000000238
136018  -19.783  -70.360  24.171 0.4000000060
136474  -23.404  -71.725  29.491 0.6000000238
136855  -24.793  -77.753  20.838 0.4000000060
138432  -31.761  -66.657  20.851 0.3000000119
138868  -26.610  -79.844  29.487 0.5000000000
139271  -28.280  -73.871  30.625 0.6999999881
139526  -22.993  -72.566  26.977 0.6000000238
140343  -20.053  -71.874  21.364 0.6999999881
140389  -25.664  -81.113  30.413 0.4000000060
140673  -25.477  -72.574  31.303 0.6000000238
140900  -23.776  -75.425  21.898 0.6000000238
