#!ascii label  , from subject sub-v1s2x0051487_ses-1 vox2ras=TkReg
386
76990  -24.570  -16.419  4.675 0.0000000000
74171  -19.701  -19.628  4.899 0.0000000000
74190  -26.563  -19.899  4.438 0.0000000000
71564  -21.923  -22.267  6.020 0.0000000000
143566  -25.359  -6.047  3.473 0.0000000000
83357  -28.144  -8.990  2.105 0.0000000000
128141  -20.941  -12.934  3.366 0.0000000000
67739  -20.479  -26.619  7.113 0.0000000000
72499  -20.960  -21.136  5.265 0.0000000000
70550  -18.845  -22.971  6.566 0.0000000000
85152  -26.727  -7.214  2.889 0.0000000000
83349  -22.925  -9.349  3.628 0.0000000000
76985  -19.810  -16.750  4.218 0.0000000000
121241  -18.041  -15.173  4.516 0.0000000000
78790  -22.240  -14.988  4.372 0.0000000000
126933  -26.631  -13.018  5.173 0.0000000000
78794  -27.557  -14.759  4.215 0.0000000000
77004  -28.391  -16.525  3.050 0.0000000000
75046  -17.871  -18.027  5.341 0.0000000000
76053  -21.301  -17.957  4.231 0.0000000000
76058  -26.249  -18.105  4.338 0.0000000000
138057  -22.524  -20.336  5.241 0.0000000000
72502  -24.492  -21.766  4.937 0.0000000000
70555  -25.785  -23.714  5.499 0.0000000000
81447  -19.428  -11.375  3.418 0.0000000000
126248  -24.952  -10.941  4.667 0.0000000000
82427  -29.455  -10.767  1.350 0.0000000000
69559  -18.459  -24.251  7.222 0.0000000000
68673  -21.631  -24.939  6.401 0.0000000000
71561  -18.477  -22.249  6.544 0.0000000000
71551  -17.721  -22.888  7.281 0.0000000000
84233  -22.222  -8.733  3.529 0.0000000000
83347  -21.097  -9.793  3.246 0.0000000000
138767  -21.869  -16.471  4.250 0.0000000000
77905  -20.944  -15.784  4.226 0.0000000000
77891  -23.667  -15.776  4.672 0.0000000000
78793  -24.947  -14.712  4.892 0.0000000000
77892  -26.152  -15.548  4.485 0.0000000000
77907  -28.268  -15.804  3.154 0.0000000000
77906  -26.822  -16.057  4.004 0.0000000000
125134  -18.437  -18.756  5.161 0.0000000000
75061  -19.713  -18.418  4.268 0.0000000000
141069  -20.390  -19.216  4.662 0.0000000000
75065  -22.718  -19.201  5.013 0.0000000000
73362  -21.239  -20.172  4.766 0.0000000000
71574  -21.514  -21.533  5.717 0.0000000000
72501  -22.485  -20.758  5.226 0.0000000000
70564  -23.415  -22.044  5.472 0.0000000000
71577  -25.031  -22.584  4.767 0.0000000000
70565  -23.938  -22.978  5.497 0.0000000000
136366  -22.413  -6.478  3.299 0.0000000000
86882  -22.202  -5.746  3.291 0.0000000000
86883  -23.807  -5.345  3.391 0.0000000000
87776  -25.778  -4.119  2.861 0.0000000000
124749  -27.008  -5.896  1.980 0.0000000000
122846  -27.721  -8.394  1.679 0.0000000000
133981  -19.389  -14.277  3.659 0.0000000000
131996  -18.546  -13.104  3.796 0.0000000000
80586  -20.505  -12.080  3.249 0.0000000000
126210  -21.884  -11.376  3.134 0.0000000000
120543  -23.186  -11.963  4.235 0.0000000000
81453  -29.181  -12.274  3.241 0.0000000000
81451  -28.288  -11.354  4.145 0.0000000000
81464  -29.943  -11.472  1.657 0.0000000000
124576  -26.758  -19.027  4.208 0.0000000000
75086  -27.626  -17.987  3.864 0.0000000000
67738  -19.624  -26.193  7.263 0.0000000000
68657  -19.429  -25.354  7.002 0.0000000000
68671  -20.078  -24.874  6.490 0.0000000000
142684  -21.614  -25.675  6.548 0.0000000000
73333  -18.578  -20.963  5.799 0.0000000000
73345  -20.034  -20.417  5.032 0.0000000000
72498  -19.508  -21.163  5.502 0.0000000000
72489  -20.167  -21.632  5.811 0.0000000000
71563  -21.100  -22.374  6.172 0.0000000000
85995  -24.128  -6.925  3.544 0.0000000000
85998  -26.354  -6.402  3.019 0.0000000000
85138  -24.803  -7.401  3.686 0.0000000000
84237  -26.165  -8.155  4.017 0.0000000000
84213  -26.314  -8.940  4.351 0.0000000000
76971  -17.728  -16.571  5.002 0.0000000000
77888  -19.361  -16.039  4.240 0.0000000000
78801  -20.159  -14.940  3.761 0.0000000000
79690  -21.262  -13.831  3.620 0.0000000000
80576  -23.115  -12.774  4.381 0.0000000000
79680  -25.155  -14.047  5.126 0.0000000000
79682  -27.396  -13.817  4.736 0.0000000000
79698  -29.195  -13.689  3.058 0.0000000000
78811  -29.418  -14.479  2.592 0.0000000000
138556  -22.104  -27.342  6.791 0.0000000000
127174  -22.050  -26.495  6.583 0.0000000000
76050  -18.975  -17.557  4.383 0.0000000000
76986  -20.249  -17.430  4.091 0.0000000000
76055  -23.022  -17.382  4.579 0.0000000000
119144  -25.232  -16.963  4.618 0.0000000000
120480  -23.577  -18.442  4.793 0.0000000000
143762  -23.580  -19.444  5.043 0.0000000000
73366  -25.240  -20.281  4.753 0.0000000000
73347  -21.869  -20.459  5.093 0.0000000000
73349  -23.901  -21.112  5.091 0.0000000000
72516  -25.399  -21.049  4.671 0.0000000000
119116  -26.623  -22.001  5.013 0.0000000000
125007  -26.409  -22.705  5.063 0.0000000000
85175  -27.102  -7.391  0.002 0.0000000000
82409  -21.509  -10.634  3.078 0.0000000000
82398  -24.764  -10.122  4.534 0.0000000000
83331  -26.533  -9.725  4.532 0.0000000000
137268  -25.145  -11.645  4.824 0.0000000000
82401  -27.814  -10.603  4.326 0.0000000000
83358  -28.524  -9.662  2.494 0.0000000000
76071  -27.459  -17.520  3.801 0.0000000000
76073  -29.570  -17.346  3.033 0.0000000000
70537  -17.400  -23.549  7.877 0.0000000000
70538  -19.052  -23.774  6.625 0.0000000000
69578  -19.895  -24.000  6.344 0.0000000000
69580  -21.884  -24.106  6.308 0.0000000000
67763  -22.862  -26.182  6.468 0.0000000000
68674  -22.891  -25.239  6.362 0.0000000000
69582  -23.748  -23.911  5.840 0.0000000000
83346  -20.308  -9.620  3.216 0.0000000000
76989  -22.997  -16.498  4.528 0.0000000000
77890  -22.510  -15.944  4.444 0.0000000000
120835  -25.336  -15.337  4.688 0.0000000000
119569  -24.752  -15.720  4.693 0.0000000000
76991  -25.735  -16.220  4.524 0.0000000000
73343  -18.368  -20.133  5.721 0.0000000000
74169  -17.974  -19.362  5.696 0.0000000000
74170  -18.903  -19.507  5.154 0.0000000000
74183  -19.968  -19.052  4.627 0.0000000000
74184  -20.803  -19.404  4.642 0.0000000000
74172  -20.429  -19.813  4.739 0.0000000000
142180  -22.917  -21.639  5.487 0.0000000000
130441  -22.706  -22.206  5.794 0.0000000000
70554  -23.183  -23.046  5.924 0.0000000000
130506  -23.993  -6.204  3.470 0.0000000000
85994  -23.082  -5.974  3.219 0.0000000000
86884  -24.853  -5.609  3.512 0.0000000000
86901  -26.329  -4.933  2.738 0.0000000000
86922  -27.073  -5.702  1.239 0.0000000000
86902  -26.625  -5.741  2.587 0.0000000000
84247  -27.623  -8.486  2.691 0.0000000000
84253  -28.072  -8.988  1.143 0.0000000000
83363  -28.451  -9.538  0.659 0.0000000000
79689  -20.578  -13.729  3.472 0.0000000000
79687  -18.827  -13.987  3.806 0.0000000000
79688  -19.353  -13.332  3.526 0.0000000000
80585  -19.759  -12.213  3.430 0.0000000000
80587  -21.348  -11.952  3.118 0.0000000000
79691  -21.724  -12.922  3.528 0.0000000000
80594  -29.481  -12.921  2.820 0.0000000000
81459  -29.696  -11.990  2.522 0.0000000000
74189  -26.010  -19.667  4.465 0.0000000000
74191  -27.460  -19.413  4.355 0.0000000000
66805  -19.693  -27.109  7.543 0.0000000000
68658  -20.266  -25.752  6.785 0.0000000000
67762  -21.147  -26.131  6.775 0.0000000000
72487  -18.796  -21.584  6.088 0.0000000000
141665  -19.112  -22.399  6.374 0.0000000000
72488  -19.363  -21.880  6.162 0.0000000000
133583  -19.640  -22.400  6.296 0.0000000000
71562  -20.344  -22.406  6.223 0.0000000000
70551  -19.715  -23.174  6.328 0.0000000000
124284  -22.658  -7.860  3.484 0.0000000000
85137  -23.728  -7.642  3.547 0.0000000000
84211  -24.734  -8.686  3.991 0.0000000000
83350  -23.948  -9.021  3.829 0.0000000000
84212  -25.469  -8.766  4.243 0.0000000000
83329  -24.695  -9.340  4.236 0.0000000000
76984  -19.201  -16.841  4.330 0.0000000000
78789  -21.404  -15.121  4.154 0.0000000000
77904  -20.301  -15.601  4.081 0.0000000000
78802  -20.726  -15.098  3.963 0.0000000000
142969  -21.148  -14.596  3.852 0.0000000000
78803  -21.756  -14.377  3.990 0.0000000000
79678  -23.050  -13.607  4.612 0.0000000000
79679  -23.986  -14.179  4.940 0.0000000000
135519  -26.818  -14.558  4.681 0.0000000000
79683  -28.235  -14.151  4.028 0.0000000000
79692  -28.741  -13.669  3.687 0.0000000000
79699  -29.799  -13.729  2.367 0.0000000000
78806  -28.813  -14.382  3.291 0.0000000000
77908  -28.980  -15.289  2.773 0.0000000000
77005  -29.176  -16.700  2.687 0.0000000000
65851  -21.576  -27.907  7.229 0.0000000000
66807  -22.557  -27.729  7.233 0.0000000000
75045  -16.907  -17.951  6.044 0.0000000000
76036  -18.254  -17.403  4.897 0.0000000000
123284  -20.086  -18.088  4.044 0.0000000000
76052  -20.642  -18.054  4.073 0.0000000000
119743  -21.598  -17.137  4.193 0.0000000000
76054  -22.040  -17.718  4.424 0.0000000000
120814  -22.567  -18.311  4.714 0.0000000000
74186  -22.170  -19.805  5.089 0.0000000000
74187  -23.099  -20.140  5.202 0.0000000000
74188  -24.257  -20.069  5.016 0.0000000000
128388  -20.299  -20.981  5.211 0.0000000000
73346  -20.739  -20.555  4.862 0.0000000000
128273  -21.349  -20.609  4.915 0.0000000000
132599  -23.749  -21.449  5.183 0.0000000000
134153  -23.147  -20.878  5.221 0.0000000000
72515  -24.690  -21.394  4.853 0.0000000000
72504  -26.023  -21.571  4.567 0.0000000000
72503  -25.230  -21.846  4.660 0.0000000000
70567  -25.129  -23.406  5.127 0.0000000000
129484  -25.806  -23.092  4.938 0.0000000000
70568  -26.572  -23.299  5.629 0.0000000000
86012  -26.857  -6.466  2.366 0.0000000000
85158  -27.145  -7.162  1.928 0.0000000000
77885  -17.059  -15.078  5.002 0.0000000000
81435  -18.724  -11.296  3.757 0.0000000000
128425  -19.700  -10.675  3.196 0.0000000000
82408  -20.719  -10.419  3.100 0.0000000000
120101  -20.235  -10.674  3.148 0.0000000000
81437  -23.033  -10.961  4.215 0.0000000000
124598  -24.046  -10.721  4.475 0.0000000000
82399  -25.766  -10.345  4.682 0.0000000000
126801  -25.523  -13.144  5.211 0.0000000000
121962  -24.819  -12.390  4.932 0.0000000000
122242  -25.951  -12.106  5.240 0.0000000000
82420  -29.352  -11.005  2.301 0.0000000000
82419  -28.842  -10.395  2.878 0.0000000000
83352  -28.329  -9.834  3.342 0.0000000000
82426  -28.963  -10.242  1.949 0.0000000000
82434  -29.603  -10.501  0.419 0.0000000000
76057  -25.344  -17.736  4.571 0.0000000000
76069  -26.056  -17.190  4.443 0.0000000000
76070  -26.802  -17.441  4.060 0.0000000000
135507  -28.728  -17.757  3.453 0.0000000000
68656  -18.579  -25.018  7.360 0.0000000000
68655  -17.835  -24.641  7.866 0.0000000000
69558  -17.829  -24.019  7.701 0.0000000000
130230  -18.222  -23.579  7.190 0.0000000000
69579  -20.897  -24.244  6.349 0.0000000000
70552  -21.436  -23.242  6.301 0.0000000000
69581  -22.840  -24.169  6.199 0.0000000000
71560  -17.544  -22.200  7.081 0.0000000000
84232  -21.271  -8.925  3.383 0.0000000000
83348  -21.918  -9.555  3.430 0.0000000000
77001  -20.460  -16.492  4.211 0.0000000000
76987  -21.243  -16.516  4.229 0.0000000000
77889  -21.698  -15.815  4.279 0.0000000000
122504  -22.982  -15.201  4.602 0.0000000000
120836  -23.598  -14.916  4.691 0.0000000000
78792  -24.384  -15.079  4.739 0.0000000000
77893  -26.824  -15.253  4.322 0.0000000000
78805  -28.257  -15.013  3.540 0.0000000000
78804  -27.584  -15.563  3.767 0.0000000000
120112  -27.697  -16.294  3.503 0.0000000000
75047  -18.753  -18.139  4.703 0.0000000000
75048  -19.289  -18.794  4.628 0.0000000000
75062  -20.348  -18.687  4.379 0.0000000000
75063  -21.014  -18.749  4.457 0.0000000000
75064  -21.811  -18.781  4.711 0.0000000000
74185  -21.445  -19.592  4.792 0.0000000000
73363  -21.915  -20.210  5.097 0.0000000000
72500  -21.781  -20.867  5.222 0.0000000000
71575  -22.372  -21.396  5.515 0.0000000000
132937  -23.061  -21.237  5.290 0.0000000000
71576  -24.227  -22.255  5.167 0.0000000000
70566  -24.568  -23.000  5.134 0.0000000000
87762  -25.424  -4.860  3.263 0.0000000000
142215  -26.945  -5.520  0.430 0.0000000000
85153  -27.299  -7.833  2.331 0.0000000000
85159  -27.399  -7.815  1.312 0.0000000000
127030  -27.684  -8.410  0.649 0.0000000000
136482  -17.951  -12.971  4.139 0.0000000000
80584  -19.008  -12.261  3.640 0.0000000000
81448  -20.068  -11.304  3.249 0.0000000000
124212  -20.701  -11.211  3.029 0.0000000000
81450  -22.521  -11.599  3.664 0.0000000000
81438  -24.088  -11.600  4.609 0.0000000000
130977  -27.527  -12.864  4.847 0.0000000000
80589  -27.965  -12.164  4.572 0.0000000000
126406  -28.696  -12.195  3.928 0.0000000000
81452  -28.972  -11.368  3.277 0.0000000000
75067  -26.101  -18.924  4.380 0.0000000000
75068  -27.018  -18.185  4.034 0.0000000000
75069  -27.503  -18.548  4.068 0.0000000000
67737  -18.836  -25.801  7.598 0.0000000000
69560  -19.231  -24.548  6.754 0.0000000000
68672  -20.932  -25.269  6.499 0.0000000000
73344  -19.239  -20.327  5.267 0.0000000000
71573  -20.825  -21.733  5.915 0.0000000000
85135  -20.529  -7.063  3.369 0.0000000000
85136  -22.081  -7.229  3.372 0.0000000000
127544  -23.150  -6.905  3.386 0.0000000000
85996  -24.919  -6.496  3.595 0.0000000000
85997  -25.727  -6.416  3.429 0.0000000000
141515  -25.475  -6.958  3.587 0.0000000000
85139  -25.723  -7.512  3.747 0.0000000000
84234  -23.291  -8.489  3.600 0.0000000000
84236  -25.222  -8.109  3.936 0.0000000000
132297  -26.366  -7.570  3.535 0.0000000000
84246  -26.947  -8.053  3.352 0.0000000000
138674  -26.818  -8.579  3.979 0.0000000000
120678  -27.408  -8.782  3.546 0.0000000000
77887  -18.894  -15.335  4.177 0.0000000000
77903  -19.892  -15.927  4.155 0.0000000000
77902  -19.508  -15.375  4.037 0.0000000000
78799  -19.151  -14.763  3.901 0.0000000000
78800  -19.675  -14.849  3.774 0.0000000000
132173  -19.966  -14.161  3.501 0.0000000000
80575  -22.479  -13.048  3.947 0.0000000000
138075  -21.968  -13.642  3.821 0.0000000000
139076  -23.637  -13.271  4.811 0.0000000000
79681  -26.249  -13.938  5.061 0.0000000000
80578  -28.308  -13.131  4.298 0.0000000000
80590  -28.979  -12.977  3.556 0.0000000000
80595  -30.169  -12.926  2.171 0.0000000000
79706  -30.602  -13.834  1.607 0.0000000000
73367  -27.089  -20.329  4.591 0.0000000000
66806  -20.688  -27.498  7.296 0.0000000000
67740  -21.376  -27.025  6.953 0.0000000000
76983  -18.597  -16.882  4.568 0.0000000000
75060  -19.268  -18.167  4.303 0.0000000000
76051  -19.602  -17.666  4.148 0.0000000000
119179  -20.912  -17.291  4.125 0.0000000000
76988  -22.312  -16.845  4.306 0.0000000000
119571  -23.701  -16.660  4.633 0.0000000000
76056  -24.296  -17.383  4.656 0.0000000000
139290  -24.623  -18.234  4.674 0.0000000000
75066  -24.459  -19.061  4.832 0.0000000000
135449  -25.382  -18.599  4.574 0.0000000000
130564  -25.276  -19.461  4.679 0.0000000000
138536  -25.908  -20.347  4.532 0.0000000000
73348  -22.499  -20.526  5.236 0.0000000000
73364  -23.124  -20.649  5.251 0.0000000000
73365  -24.515  -20.838  4.929 0.0000000000
72517  -26.281  -20.738  4.545 0.0000000000
73350  -26.846  -21.177  4.783 0.0000000000
71578  -25.843  -22.360  4.669 0.0000000000
86018  -27.056  -6.489  1.497 0.0000000000
85167  -27.361  -7.825  0.501 0.0000000000
82407  -19.898  -10.062  3.154 0.0000000000
127643  -21.828  -10.224  3.298 0.0000000000
82411  -22.586  -10.163  3.617 0.0000000000
82410  -22.235  -10.849  3.381 0.0000000000
82397  -23.695  -9.974  4.057 0.0000000000
83330  -25.594  -9.522  4.495 0.0000000000
84214  -27.104  -9.163  4.215 0.0000000000
126077  -28.034  -9.143  3.020 0.0000000000
81436  -22.691  -12.296  3.894 0.0000000000
81439  -25.892  -11.177  4.905 0.0000000000
81441  -27.469  -11.380  4.656 0.0000000000
81440  -26.646  -11.478  4.926 0.0000000000
82400  -26.827  -10.631  4.717 0.0000000000
129427  -28.066  -10.003  4.009 0.0000000000
129670  -28.514  -9.591  1.559 0.0000000000
83370  -28.969  -9.972  0.147 0.0000000000
77002  -26.566  -16.738  4.146 0.0000000000
77003  -27.212  -16.839  3.778 0.0000000000
121877  -27.904  -17.007  3.463 0.0000000000
76072  -28.606  -17.204  3.144 0.0000000000
133595  -20.549  -23.259  6.300 0.0000000000
70553  -22.328  -23.170  6.172 0.0000000000
138681  -22.227  -25.564  6.457 0.0000000000
130372  -22.283  -24.805  6.357 0.0000000000
71579  -27.221  -22.544  5.584 0.0000000000
75087  -28.124  -18.130  3.814 0.0000000000
76035  -17.304  -17.281  5.559 0.0000000000
78791  -23.026  -14.471  4.620 0.0000000000
79677  -22.405  -14.008  4.279 0.0000000000
80577  -23.851  -12.546  4.688 0.0000000000
80588  -22.156  -12.178  3.468 0.0000000000
81449  -21.258  -11.100  2.966 0.0000000000
82412  -28.426  -10.570  3.690 0.0000000000
82418  -19.310  -9.720  3.035 0.0000000000
83332  -27.416  -9.890  4.347 0.0000000000
83351  -27.769  -9.436  3.784 0.0000000000
84235  -24.302  -8.230  3.725 0.0000000000
84260  -28.015  -8.985  0.278 0.0000000000
85166  -27.151  -7.208  0.928 0.0000000000
85993  -21.515  -6.521  3.379 0.0000000000
86024  -26.979  -6.429  0.419 0.0000000000
86885  -25.869  -5.695  3.224 0.0000000000
121759  -19.889  -15.339  3.945 0.0000000000
122071  -27.057  -12.154  4.984 0.0000000000
126329  -20.615  -14.431  3.651 0.0000000000
126715  -24.455  -13.274  5.056 0.0000000000
126955  -23.742  -20.663  5.153 0.0000000000
127497  -28.067  -17.605  3.586 0.0000000000
129307  -20.173  -13.092  3.384 0.0000000000
133566  -19.204  -10.744  3.309 0.0000000000
136641  -25.936  -14.817  4.836 0.0000000000
139918  -26.119  -6.992  3.420 0.0000000000
143320  -26.591  -18.573  4.236 0.0000000000
