#!ascii label  , from subject sub-v1s2x0051487_ses-1 vox2ras=TkReg
460
124027  -28.532  -68.066  8.182 0.6999999881
25908  -28.163  -67.073  7.101 0.6000000238
25921  -28.132  -66.631  6.119 0.6000000238
27002  -29.288  -66.495  4.406 0.4000000060
25799  -29.293  -67.775  14.783 0.6999999881
128488  -29.213  -67.078  14.982 0.6999999881
139799  -29.364  -67.264  14.379 0.6000000238
24777  -29.539  -68.575  14.465 0.6999999881
132629  -29.416  -67.045  13.761 0.6000000238
24785  -29.707  -68.354  13.513 0.6000000238
25818  -29.517  -67.536  13.182 0.6000000238
24796  -30.275  -68.839  12.099 0.6000000238
25835  -29.511  -67.219  12.214 0.6000000238
26928  -29.361  -66.532  11.483 0.5000000000
25856  -29.502  -67.240  11.197 0.5000000000
135434  -29.069  -66.092  11.002 0.5000000000
26938  -28.742  -66.650  9.770 0.6000000238
124751  -28.621  -67.261  8.746 0.6000000238
26947  -28.444  -66.358  8.973 0.6000000238
123985  -28.438  -65.793  7.722 0.6000000238
28007  -28.655  -65.471  6.834 0.6000000238
26867  -29.452  -66.395  15.142 0.6000000238
27910  -29.878  -66.054  14.469 0.6000000238
27924  -30.287  -65.654  13.639 0.6000000238
27923  -29.671  -66.354  13.686 0.6000000238
27939  -30.341  -65.445  12.658 0.6000000238
26897  -29.463  -66.741  12.991 0.6000000238
26914  -29.488  -66.367  12.220 0.6000000238
27957  -29.681  -65.506  11.464 0.6000000238
122275  -29.242  -65.580  10.827 0.6000000238
26939  -29.098  -66.568  10.697 0.6000000238
132279  -28.975  -65.419  9.963 0.6999999881
27985  -28.835  -65.279  9.081 0.6000000238
26982  -28.325  -65.835  6.166 0.5000000000
28030  -28.587  -65.118  4.741 0.5000000000
26855  -29.256  -66.039  15.932 0.6000000238
27896  -29.914  -65.730  15.334 0.6000000238
122564  -30.891  -65.057  13.977 0.6000000238
28986  -30.922  -65.003  13.194 0.6000000238
29006  -31.379  -64.448  12.858 0.6000000238
29005  -30.889  -64.799  12.357 0.6000000238
27958  -30.273  -65.191  11.834 0.6000000238
132581  -29.754  -65.749  12.114 0.6000000238
29019  -30.010  -64.923  10.987 0.6999999881
27996  -28.898  -65.319  7.998 0.6000000238
28008  -29.181  -65.109  7.126 0.6000000238
28040  -29.467  -65.579  4.222 0.4000000060
131438  -29.786  -65.388  16.237 0.6000000238
27897  -30.525  -64.955  15.620 0.6000000238
28970  -31.114  -64.677  14.706 0.6000000238
28987  -31.506  -64.407  13.733 0.6000000238
141392  -31.844  -63.596  12.319 0.5000000000
29021  -31.437  -64.057  12.127 0.6000000238
29020  -30.772  -64.515  11.531 0.6999999881
30217  -30.692  -63.993  9.378 0.6000000238
141644  -29.490  -65.014  10.304 0.6000000238
29034  -29.397  -64.856  9.558 0.6000000238
29047  -29.376  -64.827  8.659 0.6000000238
29060  -29.559  -64.866  7.740 0.6000000238
29070  -29.779  -64.781  6.806 0.6000000238
28022  -29.231  -65.005  6.185 0.6000000238
28031  -29.666  -64.645  4.320 0.4000000060
128050  -29.179  -64.494  5.101 0.5000000000
27885  -30.181  -64.772  16.482 0.5000000000
28955  -31.205  -64.173  15.554 0.6000000238
28971  -31.815  -63.849  14.702 0.6000000238
30152  -32.085  -63.685  13.782 0.5000000000
30177  -31.906  -63.801  12.921 0.5000000000
30192  -31.788  -63.365  11.808 0.6000000238
143023  -32.085  -62.346  11.127 0.6000000238
127256  -31.700  -62.919  11.131 0.6999999881
30205  -31.384  -63.147  10.408 0.6999999881
138816  -30.611  -64.284  10.796 0.6999999881
30218  -31.235  -63.397  9.586 0.6000000238
29035  -30.120  -64.431  10.075 0.6999999881
29048  -30.036  -64.445  9.109 0.6000000238
29061  -30.084  -64.489  8.231 0.6000000238
132412  -30.170  -64.547  7.426 0.6000000238
29082  -29.999  -64.479  5.758 0.5000000000
29091  -30.273  -64.065  4.664 0.4000000060
30106  -31.119  -63.707  16.203 0.6000000238
30107  -31.649  -63.330  15.707 0.6000000238
30128  -32.333  -63.115  14.258 0.6000000238
30153  -32.460  -62.996  13.283 0.5000000000
31332  -32.661  -62.318  12.412 0.6000000238
30178  -32.219  -63.170  12.399 0.6000000238
31349  -32.471  -61.987  11.534 0.5000000000
137185  -32.199  -62.704  11.728 0.5000000000
31348  -31.789  -62.417  10.503 0.5000000000
140655  -31.986  -60.883  9.548 0.5000000000
32494  -31.928  -61.729  9.891 0.5000000000
120930  -31.946  -61.074  9.200 0.4000000060
31377  -31.605  -62.652  9.806 0.6999999881
32505  -31.981  -62.131  9.402 0.4000000060
31388  -31.709  -63.008  9.094 0.5000000000
32514  -32.247  -62.371  8.878 0.5000000000
120552  -31.294  -63.678  8.574 0.6000000238
31389  -32.200  -63.215  8.248 0.5000000000
30235  -30.919  -64.201  7.636 0.6000000238
30248  -32.050  -63.724  5.304 0.5000000000
30236  -31.873  -63.656  7.390 0.6000000238
29083  -30.990  -63.920  5.343 0.6000000238
30090  -31.231  -63.167  16.449 0.5000000000
30108  -32.144  -63.087  15.029 0.5000000000
31290  -32.708  -62.429  13.970 0.5000000000
130722  -33.114  -61.708  12.786 0.4000000060
32468  -33.011  -61.343  11.891 0.4000000060
143143  -32.575  -61.493  11.286 0.5000000000
32481  -32.225  -61.713  10.759 0.5000000000
32495  -32.156  -60.996  10.159 0.5000000000
33664  -31.080  -59.466  7.676 0.4000000060
33654  -31.939  -60.231  8.928 0.4000000060
132291  -32.084  -61.301  8.964 0.5000000000
119826  -32.461  -63.552  6.278 0.5000000000
29072  -31.511  -63.852  6.368 0.5000000000
32482  -32.644  -60.970  10.933 0.4000000060
33641  -32.511  -60.440  10.298 0.5000000000
33640  -32.210  -60.202  9.558 0.5000000000
34744  -31.776  -59.424  8.703 0.5000000000
33665  -31.864  -60.080  8.287 0.4000000060
32521  -32.379  -60.955  8.520 0.5000000000
31399  -33.153  -62.832  7.826 0.5000000000
31411  -33.227  -63.435  6.626 0.3000000119
33672  -31.588  -59.763  7.602 0.5000000000
32515  -32.701  -62.502  8.404 0.5000000000
142815  -32.735  -63.067  7.922 0.5000000000
33653  -31.559  -59.575  8.268 0.4000000060
34755  -31.303  -58.809  8.337 0.4000000060
34763  -29.536  -59.892  7.152 0.4000000060
33670  -30.214  -59.499  7.307 0.4000000060
33671  -30.800  -59.615  7.346 0.4000000060
33682  -29.919  -60.026  7.037 0.4000000060
33683  -30.526  -59.854  6.835 0.5000000000
130981  -33.788  -61.936  8.192 0.4000000060
33673  -32.117  -60.053  7.778 0.5000000000
143464  -32.653  -60.331  8.101 0.5000000000
32522  -32.913  -61.340  8.397 0.5000000000
34772  -29.332  -60.271  6.690 0.4000000060
33693  -29.929  -60.302  6.564 0.4000000060
33674  -33.340  -60.468  8.175 0.4000000060
33684  -31.290  -59.770  6.773 0.5000000000
34784  -29.885  -60.523  5.994 0.4000000060
34765  -33.490  -59.423  7.566 0.4000000060
33694  -30.523  -60.237  6.237 0.5000000000
33685  -31.744  -59.753  6.819 0.5000000000
34764  -32.513  -59.642  7.388 0.5000000000
35876  -29.114  -60.231  5.795 0.4000000060
34773  -32.913  -58.926  6.319 0.3000000119
35877  -30.023  -60.262  5.122 0.4000000060
33696  -31.919  -59.459  6.184 0.5000000000
143388  -30.919  -60.069  4.767 0.4000000060
33695  -31.244  -60.028  6.070 0.5000000000
139575  -29.297  -59.934  4.875 0.4000000060
35867  -32.986  -58.779  4.968 0.3000000119
35868  -33.655  -58.589  5.467 0.3000000119
34787  -32.213  -59.247  5.038 0.4000000060
34786  -31.476  -59.949  5.198 0.4000000060
36919  -28.361  -59.467  5.652 0.5000000000
35879  -33.549  -58.532  4.030 0.4000000060
35889  -33.693  -57.995  3.478 0.4000000060
35880  -34.052  -58.241  4.681 0.4000000060
126125  -31.770  -59.423  4.220 0.5000000000
35878  -32.785  -58.999  4.011 0.4000000060
130367  -30.533  -59.479  4.292 0.5000000000
140327  -31.529  -58.444  3.862 0.5000000000
129421  -32.451  -58.343  3.710 0.4000000060
36922  -32.918  -57.577  3.533 0.4000000060
36931  -33.542  -57.506  3.493 0.4000000060
127892  -34.020  -57.911  3.940 0.3000000119
36920  -29.400  -58.767  4.562 0.5000000000
36921  -30.733  -57.872  4.044 0.5000000000
37940  -32.575  -56.243  5.184 0.4000000060
37941  -33.528  -56.397  5.374 0.3000000119
37954  -28.308  -58.136  4.908 0.5000000000
37957  -31.976  -57.123  3.897 0.4000000060
37958  -33.097  -56.769  3.953 0.4000000060
37959  -34.018  -56.952  4.135 0.4000000060
37955  -29.810  -57.210  4.467 0.5000000000
39036  -33.079  -55.844  6.310 0.4000000060
39044  -27.690  -56.191  5.012 0.5000000000
37942  -34.461  -56.458  5.590 0.3000000119
135622  -28.961  -56.429  4.721 0.5000000000
37956  -30.958  -56.699  4.232 0.5000000000
39045  -29.970  -55.170  4.885 0.5000000000
39020  -33.480  -55.293  7.103 0.3000000119
39037  -33.954  -55.948  6.513 0.3000000119
40125  -28.928  -55.145  4.897 0.5000000000
26956  -28.304  -66.534  8.017 0.6000000238
125595  -28.008  -66.639  5.284 0.5000000000
24810  -29.928  -68.010  11.678 0.6000000238
30191  -31.221  -63.722  11.152 0.6999999881
29071  -30.574  -64.339  6.563 0.6000000238
30204  -30.873  -63.824  10.240 0.6999999881
30225  -30.611  -64.176  8.613 0.6000000238
30226  -32.667  -63.330  7.295 0.5000000000
34754  -30.898  -59.129  7.855 0.4000000060
35888  -33.223  -58.274  3.469 0.4000000060
36932  -33.925  -57.533  3.664 0.3000000119
39046  -30.593  -55.853  4.809 0.5000000000
16337  -27.401  -76.900  13.831 0.5000000000
16366  -27.645  -76.959  11.623 0.5000000000
16351  -27.464  -77.026  12.996 0.5000000000
17458  -27.357  -75.127  8.496 0.5000000000
16391  -27.424  -76.312  9.692 0.5000000000
16379  -27.782  -76.615  10.688 0.4000000060
124543  -28.416  -76.155  13.042 0.5000000000
16367  -28.333  -76.417  11.582 0.6000000238
17382  -28.702  -76.045  12.347 0.6000000238
17442  -27.827  -75.535  9.292 0.5000000000
17422  -28.231  -75.876  10.138 0.5000000000
19582  -24.988  -73.641  7.018 0.4000000060
17331  -28.030  -74.596  15.218 0.6999999881
17330  -27.702  -75.350  15.308 0.6999999881
17361  -28.829  -75.535  13.098 0.6999999881
17402  -28.932  -75.779  11.543 0.5000000000
17383  -29.207  -75.346  12.309 0.6999999881
18483  -27.474  -74.364  8.390 0.5000000000
18467  -28.091  -74.727  8.956 0.5000000000
17443  -28.602  -75.112  9.721 0.5000000000
20695  -24.992  -72.526  7.315 0.5000000000
19583  -25.824  -73.507  7.496 0.5000000000
18341  -26.035  -74.042  17.220 0.5000000000
18358  -26.783  -74.410  16.718 0.6999999881
19456  -28.516  -73.244  15.449 0.6999999881
17310  -27.422  -74.726  16.015 0.6999999881
19477  -28.458  -73.936  14.993 0.6999999881
18402  -28.803  -74.909  13.907 0.6000000238
18458  -29.704  -74.100  10.698 0.6999999881
18441  -29.804  -74.352  11.451 0.6000000238
133136  -27.412  -73.005  8.266 0.5000000000
18468  -28.755  -74.246  9.441 0.6000000238
18457  -29.224  -74.598  10.194 0.6000000238
19584  -26.219  -72.661  7.870 0.5000000000
21768  -25.603  -71.391  6.844 0.5000000000
19444  -27.471  -72.994  16.789 0.5000000000
19445  -28.018  -73.151  16.166 0.6999999881
19478  -28.928  -74.091  14.298 0.6999999881
19457  -28.996  -73.357  14.694 0.6999999881
20588  -29.488  -72.726  14.344 0.6999999881
18403  -29.278  -74.785  13.052 0.8000000119
19523  -30.214  -72.903  11.929 0.6999999881
20675  -29.002  -72.442  9.251 0.6000000238
19553  -29.834  -73.337  10.549 0.6999999881
20686  -27.288  -72.152  8.224 0.6999999881
19574  -28.219  -72.781  8.699 0.6000000238
20696  -25.459  -71.739  7.439 0.6000000238
20697  -26.156  -71.812  7.841 0.6000000238
22849  -27.280  -70.409  5.873 0.6000000238
21642  -26.685  -71.612  17.637 0.5000000000
21643  -27.315  -71.602  17.352 0.6000000238
20544  -27.011  -72.133  17.494 0.5000000000
20554  -27.456  -72.272  17.088 0.6000000238
20555  -27.995  -72.400  16.503 0.6000000238
20566  -28.562  -72.496  15.853 0.6999999881
130398  -29.875  -72.002  14.069 0.6999999881
138917  -29.446  -72.076  14.743 0.6000000238
140579  -29.753  -73.358  13.279 0.6999999881
20613  -29.923  -72.755  13.484 0.6999999881
19541  -30.019  -73.594  11.302 0.6999999881
21755  -27.675  -71.481  8.251 0.6999999881
22842  -26.373  -70.805  6.858 0.6999999881
21760  -26.309  -71.118  7.557 0.6999999881
133465  -27.016  -70.928  17.588 0.5000000000
22718  -28.359  -70.978  16.556 0.6000000238
22738  -28.886  -71.091  16.003 0.6000000238
21672  -29.100  -71.734  15.464 0.6000000238
20630  -30.416  -71.990  12.235 0.8000000119
21730  -30.467  -71.246  11.674 0.5000000000
21707  -30.031  -71.247  13.821 0.6000000238
20662  -29.934  -72.566  10.498 0.6999999881
21740  -29.821  -71.328  10.006 0.6999999881
126639  -27.572  -69.990  7.787 0.6999999881
22826  -28.225  -70.227  8.327 0.6999999881
23866  -27.347  -69.806  6.218 0.5000000000
23857  -27.166  -70.069  6.822 0.6999999881
24894  -27.809  -68.947  6.041 0.5000000000
131736  -26.262  -70.943  17.731 0.5000000000
22717  -27.358  -70.215  17.364 0.5000000000
23742  -28.350  -69.353  16.496 0.6000000238
132741  -27.699  -70.935  17.134 0.6000000238
125722  -28.839  -70.213  16.117 0.6000000238
23755  -29.370  -69.863  15.339 0.6000000238
138990  -29.393  -69.109  15.136 0.6000000238
22751  -29.667  -70.362  14.728 0.6000000238
23764  -29.671  -69.516  14.609 0.6000000238
23806  -30.403  -69.595  10.722 0.6000000238
23789  -30.495  -69.615  11.620 0.5000000000
22766  -29.910  -70.021  14.040 0.5000000000
23820  -28.901  -69.502  8.759 0.6000000238
22807  -30.098  -70.431  10.231 0.6000000238
23832  -27.792  -69.286  7.655 0.6000000238
24859  -28.389  -68.853  8.158 0.6000000238
130923  -28.090  -67.254  5.825 0.5000000000
23721  -26.946  -69.514  17.510 0.5000000000
23741  -27.673  -69.480  17.099 0.6000000238
23754  -28.964  -69.217  15.778 0.6000000238
23779  -30.391  -69.677  12.508 0.5000000000
23778  -30.116  -68.980  12.992 0.5000000000
24848  -29.616  -68.152  9.827 0.4000000060
24832  -30.123  -68.837  10.290 0.5000000000
24811  -30.332  -68.783  11.168 0.5000000000
24858  -28.063  -68.483  7.510 0.6000000238
23720  -26.134  -69.469  17.725 0.5000000000
24750  -27.269  -68.926  17.278 0.6000000238
24760  -27.842  -68.666  16.874 0.6000000238
24761  -28.500  -68.324  16.150 0.6000000238
140529  -29.089  -67.512  9.500 0.5000000000
25873  -29.311  -67.325  10.293 0.4000000060
24748  -25.615  -68.612  17.651 0.5000000000
134171  -27.198  -68.214  17.246 0.5000000000
25789  -27.860  -67.729  16.801 0.6000000238
25798  -28.846  -67.604  15.494 0.6000000238
123798  -24.915  -68.130  17.539 0.5000000000
25780  -26.324  -67.848  17.527 0.5000000000
25781  -27.129  -67.417  17.259 0.6000000238
25790  -28.346  -67.357  16.200 0.6000000238
25778  -24.746  -67.326  17.525 0.5000000000
128192  -25.722  -67.127  17.597 0.5000000000
26842  -27.072  -66.669  17.348 0.5000000000
27873  -28.393  -66.129  17.006 0.6000000238
26854  -28.285  -66.734  16.637 0.6000000238
26840  -25.156  -66.417  17.562 0.5000000000
26841  -26.198  -66.323  17.544 0.5000000000
26839  -24.208  -66.479  17.316 0.5000000000
138518  -28.729  -66.265  16.420 0.5000000000
132378  -25.531  -65.727  17.540 0.5000000000
27872  -28.039  -65.501  17.414 0.5000000000
139170  -23.778  -65.863  16.958 0.5000000000
132469  -25.429  -64.964  17.436 0.5000000000
27871  -27.096  -65.853  17.490 0.5000000000
27874  -28.989  -65.646  16.878 0.4000000060
28922  -24.675  -64.615  16.955 0.5000000000
28924  -27.146  -64.885  17.661 0.5000000000
28925  -27.972  -64.680  17.611 0.4000000060
28926  -28.721  -64.833  17.403 0.4000000060
28923  -26.206  -64.512  17.525 0.4000000060
129248  -27.522  -64.064  17.638 0.4000000060
28939  -29.229  -64.103  17.388 0.4000000060
24847  -29.086  -68.316  8.884 0.6000000238
25920  -28.051  -67.729  6.578 0.5000000000
25931  -28.178  -67.497  5.373 0.4000000060
23773  -30.188  -69.803  13.318 0.6000000238
28940  -30.063  -64.177  16.999 0.4000000060
30089  -30.598  -63.441  16.859 0.4000000060
136969  -29.232  -74.252  13.631 0.6999999881
20646  -30.280  -72.125  11.234 0.6999999881
20687  -28.322  -71.912  8.694 0.6999999881
21750  -29.131  -71.460  9.254 0.6999999881
21721  -30.431  -71.177  12.555 0.6000000238
142432  -29.877  -70.699  14.167 0.6000000238
23846  -27.361  -69.842  7.279 0.6999999881
21741  -30.280  -71.255  10.780 0.6999999881
22819  -28.968  -70.508  9.002 0.6999999881
126268  -27.682  -69.067  7.278 0.6000000238
24884  -27.769  -68.626  6.606 0.6000000238
15308  -26.789  -77.337  14.331 0.5000000000
15318  -26.932  -77.426  13.410 0.5000000000
16338  -27.919  -76.496  13.386 0.5000000000
16352  -28.010  -76.624  12.465 0.5000000000
16380  -28.509  -76.067  10.901 0.6000000238
17348  -28.226  -75.199  14.618 0.6999999881
17359  -27.796  -76.367  14.109 0.5000000000
17403  -29.440  -75.084  11.505 0.6999999881
17423  -28.986  -75.372  10.668 0.5000000000
17424  -29.509  -74.741  10.876 0.6999999881
18342  -26.850  -73.528  17.028 0.5000000000
18359  -27.434  -73.789  16.433 0.6999999881
18360  -27.962  -73.895  15.724 0.6999999881
18384  -28.493  -74.543  14.619 0.6999999881
18425  -29.637  -74.584  12.249 0.6000000238
18469  -29.390  -73.791  9.964 0.6999999881
18484  -28.038  -73.749  8.697 0.6000000238
18493  -25.628  -74.266  7.226 0.4000000060
19431  -26.947  -72.744  17.306 0.5000000000
19501  -29.617  -73.930  12.993 0.6999999881
19522  -30.002  -73.804  12.125 0.6999999881
19561  -28.879  -73.347  9.286 0.6000000238
19562  -29.511  -72.951  9.861 0.6999999881
19573  -27.006  -73.642  8.023 0.5000000000
20543  -26.430  -72.324  17.601 0.5000000000
20567  -29.044  -72.615  15.117 0.6999999881
20629  -30.226  -72.553  12.733 0.8000000119
20645  -30.120  -72.921  11.093 0.6999999881
20676  -29.610  -72.118  9.866 0.6999999881
21653  -27.890  -71.660  16.815 0.6000000238
21654  -28.500  -71.738  16.224 0.6000000238
21690  -29.648  -71.278  14.652 0.6000000238
21708  -30.283  -71.059  13.216 0.6000000238
21720  -30.280  -71.844  13.189 0.6999999881
21749  -28.339  -71.069  8.538 0.6999999881
21754  -26.923  -71.447  7.914 0.6999999881
21758  -24.967  -71.797  7.100 0.6000000238
21759  -25.733  -71.253  7.195 0.6999999881
21774  -26.538  -71.038  6.215 0.5000000000
22699  -26.590  -70.218  17.670 0.5000000000
22739  -29.315  -70.763  15.429 0.6000000238
22767  -30.378  -70.450  12.889 0.6000000238
22782  -30.501  -70.436  12.073 0.6000000238
22796  -30.501  -70.434  11.164 0.6000000238
22820  -29.540  -70.752  9.591 0.6999999881
22832  -26.671  -70.702  7.161 0.6999999881
22833  -27.067  -70.521  7.411 0.6999999881
22848  -26.915  -70.424  6.426 0.6000000238
23772  -29.905  -69.194  13.833 0.5000000000
23805  -30.057  -69.576  10.022 0.6000000238
23821  -29.560  -69.982  9.516 0.6000000238
23833  -28.115  -69.550  8.113 0.6000000238
23845  -27.472  -69.199  6.972 0.6000000238
23867  -27.881  -69.744  5.697 0.5000000000
24749  -26.589  -68.761  17.533 0.5000000000
24768  -29.135  -68.418  15.327 0.6000000238
24795  -29.809  -68.143  12.622 0.5000000000
24831  -29.867  -68.027  10.730 0.4000000060
24872  -27.768  -68.498  7.040 0.5000000000
24883  -27.495  -69.325  6.551 0.6999999881
24895  -28.218  -68.283  5.590 0.5000000000
25779  -25.443  -67.805  17.604 0.5000000000
25808  -29.465  -67.752  14.008 0.6000000238
25892  -28.314  -67.532  7.770 0.6000000238
25907  -28.067  -67.903  7.165 0.6000000238
25930  -28.103  -68.039  6.036 0.5000000000
25943  -28.550  -67.033  4.811 0.4000000060
26843  -27.786  -66.334  17.222 0.6000000238
26853  -27.705  -67.009  17.003 0.6000000238
26866  -28.791  -66.729  15.753 0.6000000238
26882  -29.477  -66.689  14.397 0.6999999881
26967  -28.249  -66.177  7.006 0.6000000238
26990  -28.113  -65.804  5.356 0.5000000000
27001  -28.328  -66.033  4.779 0.5000000000
27869  -24.610  -65.570  17.315 0.5000000000
27870  -26.276  -65.381  17.582 0.5000000000
27883  -23.863  -65.113  16.676 0.5000000000
27884  -29.564  -64.870  16.996 0.5000000000
27911  -30.481  -65.405  14.629 0.6000000238
27938  -29.755  -66.020  12.891 0.6000000238
27971  -28.754  -65.989  10.373 0.6000000238
27984  -28.559  -65.851  9.511 0.6000000238
27995  -28.478  -65.787  8.595 0.6000000238
28021  -28.580  -65.221  5.632 0.5000000000
28039  -28.816  -65.747  4.516 0.4000000060
28954  -30.659  -64.236  16.308 0.5000000000
29092  -31.484  -63.913  4.444 0.4000000060
30076  -29.720  -63.378  17.354 0.4000000060
31267  -32.105  -62.508  15.594 0.5000000000
31314  -32.886  -62.178  13.299 0.5000000000
34785  -30.686  -60.403  5.501 0.5000000000
122680  -28.087  -70.199  16.835 0.6000000238
123698  -29.438  -73.502  13.835 0.6999999881
124695  -26.493  -67.072  17.456 0.5000000000
127202  -29.989  -73.227  12.765 0.6999999881
128652  -30.019  -71.889  10.465 0.6999999881
129359  -27.437  -77.119  12.295 0.5000000000
130016  -26.810  -64.100  17.571 0.4000000060
130204  -28.353  -64.036  17.608 0.4000000060
131973  -27.395  -70.795  7.916 0.6999999881
133105  -29.349  -65.975  11.538 0.5000000000
136219  -29.662  -69.049  9.501 0.6000000238
138857  -28.056  -67.197  16.653 0.6000000238
140155  -30.123  -70.550  13.579 0.6000000238
142562  -25.560  -72.136  7.637 0.6000000238
