#!ascii label  , from subject sub-v1s2x0051487_ses-1 vox2ras=TkReg
372
70559  -29.417  -23.502  6.509 0.0000000000
74190  -26.563  -19.899  4.438 0.0000000000
83357  -28.144  -8.990  2.105 0.0000000000
139834  -31.078  -12.332  1.270 0.0000000000
77016  -32.360  -16.943  1.062 0.0000000000
72532  -33.907  -21.447  2.434 0.0000000000
85152  -26.727  -7.214  2.889 0.0000000000
78817  -31.845  -14.784  0.564 0.0000000000
77004  -28.391  -16.525  3.050 0.0000000000
72505  -27.562  -21.674  5.409 0.0000000000
74174  -30.717  -20.076  5.103 0.0000000000
129345  -31.440  -22.220  5.308 0.0000000000
67742  -23.608  -26.617  6.766 0.0000000000
70555  -25.785  -23.714  5.499 0.0000000000
89520  -25.122  -2.141  2.220 0.0000000000
87795  -26.812  -4.032  0.347 0.0000000000
86940  -26.227  -6.299  -1.332 0.0000000000
83393  -27.547  -9.254  -3.006 0.0000000000
82458  -30.062  -10.490  -3.676 0.0000000000
82427  -29.455  -10.767  1.350 0.0000000000
82444  -32.777  -11.496  -2.375 0.0000000000
80611  -34.237  -12.832  -1.090 0.0000000000
78819  -34.441  -14.436  0.019 0.0000000000
121205  -34.635  -17.172  0.876 0.0000000000
75088  -29.434  -17.893  3.533 0.0000000000
130562  -33.850  -19.341  1.573 0.0000000000
77907  -28.268  -15.804  3.154 0.0000000000
77906  -26.822  -16.057  4.004 0.0000000000
71566  -29.020  -22.739  6.222 0.0000000000
71581  -29.641  -22.097  6.002 0.0000000000
71568  -30.730  -23.154  6.046 0.0000000000
64873  -23.417  -28.992  10.050 0.0000000000
65821  -23.910  -28.294  9.651 0.0000000000
66772  -24.388  -27.701  9.221 0.0000000000
71577  -25.031  -22.584  4.767 0.0000000000
70565  -23.938  -22.978  5.497 0.0000000000
86930  -26.667  -5.854  -0.423 0.0000000000
122846  -27.721  -8.394  1.679 0.0000000000
84259  -27.428  -8.205  -0.238 0.0000000000
84267  -27.986  -8.789  -0.649 0.0000000000
83384  -28.733  -9.617  -2.365 0.0000000000
125986  -29.131  -9.751  -0.610 0.0000000000
81464  -29.943  -11.472  1.657 0.0000000000
82435  -30.725  -10.775  -0.393 0.0000000000
81475  -32.351  -11.979  -0.438 0.0000000000
81484  -33.177  -11.956  -1.698 0.0000000000
80609  -32.646  -12.725  -0.069 0.0000000000
121452  -31.795  -16.178  0.789 0.0000000000
78824  -33.201  -15.145  -0.220 0.0000000000
77930  -34.038  -16.112  -0.505 0.0000000000
127209  -34.644  -15.749  0.589 0.0000000000
77025  -34.562  -17.184  -0.009 0.0000000000
124576  -26.758  -19.027  4.208 0.0000000000
75086  -27.626  -17.987  3.864 0.0000000000
75070  -28.222  -18.744  4.196 0.0000000000
73369  -32.189  -20.626  3.941 0.0000000000
74195  -32.409  -19.935  3.250 0.0000000000
74196  -33.535  -20.034  2.063 0.0000000000
75091  -34.635  -18.919  1.699 0.0000000000
74203  -35.170  -20.122  2.004 0.0000000000
67727  -25.308  -26.510  8.038 0.0000000000
67765  -24.155  -26.025  6.644 0.0000000000
67744  -25.634  -26.087  7.505 0.0000000000
68677  -25.880  -25.035  6.510 0.0000000000
79698  -29.195  -13.689  3.058 0.0000000000
79706  -30.602  -13.834  1.607 0.0000000000
78811  -29.418  -14.479  2.592 0.0000000000
77915  -30.530  -15.524  1.461 0.0000000000
77015  -30.933  -16.411  1.653 0.0000000000
73351  -27.708  -20.772  5.104 0.0000000000
74173  -29.682  -19.601  4.972 0.0000000000
73353  -29.925  -20.551  5.473 0.0000000000
72509  -31.324  -21.432  5.200 0.0000000000
126887  -33.292  -22.209  3.468 0.0000000000
126929  -24.794  -27.284  8.812 0.0000000000
72516  -25.399  -21.049  4.671 0.0000000000
119116  -26.623  -22.001  5.013 0.0000000000
125007  -26.409  -22.705  5.063 0.0000000000
70557  -27.501  -23.259  6.177 0.0000000000
90422  -25.386  -1.259  1.314 0.0000000000
132583  -24.997  -3.343  3.036 0.0000000000
88662  -26.370  -3.340  1.545 0.0000000000
87813  -25.275  -4.921  -2.249 0.0000000000
86048  -25.146  -6.465  -2.851 0.0000000000
119646  -25.471  -7.597  -3.645 0.0000000000
85175  -27.102  -7.391  0.002 0.0000000000
85186  -26.774  -8.089  -1.816 0.0000000000
84284  -26.468  -8.528  -3.968 0.0000000000
83404  -27.967  -9.220  -5.175 0.0000000000
83402  -29.542  -9.882  -5.167 0.0000000000
82465  -31.326  -10.501  -5.191 0.0000000000
83358  -28.524  -9.662  2.494 0.0000000000
82442  -29.786  -10.201  -0.512 0.0000000000
82451  -32.021  -11.222  -3.081 0.0000000000
83396  -32.557  -10.387  -4.404 0.0000000000
83388  -33.642  -10.672  -2.964 0.0000000000
81477  -34.425  -11.583  0.043 0.0000000000
79708  -32.657  -13.574  0.112 0.0000000000
79715  -34.125  -13.850  -0.543 0.0000000000
76071  -27.459  -17.520  3.801 0.0000000000
76073  -29.570  -17.346  3.033 0.0000000000
76074  -30.681  -17.259  2.761 0.0000000000
74193  -30.052  -18.882  4.539 0.0000000000
75090  -31.789  -18.413  3.191 0.0000000000
76086  -32.784  -17.676  1.425 0.0000000000
77018  -34.376  -17.815  0.765 0.0000000000
129733  -34.260  -17.635  2.460 0.0000000000
69584  -25.261  -24.724  5.970 0.0000000000
69585  -26.622  -24.465  6.457 0.0000000000
69563  -28.311  -24.821  7.031 0.0000000000
70558  -28.454  -23.376  6.454 0.0000000000
71567  -29.974  -22.904  6.233 0.0000000000
70560  -30.319  -23.648  6.394 0.0000000000
69588  -29.840  -24.239  6.734 0.0000000000
64852  -23.925  -29.662  10.534 0.0000000000
64874  -24.390  -28.906  10.262 0.0000000000
84247  -27.623  -8.486  2.691 0.0000000000
84253  -28.072  -8.988  1.143 0.0000000000
83369  -28.517  -9.392  -0.204 0.0000000000
83363  -28.451  -9.538  0.659 0.0000000000
80594  -29.481  -12.921  2.820 0.0000000000
81459  -29.696  -11.990  2.522 0.0000000000
81460  -30.411  -12.213  1.769 0.0000000000
81465  -30.706  -11.760  1.106 0.0000000000
81466  -31.640  -12.105  0.615 0.0000000000
80602  -31.809  -12.835  0.885 0.0000000000
77924  -32.598  -15.777  0.187 0.0000000000
77024  -33.505  -16.733  0.094 0.0000000000
77032  -34.393  -16.734  -0.352 0.0000000000
77017  -33.792  -17.552  0.535 0.0000000000
74189  -26.010  -19.667  4.465 0.0000000000
74191  -27.460  -19.413  4.355 0.0000000000
73370  -33.182  -20.727  2.762 0.0000000000
73377  -34.263  -20.734  1.875 0.0000000000
73391  -34.990  -20.313  1.647 0.0000000000
135478  -34.921  -20.630  1.627 0.0000000000
73379  -35.178  -20.789  1.853 0.0000000000
73378  -34.844  -21.330  2.053 0.0000000000
79683  -28.235  -14.151  4.028 0.0000000000
79699  -29.799  -13.729  2.367 0.0000000000
78806  -28.813  -14.382  3.291 0.0000000000
77908  -28.980  -15.289  2.773 0.0000000000
123829  -29.722  -16.004  2.243 0.0000000000
77005  -29.176  -16.700  2.687 0.0000000000
72506  -28.331  -21.191  5.512 0.0000000000
73352  -28.725  -20.381  5.248 0.0000000000
72507  -29.247  -21.262  5.680 0.0000000000
142092  -30.986  -21.854  5.597 0.0000000000
72508  -30.383  -21.458  5.690 0.0000000000
72518  -31.982  -21.211  4.471 0.0000000000
72510  -32.232  -21.988  4.482 0.0000000000
71587  -32.838  -22.814  4.058 0.0000000000
71584  -31.985  -22.685  4.810 0.0000000000
64851  -22.946  -29.741  10.388 0.0000000000
63855  -22.049  -30.011  10.043 0.0000000000
66790  -24.090  -27.314  8.470 0.0000000000
66791  -25.575  -27.068  8.680 0.0000000000
72504  -26.023  -21.571  4.567 0.0000000000
70567  -25.129  -23.406  5.127 0.0000000000
129484  -25.806  -23.092  4.938 0.0000000000
70568  -26.572  -23.299  5.629 0.0000000000
138559  -25.015  -1.557  1.853 0.0000000000
89528  -25.584  -1.999  1.561 0.0000000000
89535  -25.841  -1.763  0.867 0.0000000000
87777  -26.650  -4.173  2.018 0.0000000000
88648  -25.884  -3.385  2.376 0.0000000000
120224  -26.870  -3.883  1.146 0.0000000000
141658  -26.592  -3.432  -0.016 0.0000000000
87803  -26.344  -4.003  -0.679 0.0000000000
123421  -25.675  -4.200  -1.674 0.0000000000
86939  -25.535  -5.887  -2.073 0.0000000000
86037  -25.771  -6.766  -2.109 0.0000000000
121423  -26.001  -7.374  -2.323 0.0000000000
85158  -27.145  -7.162  1.928 0.0000000000
84266  -27.361  -8.411  -1.295 0.0000000000
85176  -26.862  -7.777  -0.879 0.0000000000
84275  -27.166  -8.736  -2.339 0.0000000000
85197  -26.621  -8.369  -2.782 0.0000000000
84285  -26.997  -9.013  -3.458 0.0000000000
84295  -27.211  -8.885  -4.665 0.0000000000
83400  -27.665  -9.413  -4.120 0.0000000000
131931  -29.143  -10.035  -3.167 0.0000000000
83395  -29.321  -10.092  -4.219 0.0000000000
82464  -30.415  -10.438  -4.890 0.0000000000
82467  -30.465  -10.057  -5.424 0.0000000000
82420  -29.352  -11.005  2.301 0.0000000000
82419  -28.842  -10.395  2.878 0.0000000000
82426  -28.963  -10.242  1.949 0.0000000000
83364  -28.909  -10.169  1.002 0.0000000000
82434  -29.603  -10.501  0.419 0.0000000000
140259  -31.645  -11.053  -1.607 0.0000000000
121056  -32.632  -11.116  -4.092 0.0000000000
82452  -33.212  -11.319  -3.370 0.0000000000
82461  -33.115  -10.927  -3.836 0.0000000000
81485  -34.040  -12.193  -1.968 0.0000000000
81492  -34.034  -11.742  -2.407 0.0000000000
81486  -34.249  -12.213  -1.736 0.0000000000
81487  -34.477  -11.933  -1.070 0.0000000000
80612  -34.398  -12.647  -1.112 0.0000000000
140873  -31.184  -14.270  1.126 0.0000000000
79707  -31.643  -13.754  0.930 0.0000000000
137669  -32.574  -14.339  0.140 0.0000000000
78825  -34.160  -15.207  -0.460 0.0000000000
140562  -34.098  -14.542  -0.458 0.0000000000
79716  -34.299  -13.792  -0.349 0.0000000000
80604  -34.532  -13.120  -0.179 0.0000000000
79710  -34.479  -13.529  0.442 0.0000000000
77916  -34.366  -15.945  1.724 0.0000000000
77008  -34.095  -16.738  2.586 0.0000000000
76069  -26.056  -17.190  4.443 0.0000000000
135900  -28.855  -18.246  3.927 0.0000000000
135507  -28.728  -17.757  3.453 0.0000000000
75089  -30.548  -17.841  3.414 0.0000000000
74194  -30.768  -19.321  4.607 0.0000000000
74201  -32.711  -19.219  2.574 0.0000000000
76076  -33.067  -18.495  1.839 0.0000000000
126281  -33.900  -18.247  0.970 0.0000000000
76087  -34.267  -18.527  1.309 0.0000000000
75074  -34.392  -18.562  2.878 0.0000000000
124111  -34.435  -18.244  2.275 0.0000000000
124998  -34.015  -17.850  3.431 0.0000000000
69561  -26.799  -25.132  6.937 0.0000000000
69562  -27.407  -24.693  6.824 0.0000000000
137850  -27.204  -24.267  6.573 0.0000000000
78805  -28.257  -15.013  3.540 0.0000000000
120112  -27.697  -16.294  3.503 0.0000000000
71580  -28.527  -21.970  5.828 0.0000000000
71582  -30.685  -22.383  5.849 0.0000000000
71583  -31.427  -23.080  5.460 0.0000000000
70561  -31.140  -23.788  6.005 0.0000000000
65839  -23.544  -27.848  8.831 0.0000000000
65807  -24.867  -28.279  9.780 0.0000000000
71576  -24.227  -22.255  5.167 0.0000000000
70566  -24.568  -23.000  5.134 0.0000000000
89519  -24.467  -2.528  2.595 0.0000000000
87789  -27.109  -4.732  1.020 0.0000000000
130082  -26.704  -4.887  -0.092 0.0000000000
142215  -26.945  -5.520  0.430 0.0000000000
86024  -26.979  -6.429  0.419 0.0000000000
85159  -27.399  -7.815  1.312 0.0000000000
127030  -27.684  -8.410  0.649 0.0000000000
143441  -27.733  -8.624  0.020 0.0000000000
84276  -28.015  -9.012  -2.002 0.0000000000
83377  -28.801  -9.433  -1.308 0.0000000000
83385  -29.470  -10.083  -2.367 0.0000000000
82428  -30.194  -11.132  0.748 0.0000000000
81474  -31.211  -11.473  0.184 0.0000000000
82436  -31.951  -11.402  -0.980 0.0000000000
81491  -33.718  -11.666  -2.651 0.0000000000
81476  -33.528  -12.570  -1.104 0.0000000000
77923  -31.405  -15.432  0.792 0.0000000000
78826  -34.453  -15.338  -0.282 0.0000000000
78818  -34.575  -15.127  0.316 0.0000000000
124102  -34.784  -15.966  -0.212 0.0000000000
77925  -34.815  -16.555  0.180 0.0000000000
75068  -27.018  -18.185  4.034 0.0000000000
75069  -27.503  -18.548  4.068 0.0000000000
74175  -31.502  -19.930  4.360 0.0000000000
74215  -34.455  -19.271  1.511 0.0000000000
74202  -34.581  -20.029  1.582 0.0000000000
75100  -34.846  -19.736  1.675 0.0000000000
75075  -34.831  -19.346  2.308 0.0000000000
74197  -34.276  -18.906  3.791 0.0000000000
74198  -34.808  -19.740  3.309 0.0000000000
67743  -24.632  -26.341  7.321 0.0000000000
143859  -25.097  -25.945  7.132 0.0000000000
68660  -25.434  -25.626  6.880 0.0000000000
128764  -25.017  -25.251  6.299 0.0000000000
68661  -26.233  -25.607  7.161 0.0000000000
80590  -28.979  -12.977  3.556 0.0000000000
80595  -30.169  -12.926  2.171 0.0000000000
80601  -30.941  -12.951  1.525 0.0000000000
78812  -30.055  -14.589  1.836 0.0000000000
77914  -29.703  -15.186  2.162 0.0000000000
73367  -27.089  -20.329  4.591 0.0000000000
73368  -27.871  -20.057  4.776 0.0000000000
73354  -30.764  -20.804  5.359 0.0000000000
73355  -31.402  -20.652  4.833 0.0000000000
72519  -32.872  -21.446  3.505 0.0000000000
143353  -33.598  -21.841  2.965 0.0000000000
72520  -34.311  -22.141  2.683 0.0000000000
70570  -32.270  -23.383  4.571 0.0000000000
63833  -22.610  -30.581  10.494 0.0000000000
66808  -23.259  -27.296  7.063 0.0000000000
66789  -23.345  -27.561  7.868 0.0000000000
66809  -23.929  -26.996  7.575 0.0000000000
67726  -24.681  -26.821  8.226 0.0000000000
72517  -26.281  -20.738  4.545 0.0000000000
73350  -26.846  -21.177  4.783 0.0000000000
71578  -25.843  -22.360  4.669 0.0000000000
141138  -27.847  -22.213  5.722 0.0000000000
71565  -28.085  -22.658  6.054 0.0000000000
90421  -24.129  -1.698  2.056 0.0000000000
88647  -23.841  -3.106  2.879 0.0000000000
142547  -25.304  -2.781  2.529 0.0000000000
88661  -25.797  -2.694  1.911 0.0000000000
89529  -26.165  -2.578  1.036 0.0000000000
131113  -26.438  -2.802  0.195 0.0000000000
87814  -26.073  -5.162  -1.198 0.0000000000
86950  -24.783  -5.592  -2.972 0.0000000000
86047  -24.313  -6.247  -3.619 0.0000000000
86056  -24.861  -7.050  -3.668 0.0000000000
85205  -25.384  -7.504  -4.412 0.0000000000
86018  -27.056  -6.489  1.497 0.0000000000
86029  -26.689  -6.858  -0.622 0.0000000000
85167  -27.361  -7.825  0.501 0.0000000000
85185  -26.353  -7.301  -1.568 0.0000000000
123078  -26.359  -7.796  -2.267 0.0000000000
85206  -25.952  -7.952  -4.256 0.0000000000
84293  -26.031  -7.604  -4.910 0.0000000000
84294  -26.758  -8.100  -4.997 0.0000000000
127288  -28.304  -8.955  -5.482 0.0000000000
83394  -28.345  -9.668  -3.350 0.0000000000
83401  -28.566  -9.629  -4.664 0.0000000000
129670  -28.514  -9.591  1.559 0.0000000000
83370  -28.969  -9.972  0.147 0.0000000000
83378  -29.731  -10.069  -1.416 0.0000000000
82443  -30.774  -10.560  -1.534 0.0000000000
83386  -30.621  -10.618  -2.726 0.0000000000
82459  -31.554  -10.935  -4.423 0.0000000000
82460  -32.310  -10.739  -4.553 0.0000000000
82454  -34.095  -11.101  -2.388 0.0000000000
83380  -34.079  -10.597  -1.191 0.0000000000
82437  -34.346  -11.043  -0.540 0.0000000000
80610  -33.652  -13.428  -0.614 0.0000000000
79714  -33.621  -14.357  -0.403 0.0000000000
79722  -34.349  -13.191  -0.754 0.0000000000
136477  -34.525  -12.813  -0.636 0.0000000000
78813  -34.343  -14.909  1.568 0.0000000000
77003  -27.212  -16.839  3.778 0.0000000000
121877  -27.904  -17.007  3.463 0.0000000000
76072  -28.606  -17.204  3.144 0.0000000000
77006  -30.218  -16.766  2.429 0.0000000000
77007  -31.407  -17.093  1.999 0.0000000000
74192  -28.491  -19.478  4.680 0.0000000000
127942  -29.158  -18.835  4.454 0.0000000000
75071  -29.790  -18.336  4.051 0.0000000000
75073  -31.663  -19.156  3.818 0.0000000000
75072  -30.812  -18.567  4.111 0.0000000000
76075  -31.720  -17.735  2.497 0.0000000000
137400  -34.504  -17.651  1.426 0.0000000000
76077  -34.486  -18.193  1.438 0.0000000000
69597  -24.499  -23.686  5.482 0.0000000000
69598  -25.141  -24.128  5.571 0.0000000000
126033  -25.820  -24.344  5.982 0.0000000000
70556  -26.348  -23.929  5.984 0.0000000000
120095  -26.986  -23.843  6.308 0.0000000000
69586  -27.821  -24.054  6.628 0.0000000000
69587  -28.879  -24.151  6.797 0.0000000000
68659  -24.760  -25.784  6.730 0.0000000000
71579  -27.221  -22.544  5.584 0.0000000000
75087  -28.124  -18.130  3.814 0.0000000000
75099  -34.034  -18.842  1.256 0.0000000000
76070  -26.802  -17.441  4.060 0.0000000000
77931  -34.665  -16.502  -0.367 0.0000000000
78816  -30.841  -14.754  1.207 0.0000000000
81478  -34.507  -12.289  -0.567 0.0000000000
82412  -28.426  -10.570  3.690 0.0000000000
82453  -33.718  -11.305  -3.038 0.0000000000
82466  -31.888  -10.394  -5.098 0.0000000000
83352  -28.329  -9.834  3.342 0.0000000000
83405  -28.797  -9.320  -5.339 0.0000000000
84260  -28.015  -8.985  0.278 0.0000000000
85166  -27.151  -7.208  0.928 0.0000000000
85195  -25.535  -7.188  -2.889 0.0000000000
85196  -26.040  -7.862  -3.123 0.0000000000
88674  -26.608  -3.330  0.719 0.0000000000
119364  -28.874  -16.081  2.728 0.0000000000
121970  -34.555  -15.926  -0.440 0.0000000000
122119  -34.177  -14.572  -0.373 0.0000000000
127497  -28.067  -17.605  3.586 0.0000000000
143472  -31.899  -10.727  -4.994 0.0000000000
