#!ascii label  , from subject sub-v1s2x0051487_ses-1 vox2ras=TkReg
830
41001  25.368  -47.285  87.562 0.0000000000
64509  44.280  -22.208  72.132 0.0000000000
66378  53.652  -20.448  74.045 0.0000000000
58663  41.746  -28.163  83.229 0.0000000000
44941  31.102  -43.095  85.004 0.0000000000
37884  30.785  -48.839  86.687 0.0000000000
66381  49.354  -20.612  74.290 0.0000000000
65380  47.095  -22.496  78.468 0.0000000000
127568  38.631  -32.325  83.487 0.0000000000
46889  36.300  -40.693  86.521 0.0000000000
71019  58.176  -15.023  64.660 0.0000000000
135567  55.460  -17.484  69.877 0.0000000000
59674  38.172  -28.633  78.726 0.0000000000
63508  42.601  -23.562  79.637 0.0000000000
41956  29.121  -46.795  86.294 0.0000000000
40040  28.013  -48.038  87.198 0.0000000000
64494  46.332  -22.050  73.268 0.0000000000
66345  48.828  -20.905  76.591 0.0000000000
131403  46.023  -21.408  76.125 0.0000000000
123453  39.796  -36.820  82.527 0.0000000000
41952  33.175  -44.999  85.811 0.0000000000
45922  33.519  -41.639  86.539 0.0000000000
42990  35.946  -43.967  84.830 0.0000000000
70112  57.715  -15.582  65.267 0.0000000000
70098  59.071  -16.421  65.988 0.0000000000
70081  57.674  -16.189  67.243 0.0000000000
118522  52.370  -19.078  72.370 0.0000000000
67378  52.838  -19.119  69.062 0.0000000000
68217  54.247  -18.900  72.096 0.0000000000
67342  56.448  -19.154  70.694 0.0000000000
65483  54.987  -21.792  72.430 0.0000000000
56679  39.735  -30.815  83.395 0.0000000000
56714  38.565  -30.251  81.835 0.0000000000
125054  38.990  -27.240  82.511 0.0000000000
60708  40.336  -26.254  79.166 0.0000000000
62609  41.347  -25.299  83.008 0.0000000000
62618  43.883  -23.835  82.152 0.0000000000
59621  43.444  -27.003  82.351 0.0000000000
41932  31.594  -45.875  86.133 0.0000000000
66453  49.798  -20.843  71.287 0.0000000000
125823  51.835  -19.486  75.305 0.0000000000
65424  50.822  -20.872  76.569 0.0000000000
64428  49.635  -23.186  77.420 0.0000000000
49762  37.608  -37.230  85.363 0.0000000000
51782  38.846  -35.642  84.459 0.0000000000
53843  39.777  -33.427  83.257 0.0000000000
54837  41.462  -31.854  81.620 0.0000000000
55783  44.016  -31.600  81.448 0.0000000000
48782  35.796  -38.937  84.281 0.0000000000
46897  38.472  -40.202  85.771 0.0000000000
71055  59.076  -15.675  63.402 0.0000000000
69167  55.984  -17.287  67.313 0.0000000000
69126  57.008  -17.412  69.439 0.0000000000
137293  57.360  -20.584  68.705 0.0000000000
130383  43.509  -22.632  75.937 0.0000000000
65383  44.695  -22.132  79.240 0.0000000000
62626  46.171  -24.019  80.525 0.0000000000
129739  26.106  -48.500  87.154 0.0000000000
41000  26.157  -47.617  87.346 0.0000000000
37869  27.327  -48.800  87.146 0.0000000000
64495  45.424  -21.966  73.140 0.0000000000
65458  46.494  -21.557  74.623 0.0000000000
65460  44.672  -21.767  74.566 0.0000000000
42992  34.386  -44.658  85.412 0.0000000000
133715  56.800  -16.598  64.589 0.0000000000
70099  57.811  -15.963  66.238 0.0000000000
70082  57.143  -16.489  66.520 0.0000000000
68203  53.316  -18.893  73.169 0.0000000000
68218  53.678  -18.738  72.251 0.0000000000
67307  53.899  -19.395  73.217 0.0000000000
66415  55.105  -20.425  72.383 0.0000000000
128897  40.450  -29.845  82.988 0.0000000000
58666  39.791  -29.381  83.136 0.0000000000
59613  40.572  -27.545  83.417 0.0000000000
61648  39.981  -26.289  83.044 0.0000000000
60652  41.624  -26.566  83.509 0.0000000000
61633  42.458  -25.887  83.037 0.0000000000
58662  42.430  -27.813  83.014 0.0000000000
129515  30.486  -46.410  86.210 0.0000000000
40059  30.978  -47.406  86.453 0.0000000000
41035  32.236  -46.405  86.059 0.0000000000
65485  48.632  -21.563  72.660 0.0000000000
65507  48.812  -21.562  70.750 0.0000000000
65484  49.379  -20.929  72.596 0.0000000000
66396  50.999  -19.781  72.945 0.0000000000
66380  50.118  -19.927  74.422 0.0000000000
67282  51.126  -19.812  76.243 0.0000000000
133247  50.320  -19.828  76.084 0.0000000000
66303  47.453  -21.826  77.204 0.0000000000
65409  49.142  -21.569  76.921 0.0000000000
64430  47.903  -22.662  78.140 0.0000000000
131122  49.180  -24.727  78.066 0.0000000000
63507  47.727  -23.928  79.272 0.0000000000
49749  38.616  -37.516  85.185 0.0000000000
50790  38.277  -36.481  84.964 0.0000000000
49761  39.024  -37.176  84.580 0.0000000000
134487  39.561  -35.538  83.327 0.0000000000
53850  40.277  -33.003  82.674 0.0000000000
45905  35.075  -41.500  86.669 0.0000000000
47832  34.824  -39.874  85.438 0.0000000000
47821  35.726  -39.758  86.215 0.0000000000
138204  37.162  -39.313  86.073 0.0000000000
46898  37.238  -40.561  86.303 0.0000000000
71907  57.595  -14.156  64.241 0.0000000000
71905  58.409  -14.836  64.219 0.0000000000
68294  58.637  -17.553  67.083 0.0000000000
68269  53.605  -18.591  69.152 0.0000000000
68284  53.027  -19.108  68.231 0.0000000000
69148  54.820  -17.899  68.153 0.0000000000
68295  55.060  -17.821  67.212 0.0000000000
69147  55.671  -17.234  68.727 0.0000000000
70044  56.849  -16.706  68.859 0.0000000000
69127  56.355  -17.307  69.833 0.0000000000
124778  56.434  -21.072  70.415 0.0000000000
120446  57.020  -20.427  69.698 0.0000000000
53851  37.955  -33.567  83.431 0.0000000000
126842  38.347  -32.182  82.618 0.0000000000
134327  38.456  -28.965  80.459 0.0000000000
57743  38.101  -29.988  79.414 0.0000000000
62647  41.532  -24.620  79.731 0.0000000000
60721  41.087  -25.963  77.874 0.0000000000
131534  42.219  -24.168  78.114 0.0000000000
63538  42.571  -23.900  76.493 0.0000000000
64432  43.233  -23.040  78.260 0.0000000000
64446  43.813  -22.440  77.815 0.0000000000
64416  43.740  -22.715  79.623 0.0000000000
61656  44.437  -24.993  81.760 0.0000000000
62615  45.323  -23.887  81.168 0.0000000000
61667  45.590  -24.642  80.867 0.0000000000
61680  46.215  -24.915  80.448 0.0000000000
132166  28.152  -47.550  86.882 0.0000000000
39031  29.522  -48.468  86.966 0.0000000000
36832  30.017  -49.720  86.617 0.0000000000
37887  28.601  -49.338  86.931 0.0000000000
65473  47.909  -21.677  74.125 0.0000000000
65456  48.999  -20.776  75.105 0.0000000000
123972  47.395  -21.562  74.794 0.0000000000
65426  47.460  -21.399  76.399 0.0000000000
66323  46.759  -21.716  77.571 0.0000000000
43963  32.181  -43.567  85.982 0.0000000000
44939  32.332  -42.566  86.073 0.0000000000
43961  33.394  -43.074  86.592 0.0000000000
44921  34.809  -42.647  86.680 0.0000000000
44919  36.753  -42.652  85.943 0.0000000000
122187  37.791  -42.105  85.432 0.0000000000
43993  37.473  -43.420  83.847 0.0000000000
71020  57.839  -15.084  64.778 0.0000000000
71004  59.144  -15.852  65.439 0.0000000000
70991  57.951  -15.903  66.207 0.0000000000
70080  58.261  -16.268  66.622 0.0000000000
69165  58.272  -17.004  67.796 0.0000000000
66452  51.299  -20.371  70.420 0.0000000000
67344  52.456  -19.304  70.382 0.0000000000
68236  53.772  -18.496  71.254 0.0000000000
69096  55.202  -18.139  70.787 0.0000000000
69095  55.622  -18.154  70.586 0.0000000000
135061  55.297  -19.066  71.546 0.0000000000
66414  55.828  -20.300  71.577 0.0000000000
55754  39.241  -31.681  83.564 0.0000000000
55770  38.580  -31.551  82.873 0.0000000000
57677  39.074  -30.302  82.757 0.0000000000
58693  38.794  -28.624  82.278 0.0000000000
59648  38.547  -27.364  81.137 0.0000000000
59658  39.163  -27.500  79.242 0.0000000000
60682  39.241  -26.254  81.691 0.0000000000
61669  40.863  -24.847  81.117 0.0000000000
63491  42.025  -23.858  81.298 0.0000000000
63489  43.534  -23.430  81.817 0.0000000000
62607  42.758  -24.506  82.675 0.0000000000
61643  43.592  -25.258  82.548 0.0000000000
121156  43.917  -26.634  81.800 0.0000000000
41976  29.484  -45.893  85.301 0.0000000000
42993  30.544  -44.593  85.296 0.0000000000
43964  31.649  -44.244  85.627 0.0000000000
41931  32.203  -45.324  85.983 0.0000000000
41046  33.153  -46.448  85.224 0.0000000000
130699  51.174  -20.200  71.268 0.0000000000
135541  52.260  -19.074  73.708 0.0000000000
67297  52.903  -19.484  74.451 0.0000000000
66341  52.365  -20.266  75.445 0.0000000000
65422  52.034  -21.151  75.603 0.0000000000
123962  51.259  -23.107  76.197 0.0000000000
66344  49.758  -20.532  76.451 0.0000000000
130537  50.106  -22.399  76.939 0.0000000000
50817  36.989  -36.840  84.138 0.0000000000
50804  37.621  -35.982  84.507 0.0000000000
117526  38.167  -35.064  84.543 0.0000000000
53836  38.850  -33.695  83.812 0.0000000000
51802  39.517  -36.036  83.523 0.0000000000
124273  39.512  -35.272  83.494 0.0000000000
54815  39.197  -32.907  83.613 0.0000000000
54828  39.573  -32.008  83.503 0.0000000000
55769  40.565  -31.292  82.597 0.0000000000
56690  41.545  -30.380  82.266 0.0000000000
121180  42.597  -29.795  82.257 0.0000000000
55784  43.490  -31.529  81.522 0.0000000000
49763  36.990  -37.695  85.198 0.0000000000
48747  37.880  -38.266  85.881 0.0000000000
47830  38.749  -39.523  84.885 0.0000000000
44935  38.455  -41.671  84.668 0.0000000000
45943  38.832  -41.129  83.729 0.0000000000
123953  58.450  -14.235  63.060 0.0000000000
69182  56.383  -17.294  66.504 0.0000000000
69181  56.892  -16.579  67.469 0.0000000000
70043  57.248  -16.606  68.443 0.0000000000
68282  58.057  -18.458  68.546 0.0000000000
68252  56.901  -18.765  70.122 0.0000000000
67360  57.601  -19.387  69.163 0.0000000000
66481  57.757  -19.849  67.944 0.0000000000
55797  38.422  -31.083  80.834 0.0000000000
134724  42.567  -23.161  74.116 0.0000000000
64481  43.410  -22.417  74.300 0.0000000000
128306  44.339  -21.848  76.201 0.0000000000
65399  45.469  -21.671  78.273 0.0000000000
65382  45.877  -22.165  79.146 0.0000000000
64385  44.577  -23.021  81.298 0.0000000000
121190  45.439  -22.769  80.582 0.0000000000
64397  46.368  -23.173  80.029 0.0000000000
63497  47.211  -24.313  79.789 0.0000000000
57684  43.580  -29.703  81.970 0.0000000000
58690  44.071  -28.821  81.572 0.0000000000
40042  25.582  -47.676  87.355 0.0000000000
39010  25.321  -48.032  87.089 0.0000000000
40043  24.886  -47.472  87.206 0.0000000000
122155  26.169  -47.990  87.349 0.0000000000
125772  44.396  -22.031  73.073 0.0000000000
64479  44.962  -21.792  73.801 0.0000000000
70100  57.152  -16.350  65.464 0.0000000000
69218  56.589  -17.314  64.835 0.0000000000
67308  53.411  -19.276  73.720 0.0000000000
67295  53.714  -19.818  73.687 0.0000000000
139093  54.064  -19.831  73.277 0.0000000000
66395  54.300  -20.500  73.287 0.0000000000
57673  41.286  -29.011  82.883 0.0000000000
58664  40.600  -28.342  83.346 0.0000000000
132083  41.212  -27.803  83.481 0.0000000000
59612  41.260  -27.151  83.530 0.0000000000
59611  41.908  -27.259  83.473 0.0000000000
57686  42.212  -28.623  82.814 0.0000000000
39030  30.346  -48.190  86.776 0.0000000000
40060  30.066  -47.475  86.705 0.0000000000
118705  31.151  -48.261  86.493 0.0000000000
65471  48.988  -21.093  73.424 0.0000000000
66398  49.741  -20.439  73.457 0.0000000000
127117  50.493  -19.696  75.298 0.0000000000
119539  49.747  -20.064  75.263 0.0000000000
66304  46.804  -22.091  77.932 0.0000000000
65397  47.655  -22.293  77.709 0.0000000000
64413  48.255  -23.449  78.540 0.0000000000
64414  47.406  -23.100  78.934 0.0000000000
48763  39.055  -38.229  84.359 0.0000000000
49760  39.183  -37.624  84.324 0.0000000000
46890  35.530  -40.853  86.556 0.0000000000
46900  34.614  -40.754  86.407 0.0000000000
46899  35.290  -40.448  86.419 0.0000000000
47831  35.492  -39.517  85.710 0.0000000000
47807  35.982  -40.160  86.517 0.0000000000
46888  36.620  -40.097  86.415 0.0000000000
72857  57.495  -13.419  64.059 0.0000000000
71906  57.912  -14.364  64.303 0.0000000000
71926  58.132  -13.999  63.865 0.0000000000
68268  54.628  -18.036  69.802 0.0000000000
125556  54.378  -18.147  68.853 0.0000000000
69129  55.116  -17.656  69.153 0.0000000000
135416  55.830  -17.075  69.530 0.0000000000
69128  55.949  -17.228  70.063 0.0000000000
65505  56.263  -21.461  70.270 0.0000000000
125991  56.418  -21.458  69.710 0.0000000000
54839  38.320  -32.933  83.542 0.0000000000
139068  38.144  -32.830  83.129 0.0000000000
128028  38.491  -32.260  83.218 0.0000000000
59660  38.385  -28.458  79.519 0.0000000000
58739  37.696  -28.898  78.182 0.0000000000
62638  41.991  -23.984  80.065 0.0000000000
62655  41.716  -24.781  78.378 0.0000000000
62654  42.014  -24.209  79.084 0.0000000000
63526  42.777  -23.592  77.785 0.0000000000
63515  42.704  -23.631  78.676 0.0000000000
64417  43.198  -23.088  79.185 0.0000000000
64402  43.146  -23.032  80.118 0.0000000000
129950  44.413  -25.878  81.397 0.0000000000
61668  44.833  -25.080  81.353 0.0000000000
61681  45.296  -25.106  80.941 0.0000000000
40063  27.603  -47.842  87.155 0.0000000000
41022  27.484  -47.465  86.907 0.0000000000
39006  28.808  -48.074  87.061 0.0000000000
39007  28.233  -48.283  87.155 0.0000000000
39032  28.765  -48.634  87.055 0.0000000000
37868  28.050  -48.737  87.107 0.0000000000
64507  46.616  -22.421  72.535 0.0000000000
64521  46.782  -22.623  71.788 0.0000000000
64493  47.180  -22.226  73.076 0.0000000000
64492  47.894  -22.021  72.845 0.0000000000
136818  47.673  -21.927  73.472 0.0000000000
64477  47.049  -21.849  73.890 0.0000000000
65444  45.863  -21.481  75.266 0.0000000000
65443  46.828  -21.467  75.630 0.0000000000
65427  46.672  -21.382  76.601 0.0000000000
66347  47.102  -21.503  77.012 0.0000000000
140522  46.062  -21.315  76.857 0.0000000000
42973  33.084  -43.836  86.323 0.0000000000
43962  32.834  -43.275  86.324 0.0000000000
42983  33.330  -44.250  86.187 0.0000000000
42991  35.177  -44.290  85.145 0.0000000000
42981  34.920  -44.056  85.914 0.0000000000
132968  35.694  -43.745  85.680 0.0000000000
44920  35.580  -42.655  86.417 0.0000000000
43982  36.378  -43.389  85.270 0.0000000000
44938  36.762  -42.968  85.604 0.0000000000
71038  56.621  -15.207  64.061 0.0000000000
71021  57.364  -14.882  64.545 0.0000000000
71006  57.992  -15.698  65.761 0.0000000000
70992  57.849  -16.006  66.524 0.0000000000
70972  57.756  -16.158  67.025 0.0000000000
70064  57.921  -16.319  67.517 0.0000000000
131145  51.855  -19.722  70.886 0.0000000000
67345  51.833  -19.887  69.982 0.0000000000
136570  52.728  -18.991  71.525 0.0000000000
68235  54.486  -18.528  71.462 0.0000000000
68254  54.606  -18.165  70.761 0.0000000000
68234  55.037  -18.569  71.387 0.0000000000
65482  55.574  -21.159  71.819 0.0000000000
65494  56.040  -21.432  70.996 0.0000000000
65495  55.472  -21.930  71.627 0.0000000000
56680  39.491  -30.945  83.459 0.0000000000
56681  38.837  -31.073  83.290 0.0000000000
128429  39.410  -30.255  83.101 0.0000000000
59624  39.384  -27.693  82.908 0.0000000000
58692  39.179  -28.524  82.651 0.0000000000
59632  38.791  -27.959  82.416 0.0000000000
59633  38.476  -28.233  81.889 0.0000000000
59638  38.522  -27.602  81.901 0.0000000000
60696  39.009  -26.614  81.033 0.0000000000
60674  39.418  -26.430  82.479 0.0000000000
127221  41.175  -25.814  83.198 0.0000000000
61658  40.324  -25.385  82.397 0.0000000000
137618  40.895  -25.138  82.688 0.0000000000
62629  41.472  -24.381  81.693 0.0000000000
62620  41.596  -24.694  82.547 0.0000000000
62619  42.339  -24.372  82.608 0.0000000000
62608  42.052  -24.938  82.931 0.0000000000
60664  43.008  -26.645  82.714 0.0000000000
121160  42.973  -25.926  82.732 0.0000000000
60663  43.485  -26.128  82.429 0.0000000000
59620  43.777  -26.391  82.068 0.0000000000
59631  43.706  -27.321  82.044 0.0000000000
116211  28.921  -46.477  85.674 0.0000000000
116314  28.708  -46.246  84.965 0.0000000000
132937  31.030  -46.267  86.210 0.0000000000
41954  30.415  -45.887  85.980 0.0000000000
41933  31.156  -45.678  85.975 0.0000000000
42985  30.959  -44.979  85.653 0.0000000000
138193  31.566  -44.925  85.743 0.0000000000
42975  31.998  -44.443  85.762 0.0000000000
65506  49.513  -21.179  70.600 0.0000000000
128108  50.464  -20.718  70.718 0.0000000000
66433  50.413  -20.474  71.642 0.0000000000
67310  51.491  -19.449  73.730 0.0000000000
67298  52.222  -19.294  74.530 0.0000000000
67289  52.853  -19.990  74.795 0.0000000000
117563  52.406  -19.660  75.148 0.0000000000
66342  51.498  -20.423  76.183 0.0000000000
65423  51.276  -21.623  76.238 0.0000000000
65441  48.631  -20.997  75.871 0.0000000000
66366  49.388  -20.345  76.021 0.0000000000
64445  49.303  -22.280  77.188 0.0000000000
132062  49.810  -21.672  76.881 0.0000000000
63525  50.487  -23.474  76.883 0.0000000000
50792  37.275  -36.823  84.823 0.0000000000
137353  37.256  -36.411  84.380 0.0000000000
50791  37.877  -36.498  85.037 0.0000000000
51783  38.251  -35.710  84.758 0.0000000000
121198  38.601  -35.041  84.448 0.0000000000
52760  38.445  -34.386  84.235 0.0000000000
140024  39.029  -34.994  84.218 0.0000000000
50803  39.582  -36.760  83.414 0.0000000000
49779  39.669  -36.859  83.114 0.0000000000
51801  39.623  -34.726  83.260 0.0000000000
52780  39.552  -34.282  83.377 0.0000000000
52758  39.298  -34.150  83.627 0.0000000000
53834  39.523  -33.447  83.454 0.0000000000
54814  39.458  -32.711  83.504 0.0000000000
54827  40.038  -32.739  83.296 0.0000000000
54838  40.541  -32.102  82.344 0.0000000000
139323  40.140  -32.182  83.035 0.0000000000
137665  40.772  -30.559  82.590 0.0000000000
55768  41.459  -31.286  81.872 0.0000000000
55767  42.664  -30.752  81.754 0.0000000000
55785  42.536  -31.611  81.552 0.0000000000
45923  32.840  -42.141  86.387 0.0000000000
45946  32.402  -41.626  84.704 0.0000000000
45936  32.943  -41.348  85.215 0.0000000000
137390  35.960  -38.855  83.626 0.0000000000
48795  36.247  -38.347  83.800 0.0000000000
133225  36.515  -37.919  84.183 0.0000000000
48781  36.422  -38.256  84.714 0.0000000000
125004  37.763  -39.202  86.022 0.0000000000
47818  38.396  -39.497  85.837 0.0000000000
48746  38.640  -38.915  85.439 0.0000000000
46896  38.617  -39.700  85.501 0.0000000000
134495  38.221  -41.591  85.376 0.0000000000
46913  38.924  -40.330  83.675 0.0000000000
71037  58.661  -14.874  63.589 0.0000000000
71056  58.727  -15.170  62.764 0.0000000000
67379  52.340  -19.551  68.684 0.0000000000
67380  51.847  -20.151  68.244 0.0000000000
130859  52.377  -19.617  67.977 0.0000000000
68312  55.516  -17.896  66.422 0.0000000000
68327  55.949  -17.943  65.640 0.0000000000
70025  56.858  -16.968  69.141 0.0000000000
69145  57.311  -17.009  68.762 0.0000000000
69144  57.995  -17.410  68.458 0.0000000000
69125  57.625  -17.823  69.026 0.0000000000
68253  56.227  -18.320  70.421 0.0000000000
66468  57.156  -20.631  69.137 0.0000000000
120653  57.345  -20.014  69.418 0.0000000000
66482  57.519  -20.108  68.732 0.0000000000
127374  38.668  -30.772  82.457 0.0000000000
120819  38.508  -30.913  81.799 0.0000000000
56715  38.474  -30.459  81.090 0.0000000000
60709  39.602  -26.723  79.622 0.0000000000
61731  41.523  -25.588  76.509 0.0000000000
64459  43.048  -23.149  76.376 0.0000000000
119209  42.657  -23.435  74.769 0.0000000000
64470  43.018  -23.031  75.397 0.0000000000
125910  42.837  -22.732  73.835 0.0000000000
64469  43.462  -22.592  75.103 0.0000000000
65461  43.935  -22.083  74.829 0.0000000000
138035  43.897  -22.200  76.323 0.0000000000
65401  44.275  -22.164  78.587 0.0000000000
65414  44.421  -21.995  77.924 0.0000000000
65400  44.872  -21.862  78.467 0.0000000000
121930  45.717  -21.797  78.696 0.0000000000
139827  45.545  -22.073  79.375 0.0000000000
63477  43.625  -23.707  82.198 0.0000000000
64386  44.051  -23.004  81.332 0.0000000000
64372  44.439  -23.445  81.606 0.0000000000
63487  45.706  -23.697  80.794 0.0000000000
64383  45.617  -23.223  80.764 0.0000000000
63499  46.043  -23.461  80.485 0.0000000000
64398  45.897  -22.907  80.317 0.0000000000
63498  46.551  -23.826  80.197 0.0000000000
62636  46.767  -24.510  80.177 0.0000000000
61695  46.937  -25.399  79.838 0.0000000000
56688  43.262  -30.147  81.925 0.0000000000
57685  43.158  -29.314  82.313 0.0000000000
56701  43.739  -30.644  81.644 0.0000000000
40999  26.768  -47.647  87.186 0.0000000000
40041  26.968  -47.882  87.546 0.0000000000
39008  27.560  -48.217  87.297 0.0000000000
39009  26.812  -48.320  87.319 0.0000000000
37870  26.697  -48.837  87.121 0.0000000000
136255  45.927  -22.262  72.674 0.0000000000
64478  46.238  -21.691  73.941 0.0000000000
65474  45.709  -21.758  73.686 0.0000000000
65459  45.576  -21.616  74.401 0.0000000000
128111  45.136  -21.619  75.076 0.0000000000
41951  33.745  -44.990  85.557 0.0000000000
42982  33.991  -44.307  86.001 0.0000000000
41973  34.693  -44.985  84.556 0.0000000000
70113  57.078  -15.723  64.683 0.0000000000
67321  52.636  -18.903  73.151 0.0000000000
68219  52.981  -18.775  72.565 0.0000000000
68202  53.806  -18.956  72.938 0.0000000000
68201  54.163  -19.186  72.615 0.0000000000
68216  54.663  -19.175  72.016 0.0000000000
67306  54.469  -19.723  72.712 0.0000000000
57675  40.024  -29.873  83.267 0.0000000000
57676  39.731  -30.309  83.300 0.0000000000
58665  40.177  -28.994  83.234 0.0000000000
129059  40.062  -28.363  83.283 0.0000000000
132686  39.925  -27.675  83.237 0.0000000000
60675  39.591  -26.937  82.970 0.0000000000
60654  40.294  -27.018  83.302 0.0000000000
60653  40.947  -26.742  83.412 0.0000000000
61635  41.367  -26.128  83.355 0.0000000000
61634  41.950  -25.957  83.315 0.0000000000
60651  42.197  -26.469  83.360 0.0000000000
59610  42.555  -26.990  83.112 0.0000000000
59622  43.005  -27.478  82.667 0.0000000000
41934  29.849  -46.614  86.294 0.0000000000
41020  29.745  -47.044  86.533 0.0000000000
41019  30.600  -46.856  86.354 0.0000000000
41018  31.323  -46.569  86.268 0.0000000000
41017  31.905  -46.109  86.202 0.0000000000
40058  31.683  -46.879  86.262 0.0000000000
64519  48.216  -21.902  71.143 0.0000000000
65496  49.046  -21.381  71.624 0.0000000000
66434  49.750  -20.756  71.926 0.0000000000
66416  50.234  -20.289  72.584 0.0000000000
66397  50.575  -19.851  73.606 0.0000000000
67299  51.153  -19.538  74.694 0.0000000000
67290  51.171  -19.602  75.712 0.0000000000
66343  50.619  -20.310  76.439 0.0000000000
66321  48.234  -21.510  76.827 0.0000000000
66320  49.076  -21.169  76.565 0.0000000000
65410  48.301  -21.791  77.013 0.0000000000
65396  48.492  -22.307  77.411 0.0000000000
64429  48.750  -22.905  77.762 0.0000000000
63514  49.063  -23.852  78.039 0.0000000000
63506  48.468  -24.533  78.714 0.0000000000
131273  47.815  -24.725  79.343 0.0000000000
49750  38.221  -37.297  85.460 0.0000000000
50776  37.995  -36.866  85.360 0.0000000000
50775  38.557  -36.997  84.977 0.0000000000
50789  38.947  -36.438  84.555 0.0000000000
50816  39.769  -36.240  82.802 0.0000000000
52801  39.949  -33.983  82.850 0.0000000000
53842  40.076  -32.880  83.085 0.0000000000
53858  40.619  -33.150  81.997 0.0000000000
46892  34.144  -41.351  86.729 0.0000000000
46907  33.578  -41.022  85.760 0.0000000000
46901  33.996  -40.971  86.363 0.0000000000
47839  34.709  -39.882  84.605 0.0000000000
47838  35.311  -39.427  84.919 0.0000000000
48766  35.907  -38.897  85.254 0.0000000000
48765  36.622  -38.517  85.448 0.0000000000
47820  36.572  -39.475  86.147 0.0000000000
47819  37.216  -39.768  86.224 0.0000000000
117227  37.990  -40.001  86.152 0.0000000000
72878  57.966  -13.146  63.825 0.0000000000
69180  58.860  -16.969  66.523 0.0000000000
68283  53.902  -18.515  68.143 0.0000000000
68296  54.265  -18.380  67.276 0.0000000000
133065  55.561  -17.388  67.939 0.0000000000
69166  56.410  -16.763  68.345 0.0000000000
138563  56.298  -16.873  69.092 0.0000000000
69146  56.425  -17.022  69.496 0.0000000000
66450  56.680  -20.561  70.255 0.0000000000
67341  56.999  -19.808  70.129 0.0000000000
66451  56.680  -20.956  69.757 0.0000000000
52802  37.620  -34.492  83.327 0.0000000000
58704  38.497  -29.432  80.882 0.0000000000
57725  38.405  -29.990  80.468 0.0000000000
58718  38.372  -29.452  79.964 0.0000000000
57759  37.694  -29.747  78.569 0.0000000000
61696  41.069  -25.169  79.382 0.0000000000
61710  40.825  -25.998  78.613 0.0000000000
61709  41.217  -25.397  78.613 0.0000000000
123157  41.494  -25.292  77.929 0.0000000000
127168  41.773  -25.076  76.831 0.0000000000
62676  42.238  -24.353  75.907 0.0000000000
131249  42.377  -24.084  77.274 0.0000000000
125640  42.823  -23.557  77.048 0.0000000000
64447  43.233  -23.041  77.343 0.0000000000
64458  43.647  -22.568  76.795 0.0000000000
64431  43.755  -22.622  78.776 0.0000000000
65384  44.187  -22.355  79.256 0.0000000000
62616  44.426  -24.396  81.827 0.0000000000
63476  44.392  -23.912  81.850 0.0000000000
136828  44.854  -24.023  81.513 0.0000000000
62628  45.048  -24.437  81.318 0.0000000000
62627  45.693  -24.177  80.824 0.0000000000
62637  46.252  -24.532  80.490 0.0000000000
41036  28.227  -46.828  86.126 0.0000000000
41021  28.397  -47.170  86.712 0.0000000000
116655  28.861  -47.339  86.773 0.0000000000
118216  29.602  -47.984  86.952 0.0000000000
37885  30.197  -49.019  86.832 0.0000000000
37886  29.402  -49.209  86.887 0.0000000000
36816  29.184  -49.913  86.686 0.0000000000
37888  27.815  -49.399  86.960 0.0000000000
64505  48.129  -21.986  72.031 0.0000000000
65472  48.297  -21.645  73.451 0.0000000000
123559  48.631  -21.238  74.207 0.0000000000
65457  48.259  -21.355  74.957 0.0000000000
65425  48.187  -21.198  76.311 0.0000000000
66346  47.935  -21.408  76.765 0.0000000000
66322  47.540  -21.626  77.133 0.0000000000
48779  39.467  -38.074  83.248 0.0000000000
44922  31.891  -43.023  86.104 0.0000000000
44940  31.782  -42.688  85.492 0.0000000000
44910  32.666  -42.718  86.320 0.0000000000
117970  33.204  -42.526  86.665 0.0000000000
139282  33.650  -42.467  86.891 0.0000000000
129561  34.474  -43.499  86.363 0.0000000000
43960  34.023  -42.916  86.736 0.0000000000
44909  34.179  -42.237  86.998 0.0000000000
121379  34.777  -42.045  86.856 0.0000000000
44908  35.371  -42.049  86.659 0.0000000000
44907  36.241  -42.202  86.350 0.0000000000
45921  36.743  -41.385  86.369 0.0000000000
44937  37.255  -42.608  85.471 0.0000000000
43981  37.821  -42.649  84.575 0.0000000000
71005  58.274  -15.511  65.376 0.0000000000
70990  58.501  -15.935  65.928 0.0000000000
70063  58.398  -16.725  67.144 0.0000000000
133309  58.449  -18.210  67.823 0.0000000000
67362  52.352  -19.457  69.500 0.0000000000
67361  52.983  -18.927  69.820 0.0000000000
67343  53.127  -18.816  70.653 0.0000000000
68255  53.771  -18.457  70.271 0.0000000000
69111  55.393  -17.748  70.358 0.0000000000
69110  55.800  -17.653  70.286 0.0000000000
68233  55.773  -18.698  71.032 0.0000000000
67319  55.922  -19.457  71.349 0.0000000000
67320  55.267  -19.661  71.988 0.0000000000
67331  56.447  -20.065  70.844 0.0000000000
66431  56.278  -20.835  70.999 0.0000000000
140608  38.924  -31.839  83.502 0.0000000000
55755  38.744  -31.717  83.287 0.0000000000
56691  38.772  -31.091  83.005 0.0000000000
57697  38.781  -29.888  82.277 0.0000000000
58679  39.410  -29.364  82.817 0.0000000000
58680  39.032  -29.303  82.494 0.0000000000
131392  38.752  -29.197  82.173 0.0000000000
58703  38.487  -28.728  81.258 0.0000000000
58717  38.420  -28.429  80.450 0.0000000000
59659  38.539  -27.935  79.583 0.0000000000
59673  38.536  -28.153  78.738 0.0000000000
59647  38.881  -27.193  80.215 0.0000000000
60695  39.401  -26.461  80.368 0.0000000000
60694  39.924  -25.988  80.043 0.0000000000
61671  39.702  -25.765  82.013 0.0000000000
61670  40.237  -25.304  81.540 0.0000000000
61683  40.363  -25.425  80.583 0.0000000000
61682  40.949  -24.974  80.176 0.0000000000
62639  41.532  -24.366  80.668 0.0000000000
138487  41.988  -23.884  80.672 0.0000000000
63500  42.538  -23.514  80.654 0.0000000000
63490  42.763  -23.569  81.614 0.0000000000
63478  42.973  -23.882  82.363 0.0000000000
63465  43.421  -24.098  82.479 0.0000000000
61645  42.387  -25.262  82.889 0.0000000000
62606  43.273  -24.658  82.633 0.0000000000
62617  43.954  -24.394  82.357 0.0000000000
61657  44.124  -24.895  82.199 0.0000000000
60673  44.201  -25.715  81.767 0.0000000000
43995  30.675  -43.652  84.441 0.0000000000
41955  29.716  -46.214  85.890 0.0000000000
43984  30.281  -44.345  84.739 0.0000000000
43983  30.914  -43.848  85.144 0.0000000000
44923  31.471  -43.359  85.532 0.0000000000
43973  31.724  -43.563  85.694 0.0000000000
42974  32.479  -44.307  85.954 0.0000000000
42984  32.795  -44.674  85.973 0.0000000000
41034  32.776  -45.934  85.733 0.0000000000
41975  33.316  -45.573  85.492 0.0000000000
67332  51.792  -19.543  71.811 0.0000000000
66432  51.042  -19.946  72.148 0.0000000000
67322  51.773  -19.360  72.823 0.0000000000
67309  52.881  -19.060  73.893 0.0000000000
67296  53.285  -19.825  74.253 0.0000000000
66379  53.192  -20.467  74.522 0.0000000000
66364  52.797  -20.519  74.894 0.0000000000
126682  52.564  -20.914  75.138 0.0000000000
66365  51.805  -19.780  75.808 0.0000000000
65408  49.999  -20.971  76.759 0.0000000000
65407  50.481  -21.589  76.682 0.0000000000
64444  50.733  -22.409  76.568 0.0000000000
51839  36.990  -36.131  82.735 0.0000000000
51803  37.591  -35.206  83.942 0.0000000000
51784  37.985  -35.806  84.824 0.0000000000
116224  37.982  -35.096  84.476 0.0000000000
52781  37.972  -34.363  84.023 0.0000000000
53844  38.201  -33.662  83.885 0.0000000000
54816  38.775  -33.120  83.695 0.0000000000
120014  39.427  -37.165  83.845 0.0000000000
50788  39.367  -36.548  83.977 0.0000000000
120071  39.343  -35.821  84.020 0.0000000000
50802  39.610  -36.182  83.231 0.0000000000
51781  39.277  -34.974  83.895 0.0000000000
52759  38.973  -34.430  83.985 0.0000000000
55741  39.421  -32.161  83.536 0.0000000000
55752  40.030  -31.340  83.465 0.0000000000
54826  40.039  -31.757  83.276 0.0000000000
129886  40.040  -30.575  83.330 0.0000000000
55751  40.293  -30.747  83.030 0.0000000000
56678  40.975  -29.908  82.619 0.0000000000
56689  41.916  -29.400  82.559 0.0000000000
119774  43.476  -32.158  81.453 0.0000000000
54858  44.144  -32.771  81.218 0.0000000000
45947  31.884  -41.900  84.076 0.0000000000
45945  32.941  -41.219  84.342 0.0000000000
49780  36.680  -37.615  83.687 0.0000000000
49773  36.814  -37.504  84.518 0.0000000000
49752  37.281  -38.102  85.662 0.0000000000
49751  37.872  -37.530  85.674 0.0000000000
118540  38.408  -38.071  85.590 0.0000000000
123415  38.828  -38.729  84.866 0.0000000000
47829  38.817  -38.982  84.284 0.0000000000
45920  37.711  -41.418  85.994 0.0000000000
137153  38.217  -41.203  85.725 0.0000000000
45935  38.464  -40.983  85.371 0.0000000000
45934  38.615  -41.064  84.508 0.0000000000
46905  38.638  -40.308  85.139 0.0000000000
45933  38.694  -40.343  84.329 0.0000000000
41002  24.591  -47.168  87.475 0.0000000000
116156  58.449  -14.540  62.187 0.0000000000
69200  56.596  -17.269  65.665 0.0000000000
70066  57.269  -16.379  68.170 0.0000000000
70065  57.592  -16.331  67.795 0.0000000000
70042  57.676  -16.584  68.181 0.0000000000
136263  58.119  -19.092  68.079 0.0000000000
69109  56.089  -17.739  70.196 0.0000000000
69108  56.579  -17.885  69.888 0.0000000000
68267  57.330  -18.426  69.534 0.0000000000
135260  57.334  -19.318  69.695 0.0000000000
67359  57.751  -18.714  68.989 0.0000000000
67377  57.806  -19.338  68.560 0.0000000000
64510  43.507  -22.304  72.595 0.0000000000
55786  38.514  -31.386  82.366 0.0000000000
121967  38.423  -31.648  81.827 0.0000000000
62685  42.322  -24.151  75.029 0.0000000000
63567  42.331  -23.115  73.452 0.0000000000
125149  42.745  -22.620  73.025 0.0000000000
64496  43.453  -22.302  73.478 0.0000000000
64480  44.078  -21.959  74.001 0.0000000000
130713  44.466  -21.802  75.362 0.0000000000
130408  45.156  -21.541  75.904 0.0000000000
65430  44.215  -21.961  77.079 0.0000000000
65429  44.932  -21.635  76.846 0.0000000000
65428  45.555  -21.428  76.628 0.0000000000
116766  46.016  -21.631  77.994 0.0000000000
65398  46.159  -21.921  78.317 0.0000000000
65381  46.428  -22.327  78.814 0.0000000000
131560  43.736  -22.797  80.339 0.0000000000
64401  44.031  -22.767  80.739 0.0000000000
65360  45.122  -22.295  80.004 0.0000000000
64384  45.109  -23.099  81.141 0.0000000000
64399  45.064  -22.691  80.711 0.0000000000
139848  45.332  -22.489  80.362 0.0000000000
65359  45.628  -22.401  79.994 0.0000000000
65358  46.160  -22.603  79.666 0.0000000000
64415  46.722  -22.817  79.327 0.0000000000
64396  46.977  -23.510  79.668 0.0000000000
61679  46.962  -25.005  80.072 0.0000000000
127097  47.544  -25.511  79.503 0.0000000000
137699  42.637  -29.089  82.556 0.0000000000
127726  42.974  -28.445  82.578 0.0000000000
133131  43.690  -28.549  82.165 0.0000000000
126541  43.982  -30.185  81.589 0.0000000000
57696  43.851  -29.153  81.911 0.0000000000
58691  43.822  -28.244  82.030 0.0000000000
59630  43.913  -27.665  81.830 0.0000000000
40061  29.225  -47.595  86.840 0.0000000000
40062  28.427  -47.771  86.971 0.0000000000
41953  32.452  -45.571  85.950 0.0000000000
41974  33.840  -45.540  84.951 0.0000000000
43970  36.156  -43.055  86.003 0.0000000000
43971  35.310  -43.321  86.222 0.0000000000
43972  33.704  -43.639  86.433 0.0000000000
43974  31.212  -44.043  85.478 0.0000000000
44936  38.199  -42.074  84.826 0.0000000000
45904  35.866  -41.422  86.602 0.0000000000
45906  34.366  -41.654  86.804 0.0000000000
45907  33.660  -41.933  86.982 0.0000000000
45908  33.157  -42.159  86.723 0.0000000000
45937  32.452  -42.016  85.593 0.0000000000
45938  31.942  -42.084  84.918 0.0000000000
46891  34.805  -41.085  86.625 0.0000000000
47822  35.017  -40.077  86.109 0.0000000000
47844  36.194  -38.868  83.013 0.0000000000
47846  34.702  -40.169  83.728 0.0000000000
48748  37.222  -38.853  85.928 0.0000000000
48749  36.769  -38.821  85.833 0.0000000000
48750  36.101  -39.088  85.862 0.0000000000
48764  38.852  -38.043  84.971 0.0000000000
49772  39.376  -37.737  83.789 0.0000000000
50829  36.889  -36.872  83.236 0.0000000000
51764  38.073  -36.302  85.016 0.0000000000
51804  37.147  -36.069  83.788 0.0000000000
52761  38.168  -34.400  84.244 0.0000000000
52779  40.058  -33.795  83.011 0.0000000000
53835  39.081  -33.480  83.775 0.0000000000
53837  38.395  -33.716  83.921 0.0000000000
54829  38.759  -32.248  83.741 0.0000000000
54830  38.486  -32.983  83.682 0.0000000000
54847  44.010  -32.094  81.398 0.0000000000
55753  39.559  -31.535  83.500 0.0000000000
56702  43.495  -30.926  81.619 0.0000000000
57674  40.575  -29.070  83.134 0.0000000000
57710  38.583  -29.463  81.714 0.0000000000
57711  38.495  -29.945  81.253 0.0000000000
58678  43.502  -27.988  82.312 0.0000000000
59614  39.619  -28.458  83.027 0.0000000000
59623  39.860  -27.218  83.166 0.0000000000
59649  38.312  -27.992  81.228 0.0000000000
60650  42.610  -26.372  83.011 0.0000000000
60662  43.974  -25.552  82.164 0.0000000000
60665  40.630  -26.339  83.245 0.0000000000
60666  40.082  -26.770  83.176 0.0000000000
60683  38.824  -26.858  81.844 0.0000000000
61644  42.911  -25.375  82.743 0.0000000000
61646  41.721  -25.569  83.179 0.0000000000
61647  40.610  -25.713  82.960 0.0000000000
61659  39.944  -25.859  82.678 0.0000000000
61678  47.518  -25.059  79.644 0.0000000000
61684  39.617  -25.885  81.010 0.0000000000
61697  40.574  -25.594  79.729 0.0000000000
61721  41.496  -25.481  77.267 0.0000000000
62621  40.814  -24.856  82.078 0.0000000000
62663  41.866  -24.761  77.499 0.0000000000
62668  42.095  -24.521  76.699 0.0000000000
63479  42.153  -24.000  82.149 0.0000000000
63488  45.387  -23.478  81.070 0.0000000000
63550  42.689  -23.674  75.651 0.0000000000
64371  44.959  -23.607  81.418 0.0000000000
64373  44.028  -23.383  81.826 0.0000000000
64387  43.352  -23.020  81.020 0.0000000000
64400  44.587  -22.711  80.731 0.0000000000
64482  42.944  -22.885  74.567 0.0000000000
64532  55.986  -21.938  70.087 0.0000000000
65361  44.347  -22.464  80.041 0.0000000000
65411  46.401  -21.428  77.346 0.0000000000
65412  45.645  -21.474  77.440 0.0000000000
65413  44.917  -21.695  77.697 0.0000000000
65442  47.813  -21.396  75.678 0.0000000000
65445  43.881  -22.164  75.634 0.0000000000
119278  37.069  -43.066  84.894 0.0000000000
119318  38.105  -40.740  85.982 0.0000000000
120770  37.126  -42.104  86.004 0.0000000000
123274  45.313  -21.915  79.014 0.0000000000
123403  31.866  -45.129  85.885 0.0000000000
123608  38.591  -28.812  81.908 0.0000000000
125721  38.411  -27.900  80.413 0.0000000000
126416  41.514  -24.848  79.036 0.0000000000
126538  43.511  -28.850  82.271 0.0000000000
129789  38.295  -38.788  85.796 0.0000000000
131528  38.363  -28.922  79.672 0.0000000000
133326  37.714  -30.196  78.768 0.0000000000
133585  41.105  -28.464  83.263 0.0000000000
133942  38.354  -28.335  79.154 0.0000000000
134174  30.102  -45.370  85.594 0.0000000000
134473  33.077  -41.653  85.949 0.0000000000
136204  37.944  -33.096  82.662 0.0000000000
136664  40.811  -25.695  79.099 0.0000000000
137231  43.661  -24.196  82.458 0.0000000000
139727  38.130  -37.740  85.787 0.0000000000
140048  27.518  -47.995  87.358 0.0000000000
