#!ascii label  , from subject sub-v1s2x0051487_ses-1 vox2ras=TkReg
511
19598  46.983  -66.974  30.835 0.0000000000
12909  38.780  -74.736  22.156 0.0000000000
12796  47.675  -73.104  29.056 0.0000000000
13844  42.352  -73.046  26.601 0.0000000000
6840  41.063  -81.315  25.337 0.0000000000
10044  44.773  -77.715  30.712 0.0000000000
6046  41.419  -82.002  29.917 0.0000000000
11889  38.587  -75.634  26.008 0.0000000000
16736  40.197  -70.085  26.272 0.0000000000
16724  48.910  -70.912  27.775 0.0000000000
11866  45.961  -74.544  27.562 0.0000000000
10074  41.092  -77.443  28.542 0.0000000000
9269  40.660  -79.008  24.320 0.0000000000
6175  40.914  -81.932  20.239 0.0000000000
23918  47.827  -62.951  31.748 0.0000000000
20682  50.292  -66.932  30.465 0.0000000000
14759  50.947  -70.576  29.831 0.0000000000
19631  41.940  -67.174  29.105 0.0000000000
7525  44.328  -80.428  32.783 0.0000000000
11913  37.952  -75.821  24.385 0.0000000000
124751  37.867  -72.713  25.141 0.0000000000
13825  50.012  -73.196  27.178 0.0000000000
12819  47.238  -73.972  28.077 0.0000000000
8384  42.777  -79.799  29.035 0.0000000000
10057  43.224  -78.046  30.029 0.0000000000
136544  42.558  -79.848  27.095 0.0000000000
9240  40.559  -79.175  26.422 0.0000000000
7632  41.574  -80.135  25.356 0.0000000000
124513  42.495  -80.175  20.994 0.0000000000
20702  52.528  -66.318  30.190 0.0000000000
18626  51.518  -68.812  29.741 0.0000000000
17643  52.400  -68.381  30.639 0.0000000000
15771  44.099  -72.356  27.164 0.0000000000
123290  42.497  -70.546  27.598 0.0000000000
19670  39.745  -67.770  26.686 0.0000000000
129253  40.462  -65.870  28.075 0.0000000000
12772  45.582  -74.471  31.397 0.0000000000
11818  45.453  -75.665  30.296 0.0000000000
10028  45.542  -77.521  31.674 0.0000000000
7551  43.892  -80.280  30.922 0.0000000000
6810  41.250  -81.794  27.056 0.0000000000
12854  40.817  -73.947  26.849 0.0000000000
15775  41.064  -71.540  26.330 0.0000000000
14805  39.794  -72.168  25.956 0.0000000000
16742  38.748  -69.939  25.469 0.0000000000
137638  40.697  -73.774  21.465 0.0000000000
17630  48.123  -69.432  29.641 0.0000000000
14775  46.181  -72.520  26.559 0.0000000000
12851  44.060  -73.916  26.818 0.0000000000
10953  45.111  -75.750  29.465 0.0000000000
11848  44.203  -75.502  28.901 0.0000000000
11870  41.661  -75.024  28.023 0.0000000000
10986  39.601  -76.541  27.182 0.0000000000
10118  38.642  -77.381  25.161 0.0000000000
10156  39.575  -76.954  23.076 0.0000000000
6881  40.538  -81.349  22.765 0.0000000000
7677  41.604  -80.268  22.464 0.0000000000
9290  41.628  -78.580  22.755 0.0000000000
131479  40.803  -76.379  22.231 0.0000000000
23899  46.422  -63.247  32.340 0.0000000000
129954  47.490  -64.789  31.465 0.0000000000
21726  49.006  -65.162  30.857 0.0000000000
127912  48.996  -67.293  30.533 0.0000000000
18615  49.931  -68.931  29.679 0.0000000000
15744  50.177  -71.093  28.447 0.0000000000
133660  48.977  -72.484  29.271 0.0000000000
13767  50.241  -71.862  31.532 0.0000000000
13769  48.029  -72.830  32.092 0.0000000000
18638  41.221  -68.764  27.876 0.0000000000
139249  46.029  -65.417  31.424 0.0000000000
21730  45.320  -65.480  31.374 0.0000000000
130295  45.901  -66.147  31.072 0.0000000000
122139  38.219  -74.975  22.870 0.0000000000
12911  37.750  -74.283  23.218 0.0000000000
12817  48.543  -73.174  27.907 0.0000000000
12832  48.435  -73.811  27.251 0.0000000000
12797  46.835  -73.702  28.720 0.0000000000
7595  42.484  -80.482  26.924 0.0000000000
8399  42.563  -79.912  27.615 0.0000000000
7615  42.258  -80.155  26.233 0.0000000000
8428  41.850  -79.825  25.851 0.0000000000
6852  41.256  -80.612  24.862 0.0000000000
7711  43.110  -79.915  19.613 0.0000000000
135140  52.697  -66.868  30.145 0.0000000000
14789  43.593  -72.696  26.774 0.0000000000
16727  43.350  -70.950  27.944 0.0000000000
15773  42.588  -71.784  26.742 0.0000000000
21786  40.265  -65.653  27.188 0.0000000000
10909  45.646  -76.201  31.675 0.0000000000
9175  45.991  -77.898  32.739 0.0000000000
6772  42.954  -81.294  31.716 0.0000000000
7538  44.208  -80.420  31.900 0.0000000000
126353  42.604  -81.356  30.229 0.0000000000
6790  42.581  -81.163  29.443 0.0000000000
6066  41.175  -82.019  28.069 0.0000000000
11888  39.432  -75.147  26.726 0.0000000000
137286  39.719  -73.385  26.317 0.0000000000
13847  38.955  -73.785  26.055 0.0000000000
15787  38.515  -71.439  25.274 0.0000000000
16743  38.118  -69.963  24.994 0.0000000000
17679  38.326  -69.230  25.367 0.0000000000
16693  48.780  -69.905  29.194 0.0000000000
16694  47.806  -70.069  29.203 0.0000000000
15724  47.943  -71.117  27.959 0.0000000000
14787  45.428  -73.005  26.474 0.0000000000
12850  44.978  -74.129  26.801 0.0000000000
10925  45.312  -76.411  30.475 0.0000000000
11831  45.333  -75.621  29.705 0.0000000000
10941  44.964  -76.475  30.001 0.0000000000
10072  42.615  -77.854  29.652 0.0000000000
10955  43.705  -76.303  29.481 0.0000000000
129207  42.610  -76.640  29.289 0.0000000000
11869  42.650  -74.917  28.175 0.0000000000
10956  41.594  -76.582  28.715 0.0000000000
136416  40.549  -75.967  27.884 0.0000000000
10957  40.789  -76.588  28.239 0.0000000000
123523  40.444  -79.060  25.117 0.0000000000
10102  39.311  -77.990  26.335 0.0000000000
9270  39.871  -78.483  24.655 0.0000000000
10132  38.744  -77.361  24.392 0.0000000000
9291  40.269  -78.308  23.874 0.0000000000
4146  39.361  -84.514  17.937 0.0000000000
6186  40.569  -82.463  19.734 0.0000000000
5476  39.977  -83.124  19.585 0.0000000000
6176  40.206  -82.502  20.510 0.0000000000
6899  40.606  -81.563  21.885 0.0000000000
6867  41.104  -80.719  23.087 0.0000000000
6898  41.233  -81.187  21.417 0.0000000000
8476  42.760  -78.833  21.801 0.0000000000
132232  42.332  -79.356  22.031 0.0000000000
123040  42.104  -78.010  22.399 0.0000000000
123374  41.374  -77.720  22.612 0.0000000000
11028  42.195  -77.242  22.258 0.0000000000
24923  46.481  -62.125  32.462 0.0000000000
23898  47.206  -63.445  31.940 0.0000000000
22812  46.721  -63.975  31.955 0.0000000000
125890  47.764  -63.667  31.662 0.0000000000
134769  51.300  -65.521  30.541 0.0000000000
22855  50.346  -64.584  30.647 0.0000000000
118880  50.086  -66.123  30.630 0.0000000000
21747  49.260  -65.952  30.701 0.0000000000
118236  49.652  -67.511  30.388 0.0000000000
17611  49.209  -68.798  29.889 0.0000000000
18596  50.409  -67.695  30.172 0.0000000000
16705  51.454  -70.144  29.772 0.0000000000
119468  51.064  -69.889  29.023 0.0000000000
134140  50.297  -70.969  29.032 0.0000000000
14760  49.809  -71.357  29.060 0.0000000000
14751  50.098  -71.411  29.892 0.0000000000
13740  49.713  -72.447  33.082 0.0000000000
13754  49.778  -72.316  32.370 0.0000000000
138059  49.069  -72.517  31.266 0.0000000000
16735  40.611  -70.821  26.288 0.0000000000
17670  41.273  -70.062  27.037 0.0000000000
18639  40.689  -68.710  27.429 0.0000000000
20705  40.853  -66.048  28.951 0.0000000000
11899  37.960  -75.239  25.239 0.0000000000
13863  38.247  -73.866  25.533 0.0000000000
14774  50.070  -72.432  26.932 0.0000000000
15747  48.556  -71.547  27.228 0.0000000000
13840  49.044  -73.578  26.145 0.0000000000
116731  46.660  -74.251  27.404 0.0000000000
8372  43.691  -79.038  30.323 0.0000000000
10056  43.848  -77.719  30.226 0.0000000000
8373  42.962  -79.315  29.590 0.0000000000
8374  42.544  -79.357  29.058 0.0000000000
9217  41.529  -79.076  28.187 0.0000000000
9218  40.801  -78.312  28.192 0.0000000000
8414  41.679  -79.595  26.421 0.0000000000
8429  41.056  -79.503  25.674 0.0000000000
8444  41.150  -79.665  24.886 0.0000000000
6897  41.786  -80.912  20.875 0.0000000000
6914  42.179  -80.770  20.294 0.0000000000
7704  43.002  -79.395  20.867 0.0000000000
19610  51.715  -66.718  30.278 0.0000000000
19629  51.131  -67.887  29.921 0.0000000000
19628  52.044  -67.122  30.158 0.0000000000
18612  51.963  -68.255  29.973 0.0000000000
128159  52.035  -69.091  30.249 0.0000000000
17658  43.045  -70.211  28.356 0.0000000000
18628  42.371  -68.928  28.680 0.0000000000
18654  40.035  -68.628  26.879 0.0000000000
19669  40.307  -67.941  27.340 0.0000000000
119858  40.331  -66.501  27.556 0.0000000000
22881  40.456  -64.117  28.149 0.0000000000
13783  46.190  -73.318  30.321 0.0000000000
13792  46.071  -73.805  29.485 0.0000000000
11809  45.547  -75.536  31.060 0.0000000000
10910  45.524  -76.745  31.223 0.0000000000
9190  45.111  -78.114  31.266 0.0000000000
8363  44.729  -78.948  31.299 0.0000000000
129522  44.212  -79.382  30.772 0.0000000000
7563  43.244  -80.324  29.960 0.0000000000
6809  42.430  -80.804  27.660 0.0000000000
12853  41.748  -73.752  27.022 0.0000000000
139190  42.257  -72.248  26.537 0.0000000000
116667  40.793  -72.776  26.431 0.0000000000
14804  40.592  -72.179  26.237 0.0000000000
16740  39.825  -70.769  25.977 0.0000000000
117335  38.451  -73.042  25.542 0.0000000000
15786  39.431  -71.485  25.691 0.0000000000
16741  39.438  -69.991  25.908 0.0000000000
18655  39.351  -68.484  26.286 0.0000000000
20748  39.637  -66.880  26.353 0.0000000000
12922  39.329  -74.350  21.747 0.0000000000
18599  47.155  -68.317  30.389 0.0000000000
19615  46.652  -67.674  30.598 0.0000000000
17614  46.851  -68.925  29.924 0.0000000000
14788  44.465  -72.913  26.739 0.0000000000
129878  43.209  -73.529  26.788 0.0000000000
117468  45.623  -74.841  28.441 0.0000000000
10942  44.199  -76.869  29.977 0.0000000000
10954  44.623  -76.047  29.505 0.0000000000
11867  44.708  -74.977  28.107 0.0000000000
11868  43.722  -74.943  28.164 0.0000000000
12835  43.235  -74.269  27.370 0.0000000000
12836  42.173  -74.329  27.532 0.0000000000
12837  41.238  -74.476  27.389 0.0000000000
11872  39.953  -75.727  27.352 0.0000000000
10987  39.211  -76.082  26.720 0.0000000000
10090  39.751  -77.469  27.256 0.0000000000
129582  39.183  -76.986  26.631 0.0000000000
10999  38.451  -76.641  25.550 0.0000000000
11012  38.324  -76.710  24.734 0.0000000000
11021  38.419  -76.672  23.880 0.0000000000
11934  38.839  -75.653  22.526 0.0000000000
6099  39.854  -82.426  25.394 0.0000000000
4785  39.734  -83.990  18.223 0.0000000000
6130  39.866  -81.809  23.309 0.0000000000
6853  40.640  -81.273  24.518 0.0000000000
7646  41.025  -80.597  23.951 0.0000000000
7645  41.257  -80.000  24.209 0.0000000000
137196  41.057  -79.493  23.982 0.0000000000
7692  41.755  -80.531  21.668 0.0000000000
8477  41.829  -79.655  22.497 0.0000000000
9268  40.999  -78.853  23.519 0.0000000000
10145  40.759  -78.045  23.122 0.0000000000
10155  40.476  -77.126  22.780 0.0000000000
11942  39.642  -75.195  21.863 0.0000000000
11941  40.661  -75.020  21.626 0.0000000000
25922  44.709  -61.575  33.117 0.0000000000
25938  45.584  -61.799  32.815 0.0000000000
24924  45.665  -62.723  32.728 0.0000000000
22813  46.022  -64.122  32.061 0.0000000000
22833  46.650  -64.829  31.629 0.0000000000
20668  47.197  -66.245  31.016 0.0000000000
23938  50.073  -63.603  30.624 0.0000000000
22830  48.733  -64.347  31.079 0.0000000000
21727  48.158  -65.131  31.179 0.0000000000
20667  47.924  -65.994  30.924 0.0000000000
20685  47.738  -66.823  30.776 0.0000000000
18598  47.989  -68.230  30.435 0.0000000000
119842  48.793  -69.301  29.681 0.0000000000
16708  49.272  -70.406  28.392 0.0000000000
17628  50.551  -69.163  29.511 0.0000000000
17645  50.513  -69.844  28.935 0.0000000000
16723  49.749  -70.963  27.760 0.0000000000
14773  49.788  -72.284  27.390 0.0000000000
13809  49.250  -72.229  28.100 0.0000000000
12785  48.249  -72.653  29.766 0.0000000000
13788  49.876  -71.808  30.292 0.0000000000
12784  48.756  -72.532  30.688 0.0000000000
13782  47.014  -72.751  30.500 0.0000000000
16728  42.218  -71.073  26.886 0.0000000000
17660  41.816  -69.914  27.566 0.0000000000
18629  41.603  -68.464  28.395 0.0000000000
19639  40.881  -67.366  28.365 0.0000000000
20718  41.171  -66.926  28.822 0.0000000000
4145  39.968  -84.066  17.484 0.0000000000
4779  39.464  -83.932  19.127 0.0000000000
5475  40.637  -82.704  18.968 0.0000000000
6038  42.049  -81.577  30.352 0.0000000000
6045  41.964  -81.579  29.188 0.0000000000
6056  41.225  -82.149  29.068 0.0000000000
6098  40.412  -82.016  25.856 0.0000000000
6113  40.047  -81.657  24.034 0.0000000000
6154  40.709  -81.783  21.035 0.0000000000
6185  41.145  -82.095  19.438 0.0000000000
6754  43.924  -80.586  32.982 0.0000000000
6762  43.806  -80.742  32.223 0.0000000000
6771  43.554  -80.903  31.687 0.0000000000
6781  43.187  -81.089  30.774 0.0000000000
6782  42.502  -81.385  30.984 0.0000000000
6789  42.949  -80.929  29.895 0.0000000000
6799  42.546  -80.824  28.474 0.0000000000
6800  41.916  -81.454  28.279 0.0000000000
6839  41.751  -80.771  25.674 0.0000000000
6868  40.539  -81.198  23.629 0.0000000000
6880  41.153  -80.913  22.230 0.0000000000
7562  43.190  -79.693  29.722 0.0000000000
7576  42.891  -80.060  29.042 0.0000000000
7577  42.797  -80.528  29.167 0.0000000000
7593  42.686  -79.977  28.307 0.0000000000
7594  42.661  -80.192  27.649 0.0000000000
7614  42.577  -79.923  26.914 0.0000000000
7660  41.408  -80.087  23.246 0.0000000000
7676  42.154  -79.880  21.890 0.0000000000
7705  42.632  -80.368  19.975 0.0000000000
8351  44.505  -79.731  31.441 0.0000000000
8385  42.601  -79.769  28.578 0.0000000000
8386  42.293  -79.663  28.073 0.0000000000
8400  42.080  -79.636  27.177 0.0000000000
8413  42.361  -79.865  26.586 0.0000000000
8458  42.108  -79.076  22.396 0.0000000000
8459  41.450  -79.452  23.159 0.0000000000
8490  43.051  -78.955  21.259 0.0000000000
8491  42.671  -79.416  21.508 0.0000000000
9176  45.568  -78.179  32.005 0.0000000000
9191  44.442  -78.542  30.783 0.0000000000
9202  44.145  -78.162  30.486 0.0000000000
9203  43.453  -78.549  30.178 0.0000000000
9204  42.839  -78.699  29.662 0.0000000000
9216  42.095  -78.766  29.044 0.0000000000
9231  40.866  -79.097  27.384 0.0000000000
9232  39.971  -78.530  26.937 0.0000000000
9241  39.836  -78.735  26.221 0.0000000000
9254  40.242  -79.045  25.796 0.0000000000
9292  39.429  -77.848  24.172 0.0000000000
9309  42.460  -78.454  22.242 0.0000000000
10043  45.282  -77.244  30.898 0.0000000000
10054  45.012  -77.020  30.493 0.0000000000
10055  44.526  -77.327  30.368 0.0000000000
10073  41.833  -77.581  29.120 0.0000000000
10089  40.436  -77.409  27.958 0.0000000000
10103  38.769  -77.292  25.933 0.0000000000
10117  39.090  -77.994  24.893 0.0000000000
10146  39.930  -77.560  23.472 0.0000000000
10147  39.042  -77.224  23.644 0.0000000000
10943  43.384  -77.242  29.846 0.0000000000
10969  40.152  -76.590  27.674 0.0000000000
11029  41.313  -76.989  22.406 0.0000000000
11030  39.755  -76.245  22.467 0.0000000000
11031  38.875  -76.520  23.084 0.0000000000
11802  45.714  -75.357  32.169 0.0000000000
11845  47.680  -73.852  27.601 0.0000000000
11846  45.384  -75.255  29.100 0.0000000000
11847  45.064  -75.355  28.793 0.0000000000
11849  43.155  -75.604  28.869 0.0000000000
11850  42.128  -75.710  28.609 0.0000000000
11851  41.195  -75.802  28.281 0.0000000000
11864  47.089  -74.122  27.635 0.0000000000
11865  46.287  -74.499  28.060 0.0000000000
11871  40.789  -75.266  27.697 0.0000000000
11885  46.568  -74.132  26.842 0.0000000000
11886  45.802  -74.273  26.813 0.0000000000
11887  40.297  -74.739  27.155 0.0000000000
11922  38.253  -75.834  23.359 0.0000000000
11923  37.807  -75.024  23.735 0.0000000000
11933  40.389  -75.724  21.940 0.0000000000
12761  49.338  -72.467  31.751 0.0000000000
12773  45.541  -74.977  30.305 0.0000000000
12783  49.285  -72.394  30.837 0.0000000000
12786  45.635  -74.099  30.292 0.0000000000
12794  48.716  -72.651  28.677 0.0000000000
12795  48.303  -72.890  28.814 0.0000000000
12816  48.787  -72.835  27.971 0.0000000000
12818  47.824  -73.510  28.139 0.0000000000
12820  46.481  -74.214  28.358 0.0000000000
12831  49.210  -73.489  27.190 0.0000000000
12833  45.209  -74.595  27.407 0.0000000000
12834  44.329  -74.506  27.370 0.0000000000
12847  49.074  -73.985  26.624 0.0000000000
12852  42.537  -73.764  27.052 0.0000000000
12855  39.808  -74.149  26.566 0.0000000000
12856  38.986  -74.654  26.297 0.0000000000
12871  38.386  -74.597  25.748 0.0000000000
12872  37.870  -74.361  25.174 0.0000000000
12921  40.171  -74.217  21.568 0.0000000000
13755  49.296  -72.678  32.571 0.0000000000
13766  50.605  -71.493  31.417 0.0000000000
13768  49.789  -72.201  31.604 0.0000000000
13771  45.807  -73.617  31.093 0.0000000000
13780  49.830  -72.110  30.866 0.0000000000
13781  48.029  -72.635  30.839 0.0000000000
13789  49.301  -72.218  29.875 0.0000000000
13790  47.598  -72.752  29.866 0.0000000000
13791  46.862  -73.153  29.573 0.0000000000
13808  49.508  -71.894  29.159 0.0000000000
13824  49.946  -72.787  27.352 0.0000000000
13838  50.184  -72.984  27.000 0.0000000000
13839  49.605  -73.344  26.798 0.0000000000
13842  44.750  -73.476  26.604 0.0000000000
13843  43.867  -73.255  26.647 0.0000000000
13845  41.297  -73.209  26.624 0.0000000000
13846  40.431  -73.380  26.541 0.0000000000
13862  39.335  -72.877  25.964 0.0000000000
13864  37.772  -73.489  25.075 0.0000000000
13889  37.497  -73.576  23.573 0.0000000000
14704  50.093  -71.968  33.329 0.0000000000
14718  50.257  -72.028  32.845 0.0000000000
14750  50.765  -70.971  30.421 0.0000000000
14761  49.545  -71.918  28.092 0.0000000000
14772  49.821  -71.515  28.216 0.0000000000
14783  49.805  -72.981  26.601 0.0000000000
14784  48.866  -72.827  26.143 0.0000000000
14790  42.883  -72.465  26.658 0.0000000000
14791  41.487  -72.369  26.437 0.0000000000
14806  38.982  -72.221  25.594 0.0000000000
15723  50.880  -70.462  29.095 0.0000000000
15745  49.757  -71.690  27.642 0.0000000000
15746  49.816  -71.725  27.437 0.0000000000
15751  44.634  -71.895  27.627 0.0000000000
15752  43.727  -71.671  27.541 0.0000000000
15753  42.925  -71.361  27.271 0.0000000000
15768  49.418  -72.240  26.831 0.0000000000
15772  43.292  -72.050  26.974 0.0000000000
15774  41.877  -71.613  26.508 0.0000000000
15785  40.217  -71.506  26.094 0.0000000000
15788  37.809  -70.837  24.792 0.0000000000
16691  51.943  -69.465  30.693 0.0000000000
16692  51.543  -70.052  30.337 0.0000000000
16704  51.669  -69.582  29.793 0.0000000000
16706  50.446  -70.457  28.628 0.0000000000
16707  50.100  -70.470  28.350 0.0000000000
16709  48.340  -70.509  28.561 0.0000000000
16722  50.073  -71.063  27.929 0.0000000000
16729  41.869  -70.468  27.072 0.0000000000
17612  48.443  -68.784  30.011 0.0000000000
17613  47.640  -68.867  29.996 0.0000000000
17629  49.424  -69.423  29.483 0.0000000000
17631  47.305  -69.520  29.617 0.0000000000
17644  51.004  -69.346  29.453 0.0000000000
17646  49.739  -69.915  28.886 0.0000000000
17650  42.889  -69.541  28.663 0.0000000000
17659  42.367  -69.752  28.182 0.0000000000
17661  41.221  -69.352  27.468 0.0000000000
17671  40.558  -69.488  26.877 0.0000000000
17672  39.742  -69.316  26.384 0.0000000000
17678  38.982  -69.228  25.914 0.0000000000
18597  49.771  -68.232  30.053 0.0000000000
18610  53.058  -67.739  30.905 0.0000000000
18611  52.498  -67.830  30.403 0.0000000000
18613  51.129  -68.633  29.713 0.0000000000
18614  50.516  -68.433  29.826 0.0000000000
18625  51.778  -68.971  29.863 0.0000000000
18637  41.745  -69.214  28.051 0.0000000000
18672  38.590  -68.347  25.606 0.0000000000
19599  46.234  -66.954  30.810 0.0000000000
19611  51.041  -67.152  30.260 0.0000000000
19612  48.910  -68.079  30.339 0.0000000000
19613  48.289  -67.467  30.605 0.0000000000
19614  47.470  -67.614  30.647 0.0000000000
19637  42.156  -68.018  28.904 0.0000000000
19638  41.413  -67.683  28.626 0.0000000000
19650  40.887  -68.061  28.026 0.0000000000
19686  39.139  -67.559  25.996 0.0000000000
20669  46.590  -66.415  30.987 0.0000000000
20681  51.006  -66.278  30.523 0.0000000000
20683  49.488  -66.746  30.577 0.0000000000
20684  48.609  -66.584  30.680 0.0000000000
20701  53.128  -66.254  30.158 0.0000000000
20719  40.674  -66.709  28.313 0.0000000000
20731  40.506  -67.304  27.807 0.0000000000
20747  40.089  -67.113  27.095 0.0000000000
21714  44.862  -64.835  31.700 0.0000000000
21728  47.341  -65.464  31.270 0.0000000000
21729  46.620  -65.761  31.252 0.0000000000
21745  50.619  -65.449  30.625 0.0000000000
21746  49.804  -65.294  30.715 0.0000000000
22831  47.997  -64.279  31.457 0.0000000000
22832  47.310  -64.177  31.714 0.0000000000
22874  40.409  -64.518  28.989 0.0000000000
23900  45.501  -63.538  32.473 0.0000000000
23917  48.448  -63.443  31.333 0.0000000000
23937  50.931  -63.861  30.456 0.0000000000
24922  47.183  -62.621  32.129 0.0000000000
24925  44.900  -62.422  33.001 0.0000000000
117219  40.373  -64.924  27.721 0.0000000000
117875  40.052  -66.273  26.742 0.0000000000
118558  51.721  -67.957  29.875 0.0000000000
118778  51.741  -69.686  30.188 0.0000000000
119752  48.801  -72.515  29.701 0.0000000000
120151  50.067  -69.486  29.323 0.0000000000
121208  43.676  -79.720  30.319 0.0000000000
122235  39.104  -70.701  25.519 0.0000000000
123256  40.272  -78.188  27.616 0.0000000000
123978  45.279  -74.844  28.003 0.0000000000
124142  51.592  -67.390  30.069 0.0000000000
124334  37.602  -72.774  24.651 0.0000000000
124444  52.268  -67.528  30.156 0.0000000000
124794  49.067  -72.385  28.803 0.0000000000
124969  39.599  -78.516  25.506 0.0000000000
125110  38.981  -77.890  25.560 0.0000000000
125430  43.190  -72.996  26.596 0.0000000000
126130  51.394  -69.479  29.544 0.0000000000
126973  45.759  -76.974  32.191 0.0000000000
127463  40.827  -70.253  26.575 0.0000000000
128407  38.118  -76.062  25.210 0.0000000000
128834  41.406  -78.281  28.696 0.0000000000
129621  41.431  -70.810  26.592 0.0000000000
129711  49.308  -71.470  27.387 0.0000000000
130287  42.014  -81.284  27.316 0.0000000000
130754  37.534  -74.241  24.042 0.0000000000
131014  41.737  -76.415  22.066 0.0000000000
131429  38.476  -70.572  25.170 0.0000000000
132102  38.221  -72.284  25.303 0.0000000000
132174  40.103  -72.774  26.285 0.0000000000
132474  52.789  -67.219  30.269 0.0000000000
132695  42.720  -80.235  28.449 0.0000000000
133650  50.254  -71.810  30.976 0.0000000000
133914  48.819  -72.662  31.736 0.0000000000
135530  42.124  -81.597  29.861 0.0000000000
136374  40.345  -73.389  21.397 0.0000000000
136480  48.585  -65.764  30.815 0.0000000000
137598  38.775  -76.545  26.191 0.0000000000
138081  52.114  -68.517  30.184 0.0000000000
138117  50.361  -71.112  29.647 0.0000000000
138861  42.937  -79.807  20.353 0.0000000000
138891  45.513  -76.138  30.880 0.0000000000
139193  41.262  -81.438  20.725 0.0000000000
140008  51.400  -69.941  29.339 0.0000000000
