#!ascii label  , from subject sub-v1s2x0051493_ses-1 vox2ras=TkReg
1597
130679  31.649  -61.035  20.519 0.8999999762
30397  31.728  -61.804  20.199 0.8000000119
30412  32.346  -61.965  19.461 0.8000000119
28382  32.188  -63.604  18.557 0.6999999881
29418  32.503  -62.822  18.085 0.8000000119
29399  30.254  -62.100  20.446 0.8999999762
30396  32.325  -61.212  19.947 1.0000000000
31450  32.649  -60.493  19.532 1.0000000000
127135  32.645  -61.213  19.065 0.8999999762
122222  32.616  -61.933  18.414 0.8000000119
130389  32.400  -62.797  17.311 0.8000000119
30442  32.604  -61.328  17.433 0.8999999762
28401  32.195  -63.161  16.775 0.8000000119
29468  32.477  -62.280  15.884 0.6999999881
28416  32.090  -62.839  15.982 0.6999999881
30400  29.293  -60.986  20.278 0.8000000119
31438  30.732  -60.648  20.732 0.8999999762
130639  30.238  -59.862  20.823 0.8999999762
31439  29.738  -60.460  20.573 0.8999999762
31451  28.153  -60.169  19.556 0.8999999762
31436  32.235  -60.499  20.301 0.8999999762
30426  32.702  -61.095  18.229 0.8999999762
32522  32.784  -59.587  17.787 1.0000000000
31478  32.675  -60.498  17.628 0.8999999762
30461  32.601  -61.218  16.682 0.8999999762
29444  32.383  -62.346  16.601 0.8000000119
29485  32.545  -62.770  15.267 0.6999999881
33452  31.872  -58.773  21.015 0.8999999762
32484  30.715  -59.337  21.068 0.8999999762
32486  29.408  -59.642  20.544 0.8999999762
32498  28.611  -59.398  20.040 0.8999999762
31452  27.448  -60.116  18.816 0.8999999762
32483  31.548  -59.481  20.882 0.8999999762
126196  32.109  -59.891  20.537 0.8999999762
32510  32.909  -59.614  19.045 1.0000000000
31513  32.877  -60.824  16.210 0.8000000119
30484  32.646  -61.612  16.147 0.8000000119
30499  33.963  -61.728  15.132 0.8000000119
30498  34.667  -61.352  14.423 0.8000000119
29483  34.449  -62.331  14.542 0.8000000119
30506  35.057  -61.332  13.434 0.8000000119
123540  29.132  -58.745  20.630 0.8999999762
33463  27.806  -59.098  19.272 0.8999999762
130390  27.168  -59.256  18.372 0.8999999762
33443  31.518  -58.309  21.299 0.8999999762
34405  27.868  -57.957  19.279 0.8999999762
33478  27.370  -58.375  18.590 0.8000000119
32523  26.771  -59.319  17.546 0.8000000119
140496  32.430  -58.558  20.750 0.8999999762
34417  27.484  -57.496  18.568 0.6999999881
132860  27.068  -57.898  18.122 0.6999999881
132204  26.748  -57.881  17.537 0.6999999881
33461  32.945  -58.560  20.173 0.8999999762
34436  26.640  -57.176  17.272 0.6999999881
34462  25.936  -57.865  15.996 0.6999999881
33460  33.361  -58.025  19.595 1.0000000000
35395  26.343  -56.518  16.998 0.6000000238
33477  33.127  -58.741  19.270 1.0000000000
124803  33.034  -58.805  18.296 1.0000000000
33508  32.583  -59.146  16.926 1.0000000000
31496  32.593  -60.634  16.864 0.8999999762
33495  32.700  -58.631  17.292 1.0000000000
124168  32.686  -59.308  16.365 0.8999999762
32547  32.821  -60.076  16.330 0.8000000119
31512  33.409  -60.258  15.656 0.8000000119
31521  34.076  -60.833  15.120 0.8000000119
31520  34.311  -59.859  14.121 0.8000000119
31526  34.729  -60.550  13.786 0.8000000119
32573  34.372  -59.882  13.215 0.8000000119
31533  34.241  -60.001  12.267 0.8000000119
33444  30.848  -58.157  21.413 0.8999999762
33462  28.410  -58.421  19.986 0.8999999762
34389  30.645  -57.385  21.443 0.8999999762
34390  29.981  -57.147  21.269 0.8999999762
33454  28.903  -57.839  20.612 0.8999999762
35359  28.540  -56.632  19.960 0.8999999762
33442  32.120  -58.140  21.143 0.8999999762
34435  27.065  -57.231  17.923 0.6999999881
33451  32.712  -58.006  20.702 0.8999999762
130761  27.468  -55.915  18.249 0.6000000238
35394  26.981  -56.346  17.702 0.6000000238
34395  33.466  -57.337  19.956 1.0000000000
36313  25.584  -55.564  15.859 0.5000000000
33476  33.354  -58.087  18.698 1.0000000000
34416  33.541  -57.403  18.201 1.0000000000
33494  33.099  -58.029  17.769 1.0000000000
34434  32.743  -57.823  16.892 1.0000000000
34446  32.658  -57.531  16.157 1.0000000000
129191  32.681  -58.247  15.361 0.8999999762
32546  33.459  -59.402  15.297 0.8000000119
33538  33.192  -58.661  14.907 0.8000000119
32555  33.764  -59.244  14.483 0.8000000119
137893  32.720  -57.637  14.014 0.8999999762
33545  33.272  -58.513  13.873 0.8000000119
33546  32.760  -57.895  13.602 0.8999999762
33554  33.409  -58.765  12.995 0.8000000119
32575  32.898  -58.846  12.057 0.8000000119
127962  31.585  -57.900  11.117 0.8000000119
33565  32.074  -58.562  11.120 0.8000000119
34398  28.814  -57.126  20.418 0.8999999762
34388  31.574  -57.588  21.420 0.8999999762
35346  31.286  -56.743  21.522 0.8999999762
129952  28.328  -55.998  19.467 0.6999999881
35378  27.871  -56.005  18.808 0.8000000119
35357  32.835  -56.753  21.057 0.8999999762
133643  32.548  -56.098  21.368 0.8999999762
137850  26.468  -55.659  17.298 0.6000000238
36312  25.965  -55.902  16.681 0.6000000238
37187  27.525  -54.645  18.384 0.6999999881
36302  26.522  -54.855  17.488 0.6000000238
126436  25.958  -54.985  16.795 0.5000000000
34403  33.619  -57.377  19.108 1.0000000000
37199  26.316  -54.124  17.221 0.5000000000
37213  25.891  -54.064  16.446 0.5000000000
35377  33.848  -56.720  18.618 1.0000000000
34433  33.270  -57.315  17.356 1.0000000000
35407  33.417  -56.211  16.350 1.0000000000
34461  32.617  -57.557  15.329 0.8999999762
36300  33.878  -56.083  17.289 1.0000000000
35416  33.251  -56.099  15.328 0.8999999762
35408  32.800  -56.843  15.765 0.8999999762
34475  32.713  -57.308  14.344 0.8999999762
35417  32.848  -56.715  14.821 0.8999999762
35428  33.114  -56.651  13.806 0.8999999762
127052  32.680  -57.522  12.661 0.8999999762
33555  32.876  -58.266  12.880 0.8999999762
35440  33.454  -55.918  13.263 0.8999999762
35441  33.115  -56.666  12.880 0.8999999762
34495  32.089  -57.339  11.696 0.8999999762
35450  32.506  -56.650  12.185 0.8999999762
35347  30.471  -56.585  21.385 0.8999999762
35348  29.735  -56.492  21.045 0.8999999762
36271  28.824  -55.840  20.096 0.8999999762
36270  29.488  -55.695  20.724 0.8999999762
36275  29.113  -54.924  20.152 1.0000000000
36276  28.602  -55.344  19.643 0.8000000119
36254  31.068  -55.855  21.537 0.8999999762
36287  28.206  -55.314  19.097 0.6999999881
35356  33.388  -56.665  20.433 0.8999999762
135023  33.227  -56.039  20.978 0.8999999762
37186  28.063  -54.605  18.840 0.6999999881
37198  26.952  -54.182  17.968 0.6999999881
35364  33.742  -56.570  19.547 1.0000000000
38205  26.132  -53.326  16.848 0.5000000000
38206  25.720  -53.284  16.070 0.5000000000
36286  34.057  -56.039  18.981 1.0000000000
35376  34.081  -56.093  18.154 1.0000000000
37197  34.441  -54.641  17.520 1.0000000000
36299  34.265  -55.420  17.737 1.0000000000
36320  33.765  -55.444  15.721 1.0000000000
36311  34.121  -55.273  16.728 1.0000000000
37212  34.453  -54.272  16.697 1.0000000000
36329  33.914  -55.156  14.334 0.8999999762
36337  33.508  -55.071  12.996 0.8999999762
35517  31.605  -57.035  7.670 0.6999999881
36414  31.570  -56.153  7.571 0.8000000119
35518  30.937  -56.945  7.980 0.8000000119
36404  29.923  -55.942  8.282 0.8000000119
36253  32.044  -55.392  21.610 0.8999999762
127527  31.215  -55.064  21.619 1.0000000000
36269  30.426  -55.133  21.321 1.0000000000
37164  29.593  -54.053  20.597 1.0000000000
37177  28.578  -54.669  19.428 0.6999999881
36267  33.673  -55.854  20.167 0.8999999762
36252  32.963  -55.369  21.331 0.8999999762
135830  27.724  -53.805  18.601 0.6999999881
38189  26.613  -53.319  17.565 0.6000000238
138257  34.093  -55.366  19.463 1.0000000000
36268  33.435  -55.378  20.815 0.8999999762
138650  25.897  -52.619  16.521 0.4000000060
141309  34.416  -54.880  18.210 1.0000000000
37222  34.369  -54.073  15.036 1.0000000000
38215  34.464  -53.283  15.327 1.0000000000
36374  29.379  -55.161  10.567 0.8999999762
35514  33.998  -56.610  7.823 0.6000000238
36402  32.657  -55.718  7.497 0.6000000238
130898  31.977  -55.102  7.326 0.8000000119
131997  30.007  -54.923  7.745 0.8000000119
35485  30.292  -56.670  8.897 0.8999999762
35472  30.278  -56.746  9.752 0.8999999762
37139  32.630  -54.603  21.586 0.8999999762
37140  31.702  -54.520  21.780 0.8999999762
37176  29.042  -53.988  19.752 0.8000000119
135725  28.437  -53.890  19.157 0.6999999881
38178  27.695  -52.981  18.607 0.6999999881
39208  27.395  -52.416  18.365 0.6000000238
39236  26.050  -51.928  16.853 0.4000000060
37174  34.177  -54.523  19.728 1.0000000000
37175  33.794  -55.009  20.273 0.8999999762
37185  34.385  -54.703  18.926 1.0000000000
135748  34.507  -54.177  18.293 1.0000000000
38187  34.550  -53.755  17.497 1.0000000000
38204  34.533  -53.390  16.673 1.0000000000
144733  34.528  -53.134  15.995 1.0000000000
39250  34.492  -52.574  15.599 1.0000000000
36362  29.778  -54.867  11.489 0.8999999762
37261  29.399  -54.173  11.942 0.8999999762
37273  29.177  -54.424  11.133 0.8999999762
36391  29.054  -55.350  9.532 0.8999999762
36388  34.568  -55.806  9.685 0.6000000238
35499  33.959  -55.999  8.575 0.6000000238
36401  33.416  -55.581  8.049 0.6000000238
37300  32.287  -54.252  7.793 0.8000000119
37301  31.187  -54.491  7.440 0.8000000119
36405  29.127  -55.301  8.551 0.8999999762
37141  30.810  -54.422  21.559 0.8999999762
37163  30.139  -54.433  21.162 0.8999999762
38150  29.694  -53.239  20.781 0.6999999881
127820  30.737  -52.929  21.894 0.8999999762
38131  30.260  -53.652  21.350 0.8999999762
38177  28.234  -53.110  18.977 0.6000000238
37162  33.418  -54.608  21.018 1.0000000000
137647  33.084  -53.852  21.513 1.0000000000
131485  32.695  -53.280  21.897 1.0000000000
39194  28.542  -52.422  19.298 0.6000000238
39207  27.948  -52.381  18.851 0.6000000238
40153  27.092  -51.681  18.044 0.5000000000
139286  34.179  -53.902  20.043 1.0000000000
37161  33.881  -54.337  20.370 1.0000000000
123913  34.295  -53.180  20.017 1.0000000000
38163  34.433  -53.801  19.232 1.0000000000
38176  34.573  -53.285  18.348 1.0000000000
39217  34.578  -52.750  17.452 1.0000000000
39235  34.551  -52.592  16.454 1.0000000000
132242  34.531  -51.858  16.009 1.0000000000
39265  34.089  -52.255  14.435 1.0000000000
38241  34.091  -52.972  14.061 1.0000000000
40219  33.464  -52.213  13.959 1.0000000000
39282  32.772  -52.666  13.487 1.0000000000
39283  31.822  -52.436  13.463 1.0000000000
38245  31.179  -53.039  13.158 0.8999999762
38244  32.184  -53.185  13.115 0.8999999762
37260  30.162  -54.397  12.188 0.8999999762
37292  28.952  -54.571  9.106 0.8999999762
37288  35.433  -54.773  10.227 0.6000000238
142540  34.905  -55.208  10.219 0.6000000238
36389  33.804  -55.244  8.973 0.6000000238
38307  31.556  -53.602  7.809 0.8000000119
38309  30.025  -53.566  8.196 0.8000000119
128587  31.839  -53.007  22.187 0.8999999762
39178  29.970  -52.720  21.268 0.6999999881
39193  29.105  -52.464  19.793 0.6000000238
38128  33.342  -53.050  21.472 0.8999999762
40131  28.218  -51.597  19.138 0.6000000238
126435  27.642  -51.803  18.616 0.5000000000
38149  33.753  -53.654  20.751 1.0000000000
39177  33.942  -52.681  20.776 0.8999999762
39192  34.512  -52.822  19.185 1.0000000000
39206  34.582  -52.406  18.386 1.0000000000
123561  34.595  -51.991  17.787 1.0000000000
123257  34.568  -51.126  17.170 1.0000000000
40171  34.522  -51.151  16.442 1.0000000000
41017  34.380  -50.448  16.019 1.0000000000
144885  34.089  -51.164  14.978 1.0000000000
130226  33.063  -51.293  14.232 1.0000000000
40220  32.475  -51.862  13.789 1.0000000000
39284  30.843  -52.250  13.482 1.0000000000
39299  29.430  -52.723  12.830 0.8999999762
146019  29.752  -53.813  12.411 0.8999999762
38275  28.881  -53.716  11.528 0.8999999762
39321  28.151  -52.361  10.525 0.8999999762
37289  34.730  -54.436  10.156 0.6000000238
142374  34.401  -55.031  9.784 0.6000000238
141733  33.094  -54.258  8.636 0.6000000238
38295  32.522  -53.591  8.556 0.6999999881
39341  30.916  -52.464  8.300 0.6999999881
38308  30.788  -53.128  7.993 0.6999999881
38310  29.349  -53.702  8.712 0.8000000119
143365  29.034  -53.137  8.892 0.8999999762
38292  35.764  -54.021  9.842 0.6000000238
39332  30.433  -51.978  8.605 0.6999999881
39342  29.921  -52.873  8.416 0.8000000119
39333  29.145  -52.230  8.764 0.8999999762
39179  29.496  -52.524  20.517 0.6999999881
40130  28.812  -51.105  19.629 0.6000000238
135080  32.064  -52.207  22.364 0.8999999762
39166  31.185  -52.237  22.270 0.8000000119
39167  30.324  -52.083  21.765 0.6999999881
40104  32.833  -51.642  22.224 0.8000000119
39176  34.411  -52.185  19.973 1.0000000000
40102  34.190  -51.132  21.005 0.8000000119
40968  34.493  -50.648  19.828 0.8999999762
40118  34.378  -51.296  20.307 0.8000000119
138068  34.534  -52.067  19.085 1.0000000000
126379  34.571  -51.527  18.439 1.0000000000
125891  34.594  -50.703  17.853 1.0000000000
41002  34.546  -50.495  16.896 1.0000000000
41803  34.406  -49.740  16.506 1.0000000000
41018  34.054  -50.506  15.240 1.0000000000
41033  32.748  -50.331  14.503 1.0000000000
40221  31.499  -51.650  13.769 1.0000000000
39285  29.867  -51.975  13.329 0.8999999762
38265  29.181  -53.391  12.273 0.8999999762
40237  28.048  -51.741  11.121 0.8999999762
37291  33.374  -53.647  9.369 0.6000000238
38296  31.854  -52.828  8.547 0.6999999881
38298  28.420  -53.036  9.752 0.8999999762
39328  35.260  -52.729  9.935 0.6000000238
38293  35.165  -53.660  10.226 0.6000000238
40259  30.000  -51.333  8.853 0.6999999881
39168  29.684  -51.855  21.072 0.6999999881
40120  29.271  -51.635  20.156 0.6000000238
40086  31.646  -51.453  22.468 0.8000000119
39151  30.680  -51.588  22.240 0.8000000119
40105  29.956  -51.140  21.738 0.6999999881
40106  29.464  -50.991  20.797 0.6999999881
40938  33.259  -50.638  22.130 0.6999999881
40936  34.349  -50.584  20.664 0.6999999881
124269  34.537  -50.068  19.372 0.8000000119
41766  34.590  -49.819  18.490 0.8000000119
133767  34.610  -49.195  17.875 0.8000000119
131293  34.581  -49.832  17.441 0.8999999762
42593  34.468  -49.050  17.071 0.8999999762
41817  34.049  -49.727  15.624 1.0000000000
133544  33.501  -49.929  14.965 1.0000000000
40205  32.115  -51.047  14.120 1.0000000000
40206  31.185  -50.898  14.053 1.0000000000
41818  32.815  -49.430  14.840 1.0000000000
41034  31.715  -50.265  14.355 1.0000000000
40222  30.606  -51.436  13.715 1.0000000000
40223  29.892  -51.061  13.596 1.0000000000
140368  29.312  -51.350  13.197 0.8999999762
41056  28.621  -51.079  12.675 0.8999999762
40232  28.395  -51.859  12.113 0.8999999762
121855  27.957  -51.144  11.731 0.8999999762
131482  34.779  -52.940  10.315 0.6000000238
38294  34.287  -53.514  10.105 0.6000000238
130492  32.885  -52.980  9.289 0.6000000238
39330  32.484  -52.313  9.463 0.6999999881
40249  27.744  -51.652  10.089 0.8999999762
39334  28.234  -52.053  9.493 0.8999999762
137394  30.688  -50.752  9.305 0.6999999881
40260  28.860  -51.376  8.969 0.8999999762
40261  28.022  -51.386  9.461 0.8999999762
40927  31.645  -50.596  22.531 0.6999999881
40087  30.726  -50.870  22.373 0.6000000238
40939  30.094  -50.239  22.091 0.6000000238
40955  29.326  -50.307  20.450 0.6000000238
40928  30.924  -50.096  22.480 0.6000000238
41723  33.762  -49.778  21.763 0.6999999881
41722  34.263  -49.996  21.072 0.6999999881
42540  34.490  -49.024  20.145 0.6999999881
42566  34.619  -48.194  18.660 0.8000000119
42602  34.115  -48.954  16.150 0.8000000119
128246  33.440  -48.984  15.368 1.0000000000
41827  32.140  -49.694  14.613 1.0000000000
129022  29.959  -50.160  13.810 1.0000000000
41828  31.306  -49.419  14.538 1.0000000000
41035  30.826  -50.160  14.174 1.0000000000
41046  29.207  -49.794  13.431 1.0000000000
144861  28.624  -49.520  13.151 1.0000000000
126453  28.644  -50.163  12.913 1.0000000000
41057  28.008  -50.399  12.176 0.8999999762
39319  33.301  -52.498  9.997 0.6000000238
41068  27.465  -51.114  10.624 0.8999999762
39329  34.833  -52.228  10.254 0.6000000238
142496  33.677  -52.053  10.379 0.6000000238
39320  33.018  -51.877  10.168 0.6999999881
41069  26.836  -50.472  10.439 0.8999999762
40248  32.013  -51.070  10.072 0.6999999881
41886  30.181  -49.823  9.051 0.6999999881
41093  28.439  -50.750  9.065 0.8999999762
41725  29.769  -49.495  21.717 0.5000000000
41716  32.384  -49.452  22.509 0.6000000238
42524  30.917  -48.756  22.417 0.5000000000
41724  33.269  -49.194  22.272 0.6999999881
126741  33.119  -49.873  22.350 0.6999999881
134882  33.821  -48.957  21.777 0.6999999881
124968  34.424  -48.318  20.530 0.6999999881
42531  34.275  -49.176  21.036 0.6999999881
42553  34.587  -48.434  19.497 0.6999999881
43445  34.653  -47.649  19.126 0.6999999881
43458  34.568  -47.599  18.282 0.8000000119
42583  34.545  -48.383  17.797 0.8000000119
43468  34.331  -47.528  17.388 0.8000000119
42594  34.220  -48.231  16.779 0.8000000119
43476  33.837  -47.400  16.534 0.8000000119
42603  33.695  -48.137  15.917 0.8000000119
42604  32.962  -48.105  15.368 0.8999999762
42617  32.070  -49.026  14.827 1.0000000000
43486  33.174  -47.341  15.818 0.8000000119
42605  32.020  -48.206  15.089 0.8999999762
42618  31.425  -48.669  14.799 1.0000000000
42619  30.657  -48.635  14.557 1.0000000000
41839  29.687  -49.288  13.838 1.0000000000
134941  28.243  -48.956  13.101 1.0000000000
137563  27.444  -50.617  11.340 0.8999999762
41058  27.184  -49.857  11.632 0.8999999762
41863  26.516  -49.499  10.500 0.8999999762
40245  34.235  -51.794  10.428 0.6000000238
40247  32.774  -51.227  10.389 0.6000000238
41081  31.450  -50.608  9.973 0.6999999881
41887  29.169  -49.927  8.854 0.8000000119
41888  27.949  -50.200  9.121 0.8999999762
41078  34.436  -50.458  9.850 0.6000000238
143748  31.666  -49.803  10.491 0.6999999881
41873  30.801  -49.402  9.787 0.6999999881
142331  28.357  -49.258  8.997 0.8000000119
129814  27.020  -49.043  9.635 0.8999999762
41874  29.942  -49.175  8.875 0.6999999881
42666  28.107  -48.258  9.027 0.8999999762
42523  31.849  -48.753  22.494 0.5000000000
43420  30.647  -48.021  22.251 0.5000000000
42532  33.411  -48.333  22.222 0.6999999881
125444  31.422  -48.173  22.464 0.5000000000
43426  34.388  -47.378  21.020 0.6999999881
122966  34.096  -48.288  21.441 0.6999999881
43434  34.600  -47.595  20.000 0.6999999881
44350  34.832  -46.470  19.382 0.6999999881
128658  34.666  -46.974  18.799 0.6999999881
124301  34.475  -46.855  17.944 0.8000000119
44378  34.068  -46.723  17.091 0.8000000119
44379  33.350  -46.515  16.331 0.8000000119
43487  32.347  -47.412  15.419 0.8000000119
43488  31.503  -47.449  15.186 0.8999999762
43501  31.119  -48.043  14.909 1.0000000000
42620  29.930  -48.166  14.386 1.0000000000
42632  29.432  -48.551  13.930 1.0000000000
44380  32.719  -45.887  15.960 0.8000000119
122996  31.768  -46.769  15.403 0.8000000119
130170  30.461  -47.901  14.686 0.8999999762
43503  29.192  -47.767  14.103 1.0000000000
42633  28.656  -48.307  13.575 1.0000000000
128596  29.886  -47.317  14.595 0.8999999762
42634  27.755  -48.195  12.991 1.0000000000
41841  27.456  -48.996  12.395 1.0000000000
42642  26.756  -48.254  12.023 1.0000000000
42654  26.257  -48.689  10.904 0.8999999762
41080  32.414  -50.495  10.591 0.6999999881
41079  33.366  -50.696  10.630 0.6000000238
144469  32.532  -49.819  10.984 0.6000000238
42667  26.639  -48.196  9.839 0.8999999762
41862  32.332  -49.130  11.177 0.6999999881
42663  31.341  -48.920  10.692 0.6999999881
42664  30.570  -48.595  9.721 0.6999999881
42665  29.552  -48.354  8.896 0.6999999881
43546  30.236  -47.738  9.691 0.6999999881
43548  27.908  -47.321  9.114 0.8000000119
43549  26.462  -47.171  10.079 0.8999999762
43547  29.237  -47.467  8.916 0.6999999881
144793  32.696  -48.747  22.485 0.6000000238
42533  32.362  -48.007  22.525 0.5000000000
43427  33.795  -47.540  21.879 0.6999999881
43428  33.149  -47.582  22.408 0.5000000000
44340  34.706  -46.699  20.244 0.6999999881
131993  34.771  -45.980  20.640 0.6999999881
45264  35.036  -45.875  19.243 0.6999999881
44359  34.754  -46.188  18.521 0.6999999881
45271  35.093  -45.342  18.701 0.6999999881
44366  34.342  -46.140  17.596 0.8000000119
44367  33.764  -45.990  16.915 0.8000000119
45278  34.175  -45.498  17.255 0.8000000119
129036  33.257  -45.770  16.417 0.8000000119
44393  31.945  -46.025  15.593 0.8000000119
46265  33.409  -44.457  16.424 0.8000000119
45304  32.158  -45.244  15.739 0.8000000119
44394  31.151  -46.212  15.298 0.8000000119
44395  30.369  -46.548  14.947 0.8999999762
44410  28.998  -46.931  14.286 0.8999999762
43515  28.221  -47.373  13.645 1.0000000000
122916  31.530  -44.500  15.521 0.8000000119
45305  31.309  -45.403  15.433 0.8000000119
41861  33.049  -48.951  11.265 0.6000000238
43516  27.036  -47.308  12.779 1.0000000000
42653  30.929  -48.115  10.780 0.6999999881
124482  26.050  -47.996  10.971 0.8999999762
44436  26.109  -46.695  11.992 1.0000000000
43535  30.528  -47.309  10.824 0.6999999881
43536  29.839  -46.879  9.739 0.8000000119
44472  28.919  -46.725  9.072 0.8000000119
45254  35.034  -45.349  20.505 0.6999999881
132704  34.974  -45.959  19.952 0.6999999881
45263  35.218  -45.313  19.656 0.6999999881
46247  35.233  -44.608  18.380 0.6999999881
139720  34.505  -45.085  17.556 0.6999999881
46255  34.791  -44.490  17.564 0.6999999881
46256  34.144  -44.838  17.012 0.8000000119
45289  33.606  -45.298  16.684 0.8000000119
46266  32.481  -44.486  15.893 0.8000000119
47136  33.689  -43.575  16.312 0.8000000119
46267  32.050  -43.812  15.594 0.8000000119
45321  29.717  -45.874  14.732 0.8999999762
44409  29.587  -46.555  14.605 0.8999999762
46283  30.639  -44.812  15.222 0.8000000119
45322  29.017  -45.319  14.479 0.8999999762
44411  28.238  -46.438  13.939 0.8999999762
42651  32.663  -48.349  11.464 0.6000000238
46302  28.181  -44.752  14.178 0.8999999762
45323  28.198  -45.608  14.077 0.8999999762
44421  27.545  -46.690  13.419 1.0000000000
42650  33.219  -48.297  11.274 0.6000000238
44422  26.734  -46.382  12.847 0.8999999762
138298  30.904  -46.947  11.540 0.6999999881
45350  25.855  -46.063  12.205 0.8999999762
44454  29.195  -45.937  9.593 0.8000000119
44455  27.631  -45.633  9.611 0.8999999762
45367  25.990  -45.794  10.755 0.8000000119
46228  35.306  -44.594  20.202 0.6999999881
134820  35.517  -44.054  18.814 0.6999999881
47124  35.029  -43.700  17.245 0.6999999881
47125  34.277  -44.080  16.836 0.6999999881
127370  30.766  -44.037  15.241 0.8000000119
46284  30.011  -44.278  14.857 0.8000000119
47150  30.252  -43.548  14.822 0.8000000119
45334  27.411  -45.949  13.489 0.8999999762
42652  31.808  -48.334  11.367 0.6000000238
46301  29.112  -44.490  14.546 0.8000000119
47168  28.182  -43.816  14.241 0.8999999762
45324  27.299  -45.091  13.558 0.8999999762
43533  32.241  -47.678  11.776 0.6000000238
43534  31.326  -47.607  11.509 0.6999999881
124781  26.349  -45.488  12.760 0.8999999762
44453  30.203  -46.347  10.893 0.6999999881
129050  25.640  -45.411  11.887 0.8000000119
46354  28.984  -44.569  10.316 0.6999999881
45366  27.520  -44.767  9.973 0.8000000119
47104  35.534  -43.721  19.717 0.6999999881
146182  35.931  -42.692  18.121 0.6999999881
47123  35.626  -43.219  17.718 0.6999999881
47148  31.681  -43.235  15.270 0.8000000119
47149  30.969  -43.390  15.094 0.8000000119
48093  30.570  -42.977  14.744 0.8000000119
47167  29.343  -43.684  14.585 0.8000000119
122103  27.200  -44.208  13.652 0.8999999762
44452  31.678  -47.023  12.049 0.6000000238
46318  26.330  -44.528  12.946 0.8999999762
44435  30.927  -46.310  11.939 0.6999999881
127523  25.615  -43.931  12.629 0.8999999762
45349  29.743  -44.888  11.120 0.6999999881
46355  27.882  -43.939  10.510 0.8000000119
46338  25.741  -44.679  12.251 0.8000000119
46356  26.352  -44.670  11.004 0.8000000119
48062  35.964  -42.405  18.746 0.6999999881
44451  32.644  -47.025  12.215 0.6000000238
126860  28.676  -43.074  14.318 0.8000000119
47169  27.029  -43.392  13.654 0.8999999762
47187  26.093  -43.700  13.197 0.8999999762
44434  31.980  -46.240  12.549 0.6000000238
47188  25.065  -43.232  12.916 0.8999999762
45364  30.227  -45.562  11.538 0.8000000119
47208  25.229  -43.861  12.342 0.8999999762
47225  26.492  -43.895  11.316 0.8000000119
46337  29.432  -44.061  11.194 0.6999999881
47224  27.673  -43.438  10.816 0.8000000119
48151  26.640  -42.477  11.244 0.8000000119
45348  30.968  -45.486  12.348 0.6999999881
48108  28.007  -42.528  13.958 0.8000000119
46336  30.959  -44.606  12.651 0.5000000000
126415  30.174  -44.797  11.964 0.6000000238
142598  30.221  -43.958  12.201 0.6000000238
47209  24.899  -43.056  12.375 0.8000000119
47207  29.633  -43.286  11.685 0.6000000238
48149  29.104  -42.629  11.326 0.6000000238
48150  27.968  -42.708  10.877 0.6999999881
49205  27.548  -41.796  10.888 0.8000000119
47226  25.753  -43.212  11.726 0.8000000119
49155  27.098  -41.956  13.703 0.8000000119
127230  25.846  -41.564  13.432 0.8000000119
48118  25.013  -42.150  13.233 0.8999999762
48133  31.386  -42.829  12.631 0.6000000238
49206  26.219  -41.562  11.259 0.8000000119
48152  24.974  -42.218  11.788 0.8000000119
129476  24.573  -41.345  12.479 0.8000000119
126936  28.666  -41.901  11.051 0.6000000238
49167  26.849  -41.244  13.415 0.8000000119
50266  25.077  -40.391  12.706 0.8000000119
48147  30.843  -42.218  12.083 0.6000000238
48148  29.988  -42.463  11.758 0.6000000238
49207  25.084  -41.037  11.633 0.8000000119
49203  29.573  -41.825  11.351 0.6000000238
49223  25.977  -40.727  11.220 0.6999999881
50282  25.107  -40.368  11.954 0.8000000119
49220  29.433  -40.576  10.672 0.6000000238
50318  27.690  -40.199  10.567 0.6000000238
50319  26.393  -39.979  10.949 0.6999999881
132993  30.397  -41.630  11.556 0.6000000238
50301  29.953  -41.062  11.140 0.6000000238
128746  28.809  -39.539  12.762 0.8000000119
50265  25.921  -40.595  13.144 0.8000000119
49185  31.747  -42.010  12.322 0.6000000238
51299  27.919  -39.765  12.850 0.8000000119
49184  32.688  -41.889  12.531 0.5000000000
143183  25.975  -39.264  11.665 0.8000000119
51315  25.719  -39.675  12.139 0.8000000119
49201  32.072  -41.250  11.978 0.6000000238
49202  31.216  -41.420  11.763 0.6000000238
51348  26.393  -39.044  10.932 0.6000000238
50298  32.373  -40.549  11.604 0.5000000000
50299  31.535  -40.678  11.434 0.6000000238
50316  30.317  -40.386  10.754 0.6000000238
51346  28.478  -39.532  10.415 0.6000000238
50315  31.079  -40.175  10.908 0.6000000238
51344  29.956  -39.923  10.375 0.6000000238
51345  29.486  -39.378  10.271 0.6000000238
52335  28.874  -38.747  10.193 0.6000000238
52290  28.122  -38.925  12.589 0.8000000119
51314  26.310  -39.244  12.531 0.8000000119
142257  28.759  -38.386  12.345 0.8000000119
53201  28.823  -37.594  12.002 0.6999999881
52305  27.065  -38.701  12.284 0.6999999881
50314  31.850  -40.005  11.069 0.6000000238
51362  27.077  -38.533  10.688 0.6000000238
53248  27.099  -37.980  10.716 0.6000000238
52319  26.767  -38.253  11.250 0.6999999881
51342  32.220  -39.439  10.630 0.5000000000
52353  28.334  -37.997  10.113 0.6000000238
51358  31.851  -38.958  10.067 0.5000000000
51360  30.284  -39.239  10.157 0.6000000238
52352  29.755  -38.684  10.051 0.6000000238
52334  32.550  -38.933  10.259 0.5000000000
53200  29.944  -37.506  12.159 0.6999999881
53202  27.770  -37.371  11.591 0.6000000238
53225  27.258  -37.030  10.740 0.6000000238
123098  27.085  -38.079  11.672 0.6000000238
54066  27.646  -36.545  10.352 0.6000000238
54046  27.707  -36.580  11.188 0.6000000238
52349  32.520  -38.472  9.552 0.5000000000
52351  30.558  -38.567  9.791 0.6000000238
53245  29.852  -37.954  9.747 0.6000000238
123392  29.169  -38.126  10.009 0.6000000238
53247  27.902  -37.237  10.144 0.6000000238
54866  27.969  -35.862  10.337 0.6000000238
52350  31.460  -38.414  9.464 0.6000000238
136075  31.373  -37.708  9.043 0.6000000238
53243  32.123  -37.902  8.897 0.5000000000
53242  33.018  -37.892  8.883 0.4000000060
53259  32.662  -37.280  8.574 0.5000000000
54044  29.387  -36.804  11.815 0.6000000238
140305  28.221  -36.179  11.170 0.6000000238
130841  29.866  -37.137  9.372 0.6000000238
54080  28.185  -36.352  9.942 0.6000000238
134572  28.087  -35.302  10.301 0.6000000238
54077  30.773  -37.075  9.017 0.6000000238
54078  29.967  -36.229  9.072 0.6000000238
53260  31.719  -37.026  8.715 0.5000000000
140308  31.663  -36.133  8.636 0.6000000238
54092  32.417  -36.465  8.484 0.5000000000
54090  33.979  -36.566  8.101 0.4000000060
54882  33.105  -35.869  8.213 0.4000000060
54876  28.321  -35.261  9.700 0.6000000238
54865  28.023  -35.088  9.973 0.5000000000
55652  28.600  -34.998  10.397 0.5000000000
54858  29.260  -35.543  11.063 0.5000000000
54079  29.010  -36.252  9.482 0.6000000238
55678  28.386  -34.474  9.567 0.5000000000
54093  30.894  -36.203  8.801 0.6000000238
54883  32.044  -35.568  8.398 0.5000000000
55651  29.611  -34.905  10.555 0.4000000060
54875  29.186  -35.253  9.231 0.6000000238
123768  29.189  -34.331  8.812 0.5000000000
55689  31.383  -34.639  8.172 0.4000000060
54885  30.036  -35.253  8.760 0.6000000238
55690  30.148  -34.249  8.347 0.6000000238
55691  28.725  -33.985  9.032 0.4000000060
55703  32.466  -34.899  8.069 0.4000000060
134089  31.874  -34.137  7.925 0.4000000060
56591  29.850  -32.904  8.707 0.4000000060
55704  30.897  -33.696  8.017 0.4000000060
125331  29.381  -33.656  8.594 0.4000000060
55702  33.928  -34.161  7.791 0.4000000060
55705  30.037  -33.399  8.254 0.4000000060
56566  30.924  -33.953  10.385 0.4000000060
130804  30.182  -33.379  9.656 0.4000000060
56600  29.813  -33.089  8.421 0.4000000060
133248  33.319  -32.570  7.329 0.4000000060
56608  31.878  -33.269  7.747 0.4000000060
130088  31.519  -32.369  7.689 0.4000000060
56609  30.660  -32.796  8.002 0.4000000060
56581  31.312  -33.272  9.896 0.4000000060
57513  30.579  -32.674  9.266 0.4000000060
56582  29.735  -32.960  9.079 0.4000000060
57537  32.466  -32.518  7.458 0.3000000119
57528  30.444  -32.530  8.388 0.4000000060
57521  30.378  -32.489  8.796 0.4000000060
57512  31.646  -32.486  9.473 0.4000000060
57520  30.988  -31.912  9.019 0.4000000060
34542  30.889  -57.491  8.703 0.8000000119
34532  30.724  -57.550  9.290 0.8999999762
146171  30.650  -57.173  10.343 0.8999999762
34520  30.708  -57.672  9.823 0.8999999762
34507  30.934  -57.748  10.408 0.8999999762
37233  34.144  -54.510  14.432 0.8999999762
38228  34.181  -53.842  14.178 1.0000000000
39264  34.353  -52.710  14.815 1.0000000000
37258  32.839  -54.714  12.606 0.8999999762
121936  33.476  -52.975  13.617 1.0000000000
35451  31.775  -56.632  11.623 0.8999999762
36346  32.939  -55.722  12.463 0.8999999762
124732  32.023  -55.031  12.214 0.8999999762
37243  33.371  -54.194  13.023 1.0000000000
36360  31.017  -56.162  11.367 0.8999999762
37259  31.205  -54.374  12.334 0.8999999762
55666  29.064  -34.354  10.096 0.4000000060
55677  28.656  -34.100  9.370 0.4000000060
55665  29.858  -34.103  10.123 0.4000000060
55650  30.662  -34.755  10.748 0.4000000060
31437  31.561  -60.269  20.674 0.8999999762
31464  32.784  -60.431  18.551 1.0000000000
29467  33.071  -62.024  15.549 0.8000000119
31440  28.937  -60.283  20.150 0.8999999762
32497  32.827  -59.214  19.824 1.0000000000
30483  33.351  -61.199  15.651 0.8000000119
34387  32.428  -57.460  21.130 0.8999999762
33526  32.634  -58.363  16.270 0.8999999762
33525  32.927  -58.885  15.718 0.8000000119
32564  33.854  -59.244  13.567 0.8000000119
32574  33.719  -59.371  12.640 0.8000000119
35393  33.726  -56.735  17.765 1.0000000000
34506  32.354  -58.110  11.935 0.8000000119
35462  31.137  -57.098  11.042 0.8999999762
145023  33.645  -55.498  14.959 0.8999999762
36347  31.935  -55.889  11.872 0.8999999762
36255  30.174  -55.857  21.215 0.8999999762
127417  29.761  -54.931  20.844 1.0000000000
38188  27.180  -53.201  18.185 0.6000000238
39219  26.368  -52.591  17.175 0.4000000060
39218  26.866  -52.510  17.807 0.4000000060
133589  34.263  -54.657  15.858 1.0000000000
37242  33.907  -54.538  13.671 0.8999999762
33600  31.296  -58.445  8.620 0.6999999881
37303  29.553  -54.302  8.260 0.8000000119
38129  32.233  -53.854  21.910 0.8999999762
36361  30.093  -55.668  11.040 0.8999999762
35515  33.116  -57.049  7.299 0.6000000238
36390  29.448  -56.022  9.118 0.8999999762
128826  26.597  -51.963  17.448 0.4000000060
36348  30.881  -55.199  11.803 0.8999999762
37281  29.096  -54.542  10.153 0.8999999762
38297  29.008  -53.797  9.610 0.8999999762
37299  33.028  -54.922  7.985 0.6999999881
39165  32.752  -52.583  22.051 0.8999999762
41032  33.580  -50.786  14.695 1.0000000000
143409  32.073  -54.339  12.499 0.8999999762
39298  30.235  -52.857  13.107 0.8999999762
38264  30.536  -53.644  12.669 0.8999999762
38285  28.394  -53.153  11.024 0.8999999762
40103  33.717  -51.345  21.587 0.8000000119
40956  28.913  -50.216  19.803 0.5000000000
40129  34.509  -51.402  19.426 1.0000000000
39310  28.355  -52.481  11.532 0.8999999762
40937  33.998  -50.585  21.422 0.6999999881
41737  34.462  -49.836  20.233 0.8000000119
40978  34.548  -50.694  18.900 0.8999999762
40258  31.229  -51.306  9.330 0.6999999881
41083  27.322  -50.947  9.611 0.8999999762
41092  29.774  -50.561  8.932 0.8000000119
40940  29.611  -50.265  21.294 0.6000000238
40926  32.472  -50.246  22.494 0.8000000119
141314  32.689  -48.737  15.065 1.0000000000
41045  29.269  -50.604  13.303 1.0000000000
41875  27.002  -50.009  9.544 0.8999999762
41718  30.446  -49.461  22.290 0.6000000238
41738  29.247  -49.438  20.710 0.5000000000
42525  30.118  -48.742  22.064 0.5000000000
132130  34.691  -47.077  19.511 0.6999999881
41854  26.755  -49.079  11.584 0.8999999762
43419  31.428  -47.352  22.474 0.5000000000
44332  34.023  -46.737  21.740 0.6999999881
43502  30.731  -47.355  14.933 0.8999999762
45290  32.918  -45.186  16.203 0.8000000119
44456  25.982  -46.726  10.899 0.8999999762
43418  32.496  -47.108  22.547 0.5000000000
45277  34.661  -45.566  17.917 0.6999999881
45306  30.489  -45.650  15.115 0.8999999762
140984  28.960  -46.121  14.393 0.8999999762
45365  29.620  -45.391  10.534 0.8000000119
144702  28.736  -45.123  9.759 0.8000000119
46238  35.405  -44.629  19.253 0.6999999881
46254  35.395  -43.934  18.036 0.6999999881
47147  32.434  -43.166  15.519 0.8000000119
47116  35.734  -43.277  18.673 0.6999999881
126788  27.797  -43.107  13.993 0.8999999762
126541  35.711  -42.732  19.553 0.6000000238
47223  28.662  -43.331  10.997 0.6999999881
47170  25.878  -42.902  13.374 0.8999999762
49204  29.218  -41.269  11.026 0.6000000238
49221  28.356  -41.024  10.710 0.6000000238
50302  25.531  -40.310  11.472 0.8000000119
51347  27.246  -39.309  10.619 0.6000000238
52320  26.316  -38.831  11.834 0.6999999881
51343  30.692  -39.719  10.442 0.6000000238
53246  28.857  -37.289  9.779 0.6000000238
51359  31.055  -39.103  10.013 0.6000000238
54877  27.979  -35.774  10.095 0.6000000238
56583  29.256  -33.628  9.440 0.4000000060
56580  32.426  -33.099  10.139 0.4000000060
57538  31.086  -31.834  7.868 0.4000000060
129273  30.400  -56.474  10.639 0.8999999762
135699  27.733  -68.312  18.433 0.4000000060
23455  27.292  -68.218  19.277 0.4000000060
24421  26.696  -68.010  19.913 0.4000000060
126729  28.290  -67.880  18.245 0.4000000060
24420  27.504  -67.308  19.854 0.4000000060
123377  26.087  -67.895  20.273 0.4000000060
24457  29.670  -67.275  17.837 0.3000000119
128088  27.999  -67.647  19.001 0.4000000060
24456  30.240  -67.101  17.095 0.4000000060
25373  30.365  -66.369  15.769 0.4000000060
26308  30.565  -65.576  15.398 0.4000000060
27337  30.640  -64.666  14.393 0.4000000060
25307  27.198  -66.505  20.371 0.5000000000
25308  26.417  -66.591  20.534 0.4000000060
25346  29.153  -66.784  19.207 0.4000000060
24419  28.432  -67.002  19.445 0.4000000060
141839  30.778  -66.653  17.257 0.5000000000
25366  31.230  -66.187  16.960 0.4000000060
26307  31.081  -64.919  15.728 0.4000000060
27327  31.007  -64.339  14.927 0.5000000000
122104  31.492  -63.771  14.740 0.5000000000
28456  32.585  -63.853  14.040 0.6000000238
27353  32.049  -64.354  13.428 0.5000000000
27352  33.099  -64.556  13.460 0.6000000238
27369  33.527  -65.073  12.670 0.4000000060
26241  25.926  -65.981  20.486 0.5000000000
25325  25.160  -66.284  20.186 0.5000000000
25327  23.852  -66.506  19.202 0.5000000000
121095  29.555  -66.247  19.385 0.6000000238
25324  28.026  -66.442  20.006 0.6000000238
25322  30.218  -66.158  19.104 0.5000000000
26260  30.783  -65.683  19.057 0.6000000238
25343  31.097  -66.317  17.784 0.5000000000
26288  31.534  -65.646  17.547 0.5000000000
27320  31.609  -64.444  16.406 0.4000000060
126427  31.412  -64.008  15.546 0.6000000238
28417  31.821  -63.313  15.359 0.6000000238
28436  32.152  -63.392  14.629 0.6000000238
28434  34.092  -63.139  14.387 0.6000000238
139602  34.735  -62.844  14.008 0.6000000238
29501  35.116  -62.878  13.321 0.6000000238
28455  33.646  -63.881  13.978 0.6000000238
28454  34.563  -63.572  13.679 0.6000000238
28471  35.056  -63.789  12.666 0.6000000238
29508  35.387  -62.732  12.445 0.6000000238
143203  26.974  -65.111  20.317 0.5000000000
121642  26.226  -65.184  20.247 0.5000000000
26264  25.385  -65.403  19.962 0.5000000000
26281  24.250  -65.115  18.809 0.5000000000
26262  29.111  -65.657  19.801 0.6000000238
127495  28.427  -65.820  19.994 0.6000000238
27292  31.324  -65.083  18.823 0.6000000238
27293  30.702  -64.879  19.347 0.6000000238
27303  31.745  -65.054  18.130 0.5000000000
145823  31.308  -64.508  19.163 0.6000000238
27309  32.084  -63.996  17.050 0.6000000238
28402  31.803  -63.577  16.168 0.6000000238
29484  33.573  -62.546  14.946 0.6000000238
30515  35.155  -61.342  12.504 0.6000000238
30526  35.277  -61.495  11.528 0.6999999881
27297  25.757  -64.567  19.598 0.6000000238
27298  24.917  -64.863  19.231 0.5000000000
27305  24.510  -64.441  18.488 0.5000000000
27294  29.270  -64.949  19.764 0.6000000238
123282  28.451  -65.021  19.914 0.6000000238
27295  27.532  -64.665  19.972 0.6000000238
28387  24.850  -63.712  18.090 0.5000000000
28394  23.825  -63.788  16.981 0.5000000000
127070  28.930  -64.245  19.809 0.6000000238
28391  32.336  -63.477  17.634 0.6000000238
31540  34.753  -60.680  11.901 0.6999999881
28378  27.194  -63.889  19.454 0.6000000238
125457  26.260  -63.704  19.014 0.6000000238
27304  25.293  -64.086  18.819 0.6000000238
129891  28.068  -64.106  19.624 0.6000000238
28385  26.996  -63.285  18.961 0.6000000238
28386  25.608  -63.392  18.351 0.6000000238
28392  25.218  -63.018  17.668 0.6000000238
28403  24.172  -63.115  16.570 0.6000000238
133812  28.456  -63.459  19.629 0.6000000238
28418  23.913  -62.899  15.732 0.5000000000
129626  29.915  -64.390  19.756 0.6000000238
29470  24.473  -62.374  15.287 0.6000000238
31541  34.059  -60.139  11.326 0.6999999881
28384  27.654  -63.320  19.261 0.6000000238
29421  25.979  -62.705  18.018 0.6000000238
29412  28.819  -62.719  19.835 0.6000000238
29419  27.238  -62.605  18.771 0.6000000238
140660  26.550  -62.954  18.544 0.6000000238
29428  25.580  -62.303  17.222 0.6000000238
29447  24.595  -62.503  16.114 0.6000000238
28377  29.349  -63.540  19.941 0.6000000238
141944  25.047  -62.049  15.670 0.6000000238
28376  30.298  -63.502  19.900 0.6000000238
28374  31.895  -63.288  19.283 0.6000000238
32599  33.187  -59.784  10.744 0.6999999881
32600  32.385  -59.429  10.060 0.6999999881
30427  27.165  -61.816  18.432 0.6999999881
29427  26.211  -61.948  17.557 0.6999999881
29411  29.744  -62.774  20.174 0.6000000238
142925  30.885  -58.088  9.791 0.6999999881
125518  27.664  -61.943  18.923 0.6999999881
30413  29.248  -61.848  20.181 0.6999999881
123741  28.326  -61.903  19.522 0.6999999881
127203  27.149  -60.993  18.371 0.6999999881
30443  26.400  -61.333  17.313 0.6999999881
29446  25.288  -62.068  16.391 0.6000000238
29445  25.994  -61.548  16.697 0.6999999881
133916  26.448  -60.800  16.831 0.6000000238
30486  25.781  -61.535  15.604 0.5000000000
33589  31.048  -58.163  9.078 0.8000000119
30414  28.582  -61.048  19.828 0.6999999881
30415  27.771  -61.093  19.134 0.6999999881
134057  26.682  -60.801  17.604 0.6999999881
30485  26.528  -61.015  14.994 0.5000000000
31480  26.647  -60.080  17.159 0.6999999881
31497  26.608  -60.142  16.285 0.6000000238
31514  26.691  -60.248  15.368 0.6000000238
48107  29.759  -42.876  14.482 0.6999999881
47137  32.855  -43.751  15.944 0.6999999881
48091  32.088  -42.517  15.069 0.6999999881
47134  35.331  -42.960  16.958 0.6000000238
48079  34.818  -42.544  16.367 0.6000000238
48092  31.232  -42.754  14.866 0.6999999881
48106  30.584  -42.285  14.462 0.6999999881
127540  29.005  -42.394  14.111 0.6999999881
49154  28.342  -41.879  13.788 0.6999999881
48088  34.254  -42.108  15.793 0.6000000238
48089  33.443  -42.388  15.577 0.6999999881
49151  32.196  -41.746  14.716 0.6999999881
49120  36.150  -41.727  17.242 0.6000000238
133010  30.197  -41.644  13.982 0.6999999881
50249  29.686  -41.055  13.527 0.6999999881
50264  27.573  -40.645  13.177 0.6999999881
48078  35.595  -42.193  16.725 0.6000000238
49131  35.105  -41.801  16.070 0.6000000238
50238  33.919  -40.918  14.898 0.6000000238
49150  32.933  -41.223  14.699 0.6999999881
138863  31.695  -41.481  14.393 0.6999999881
50248  30.656  -40.976  13.691 0.6999999881
50262  30.147  -40.340  13.196 0.6999999881
50263  28.969  -40.357  13.030 0.6999999881
49130  35.830  -41.398  16.498 0.6000000238
49139  35.382  -41.026  15.799 0.6000000238
50237  34.840  -40.615  15.149 0.5000000000
51282  32.857  -39.891  13.822 0.5000000000
50261  31.106  -40.237  13.436 0.6999999881
51312  31.039  -38.876  12.721 0.6999999881
52289  29.201  -38.937  12.609 0.6999999881
57526  35.244  -32.911  8.354 0.3000000119
56605  34.621  -33.244  7.751 0.3000000119
127060  32.813  -34.143  7.817 0.3000000119
146184  27.038  -68.725  19.122 0.4000000060
22440  26.466  -69.512  19.533 0.3000000119
22429  25.918  -69.836  19.929 0.4000000060
24459  27.968  -68.226  17.352 0.3000000119
23443  25.346  -68.571  20.235 0.4000000060
24478  29.132  -67.269  15.977 0.4000000060
127818  25.573  -67.588  20.358 0.4000000060
25374  29.617  -66.662  15.474 0.4000000060
26309  29.984  -65.973  15.060 0.4000000060
26324  30.194  -64.974  13.905 0.4000000060
28457  31.713  -63.878  14.024 0.5000000000
27370  32.487  -65.016  12.803 0.4000000060
25326  24.468  -66.721  19.825 0.4000000060
27368  34.495  -64.783  12.281 0.5000000000
25347  23.329  -66.471  18.606 0.5000000000
30525  35.534  -62.342  11.748 0.6000000238
145815  23.393  -65.444  18.085 0.5000000000
27312  23.489  -64.500  17.296 0.5000000000
135183  23.309  -64.187  16.605 0.5000000000
31551  34.694  -60.705  10.926 0.6000000238
28404  23.538  -63.581  16.194 0.5000000000
28437  23.813  -62.791  14.814 0.4000000060
29469  25.183  -61.921  14.912 0.5000000000
32601  31.794  -59.037  9.425 0.6999999881
30501  26.040  -61.520  14.507 0.5000000000
33588  31.268  -58.432  8.907 0.8000000119
32623  31.598  -58.759  8.577 0.6999999881
30500  26.777  -61.121  14.038 0.5000000000
31522  26.861  -60.407  14.458 0.6000000238
44331  34.479  -46.388  21.129 0.6000000238
45245  34.583  -45.493  21.330 0.6000000238
50228  36.056  -40.580  16.286 0.5000000000
50236  35.657  -40.222  15.554 0.5000000000
51280  34.554  -39.348  14.343 0.5000000000
51281  33.690  -39.631  14.081 0.5000000000
51295  32.364  -39.340  13.352 0.5000000000
52288  31.901  -38.781  12.866 0.5000000000
53199  30.902  -37.433  12.263 0.5000000000
58465  35.569  -31.977  8.339 0.3000000119
57534  34.975  -32.573  7.809 0.3000000119
56607  33.108  -33.305  7.531 0.3000000119
28375  31.200  -63.381  19.666 0.6000000238
28383  31.628  -63.924  19.209 0.6000000238
128900  31.790  -64.430  18.632 0.6000000238
31479  26.896  -60.090  18.017 0.8000000119
31532  34.790  -60.600  12.849 0.6999999881
32586  33.447  -59.564  11.690 0.6999999881
33566  31.311  -58.319  10.344 0.6999999881
48081  33.196  -43.063  15.797 0.6999999881
136504  27.751  -41.397  13.534 0.6999999881
52303  29.584  -38.256  12.384 0.6000000238
56606  34.012  -33.083  7.456 0.3000000119
33578  30.955  -58.111  9.327 0.8000000119
32622  32.089  -59.137  8.265 0.6999999881
49142  32.837  -42.022  15.128 0.6999999881
24438  28.917  -67.323  18.626 0.4000000060
126150  29.414  -67.400  16.884 0.3000000119
25345  29.856  -66.775  18.708 0.5000000000
25310  25.037  -67.140  20.282 0.5000000000
27354  31.167  -64.364  13.390 0.3000000119
26340  32.853  -65.367  11.979 0.4000000060
24439  23.286  -67.287  18.997 0.5000000000
30462  26.391  -60.902  15.957 0.6000000238
49152  31.036  -41.545  14.213 0.6999999881
49166  28.652  -41.190  13.482 0.6999999881
49141  33.635  -41.663  15.269 0.6999999881
49140  34.526  -41.365  15.481 0.6000000238
139019  32.180  -41.192  14.385 0.6999999881
50244  34.246  -40.137  14.595 0.5000000000
50245  33.337  -40.394  14.389 0.6000000238
50247  31.614  -40.905  13.945 0.6999999881
51297  30.625  -39.607  12.955 0.6999999881
51274  35.159  -39.833  14.857 0.5000000000
50260  32.010  -40.109  13.603 0.5000000000
51296  31.515  -39.496  13.156 0.5000000000
52301  31.414  -38.121  12.557 0.5000000000
52302  30.519  -38.191  12.447 0.6999999881
50227  36.372  -40.087  16.851 0.5000000000
51293  34.035  -38.874  13.795 0.5000000000
52300  32.257  -38.048  12.710 0.5000000000
32612  32.268  -59.443  9.063 0.6000000238
145805  32.073  -59.209  8.502 0.6000000238
122721  33.046  -59.056  7.240 0.5000000000
31578  32.854  -59.748  7.838 0.6000000238
33614  31.587  -58.446  7.977 0.6000000238
33612  34.778  -57.757  6.939 0.5000000000
120994  33.776  -58.354  6.788 0.5000000000
34555  32.096  -57.681  7.478 0.6000000238
33528  25.640  -58.103  14.810 0.5000000000
34556  31.174  -57.789  7.967 0.6000000238
34552  35.673  -57.353  8.123 0.5000000000
34553  33.904  -57.398  7.184 0.5000000000
34463  25.529  -57.260  15.367 0.4000000060
34476  25.376  -57.074  14.477 0.4000000060
36321  25.246  -55.494  14.746 0.4000000060
34541  34.763  -57.028  7.983 0.5000000000
34530  36.376  -57.421  9.317 0.5000000000
34531  35.408  -56.942  9.153 0.5000000000
130354  25.363  -54.735  15.199 0.4000000060
35483  35.870  -56.719  9.982 0.5000000000
35484  35.157  -56.424  9.777 0.5000000000
37214  25.535  -53.996  15.620 0.4000000060
40979  28.266  -50.710  19.230 0.4000000060
40142  27.627  -51.047  18.595 0.4000000060
40143  27.021  -50.985  18.064 0.4000000060
40154  26.436  -51.284  17.488 0.3000000119
133344  30.445  -47.185  22.086 0.4000000060
43429  29.812  -47.933  21.711 0.4000000060
41739  28.508  -49.468  19.996 0.4000000060
44325  30.296  -46.443  21.970 0.4000000060
42541  28.631  -48.740  20.553 0.4000000060
40970  28.194  -50.011  19.348 0.4000000060
42542  28.024  -48.246  20.532 0.4000000060
41740  27.925  -48.908  20.200 0.4000000060
41767  27.442  -49.931  19.015 0.4000000060
146300  26.646  -50.247  18.238 0.4000000060
141023  29.599  -48.790  21.472 0.4000000060
42534  29.203  -48.376  21.062 0.4000000060
44324  30.954  -46.490  22.376 0.4000000060
43421  29.688  -46.884  21.552 0.4000000060
129746  29.254  -47.577  21.232 0.4000000060
42535  28.616  -47.810  20.833 0.4000000060
144451  28.035  -47.720  20.665 0.4000000060
41754  27.733  -49.450  19.625 0.4000000060
123594  27.416  -47.743  20.563 0.4000000060
42543  26.824  -48.226  20.215 0.4000000060
41755  26.926  -49.343  19.324 0.4000000060
44333  33.353  -46.907  22.305 0.4000000060
45236  29.815  -45.964  21.737 0.4000000060
44334  29.114  -46.185  21.395 0.4000000060
44322  32.748  -46.317  22.546 0.4000000060
44323  31.841  -46.468  22.571 0.4000000060
45234  31.379  -45.788  22.495 0.4000000060
45248  29.254  -45.422  21.511 0.4000000060
45249  28.663  -45.664  21.282 0.4000000060
135349  28.887  -46.954  21.096 0.4000000060
43435  28.023  -47.081  20.806 0.4000000060
44341  27.579  -46.247  20.891 0.4000000060
43436  26.553  -47.467  20.454 0.4000000060
138221  34.157  -46.017  21.733 0.5000000000
45246  33.891  -45.282  22.178 0.5000000000
45247  32.965  -45.526  22.532 0.5000000000
45233  32.131  -45.726  22.601 0.4000000060
46208  31.212  -45.024  22.410 0.4000000060
46209  30.531  -44.945  22.114 0.4000000060
46210  29.963  -45.185  21.812 0.4000000060
44335  28.382  -46.270  21.094 0.4000000060
128874  33.105  -44.785  22.444 0.5000000000
46220  31.558  -44.253  22.154 0.4000000060
46221  30.225  -44.483  21.731 0.4000000060
46222  29.455  -44.660  21.445 0.4000000060
47083  31.801  -43.489  21.729 0.4000000060
133019  30.840  -44.479  22.057 0.4000000060
47085  29.844  -43.884  21.250 0.4000000060
48017  33.049  -42.790  21.450 0.4000000060
48032  32.612  -42.153  21.000 0.4000000060
48033  31.612  -42.138  20.791 0.4000000060
48019  31.198  -42.935  21.216 0.4000000060
48034  30.654  -42.413  20.707 0.4000000060
46229  34.914  -44.645  21.096 0.5000000000
48016  34.007  -42.931  21.510 0.5000000000
49086  31.642  -41.396  20.326 0.4000000060
49087  30.899  -41.696  20.362 0.4000000060
49096  30.442  -41.221  19.928 0.3000000119
47081  33.426  -43.494  21.868 0.5000000000
47082  32.593  -43.297  21.728 0.4000000060
47084  30.803  -43.788  21.609 0.4000000060
47093  30.300  -43.141  21.006 0.4000000060
48018  32.119  -42.764  21.358 0.4000000060
47092  34.748  -43.141  21.198 0.5000000000
48031  33.586  -42.217  21.106 0.5000000000
135979  32.262  -41.632  20.601 0.4000000060
134499  35.519  -42.185  20.107 0.5000000000
49084  34.179  -41.720  20.706 0.5000000000
49085  33.153  -41.468  20.621 0.4000000060
50188  31.665  -40.755  19.916 0.4000000060
49095  31.108  -41.141  20.036 0.3000000119
50189  30.112  -40.600  19.503 0.3000000119
49082  35.334  -41.579  20.078 0.5000000000
48046  35.821  -41.854  19.440 0.4000000060
48045  36.136  -41.743  18.736 0.5000000000
50177  34.037  -40.945  20.257 0.3000000119
50178  33.112  -40.745  20.193 0.4000000060
50179  32.372  -41.024  20.260 0.4000000060
51221  31.517  -40.087  19.458 0.3000000119
131968  30.918  -40.635  19.672 0.3000000119
50190  29.179  -40.577  19.276 0.3000000119
49094  34.966  -40.986  19.960 0.3000000119
140791  35.555  -41.204  19.622 0.4000000060
50183  36.076  -41.052  19.055 0.4000000060
50203  36.334  -40.622  18.341 0.4000000060
49119  36.397  -41.175  17.777 0.4000000060
49129  36.293  -40.905  17.036 0.4000000060
50186  33.569  -40.219  19.792 0.3000000119
136556  32.129  -39.503  19.192 0.3000000119
51235  31.280  -39.435  18.951 0.3000000119
51222  30.673  -39.982  19.246 0.3000000119
50205  29.186  -39.836  18.920 0.3000000119
50206  28.466  -40.080  18.875 0.3000000119
50185  34.577  -40.341  19.709 0.3000000119
51236  30.387  -39.289  18.712 0.3000000119
51237  29.600  -39.427  18.719 0.3000000119
51238  28.845  -39.242  18.530 0.3000000119
50184  35.441  -40.585  19.438 0.3000000119
50204  35.971  -40.174  18.854 0.3000000119
51230  36.282  -39.730  18.092 0.3000000119
50235  36.232  -39.740  16.103 0.4000000060
51273  35.890  -39.390  15.352 0.4000000060
51279  35.408  -38.984  14.686 0.4000000060
51294  33.191  -39.116  13.564 0.4000000060
51239  27.848  -39.546  18.490 0.3000000119
51219  34.164  -39.633  19.328 0.3000000119
51218  35.177  -39.840  19.178 0.3000000119
52214  35.988  -38.994  18.010 0.3000000119
51262  36.414  -39.201  16.735 0.3000000119
51272  36.312  -38.897  15.917 0.4000000060
52262  36.360  -38.008  15.766 0.3000000119
52263  36.088  -38.559  15.164 0.4000000060
52272  34.862  -38.583  14.105 0.4000000060
52285  34.378  -38.135  13.611 0.4000000060
53190  34.019  -37.581  13.197 0.4000000060
52286  33.511  -38.288  13.291 0.4000000060
52299  32.942  -38.021  12.845 0.4000000060
51231  35.666  -39.377  18.566 0.3000000119
52270  36.204  -37.852  15.036 0.3000000119
52284  35.069  -37.952  13.882 0.4000000060
53189  34.776  -37.458  13.509 0.4000000060
53196  33.389  -37.647  12.905 0.4000000060
130938  33.668  -36.031  12.275 0.4000000060
126017  33.030  -36.636  12.323 0.4000000060
54042  31.300  -36.635  12.023 0.4000000060
54043  30.350  -36.790  11.943 0.5000000000
53178  36.310  -37.240  15.336 0.3000000119
53179  36.041  -37.284  14.636 0.3000000119
53188  35.463  -37.351  13.995 0.3000000119
54030  35.166  -36.637  13.486 0.4000000060
54039  34.490  -36.289  12.837 0.4000000060
54040  33.691  -36.949  12.718 0.4000000060
142782  33.205  -35.515  11.906 0.4000000060
54056  31.935  -36.022  11.792 0.3000000119
54057  31.171  -35.949  11.656 0.3000000119
54843  29.827  -36.151  11.609 0.4000000060
54856  31.526  -35.282  11.340 0.3000000119
54857  30.399  -35.556  11.277 0.3000000119
127360  36.311  -35.754  15.238 0.3000000119
134925  36.112  -35.821  14.482 0.3000000119
134520  35.669  -35.972  13.846 0.3000000119
54830  35.201  -35.690  13.250 0.3000000119
54842  34.522  -35.304  12.557 0.3000000119
141607  34.206  -34.577  12.060 0.3000000119
55647  33.283  -34.776  11.661 0.3000000119
54855  32.512  -35.393  11.649 0.3000000119
55648  32.331  -34.658  11.269 0.3000000119
131150  33.016  -34.061  11.190 0.3000000119
54819  36.178  -35.046  14.761 0.3000000119
54820  35.783  -35.111  13.925 0.3000000119
54841  35.256  -34.771  13.147 0.3000000119
55630  34.825  -34.438  12.578 0.3000000119
56551  34.735  -33.647  12.207 0.3000000119
56563  33.873  -33.944  11.579 0.3000000119
56564  32.949  -33.528  10.710 0.3000000119
56565  32.105  -33.913  10.629 0.3000000119
136103  33.530  -33.493  11.106 0.3000000119
57511  32.784  -32.223  9.753 0.3000000119
46218  34.381  -44.710  21.770 0.5000000000
31553  33.036  -59.847  9.759 0.6000000238
31563  32.955  -59.874  8.912 0.5000000000
128933  33.395  -60.214  8.257 0.5000000000
32630  33.205  -59.887  7.320 0.5000000000
31577  33.523  -60.436  7.400 0.5000000000
33611  35.872  -57.749  7.042 0.5000000000
33627  35.121  -58.503  6.047 0.5000000000
32643  33.707  -59.425  6.751 0.5000000000
32535  26.598  -59.372  16.686 0.6000000238
32548  26.540  -59.471  15.795 0.6000000238
33527  26.179  -58.836  15.418 0.6000000238
142954  26.045  -58.989  14.571 0.5000000000
33540  25.810  -58.577  13.847 0.5000000000
124894  25.549  -57.674  13.752 0.5000000000
34486  25.435  -56.694  13.386 0.4000000060
36330  24.998  -54.685  14.098 0.4000000060
37223  25.169  -53.968  14.693 0.4000000060
145511  25.703  -52.167  16.332 0.3000000119
42555  26.473  -48.647  19.630 0.4000000060
41768  26.610  -49.809  18.613 0.4000000060
124030  27.088  -46.925  20.747 0.4000000060
44343  25.881  -46.245  20.735 0.4000000060
45250  28.042  -45.584  21.031 0.4000000060
47086  28.985  -44.101  20.918 0.4000000060
46224  27.807  -44.975  20.902 0.4000000060
133493  29.962  -42.642  20.599 0.4000000060
49088  30.020  -41.955  20.260 0.4000000060
47094  29.393  -43.200  20.697 0.4000000060
48035  29.465  -42.496  20.356 0.4000000060
49097  29.618  -41.302  19.741 0.3000000119
50191  28.244  -40.911  19.167 0.3000000119
34540  36.579  -57.801  8.281 0.5000000000
39237  25.421  -52.456  15.735 0.4000000060
43446  26.072  -47.926  19.963 0.4000000060
43437  25.720  -47.072  20.273 0.4000000060
46223  28.581  -44.939  21.200 0.4000000060
34554  32.999  -58.031  7.133 0.5000000000
47091  35.167  -43.804  20.802 0.5000000000
48069  36.224  -41.974  18.055 0.5000000000
48029  35.307  -42.849  20.525 0.5000000000
53198  31.813  -37.367  12.409 0.4000000060
53197  32.766  -37.341  12.575 0.4000000060
33628  34.310  -58.665  6.402 0.5000000000
145423  27.463  -48.429  20.326 0.4000000060
42554  27.215  -48.868  19.920 0.4000000060
125048  33.570  -46.139  22.223 0.5000000000
139010  31.712  -45.355  22.533 0.4000000060
45255  27.253  -45.481  20.861 0.4000000060
130108  26.365  -46.790  20.659 0.4000000060
122551  32.632  -44.024  22.214 0.4000000060
46219  33.710  -44.317  22.167 0.5000000000
47080  34.439  -43.834  21.629 0.5000000000
127504  35.042  -41.977  20.609 0.5000000000
49083  34.720  -41.423  20.357 0.4000000060
50221  36.419  -40.375  17.584 0.4000000060
128792  36.393  -39.690  17.361 0.3000000119
52271  35.659  -38.098  14.463 0.4000000060
134981  34.446  -36.998  13.114 0.4000000060
55631  33.788  -35.251  12.062 0.3000000119
54041  32.262  -36.681  12.200 0.4000000060
54019  36.271  -36.533  14.915 0.3000000119
54020  35.842  -36.600  14.207 0.3000000119
55619  35.631  -34.190  13.702 0.3000000119
56545  35.627  -33.364  13.551 0.3000000119
56579  33.450  -32.853  10.579 0.3000000119
44342  26.722  -46.175  20.827 0.4000000060
29487  24.527  -62.341  14.380 0.4000000060
29486  25.381  -61.964  13.959 0.4000000060
29502  25.616  -62.106  12.947 0.4000000060
30517  26.523  -61.723  12.417 0.3000000119
30508  26.290  -61.612  13.505 0.4000000060
31534  27.123  -60.413  12.487 0.3000000119
28470  35.583  -63.290  11.620 0.5000000000
130496  26.864  -59.920  13.973 0.5000000000
32565  26.851  -59.744  13.127 0.3000000119
129923  35.311  -61.302  10.441 0.5000000000
136470  35.785  -62.313  10.885 0.5000000000
32556  26.621  -59.595  14.784 0.5000000000
32557  26.421  -59.341  13.875 0.4000000060
31552  33.882  -60.224  10.360 0.5000000000
30543  35.885  -61.863  9.804 0.5000000000
31562  33.685  -60.268  9.350 0.5000000000
30544  35.223  -61.148  9.433 0.4000000060
139277  34.357  -60.695  8.862 0.4000000060
29534  36.397  -62.420  8.858 0.3000000119
30551  35.036  -61.167  8.417 0.3000000119
30556  35.695  -61.687  8.044 0.3000000119
31572  34.111  -60.868  7.777 0.3000000119
30562  34.685  -61.386  6.477 0.3000000119
127490  35.371  -61.844  6.975 0.3000000119
31576  34.044  -61.053  6.932 0.4000000060
35452  25.469  -56.406  12.181 0.3000000119
31587  35.608  -60.233  5.387 0.4000000060
32641  34.953  -59.881  5.774 0.4000000060
31582  33.795  -60.374  6.790 0.4000000060
35442  25.033  -55.799  13.016 0.3000000119
38216  25.273  -53.238  15.173 0.3000000119
41785  26.083  -50.106  18.038 0.3000000119
42567  26.119  -49.080  19.002 0.3000000119
41769  25.714  -49.430  18.338 0.3000000119
42556  25.719  -48.343  19.304 0.3000000119
42568  25.392  -48.675  18.608 0.3000000119
43447  25.381  -47.593  19.548 0.3000000119
46231  27.132  -44.595  20.623 0.3000000119
45256  26.295  -45.341  20.821 0.3000000119
45257  25.483  -45.617  20.700 0.3000000119
45265  24.354  -45.790  19.923 0.3000000119
46230  28.104  -44.327  20.685 0.3000000119
122708  26.250  -44.498  20.577 0.3000000119
48036  28.809  -42.706  20.205 0.3000000119
47095  28.477  -43.497  20.447 0.3000000119
47096  27.580  -43.711  20.286 0.3000000119
47097  26.654  -43.815  20.292 0.3000000119
48037  27.980  -42.903  19.984 0.3000000119
128991  27.079  -43.047  19.932 0.3000000119
48038  26.170  -43.143  20.048 0.3000000119
49089  29.173  -42.000  19.989 0.3000000119
48048  27.475  -42.200  19.541 0.3000000119
28480  35.209  -64.320  11.679 0.5000000000
32642  34.310  -59.647  6.236 0.4000000060
132661  24.754  -55.051  13.281 0.3000000119
45258  24.854  -45.360  20.471 0.3000000119
32566  26.229  -58.835  12.830 0.3000000119
146363  25.855  -58.063  13.096 0.3000000119
132003  25.822  -57.204  12.655 0.3000000119
24423  23.632  -67.974  19.705 0.4000000060
24440  22.588  -67.834  18.475 0.4000000060
25348  22.804  -66.929  18.216 0.4000000060
25370  21.740  -67.018  16.177 0.4000000060
25377  21.924  -66.222  15.804 0.3000000119
25359  22.997  -65.977  17.995 0.4000000060
25369  22.116  -66.360  16.663 0.4000000060
26301  22.320  -65.580  16.291 0.4000000060
27371  31.540  -64.713  12.739 0.3000000119
26289  23.152  -65.219  17.569 0.4000000060
27330  22.563  -64.818  15.094 0.3000000119
28438  23.373  -63.446  14.311 0.3000000119
27321  22.914  -64.226  15.820 0.4000000060
131526  24.211  -63.006  12.860 0.3000000119
28459  23.548  -63.650  13.235 0.3000000119
29510  24.994  -62.631  12.393 0.3000000119
28419  23.373  -63.479  15.296 0.4000000060
28458  23.892  -62.824  13.835 0.3000000119
29503  24.703  -62.433  13.411 0.3000000119
24460  22.228  -67.517  17.738 0.4000000060
25360  22.436  -66.596  17.459 0.4000000060
29509  25.882  -62.299  11.830 0.3000000119
24422  24.379  -67.526  19.990 0.3000000119
29514  25.276  -62.875  11.295 0.3000000119
22453  26.962  -69.248  18.979 0.4000000060
23442  26.003  -68.845  19.874 0.4000000060
23456  26.694  -68.738  19.465 0.3000000119
23470  27.277  -68.748  18.661 0.4000000060
23471  21.709  -68.376  18.204 0.4000000060
24405  26.687  -67.244  20.318 0.4000000060
24406  26.131  -67.217  20.471 0.4000000060
24407  24.880  -67.962  20.250 0.4000000060
24408  24.249  -68.184  20.130 0.3000000119
24424  22.836  -68.202  19.194 0.4000000060
24458  28.779  -67.630  17.609 0.4000000060
24472  21.894  -67.189  16.995 0.4000000060
25309  25.725  -66.798  20.478 0.5000000000
25323  28.812  -66.352  19.687 0.6000000238
25344  30.677  -66.317  18.543 0.5000000000
25358  30.428  -66.804  17.902 0.5000000000
25367  30.656  -66.600  16.549 0.4000000060
25368  29.992  -67.042  16.234 0.4000000060
26240  26.743  -65.815  20.501 0.5000000000
26261  29.946  -65.436  19.479 0.6000000238
26263  27.636  -65.623  20.236 0.6000000238
26265  24.500  -65.772  19.456 0.5000000000
26266  23.697  -65.717  18.635 0.5000000000
26280  31.305  -65.768  18.384 0.5000000000
26290  22.581  -65.726  17.144 0.4000000060
26298  31.443  -65.372  16.668 0.4000000060
26299  30.984  -65.910  16.149 0.4000000060
26300  22.827  -64.869  16.691 0.5000000000
26315  30.285  -65.285  14.677 0.4000000060
27296  26.650  -64.481  19.845 0.6000000238
27302  32.144  -64.289  17.904 0.6000000238
27306  23.764  -64.902  18.120 0.5000000000
27310  31.816  -64.829  17.298 0.6000000238
27311  24.139  -64.108  17.734 0.5000000000
27322  22.536  -64.977  15.882 0.4000000060
27328  30.671  -64.922  15.030 0.4000000060
27329  22.906  -64.085  14.763 0.3000000119
27336  31.099  -64.181  14.173 0.5000000000
27351  34.175  -64.458  13.262 0.4000000060
28393  24.489  -63.386  17.346 0.6000000238
28435  33.099  -63.264  14.578 0.6000000238
29398  31.079  -62.212  20.334 0.8000000119
29408  32.329  -62.750  18.980 0.6000000238
29409  31.676  -62.631  19.778 0.6000000238
29410  30.711  -62.792  20.116 0.6000000238
29413  28.015  -62.676  19.281 0.6000000238
29420  26.650  -62.262  18.195 0.6999999881
29426  32.535  -62.166  17.441 0.8000000119
29429  24.838  -62.672  16.927 0.6000000238
29500  35.286  -62.071  13.000 0.6000000238
29519  35.947  -63.313  10.766 0.5000000000
30398  30.911  -61.536  20.559 0.8999999762
30399  30.007  -61.285  20.564 0.8999999762
30428  26.730  -61.539  17.886 0.6999999881
30507  27.006  -61.180  13.023 0.3000000119
30514  35.400  -61.972  12.247 0.6000000238
30550  35.773  -61.550  8.954 0.3000000119
30557  34.789  -61.352  7.378 0.4000000060
31527  27.049  -60.498  13.551 0.5000000000
31573  32.536  -59.598  8.371 0.6000000238
31580  34.878  -61.048  5.731 0.4000000060
31581  34.337  -60.717  6.249 0.4000000060
32473  31.161  -58.816  21.233 0.8999999762
32482  32.383  -59.219  20.523 0.8999999762
32485  29.934  -59.065  20.968 0.8999999762
32534  32.584  -59.873  16.977 1.0000000000
32587  32.586  -59.238  11.014 0.8000000119
32613  31.657  -58.881  8.729 0.8000000119
32631  32.519  -59.343  7.841 0.6000000238
32632  31.840  -58.929  8.267 0.6999999881
33445  29.853  -58.042  21.178 0.8999999762
33453  30.475  -58.697  21.234 0.8999999762
33496  26.898  -58.550  17.903 0.8000000119
33497  26.632  -58.605  17.121 0.6000000238
33509  26.417  -58.671  16.293 0.6999999881
33539  32.676  -57.976  14.500 0.8999999762
33576  31.823  -58.896  10.214 0.6999999881
33577  31.260  -58.468  9.378 0.6999999881
33610  36.810  -57.990  7.259 0.5000000000
33613  32.286  -58.691  7.680 0.6000000238
34396  33.056  -57.367  20.625 0.8999999762
34397  29.373  -57.192  20.869 0.8999999762
34404  28.387  -57.476  19.931 0.8999999762
34445  33.003  -57.080  16.576 1.0000000000
34447  26.235  -57.242  16.671 0.6999999881
34448  25.759  -56.707  16.173 0.4000000060
34485  32.849  -57.303  13.526 0.8999999762
35345  32.105  -56.813  21.392 0.8999999762
35358  29.086  -56.489  20.544 0.8999999762
35365  28.018  -56.889  19.176 0.6999999881
35379  27.495  -56.644  18.386 0.8000000119
35418  25.376  -56.395  15.170 0.4000000060
35427  33.464  -55.930  14.289 0.8999999762
35429  25.237  -56.140  14.131 0.4000000060
35498  34.662  -56.461  8.909 0.6000000238
35500  33.307  -56.213  7.651 0.6000000238
35501  30.495  -56.639  8.402 0.8000000119
35516  32.398  -56.611  7.416 0.6000000238
36285  34.278  -55.429  18.579 1.0000000000
36288  27.731  -55.297  18.533 0.6999999881
36301  27.113  -55.283  17.947 0.6999999881
36336  33.724  -55.335  13.673 0.8999999762
36373  29.651  -55.915  10.064 0.8999999762
36387  35.441  -55.841  10.252 0.6000000238
36403  30.833  -55.489  7.595 0.8000000119
36415  30.668  -56.253  7.933 0.8000000119
37290  33.886  -54.408  9.464 0.6000000238
37302  30.492  -53.930  7.734 0.6999999881
38130  31.234  -53.744  21.868 0.8999999762
38164  29.321  -53.239  20.109 0.8000000119
38165  28.836  -53.182  19.465 0.6000000238
38227  34.350  -53.373  14.648 1.0000000000
38242  33.754  -53.642  13.556 1.0000000000
38243  33.072  -53.407  13.191 1.0000000000
38262  32.585  -53.903  12.774 0.8999999762
38263  31.631  -53.724  12.723 0.8999999762
38276  28.641  -53.114  11.791 0.8999999762
38283  33.602  -53.060  9.923 0.6000000238
38284  28.789  -53.817  10.605 0.8999999762
39164  33.524  -52.203  21.565 0.8000000119
39300  28.782  -52.620  12.295 0.8999999762
39318  34.118  -52.602  10.352 0.6000000238
39331  31.545  -52.061  8.992 0.6999999881
40085  32.410  -50.922  22.436 0.8000000119
40119  34.094  -51.814  20.883 0.8000000119
40152  34.580  -51.437  17.650 1.0000000000
40188  34.367  -51.155  15.600 1.0000000000
40203  34.342  -51.882  15.086 1.0000000000
40204  33.819  -51.582  14.513 1.0000000000
40231  29.020  -51.962  12.816 0.8999999762
40246  33.587  -51.438  10.484 0.6000000238
40257  32.185  -51.652  9.785 0.6999999881
40969  29.199  -50.809  20.095 0.6000000238
40980  27.761  -50.418  18.910 0.4000000060
40981  27.142  -50.432  18.450 0.4000000060
40988  26.547  -50.620  17.935 0.4000000060
41044  30.475  -50.748  13.894 1.0000000000
41082  30.780  -50.154  9.628 0.6999999881
41717  31.351  -49.409  22.506 0.6000000238
41753  34.564  -49.346  19.394 0.8000000119
41829  30.408  -49.412  14.198 1.0000000000
41840  28.046  -49.639  12.596 0.8999999762
41872  33.116  -50.028  10.898 0.6000000238
43489  31.091  -46.871  15.181 0.8000000119
43537  26.199  -47.414  11.609 1.0000000000
44392  32.574  -46.643  15.711 0.8000000119
44473  27.835  -46.430  9.323 0.8000000119
44474  26.713  -46.317  10.021 0.8999999762
45235  30.570  -45.683  22.176 0.4000000060
45307  29.844  -45.069  14.824 0.8000000119
46207  32.176  -44.918  22.522 0.4000000060
46248  34.871  -45.032  18.016 0.6999999881
47135  34.546  -43.302  16.616 0.6999999881
47206  31.071  -43.717  12.785 0.5000000000
48030  34.528  -42.431  21.042 0.5000000000
48070  35.868  -42.485  17.459 0.6999999881
48080  33.980  -42.828  16.089 0.6999999881
48090  32.791  -42.628  15.420 0.6999999881
48105  31.469  -42.048  14.631 0.6999999881
48109  26.963  -42.697  13.718 0.8999999762
48110  26.025  -42.274  13.567 0.8000000119
48134  30.443  -43.107  12.289 0.6000000238
48135  24.614  -42.456  12.612 0.8000000119
49111  36.317  -41.325  18.400 0.4000000060
49153  29.314  -41.751  13.821 0.6999999881
49222  27.021  -40.908  10.799 0.6999999881
50187  32.483  -40.259  19.742 0.4000000060
50246  32.484  -40.617  14.146 0.5000000000
50300  30.735  -40.852  11.282 0.6000000238
50317  28.694  -40.296  10.517 0.6000000238
51223  29.854  -39.937  19.081 0.3000000119
51298  29.678  -39.654  12.793 0.6999999881
51300  26.704  -39.834  12.902 0.8000000119
51301  25.765  -39.855  12.752 0.8000000119
51313  30.129  -38.925  12.643 0.6999999881
51361  27.905  -38.673  10.402 0.6000000238
52215  35.352  -38.515  18.224 0.3000000119
52287  32.693  -38.607  13.100 0.5000000000
52291  27.173  -39.218  12.725 0.8000000119
52304  27.942  -38.201  12.047 0.6999999881
52336  27.013  -37.705  10.898 0.6000000238
52337  26.656  -38.368  10.938 0.6000000238
52354  27.545  -37.953  10.391 0.6000000238
53213  27.218  -37.308  11.146 0.6000000238
53244  30.674  -37.853  9.368 0.6000000238
53258  33.496  -37.271  8.494 0.4000000060
54045  28.417  -36.734  11.570 0.6000000238
54055  32.777  -36.079  11.966 0.4000000060
54058  27.583  -36.501  10.769 0.6000000238
54091  33.147  -36.745  8.328 0.5000000000
54844  28.896  -36.136  11.417 0.6000000238
54845  27.971  -35.996  10.726 0.6000000238
54859  28.425  -35.661  10.839 0.6000000238
54884  31.033  -35.348  8.523 0.6000000238
54886  28.716  -34.522  9.188 0.5000000000
55649  31.536  -34.527  10.900 0.3000000119
55667  28.240  -34.622  9.859 0.5000000000
56592  29.274  -33.503  8.903 0.4000000060
58453  31.872  -31.642  9.207 0.4000000060
122494  23.930  -67.192  19.553 0.4000000060
124538  35.039  -62.157  13.863 0.8000000119
125170  32.610  -59.852  20.028 1.0000000000
125503  30.966  -59.939  20.877 0.8999999762
125683  34.114  -50.977  10.434 0.6000000238
125997  31.438  -39.552  10.504 0.6000000238
127138  30.865  -64.111  19.555 0.6000000238
127485  33.460  -56.692  17.056 1.0000000000
129676  34.568  -60.673  9.917 0.5000000000
130534  25.783  -39.607  11.476 0.8000000119
130570  30.686  -64.507  13.752 0.4000000060
130619  26.443  -57.898  16.809 0.6999999881
131129  29.265  -39.978  10.418 0.6000000238
132088  25.025  -55.422  13.855 0.4000000060
132291  31.832  -56.184  21.526 0.8999999762
132598  30.625  -36.216  11.733 0.3000000119
132680  34.034  -59.986  14.930 0.8000000119
132745  32.506  -61.723  16.842 0.8000000119
132792  25.661  -54.671  16.009 0.5000000000
133341  34.626  -48.896  18.615 0.8000000119
133459  34.579  -51.842  16.996 1.0000000000
133521  26.977  -43.175  11.054 0.8000000119
134225  34.475  -53.814  15.929 1.0000000000
135560  28.815  -51.829  19.578 0.6000000238
135654  28.979  -49.064  13.525 1.0000000000
138167  34.052  -54.910  15.058 0.8999999762
138286  33.176  -57.882  20.237 0.8999999762
138727  33.888  -55.952  19.532 1.0000000000
139020  27.340  -37.385  10.518 0.6000000238
139333  34.425  -60.511  14.504 0.8000000119
139412  26.247  -38.903  11.321 0.8000000119
139681  29.789  -42.194  14.182 0.6999999881
140185  24.994  -41.137  13.136 0.8000000119
140475  31.750  -49.958  22.555 0.6000000238
141231  31.378  -43.781  15.388 0.8000000119
141923  26.359  -48.890  10.192 0.8999999762
142012  27.429  -61.467  18.705 0.6999999881
142730  26.095  -63.181  18.478 0.6000000238
143101  33.460  -54.706  8.749 0.6000000238
145080  33.041  -59.571  15.904 0.8000000119
145441  30.030  -48.804  14.187 1.0000000000
145865  29.779  -53.315  12.714 0.8999999762
146225  29.946  -55.398  21.036 0.8999999762
146237  32.913  -49.515  11.166 0.6000000238
