#!ascii label  , from subject sub-v1s2x0051457_ses-1 vox2ras=TkReg
1561
10934  -25.193  -85.383  0.985 0.5000000000
164368  -24.607  -84.216  -0.485 0.6000000238
12792  -30.618  -84.181  5.493 0.3000000119
12902  -24.292  -84.219  -1.854 0.5000000000
12809  -29.005  -83.675  4.465 0.4000000060
12810  -29.780  -83.316  4.843 0.4000000060
12811  -30.704  -83.299  5.009 0.4000000060
13712  -30.247  -82.677  4.255 0.4000000060
12822  -24.507  -83.219  3.433 0.5000000000
11888  -24.156  -83.531  3.298 0.5000000000
11919  -24.295  -84.693  1.600 0.5000000000
12821  -23.625  -82.284  3.166 0.6000000238
11902  -23.439  -83.101  2.755 0.5000000000
11937  -23.920  -83.872  0.967 0.6000000238
9948  -30.617  -85.918  5.980 0.3000000119
13780  -22.958  -82.541  -0.008 0.5000000000
12826  -28.387  -83.380  3.866 0.5000000000
11877  -28.286  -84.485  4.170 0.5000000000
11864  -31.242  -84.701  5.416 0.3000000119
13763  -22.766  -82.030  0.841 0.6000000238
167286  -23.553  -83.130  -0.794 0.5000000000
13729  -29.624  -82.388  3.229 0.5000000000
12827  -29.261  -82.982  4.089 0.4000000060
13730  -30.811  -82.057  3.504 0.4000000060
12828  -31.970  -82.960  3.842 0.3000000119
171831  -31.220  -83.941  5.145 0.3000000119
13747  -29.316  -82.115  2.077 0.4000000060
13748  -30.513  -81.728  2.399 0.4000000060
14757  -31.417  -81.616  2.159 0.4000000060
14756  -29.986  -81.692  1.501 0.4000000060
15854  -26.823  -80.559  1.932 0.6999999881
159127  -26.119  -80.488  2.533 0.6999999881
189183  -25.380  -81.455  2.748 0.6999999881
10919  -24.935  -85.279  2.254 0.5000000000
15855  -27.984  -80.283  2.048 0.6999999881
161713  -26.203  -80.193  3.154 0.6999999881
15833  -25.512  -80.705  3.067 0.8000000119
13744  -24.990  -81.612  3.106 0.5000000000
13724  -23.795  -81.636  3.410 0.6999999881
10907  -26.106  -85.040  3.364 0.5000000000
15815  -25.057  -80.717  3.757 0.6999999881
12806  -26.278  -84.156  3.867 0.4000000060
12807  -27.277  -84.060  3.995 0.5000000000
9960  -31.353  -86.437  5.167 0.3000000119
13723  -23.009  -81.709  3.618 0.6000000238
13728  -27.689  -82.958  3.187 0.5000000000
167983  -28.685  -82.848  3.444 0.5000000000
10898  -31.711  -85.427  4.976 0.3000000119
12839  -22.820  -81.778  2.934 0.5000000000
158639  -28.509  -82.573  2.663 0.5000000000
162772  -28.648  -81.611  -0.202 0.4000000060
166719  -29.178  -81.631  0.335 0.4000000060
14773  -30.959  -81.503  1.317 0.4000000060
167629  -31.932  -81.877  1.613 0.4000000060
13731  -31.705  -82.183  3.412 0.4000000060
14798  -28.977  -81.596  -0.982 0.3000000119
158790  -29.796  -81.580  -0.209 0.4000000060
180349  -29.193  -78.522  2.087 0.5000000000
162643  -29.658  -79.023  2.466 0.6000000238
18002  -28.814  -78.888  1.090 0.6000000238
16961  -28.522  -79.457  0.931 0.6000000238
15870  -27.799  -80.207  1.124 0.6000000238
18981  -29.402  -78.466  5.005 0.5000000000
18995  -29.348  -78.260  4.361 0.5000000000
17977  -29.831  -78.966  4.332 0.6000000238
16952  -29.355  -79.493  2.441 0.6000000238
15856  -28.854  -79.995  2.426 0.6999999881
7307  -30.249  -89.476  4.530 0.3000000119
17924  -28.690  -78.930  7.372 0.6999999881
17961  -29.539  -79.124  5.365 0.6000000238
15804  -29.491  -79.889  5.317 0.6000000238
15819  -29.541  -79.841  4.240 0.6000000238
15818  -28.629  -80.289  3.934 0.6999999881
15817  -27.150  -80.204  3.674 0.6999999881
13764  -26.296  -82.015  2.149 0.6000000238
12823  -25.378  -83.533  3.626 0.6000000238
11890  -25.391  -84.664  3.652 0.5000000000
164089  -28.762  -78.218  6.829 0.6999999881
16886  -29.029  -79.830  7.066 0.6000000238
16891  -29.333  -79.979  6.192 0.6000000238
184382  -28.564  -80.572  5.561 0.6000000238
158431  -27.863  -80.504  4.760 0.6999999881
14737  -25.492  -80.669  4.682 0.6999999881
12824  -26.340  -83.672  3.676 0.5000000000
9959  -30.507  -86.900  5.637 0.3000000119
17910  -27.635  -78.676  8.526 0.6999999881
16874  -27.926  -79.395  8.424 0.6000000238
15754  -28.049  -80.084  8.250 0.6999999881
15802  -27.834  -80.874  5.745 0.6000000238
14725  -27.021  -81.093  6.139 0.6000000238
13711  -23.339  -81.196  3.960 0.6999999881
13765  -27.042  -82.161  1.742 0.5000000000
13781  -27.651  -81.901  0.933 0.5000000000
15769  -27.919  -80.605  7.931 0.6000000238
14710  -27.274  -81.244  7.055 0.6000000238
14723  -24.850  -80.958  5.313 0.6000000238
13710  -22.995  -81.545  4.361 0.6000000238
13722  -22.209  -81.963  3.303 0.6000000238
14796  -27.205  -81.144  -0.317 0.5000000000
11880  -31.825  -84.448  4.632 0.3000000119
16873  -26.912  -80.003  8.979 0.6999999881
14677  -26.830  -81.042  8.371 0.6000000238
15786  -28.045  -80.932  7.292 0.6000000238
14709  -26.362  -81.306  6.726 0.6000000238
14707  -24.465  -81.379  6.097 0.5000000000
13698  -23.640  -81.608  5.731 0.5000000000
13721  -21.665  -82.433  3.819 0.5000000000
165438  -22.032  -81.848  2.695 0.5000000000
14786  -27.716  -81.597  0.095 0.5000000000
15908  -29.335  -80.450  -3.086 0.3000000119
14818  -29.434  -81.457  -1.996 0.3000000119
14799  -29.997  -81.641  -0.898 0.3000000119
13782  -30.836  -81.743  -0.512 0.4000000060
179946  -20.776  -82.372  2.180 0.5000000000
15907  -28.223  -80.421  -3.189 0.3000000119
14817  -28.361  -81.427  -2.125 0.3000000119
20049  -28.080  -76.807  3.709 0.5000000000
18994  -28.826  -77.563  4.054 0.5000000000
20060  -27.291  -76.546  2.363 0.5000000000
19013  -27.637  -77.257  1.967 0.5000000000
20027  -28.080  -75.921  5.243 0.5000000000
20028  -28.363  -76.707  5.720 0.5000000000
18980  -28.861  -77.629  5.138 0.5000000000
19005  -28.722  -77.651  3.029 0.5000000000
19014  -28.340  -78.129  1.509 0.5000000000
16967  -28.075  -79.029  0.293 0.6000000238
18013  -27.249  -79.138  -0.636 0.6000000238
172653  -28.427  -77.474  7.146 0.5000000000
16960  -27.556  -80.001  0.098 0.6000000238
15853  -26.389  -80.901  1.909 0.8000000119
6362  -30.482  -90.666  5.532 0.3000000119
20002  -28.034  -76.985  7.754 0.6000000238
18961  -28.297  -77.959  7.818 0.6000000238
183680  -26.815  -79.572  -1.183 0.4000000060
6370  -30.723  -90.027  4.596 0.3000000119
18943  -27.891  -78.129  8.343 0.6999999881
15880  -27.134  -80.726  0.155 0.5000000000
14769  -26.447  -81.412  1.814 0.6000000238
9080  -30.600  -88.616  4.486 0.3000000119
9081  -30.974  -87.628  4.743 0.3000000119
17909  -26.873  -78.512  8.672 0.6999999881
15889  -26.726  -80.105  -1.352 0.4000000060
9972  -32.018  -86.236  4.213 0.3000000119
172498  -26.459  -79.413  8.914 0.6000000238
159643  -27.238  -79.326  8.722 0.6999999881
12813  -32.087  -83.791  4.035 0.3000000119
158361  -25.152  -78.741  8.399 0.6000000238
16872  -25.493  -79.497  9.066 0.6999999881
14676  -25.971  -81.266  8.453 0.6000000238
159240  -24.850  -81.671  7.011 0.5000000000
13675  -24.067  -81.936  6.718 0.5000000000
15900  -26.859  -80.597  -2.502 0.4000000060
14807  -27.250  -81.247  -1.168 0.4000000060
18026  -29.176  -78.725  -3.352 0.3000000119
15909  -30.244  -80.424  -2.916 0.3000000119
14810  -30.234  -81.552  -1.490 0.4000000060
13732  -32.290  -82.665  2.929 0.3000000119
14675  -25.191  -81.249  8.807 0.6000000238
14688  -24.290  -81.860  7.505 0.5000000000
189079  -22.921  -82.567  7.101 0.5000000000
13688  -23.353  -82.265  6.505 0.5000000000
12805  -21.232  -83.133  4.432 0.5000000000
12820  -20.812  -82.973  3.570 0.6000000238
12838  -20.481  -83.144  2.747 0.5000000000
15901  -27.723  -80.983  -2.742 0.3000000119
16982  -28.789  -79.577  -3.348 0.3000000119
163171  -24.951  -81.572  8.042 0.5000000000
13687  -22.708  -82.670  6.369 0.5000000000
12804  -20.393  -83.631  4.136 0.5000000000
11874  -19.993  -84.093  4.627 0.5000000000
21109  -28.051  -75.367  4.915 0.5000000000
20040  -27.821  -76.012  4.233 0.5000000000
21137  -27.343  -75.753  2.608 0.5000000000
187293  -27.085  -75.431  1.846 0.5000000000
20059  -26.903  -76.123  1.832 0.5000000000
20071  -26.451  -76.496  1.190 0.5000000000
20014  -27.816  -76.083  7.364 0.5000000000
20041  -28.293  -76.730  4.693 0.5000000000
179851  -26.517  -76.560  0.019 0.4000000060
20015  -28.248  -76.754  6.781 0.5000000000
19029  -26.671  -77.270  -0.307 0.4000000060
6350  -30.639  -90.979  6.525 0.3000000119
6363  -31.307  -90.265  5.276 0.3000000119
20001  -27.458  -76.315  8.250 0.6000000238
18009  -26.923  -78.071  -0.542 0.4000000060
19988  -27.007  -76.451  8.745 0.6000000238
18942  -27.581  -77.333  8.372 0.6000000238
8198  -30.997  -89.195  4.272 0.3000000119
9089  -31.393  -88.334  3.984 0.3000000119
174144  -26.176  -77.959  8.422 0.6000000238
16970  -26.622  -79.462  -1.686 0.4000000060
18960  -25.409  -77.615  7.889 0.6000000238
18019  -26.480  -78.712  -2.477 0.4000000060
16974  -26.441  -79.382  -2.379 0.4000000060
10899  -32.126  -85.341  4.177 0.3000000119
17923  -25.436  -78.130  8.049 0.6999999881
16981  -27.731  -79.533  -3.300 0.3000000119
170648  -28.310  -78.722  -3.307 0.3000000119
170897  -27.896  -75.241  2.986 0.5000000000
20048  -27.566  -76.294  3.246 0.5000000000
22310  -27.787  -74.976  2.140 0.5000000000
22324  -27.198  -74.844  1.224 0.4000000060
161733  -28.013  -75.913  6.267 0.5000000000
21149  -26.677  -75.203  0.703 0.4000000060
166475  -26.362  -76.002  0.527 0.4000000060
22265  -28.083  -74.735  5.515 0.6000000238
20085  -26.618  -76.557  -0.650 0.4000000060
19032  -26.679  -77.191  -1.154 0.4000000060
8199  -31.670  -88.959  3.983 0.3000000119
7308  -31.440  -89.615  4.559 0.3000000119
18940  -26.053  -77.106  8.454 0.6000000238
160955  -26.688  -78.022  -1.151 0.4000000060
18016  -26.624  -78.743  -1.827 0.4000000060
19036  -26.580  -77.856  -2.005 0.4000000060
19037  -27.409  -77.453  -2.507 0.4000000060
186061  -27.442  -78.729  -3.223 0.3000000119
18022  -28.875  -77.949  -3.199 0.3000000119
156840  -24.353  -78.268  7.205 0.6000000238
22296  -28.297  -75.001  3.743 0.5000000000
22311  -28.663  -74.461  2.078 0.5000000000
22326  -28.957  -74.073  1.258 0.4000000060
22325  -28.129  -74.420  1.272 0.4000000060
22280  -28.263  -74.887  4.650 0.5000000000
22297  -28.898  -74.418  3.613 0.5000000000
156913  -27.439  -73.960  -0.304 0.4000000060
21084  -27.654  -75.223  6.821 0.6000000238
22248  -27.773  -74.575  6.406 0.6000000238
22266  -28.542  -74.304  5.225 0.6000000238
21153  -27.000  -74.689  -0.625 0.4000000060
21076  -27.387  -75.396  7.885 0.6000000238
22238  -27.397  -74.571  7.335 0.6000000238
21156  -27.308  -75.176  -1.338 0.4000000060
20092  -27.516  -75.942  -1.789 0.4000000060
164699  -26.518  -75.781  8.831 0.6000000238
19033  -26.973  -76.823  -1.921 0.4000000060
20093  -28.590  -75.905  -2.254 0.4000000060
20100  -27.975  -76.639  -2.309 0.4000000060
20094  -29.441  -76.041  -2.446 0.4000000060
9971  -31.695  -87.311  4.074 0.3000000119
185065  -32.434  -87.412  3.304 0.3000000119
19987  -25.589  -76.244  8.575 0.6000000238
19038  -28.450  -77.267  -2.765 0.4000000060
185577  -32.394  -85.276  2.770 0.3000000119
9982  -32.272  -86.896  3.323 0.3000000119
20013  -24.910  -77.395  7.175 0.6000000238
17939  -24.861  -77.843  7.188 0.6000000238
20012  -24.751  -76.966  6.782 0.6999999881
21075  -24.314  -75.197  8.136 0.6999999881
18970  -24.595  -77.481  6.377 0.6000000238
20011  -24.237  -76.353  6.678 0.6999999881
21083  -23.656  -75.588  6.678 0.6999999881
20026  -24.380  -76.948  5.874 0.6000000238
22237  -24.071  -74.434  7.922 0.6999999881
24403  -24.854  -72.688  8.401 0.6000000238
20025  -23.613  -76.435  5.342 0.6999999881
23368  -23.816  -74.078  7.148 0.6999999881
171802  -29.170  -74.304  2.829 0.5000000000
22312  -29.475  -74.200  2.023 0.5000000000
22282  -29.374  -74.206  4.278 0.5000000000
22299  -30.492  -74.501  3.490 0.5000000000
175232  -30.035  -74.255  2.765 0.5000000000
183607  -29.648  -73.880  1.377 0.5000000000
23441  -29.277  -73.505  0.561 0.4000000060
22336  -28.312  -73.728  0.228 0.4000000060
22249  -28.222  -74.066  6.073 0.6000000238
23416  -29.717  -74.070  4.852 0.6000000238
22283  -30.183  -74.357  4.357 0.6000000238
168194  -30.909  -74.779  4.156 0.6000000238
22340  -28.167  -73.498  -1.005 0.4000000060
169940  -27.064  -74.686  8.219 0.6000000238
23404  -29.668  -73.827  5.516 0.6000000238
22267  -30.779  -74.615  4.969 0.6000000238
22346  -27.691  -74.332  -1.257 0.4000000060
21069  -26.272  -74.959  8.895 0.6000000238
22226  -26.877  -74.027  8.530 0.6000000238
179672  -27.665  -73.488  7.803 0.6000000238
23388  -29.609  -73.380  6.319 0.6000000238
23406  -30.870  -74.356  5.785 0.6000000238
21157  -28.236  -75.157  -1.754 0.4000000060
188535  -30.714  -74.889  -2.170 0.4000000060
22225  -26.416  -74.099  8.892 0.6000000238
23359  -27.292  -73.432  8.429 0.6000000238
24442  -28.763  -72.677  7.336 0.6000000238
24443  -29.463  -72.706  7.027 0.6000000238
162670  -31.376  -74.201  6.937 0.6000000238
21158  -29.383  -75.304  -2.051 0.4000000060
20095  -30.127  -75.873  -2.430 0.4000000060
21067  -25.089  -75.409  8.690 0.6000000238
23348  -26.208  -73.442  9.226 0.5000000000
24406  -27.273  -72.744  8.904 0.6000000238
24422  -28.393  -72.370  8.001 0.6000000238
24445  -31.233  -73.097  6.782 0.6000000238
23371  -31.564  -74.051  7.695 0.6999999881
20000  -25.211  -76.919  7.746 0.6999999881
163247  -25.531  -74.792  8.964 0.6000000238
24405  -26.537  -72.602  9.258 0.6000000238
24407  -27.800  -72.096  8.656 0.6000000238
24425  -31.560  -73.292  7.072 0.6000000238
23360  -31.766  -73.885  8.667 0.6000000238
23349  -32.196  -73.785  9.599 0.6000000238
25456  -28.515  -71.393  8.400 0.6000000238
25470  -29.577  -71.170  7.997 0.6000000238
25484  -31.895  -72.389  7.096 0.6000000238
24394  -31.832  -73.046  9.144 0.6000000238
24404  -25.358  -72.717  9.025 0.6000000238
25433  -26.520  -71.713  9.212 0.6000000238
26501  -29.008  -70.475  8.444 0.5000000000
25471  -30.593  -71.094  7.630 0.6000000238
162986  -32.228  -72.399  7.683 0.6000000238
27582  -27.180  -70.570  8.937 0.5000000000
21093  -23.272  -75.555  5.843 0.6999999881
173256  -24.093  -73.167  6.959 0.6999999881
25452  -24.961  -72.090  8.004 0.5000000000
26499  -26.373  -70.658  8.586 0.6000000238
27583  -27.714  -69.975  8.664 0.5000000000
26513  -29.933  -70.320  8.106 0.5000000000
27596  -27.118  -69.847  8.291 0.6000000238
19986  -20.312  -75.716  8.263 0.6000000238
21074  -20.151  -75.368  7.469 0.6000000238
19996  -20.225  -76.023  7.057 0.6000000238
174290  -30.926  -74.553  2.679 0.5000000000
21123  -31.691  -75.319  3.053 0.5000000000
22328  -31.042  -73.987  1.794 0.5000000000
23450  -29.653  -72.985  -0.095 0.5000000000
23455  -28.978  -73.168  -0.562 0.4000000060
167220  -31.238  -75.100  5.596 0.5000000000
159273  -31.311  -75.276  4.780 0.5000000000
21097  -33.203  -75.877  5.751 0.5000000000
23456  -29.814  -72.899  -1.034 0.4000000060
22342  -30.571  -73.502  -1.481 0.4000000060
162897  -31.671  -75.598  5.375 0.5000000000
21087  -33.347  -75.667  6.659 0.5000000000
22347  -28.739  -74.360  -1.532 0.4000000060
184011  -29.945  -73.699  -1.506 0.4000000060
163156  -31.050  -74.156  -1.886 0.4000000060
184718  -31.926  -75.170  7.769 0.5000000000
21077  -32.368  -75.412  7.584 0.5000000000
21086  -32.492  -75.742  6.646 0.5000000000
22348  -30.532  -74.441  -1.913 0.4000000060
22227  -31.893  -74.703  8.299 0.6000000238
22229  -33.333  -74.844  8.737 0.6000000238
22216  -32.170  -74.336  9.004 0.6000000238
22218  -33.068  -74.485  9.384 0.5000000000
24382  -32.265  -72.591  10.542 0.4000000060
23318  -33.478  -73.076  10.875 0.4000000060
24383  -34.378  -72.866  10.682 0.4000000060
25473  -32.686  -71.764  7.311 0.6000000238
24395  -31.901  -72.370  9.162 0.6000000238
25420  -32.016  -71.863  10.489 0.5000000000
25405  -32.903  -71.965  11.742 0.4000000060
24368  -34.045  -72.499  11.383 0.4000000060
181563  -34.159  -71.598  12.343 0.4000000060
20038  -23.402  -76.747  4.394 0.6999999881
25472  -31.560  -70.947  7.246 0.6000000238
158524  -32.063  -71.078  10.318 0.5000000000
25392  -32.685  -71.116  12.164 0.4000000060
24440  -24.595  -72.403  6.757 0.6000000238
27598  -28.641  -69.178  7.999 0.5000000000
165282  -30.015  -69.573  7.799 0.5000000000
25458  -32.787  -71.294  7.947 0.5000000000
26482  -32.457  -70.244  10.148 0.5000000000
26445  -32.389  -70.578  11.722 0.4000000060
26425  -32.650  -70.296  12.392 0.4000000060
26511  -25.831  -70.748  8.065 0.6000000238
26515  -31.580  -69.876  7.012 0.5000000000
19970  -20.469  -76.293  10.635 0.6999999881
21062  -20.337  -75.117  8.951 0.6000000238
179899  -20.484  -75.000  9.770 0.6999999881
176462  -20.070  -74.785  7.973 0.6000000238
23346  -20.539  -73.545  8.961 0.6000000238
22246  -19.645  -74.524  6.409 0.6000000238
24419  -19.661  -72.493  7.594 0.6000000238
24401  -20.384  -72.717  8.393 0.6000000238
25449  -20.358  -71.774  7.972 0.6000000238
25468  -20.398  -70.593  7.428 0.6000000238
170727  -19.311  -73.254  6.342 0.6000000238
24439  -19.244  -72.081  6.923 0.6000000238
25467  -19.683  -71.474  7.224 0.6000000238
23442  -30.165  -73.397  1.014 0.5000000000
22263  -19.593  -74.660  5.601 0.5000000000
23383  -19.403  -73.919  6.060 0.5000000000
26536  -19.934  -70.775  6.098 0.5000000000
27609  -20.501  -69.989  6.223 0.5000000000
163944  -32.036  -75.712  3.739 0.4000000060
21124  -32.495  -75.658  3.163 0.5000000000
163856  -31.587  -72.585  0.499 0.5000000000
158768  -30.370  -72.736  -0.041 0.4000000060
23412  -20.058  -73.451  4.425 0.5000000000
24450  -19.690  -72.578  5.411 0.5000000000
26552  -21.695  -70.607  5.068 0.5000000000
27642  -22.139  -70.047  5.220 0.5000000000
21112  -33.583  -75.708  4.575 0.5000000000
24498  -31.566  -72.286  -0.431 0.4000000060
23458  -31.676  -72.466  -1.234 0.4000000060
24505  -33.204  -72.205  -1.117 0.4000000060
23420  -19.956  -74.011  4.091 0.5000000000
24458  -21.075  -72.421  4.557 0.5000000000
25499  -21.193  -71.493  4.920 0.6000000238
25500  -22.244  -71.324  4.417 0.6000000238
23463  -31.286  -73.402  -1.541 0.4000000060
24480  -22.245  -73.259  2.958 0.6000000238
24466  -21.725  -72.716  3.669 0.6000000238
25514  -21.899  -72.073  4.189 0.6999999881
22240  -33.656  -75.166  7.996 0.4000000060
22230  -34.182  -74.515  8.533 0.5000000000
160066  -22.518  -76.101  0.928 0.6000000238
22219  -33.674  -74.405  9.207 0.5000000000
24396  -34.763  -73.145  9.927 0.4000000060
21145  -23.087  -76.171  1.510 0.6000000238
23338  -33.984  -73.533  10.234 0.4000000060
20058  -23.308  -76.764  2.108 0.6000000238
171290  -22.859  -75.190  3.938 0.6000000238
24369  -34.831  -72.208  11.076 0.4000000060
23385  -24.275  -72.969  5.985 0.6000000238
22264  -23.084  -74.847  5.487 0.6999999881
26525  -26.381  -70.214  6.808 0.6000000238
26526  -27.100  -69.755  6.327 0.6000000238
27597  -27.758  -69.191  7.748 0.5000000000
28691  -29.210  -68.873  7.486 0.5000000000
21053  -20.554  -75.308  10.468 0.6999999881
22202  -20.643  -74.564  10.228 0.6999999881
23333  -21.296  -73.489  10.401 0.6000000238
23347  -21.123  -73.204  9.627 0.6000000238
24391  -21.433  -72.497  9.406 0.6000000238
25450  -21.139  -71.262  8.361 0.6000000238
26496  -21.424  -70.407  8.073 0.6999999881
27594  -21.324  -69.381  6.995 0.6000000238
27610  -21.135  -69.538  6.522 0.6000000238
176047  -33.050  -75.310  2.566 0.5000000000
22314  -32.553  -74.625  2.092 0.5000000000
22329  -31.897  -73.809  1.713 0.5000000000
22330  -32.845  -73.581  1.592 0.5000000000
27627  -22.270  -69.507  5.623 0.6000000238
28709  -22.573  -68.973  6.139 0.5000000000
22315  -33.431  -74.482  2.151 0.5000000000
23452  -32.188  -72.326  0.374 0.5000000000
24504  -32.428  -71.987  -0.630 0.4000000060
26570  -24.503  -70.565  3.170 0.6000000238
26554  -23.420  -70.353  4.358 0.6000000238
27628  -23.102  -69.249  5.459 0.5000000000
21098  -34.039  -75.484  5.427 0.5000000000
21143  -22.096  -75.437  1.192 0.6000000238
22321  -21.527  -74.821  1.617 0.4000000060
23430  -21.889  -73.716  2.677 0.6000000238
25516  -23.586  -71.924  3.277 0.6000000238
25517  -24.200  -71.412  3.094 0.6000000238
27658  -24.793  -69.836  3.504 0.6000000238
22241  -34.420  -74.757  7.604 0.4000000060
22268  -34.608  -74.929  5.782 0.4000000060
22309  -22.935  -74.623  2.513 0.5000000000
23432  -23.154  -73.964  2.557 0.5000000000
24481  -23.128  -73.346  2.876 0.6000000238
24468  -23.413  -72.588  3.125 0.6999999881
24484  -25.365  -72.315  2.690 0.6000000238
25533  -25.506  -71.713  2.441 0.6000000238
26581  -25.656  -70.946  2.205 0.6000000238
23361  -34.938  -74.153  8.011 0.5000000000
21144  -22.778  -75.713  1.269 0.6000000238
23424  -24.109  -73.304  3.238 0.6000000238
24483  -24.795  -72.720  2.831 0.6000000238
25518  -26.820  -72.031  2.977 0.6000000238
25535  -27.049  -71.324  2.496 0.6000000238
26582  -26.473  -70.789  2.039 0.6000000238
188538  -34.678  -73.999  8.591 0.4000000060
184719  -23.122  -74.458  2.960 0.5000000000
23423  -23.757  -73.767  3.496 0.6000000238
24460  -25.460  -72.733  3.767 0.6000000238
25503  -27.252  -71.471  3.579 0.6000000238
26572  -27.956  -71.262  3.261 0.6000000238
21121  -22.928  -75.163  2.997 0.6000000238
22279  -23.051  -74.700  4.541 0.6000000238
23402  -24.048  -73.438  4.939 0.6000000238
25492  -25.527  -71.784  5.516 0.6000000238
25493  -26.253  -71.383  5.092 0.6000000238
26538  -25.931  -71.013  6.196 0.6000000238
25482  -25.209  -71.607  6.687 0.6000000238
27613  -28.347  -68.886  6.434 0.5000000000
28702  -30.076  -68.713  6.711 0.5000000000
19954  -20.457  -76.451  11.615 0.6999999881
22185  -20.749  -74.798  11.008 0.6999999881
18854  -19.609  -77.791  14.036 0.6999999881
19925  -20.428  -76.722  13.471 0.6999999881
21027  -20.647  -75.785  12.131 0.6999999881
180973  -21.092  -74.369  11.371 0.6999999881
23334  -21.788  -73.129  10.768 0.6000000238
24392  -22.063  -72.131  9.841 0.6000000238
26479  -22.639  -70.537  9.225 0.5000000000
25451  -21.920  -70.910  8.811 0.6999999881
26497  -22.229  -70.155  8.468 0.5000000000
28689  -21.988  -68.993  7.105 0.5000000000
28710  -23.391  -68.602  5.964 0.5000000000
23434  -33.683  -73.655  1.833 0.5000000000
23444  -33.564  -72.764  1.218 0.5000000000
24499  -33.000  -72.007  0.399 0.5000000000
24490  -33.987  -72.062  0.517 0.4000000060
22285  -34.602  -74.989  4.737 0.4000000060
22316  -34.299  -74.119  2.410 0.4000000060
27645  -24.455  -69.429  4.442 0.6000000238
27668  -25.929  -70.157  2.319 0.6000000238
27659  -25.465  -69.575  3.054 0.6000000238
25520  -27.824  -71.147  2.571 0.6000000238
27669  -26.806  -69.874  1.979 0.6000000238
26540  -27.392  -70.208  5.273 0.6000000238
26556  -27.716  -70.786  4.192 0.6000000238
26584  -28.387  -70.564  2.045 0.6000000238
26539  -26.644  -70.566  5.733 0.6000000238
26558  -29.300  -70.461  3.556 0.5000000000
27629  -27.888  -69.409  5.895 0.6000000238
26541  -28.197  -69.893  4.851 0.5000000000
28713  -29.602  -68.677  6.189 0.5000000000
18843  -19.407  -77.714  15.812 0.6999999881
19914  -20.619  -76.582  14.572 0.6999999881
165608  -20.908  -75.993  13.841 0.6999999881
21028  -20.916  -75.354  12.562 0.6999999881
22162  -21.651  -74.799  13.508 0.6000000238
167302  -21.455  -74.260  12.004 0.6999999881
23317  -22.165  -73.085  11.364 0.4000000060
18825  -18.049  -77.500  16.625 0.6999999881
18844  -20.160  -77.128  15.444 0.6999999881
20978  -20.795  -76.309  15.546 0.6000000238
163717  -21.426  -75.408  14.096 0.6000000238
25418  -22.697  -71.718  10.278 0.5000000000
19905  -16.319  -77.145  16.343 0.6999999881
18824  -17.082  -77.257  16.719 0.6999999881
26480  -23.354  -70.127  9.644 0.5000000000
182883  -15.292  -76.448  15.227 0.6999999881
27567  -22.892  -69.711  8.877 0.5000000000
20997  -14.763  -75.865  14.638 0.6000000238
22161  -14.251  -74.597  13.850 0.6000000238
22172  -13.849  -74.354  13.040 0.6000000238
23315  -14.342  -73.376  10.782 0.5000000000
24362  -14.718  -72.922  10.274 0.5000000000
169972  -34.982  -73.524  2.135 0.4000000060
23445  -34.619  -72.785  1.192 0.4000000060
26574  -29.572  -70.877  2.899 0.6000000238
22163  -22.299  -74.342  13.834 0.5000000000
23304  -22.028  -73.608  12.029 0.5000000000
19890  -18.771  -76.714  16.844 0.6000000238
19891  -20.271  -76.502  16.278 0.6000000238
20979  -21.381  -75.617  15.603 0.6000000238
22150  -21.938  -74.887  14.427 0.6000000238
24353  -22.738  -72.988  12.071 0.5000000000
24364  -22.673  -72.565  11.382 0.5000000000
25419  -23.359  -71.320  10.660 0.5000000000
19888  -16.817  -76.314  16.400 0.6999999881
19889  -17.707  -76.580  16.802 0.6000000238
158858  -19.176  -75.835  17.094 0.6000000238
20955  -20.879  -75.800  16.349 0.6000000238
22120  -20.777  -75.032  17.110 0.6000000238
27568  -23.558  -69.196  9.345 0.5000000000
20976  -16.376  -75.694  15.724 0.6999999881
20977  -16.914  -75.364  16.191 0.6000000238
20953  -17.608  -75.068  16.648 0.6000000238
20954  -18.545  -74.896  17.126 0.6000000238
23248  -20.073  -74.191  17.493 0.6000000238
22149  -15.255  -74.676  14.850 0.6000000238
22138  -16.297  -74.956  15.582 0.6000000238
22139  -16.907  -74.365  16.086 0.6000000238
22118  -18.387  -74.010  17.069 0.6000000238
22148  -14.739  -74.186  14.388 0.6000000238
23287  -14.897  -73.321  14.216 0.6000000238
23276  -15.910  -73.414  15.289 0.6000000238
23255  -17.305  -73.453  16.176 0.6000000238
23295  -14.330  -73.718  13.493 0.5000000000
24351  -14.724  -72.910  11.410 0.5000000000
23296  -15.372  -72.526  13.738 0.5000000000
24331  -15.851  -72.343  14.483 0.6000000238
25347  -16.686  -72.099  15.356 0.6000000238
23446  -35.731  -73.219  2.027 0.4000000060
24387  -14.057  -72.466  9.028 0.5000000000
188655  -15.206  -72.502  11.542 0.5000000000
25374  -15.753  -71.915  12.839 0.6000000238
25361  -16.348  -71.780  14.683 0.6000000238
25446  -15.329  -71.819  8.800 0.5000000000
25416  -15.838  -71.916  9.321 0.5000000000
25399  -15.783  -71.993  10.345 0.4000000060
25388  -16.288  -71.460  12.200 0.5000000000
25375  -16.326  -71.364  13.185 0.6000000238
23305  -22.694  -73.766  13.342 0.6000000238
24354  -23.508  -72.600  12.487 0.5000000000
25402  -23.614  -71.618  11.393 0.5000000000
22151  -22.550  -74.416  14.798 0.6000000238
23298  -23.381  -73.416  13.689 0.5000000000
26442  -23.960  -70.935  11.061 0.5000000000
170174  -21.518  -74.505  16.909 0.6999999881
23278  -22.911  -73.793  16.028 0.6999999881
168118  -19.421  -73.370  17.468 0.6000000238
23249  -20.319  -73.279  17.535 0.6999999881
24299  -18.322  -72.812  16.756 0.6000000238
24291  -19.660  -72.550  17.480 0.6999999881
24298  -17.697  -72.599  16.253 0.6000000238
25331  -19.091  -71.863  17.245 0.6999999881
25362  -16.877  -71.426  15.222 0.6000000238
171713  -17.994  -71.124  16.269 0.6999999881
26458  -14.630  -70.891  9.303 0.5000000000
25428  -16.029  -71.807  8.693 0.5000000000
25400  -16.360  -71.526  11.082 0.4000000060
166591  -16.691  -70.932  12.693 0.6000000238
26388  -16.757  -71.004  14.498 0.6000000238
26476  -15.473  -70.699  8.567 0.5000000000
25417  -16.448  -71.550  9.896 0.4000000060
26440  -16.940  -70.951  10.669 0.5000000000
25403  -24.269  -71.248  11.750 0.5000000000
24355  -24.265  -72.288  12.872 0.5000000000
23289  -23.178  -73.832  15.170 0.6000000238
24320  -23.976  -72.754  15.522 0.5000000000
24334  -25.140  -72.010  14.074 0.5000000000
23260  -22.488  -73.450  16.661 0.6999999881
23250  -21.169  -73.092  17.438 0.6999999881
25319  -19.886  -71.797  17.468 0.6000000238
26375  -17.755  -70.456  15.699 0.6999999881
169974  -19.410  -71.141  17.298 0.6000000238
26402  -16.838  -70.739  13.561 0.6000000238
27476  -17.672  -70.003  14.963 0.6000000238
27578  -15.915  -70.163  8.359 0.5000000000
26460  -17.538  -70.364  10.309 0.4000000060
26422  -17.332  -70.363  12.641 0.6000000238
27565  -17.353  -69.241  8.262 0.4000000060
26478  -17.565  -69.996  8.984 0.4000000060
27552  -17.924  -69.751  10.139 0.5000000000
26441  -17.455  -70.387  11.459 0.5000000000
24303  -23.470  -72.495  16.250 0.6000000238
24321  -24.503  -72.275  15.200 0.5000000000
24302  -22.703  -72.594  16.764 0.6000000238
25333  -23.602  -71.676  16.385 0.5000000000
24294  -22.040  -71.794  17.168 0.6000000238
26343  -20.650  -70.851  17.484 0.6000000238
26344  -21.563  -70.874  17.369 0.5000000000
26342  -19.825  -70.559  17.386 0.6000000238
27477  -18.198  -69.650  15.629 0.6999999881
27462  -19.618  -69.728  17.198 0.5000000000
27493  -17.787  -69.792  14.146 0.6000000238
27524  -17.943  -69.735  12.121 0.5000000000
187996  -17.966  -69.185  8.521 0.4000000060
27535  -18.450  -69.134  11.581 0.5000000000
179234  -13.535  -61.093  13.370 0.4000000060
36321  -14.072  -60.653  13.662 0.3000000119
35291  -15.164  -62.217  14.154 0.4000000060
25334  -24.120  -71.161  16.304 0.5000000000
34198  -14.949  -63.864  14.005 0.3000000119
34199  -15.598  -63.442  14.636 0.4000000060
158101  -21.000  -70.095  17.529 0.5000000000
26362  -23.751  -70.548  16.809 0.5000000000
31982  -16.093  -66.053  13.445 0.3000000119
169540  -15.688  -64.311  14.604 0.4000000060
27447  -20.355  -69.301  17.424 0.5000000000
161236  -16.537  -66.063  12.534 0.3000000119
27461  -18.929  -69.247  16.463 0.6000000238
182850  -18.286  -69.337  13.996 0.6999999881
28583  -18.670  -68.858  15.353 0.6000000238
28642  -18.579  -68.724  10.639 0.5000000000
27525  -18.494  -69.113  12.618 0.5000000000
28630  -18.820  -68.324  11.540 0.4000000060
28614  -19.425  -67.870  13.224 0.4000000060
37339  -13.231  -60.297  16.232 0.3000000119
37355  -13.511  -60.153  15.143 0.3000000119
37376  -14.848  -60.578  14.536 0.3000000119
36305  -15.683  -61.685  14.929 0.3000000119
35275  -15.937  -62.748  15.046 0.4000000060
26346  -22.988  -70.164  17.176 0.5000000000
33145  -16.553  -65.267  14.114 0.4000000060
33118  -16.758  -64.349  15.252 0.4000000060
27448  -21.336  -69.317  17.584 0.5000000000
31983  -16.785  -65.445  13.187 0.4000000060
33146  -17.246  -64.869  13.858 0.4000000060
28573  -19.635  -69.004  17.026 0.5000000000
28555  -20.870  -68.543  17.460 0.5000000000
31995  -16.754  -65.944  11.471 0.4000000060
28584  -19.330  -68.334  15.835 0.5000000000
28597  -19.203  -68.373  13.820 0.5000000000
176354  -19.852  -67.675  15.239 0.5000000000
29766  -18.092  -67.559  8.041 0.3000000119
29747  -19.029  -67.464  9.678 0.4000000060
29738  -19.138  -67.451  11.544 0.4000000060
166186  -19.741  -67.629  14.159 0.4000000060
37307  -13.443  -59.822  18.194 0.3000000119
37356  -14.052  -59.587  15.161 0.3000000119
36306  -15.850  -60.859  15.288 0.4000000060
35276  -16.568  -62.566  15.701 0.4000000060
27466  -26.140  -69.142  16.182 0.4000000060
34177  -17.218  -63.086  16.060 0.4000000060
27451  -25.144  -68.935  17.245 0.4000000060
33132  -17.154  -64.605  14.807 0.4000000060
34201  -17.907  -63.974  15.009 0.4000000060
161895  -23.309  -69.243  17.547 0.4000000060
180500  -17.677  -64.336  14.315 0.4000000060
29672  -20.652  -67.796  17.078 0.5000000000
31996  -16.974  -65.334  11.995 0.4000000060
172437  -17.185  -65.395  9.346 0.3000000119
29671  -20.028  -67.807  16.333 0.5000000000
30908  -19.474  -66.580  9.826 0.3000000119
37340  -13.575  -59.603  15.952 0.3000000119
38412  -14.148  -58.892  15.957 0.3000000119
37357  -15.470  -60.070  15.260 0.3000000119
37341  -16.641  -60.542  15.993 0.4000000060
36294  -17.443  -61.578  16.320 0.4000000060
36295  -18.074  -61.219  16.322 0.3000000119
35265  -17.675  -62.502  16.274 0.4000000060
28598  -26.604  -68.454  14.936 0.4000000060
29697  -26.847  -67.677  14.782 0.4000000060
34188  -18.110  -63.318  15.638 0.4000000060
27450  -24.246  -69.121  17.436 0.4000000060
28557  -22.699  -68.385  17.900 0.4000000060
33156  -17.352  -64.546  12.538 0.3000000119
29647  -21.904  -67.702  17.845 0.4000000060
32008  -17.016  -65.233  10.934 0.3000000119
33163  -17.262  -64.478  11.313 0.3000000119
32039  -18.719  -65.320  8.387 0.3000000119
29712  -19.727  -67.172  13.398 0.4000000060
40432  -13.649  -58.013  17.571 0.3000000119
38426  -15.973  -59.424  15.864 0.4000000060
165171  -16.949  -59.663  16.281 0.4000000060
37342  -17.550  -60.566  16.341 0.4000000060
30853  -27.649  -66.537  13.867 0.4000000060
29686  -26.796  -67.789  15.582 0.4000000060
35277  -18.521  -62.492  15.383 0.4000000060
29652  -26.132  -67.883  17.285 0.4000000060
169464  -18.171  -63.689  14.102 0.4000000060
28558  -23.713  -68.464  17.801 0.4000000060
28560  -25.471  -68.158  17.536 0.4000000060
176290  -17.857  -63.636  12.357 0.3000000119
29649  -23.356  -67.731  18.028 0.4000000060
33175  -17.934  -63.929  9.692 0.3000000119
29673  -21.265  -67.122  17.294 0.5000000000
33185  -17.425  -64.653  9.521 0.3000000119
33187  -19.827  -64.313  8.797 0.3000000119
30834  -20.981  -66.514  16.732 0.5000000000
30897  -19.430  -66.509  11.894 0.3000000119
29696  -20.271  -67.063  14.711 0.4000000060
29748  -19.095  -67.216  10.557 0.4000000060
40459  -13.584  -57.670  17.003 0.3000000119
37343  -18.070  -60.484  16.219 0.3000000119
173107  -18.423  -60.834  15.790 0.3000000119
30843  -27.651  -66.617  14.884 0.4000000060
174462  -18.482  -62.926  13.859 0.3000000119
29674  -26.582  -67.747  16.576 0.4000000060
173217  -27.487  -66.681  15.615 0.3000000119
34213  -18.254  -63.067  12.912 0.3000000119
29650  -24.836  -67.488  17.950 0.4000000060
30815  -26.431  -67.234  17.305 0.4000000060
34241  -18.674  -63.300  9.984 0.3000000119
34252  -19.583  -63.622  9.440 0.3000000119
30811  -21.494  -66.185  17.212 0.4000000060
32030  -20.019  -65.276  8.844 0.3000000119
31997  -19.705  -65.382  11.638 0.3000000119
30884  -19.646  -65.975  12.707 0.3000000119
31959  -20.512  -65.819  15.267 0.3000000119
35292  -18.648  -62.281  14.278 0.3000000119
167677  -18.619  -60.648  13.798 0.3000000119
35305  -18.572  -62.179  13.113 0.3000000119
30836  -27.409  -66.435  16.296 0.3000000119
161917  -26.100  -66.640  17.711 0.4000000060
30816  -27.101  -66.152  17.048 0.4000000060
182433  -19.387  -63.086  10.092 0.3000000119
30807  -23.700  -66.353  18.232 0.4000000060
30808  -24.994  -66.067  18.205 0.4000000060
33176  -20.160  -64.722  9.356 0.3000000119
32009  -20.026  -65.051  10.296 0.3000000119
31949  -21.006  -65.808  16.559 0.3000000119
177047  -20.203  -65.086  14.057 0.3000000119
36373  -20.232  -61.850  10.369 0.3000000119
34243  -20.000  -63.506  10.129 0.3000000119
31922  -24.330  -65.809  18.291 0.3000000119
186160  -25.611  -65.224  18.179 0.3000000119
167956  -20.230  -63.809  11.237 0.3000000119
31932  -22.094  -65.705  17.682 0.3000000119
186479  -19.791  -65.199  12.623 0.3000000119
31948  -20.693  -65.570  15.926 0.3000000119
177130  -20.749  -61.761  10.862 0.3000000119
36361  -21.015  -61.354  11.455 0.3000000119
34226  -20.662  -62.960  11.537 0.3000000119
31921  -23.504  -65.488  18.279 0.3000000119
35317  -21.076  -62.431  12.294 0.3000000119
173465  -21.312  -61.740  12.160 0.3000000119
186928  -19.595  -66.702  12.858 0.4000000060
30918  -19.730  -66.086  8.910 0.3000000119
170256  -19.618  -65.965  10.681 0.3000000119
13725  -24.610  -82.374  3.248 0.6000000238
11889  -24.741  -84.266  3.570 0.5000000000
183984  -24.166  -84.499  2.619 0.5000000000
11918  -23.606  -83.713  1.824 0.5000000000
10906  -24.919  -84.960  3.267 0.5000000000
11876  -27.410  -84.541  3.863 0.5000000000
15869  -26.936  -80.736  1.085 0.6999999881
15816  -26.055  -80.336  3.964 0.6999999881
14744  -24.344  -81.135  3.537 0.6999999881
160171  -24.545  -80.769  4.290 0.6999999881
159908  -27.626  -82.572  2.343 0.5000000000
11891  -32.279  -84.726  3.504 0.3000000119
14771  -28.393  -81.782  0.423 0.5000000000
14808  -28.043  -81.600  -1.488 0.3000000119
18010  -27.308  -78.094  0.168 0.6000000238
19022  -26.790  -77.145  0.840 0.5000000000
17960  -29.121  -78.330  5.843 0.6000000238
15787  -28.679  -80.586  6.508 0.6000000238
15803  -28.975  -80.342  4.927 0.6000000238
15801  -26.706  -80.631  5.065 0.6999999881
14770  -26.899  -81.528  1.266 0.5000000000
13727  -26.537  -83.126  3.188 0.6000000238
11875  -25.371  -84.183  3.796 0.5000000000
14724  -25.966  -80.965  5.729 0.6000000238
14721  -23.539  -81.150  4.705 0.6999999881
14689  -25.724  -81.479  7.383 0.5000000000
13709  -22.676  -82.068  4.889 0.5000000000
11904  -32.448  -84.630  2.377 0.3000000119
16850  -25.344  -80.219  9.286 0.6000000238
12790  -22.372  -82.630  5.548 0.5000000000
14819  -30.330  -81.343  -1.952 0.3000000119
16968  -27.016  -80.146  -0.732 0.5000000000
12840  -32.445  -83.487  2.167 0.3000000119
12789  -21.588  -83.252  5.501 0.5000000000
188391  -26.753  -75.344  -0.753 0.4000000060
8209  -31.916  -88.364  3.692 0.3000000119
23386  -27.777  -73.840  7.024 0.6000000238
19999  -24.773  -76.026  8.114 0.6999999881
23357  -25.571  -73.449  9.162 0.6000000238
25454  -26.040  -71.385  8.998 0.6000000238
23387  -28.649  -73.313  6.660 0.6000000238
172261  -32.705  -76.047  4.943 0.5000000000
22341  -29.182  -73.562  -1.268 0.4000000060
23389  -30.478  -73.736  6.182 0.6000000238
22250  -31.324  -74.846  6.495 0.5000000000
24424  -30.123  -71.986  7.422 0.6000000238
23337  -33.281  -73.649  10.291 0.4000000060
21108  -22.973  -75.636  4.803 0.6000000238
23384  -23.694  -73.810  6.091 0.6999999881
23366  -19.469  -73.751  6.862 0.6000000238
21138  -32.296  -75.260  2.578 0.4000000060
21088  -33.991  -75.465  6.260 0.4000000060
24384  -35.159  -72.502  10.322 0.4000000060
26527  -32.341  -70.884  6.862 0.4000000060
19003  -23.519  -77.768  2.567 0.6000000238
22222  -20.171  -74.211  8.478 0.6000000238
25490  -19.689  -71.705  5.746 0.6000000238
167624  -32.702  -72.624  1.029 0.5000000000
24465  -20.832  -73.115  4.148 0.5000000000
27644  -23.673  -69.681  4.779 0.6000000238
22293  -20.196  -74.297  3.373 0.4000000060
24441  -24.876  -72.323  5.841 0.5000000000
22242  -35.125  -74.264  7.131 0.5000000000
24461  -26.103  -72.389  3.397 0.6000000238
24459  -24.832  -73.117  4.218 0.5000000000
21013  -13.579  -75.582  13.565 0.6000000238
24378  -15.267  -72.423  9.788 0.5000000000
22140  -22.063  -74.947  15.475 0.5000000000
161237  -18.201  -75.827  16.938 0.6000000238
22119  -19.663  -75.046  17.315 0.6000000238
22141  -22.616  -74.300  15.594 0.6000000238
22137  -15.399  -73.897  14.947 0.6000000238
26475  -14.783  -71.040  8.903 0.5000000000
24345  -24.479  -72.531  13.797 0.5000000000
26359  -18.365  -70.279  16.356 0.6000000238
26477  -16.810  -70.741  8.466 0.5000000000
27494  -18.188  -69.383  14.755 0.6000000238
165986  -14.645  -62.768  13.661 0.3000000119
26361  -23.309  -71.028  16.736 0.5000000000
28657  -18.684  -68.305  9.661 0.3000000119
26363  -24.454  -70.403  16.611 0.4000000060
27463  -23.920  -69.888  17.117 0.4000000060
29737  -18.864  -67.914  10.642 0.4000000060
30917  -19.172  -66.908  8.902 0.3000000119
29685  -20.396  -67.123  15.623 0.5000000000
28585  -26.463  -68.509  15.947 0.4000000060
39406  -13.442  -58.431  17.130 0.3000000119
34224  -17.735  -63.657  11.513 0.3000000119
30812  -22.159  -66.743  17.830 0.4000000060
30869  -19.853  -66.448  13.505 0.3000000119
34225  -18.205  -62.878  11.709 0.3000000119
30833  -20.659  -66.365  15.965 0.4000000060
41532  -14.241  -56.777  17.183 0.3000000119
35335  -18.959  -62.402  10.454 0.3000000119
30806  -22.849  -66.070  18.113 0.4000000060
35327  -20.564  -62.421  10.778 0.3000000119
10883  -18.201  -85.691  5.740 0.5000000000
10884  -18.905  -85.373  5.573 0.5000000000
187028  -19.435  -84.973  5.347 0.5000000000
10885  -19.747  -84.918  4.715 0.4000000060
11840  -17.161  -84.825  6.922 0.5000000000
171491  -18.771  -84.561  6.921 0.5000000000
11842  -19.253  -84.626  6.219 0.5000000000
11843  -20.015  -84.051  6.602 0.5000000000
12788  -20.788  -83.791  6.062 0.5000000000
11822  -17.481  -84.280  7.386 0.4000000060
11823  -18.710  -84.181  7.497 0.5000000000
12765  -20.017  -83.724  7.515 0.5000000000
12776  -21.532  -83.431  6.625 0.4000000060
12750  -19.242  -83.068  8.167 0.5000000000
12751  -19.921  -83.222  8.209 0.5000000000
11824  -19.362  -84.191  7.170 0.5000000000
13656  -20.009  -82.513  8.462 0.5000000000
166274  -20.619  -83.324  7.912 0.5000000000
178978  -20.949  -82.343  8.551 0.5000000000
161463  -22.410  -82.113  8.386 0.5000000000
13658  -23.140  -81.951  8.328 0.4000000060
13672  -19.203  -82.389  8.236 0.5000000000
14671  -21.197  -81.575  8.585 0.5000000000
14672  -22.628  -81.531  8.688 0.5000000000
14673  -23.565  -81.361  8.901 0.5000000000
15800  -19.219  -80.457  5.282 0.5000000000
14686  -19.093  -81.548  7.862 0.5000000000
156958  -19.587  -80.632  7.175 0.5000000000
15767  -20.523  -80.443  7.810 0.5000000000
160921  -21.401  -80.655  8.463 0.5000000000
16868  -21.991  -79.815  8.193 0.5000000000
185017  -22.917  -80.956  9.060 0.5000000000
14658  -24.241  -80.992  9.222 0.5000000000
15785  -19.793  -80.068  6.054 0.5000000000
16905  -20.355  -79.666  5.369 0.5000000000
168281  -21.437  -79.238  4.025 0.5000000000
16882  -20.922  -79.718  7.139 0.5000000000
17956  -21.617  -78.937  5.573 0.5000000000
17973  -21.915  -78.842  4.650 0.5000000000
16883  -21.781  -79.298  7.306 0.5000000000
17936  -22.113  -78.807  6.363 0.5000000000
16869  -22.832  -79.596  8.469 0.5000000000
16885  -23.391  -78.833  7.756 0.5000000000
15750  -22.401  -80.414  8.759 0.5000000000
15731  -24.108  -80.419  9.335 0.5000000000
15733  -25.557  -80.771  9.112 0.5000000000
16950  -23.161  -78.730  1.176 0.5000000000
17987  -23.348  -78.132  2.778 0.6000000238
17974  -22.848  -78.487  4.297 0.5000000000
17957  -22.663  -78.537  5.418 0.5000000000
17976  -24.070  -77.874  4.809 0.5000000000
17938  -23.649  -78.400  6.679 0.5000000000
17958  -23.651  -78.267  5.776 0.5000000000
16871  -24.561  -79.344  8.814 0.5000000000
17907  -24.333  -78.720  8.115 0.5000000000
16848  -24.050  -79.833  9.149 0.5000000000
19025  -22.784  -77.878  0.519 0.5000000000
18000  -23.353  -77.943  1.114 0.5000000000
18993  -23.671  -77.617  4.165 0.6000000238
17867  -18.484  -78.518  10.311 0.5000000000
18923  -20.315  -77.146  9.303 0.6000000238
17850  -18.136  -78.581  11.549 0.5000000000
17868  -19.281  -78.286  10.666 0.5000000000
18913  -20.296  -77.195  10.243 0.6000000238
18912  -19.875  -77.726  10.697 0.6000000238
17851  -18.930  -78.403  11.563 0.5000000000
17838  -19.172  -78.271  12.361 0.6000000238
17822  -18.732  -78.700  13.715 0.5000000000
18898  -20.247  -77.218  11.128 0.6000000238
18882  -19.714  -77.699  12.554 0.6000000238
16778  -17.976  -79.396  14.591 0.5000000000
17807  -19.184  -78.310  14.335 0.6000000238
18868  -19.893  -77.465  13.396 0.6000000238
16761  -17.037  -79.483  15.686 0.5000000000
17795  -19.039  -78.330  15.317 0.5000000000
18839  -15.747  -77.930  16.210 0.5000000000
19903  -15.034  -77.320  15.490 0.6000000238
21012  -12.979  -75.823  12.969 0.6000000238
19924  -13.291  -76.242  13.853 0.5000000000
18840  -16.576  -77.833  16.520 0.6000000238
18841  -17.957  -78.248  16.338 0.5000000000
19912  -14.006  -76.075  14.256 0.5000000000
22170  -13.230  -74.839  11.674 0.6000000238
22171  -13.351  -75.033  12.654 0.6000000238
175430  -14.171  -73.548  11.705 0.6000000238
12853  -32.246  -83.127  1.153 0.3000000119
12904  -32.554  -82.759  -0.601 0.3000000119
13793  -31.580  -82.247  -0.630 0.3000000119
178654  -33.559  -81.114  -1.542 0.3000000119
13792  -30.925  -81.783  -1.059 0.3000000119
13767  -31.710  -82.107  0.636 0.3000000119
13750  -32.341  -82.480  2.083 0.3000000119
12767  -22.236  -83.003  7.184 0.4000000060
17922  -22.687  -78.794  7.054 0.5000000000
18979  -24.354  -77.648  5.538 0.5000000000
18939  -20.357  -76.707  8.490 0.5000000000
12775  -20.766  -83.666  7.075 0.4000000060
12766  -21.373  -83.242  7.595 0.5000000000
15749  -20.545  -81.265  8.421 0.5000000000
15784  -19.152  -80.558  6.203 0.5000000000
165885  -20.232  -80.018  6.944 0.5000000000
16915  -20.178  -79.892  4.297 0.5000000000
16916  -21.017  -79.311  4.802 0.5000000000
16890  -21.293  -79.232  6.408 0.5000000000
166396  -23.616  -78.168  4.930 0.5000000000
12886  -31.975  -82.906  -0.156 0.3000000119
15896  -31.619  -81.129  -2.031 0.3000000119
14813  -32.856  -81.686  -1.546 0.3000000119
12903  -31.970  -82.673  -0.652 0.3000000119
14812  -31.961  -81.774  -1.636 0.3000000119
14820  -32.523  -81.167  -1.919 0.3000000119
162603  -26.492  -65.940  17.601 0.3000000119
7296  -29.940  -90.289  4.792 0.3000000119
7297  -31.997  -89.868  5.248 0.3000000119
8210  -32.369  -87.970  3.480 0.3000000119
9098  -31.989  -87.772  3.554 0.3000000119
10873  -17.709  -85.254  6.412 0.5000000000
10874  -18.484  -85.054  6.361 0.5000000000
10888  -31.164  -85.472  5.608 0.3000000119
10894  -26.279  -84.590  3.706 0.4000000060
10923  -32.545  -85.622  2.282 0.3000000119
11841  -18.058  -84.646  7.097 0.5000000000
11860  -19.902  -84.238  5.485 0.5000000000
11863  -30.590  -85.003  5.878 0.3000000119
11903  -24.254  -84.210  3.243 0.5000000000
11938  -24.510  -84.484  0.491 0.6000000238
12752  -21.056  -82.936  8.266 0.5000000000
12763  -18.614  -83.626  7.773 0.5000000000
12764  -19.306  -83.693  7.823 0.5000000000
12808  -28.209  -83.914  4.204 0.5000000000
12812  -31.542  -83.436  4.576 0.3000000119
12825  -27.395  -83.609  3.727 0.5000000000
12829  -32.333  -83.684  3.187 0.3000000119
12852  -23.060  -82.366  1.685 0.5000000000
12867  -23.319  -82.921  0.871 0.5000000000
12868  -23.940  -83.402  -0.080 0.6000000238
12869  -32.118  -83.199  0.333 0.3000000119
12885  -24.233  -83.705  -1.122 0.5000000000
13657  -21.810  -82.634  8.168 0.5000000000
13673  -22.680  -82.439  7.808 0.4000000060
13674  -23.529  -82.206  7.494 0.5000000000
13696  -22.027  -82.570  4.691 0.5000000000
13697  -22.986  -82.136  5.674 0.5000000000
13713  -31.218  -82.634  4.238 0.4000000060
13726  -25.486  -82.892  3.225 0.6000000238
13745  -25.786  -82.245  2.673 0.6000000238
13746  -26.806  -82.589  2.512 0.6000000238
13749  -32.010  -81.883  2.550 0.4000000060
13766  -28.964  -81.897  1.056 0.4000000060
13783  -31.613  -82.282  -0.125 0.3000000119
13805  -31.612  -82.142  -1.151 0.3000000119
13806  -32.289  -82.330  -1.196 0.3000000119
14657  -23.620  -80.826  9.227 0.5000000000
14659  -24.868  -81.041  9.135 0.5000000000
14669  -19.851  -81.803  8.428 0.5000000000
14670  -20.488  -81.918  8.596 0.5000000000
14674  -24.476  -81.376  8.809 0.6000000238
14687  -24.006  -81.785  8.241 0.5000000000
14690  -26.642  -81.329  7.685 0.6000000238
14691  -27.412  -81.045  7.867 0.6000000238
14708  -25.388  -81.322  6.376 0.5000000000
14722  -24.085  -81.094  5.321 0.6000000238
14736  -23.827  -80.870  4.021 0.6999999881
14745  -31.359  -81.748  2.846 0.4000000060
14755  -25.870  -81.283  2.401 0.6999999881
14772  -29.981  -81.583  0.699 0.4000000060
14784  -26.729  -81.033  1.194 0.6000000238
14785  -27.100  -81.250  0.578 0.5000000000
14787  -30.823  -81.659  0.267 0.4000000060
14797  -27.852  -81.628  -0.735 0.5000000000
14809  -29.529  -81.564  -1.446 0.3000000119
14811  -31.078  -81.588  -1.586 0.3000000119
14816  -27.441  -81.147  -1.954 0.4000000060
15732  -24.810  -80.604  9.297 0.5000000000
15734  -26.078  -80.125  9.195 0.6000000238
15751  -23.331  -80.206  9.106 0.5000000000
15752  -26.474  -80.624  8.848 0.6000000238
15753  -27.345  -80.489  8.489 0.6000000238
15766  -19.880  -81.115  8.094 0.5000000000
15768  -21.294  -79.950  7.855 0.5000000000
15770  -28.492  -80.317  7.551 0.6000000238
15788  -29.106  -80.316  5.731 0.6000000238
15814  -19.418  -80.417  4.351 0.5000000000
15834  -26.930  -80.219  2.681 0.6999999881
15835  -28.231  -80.195  2.949 0.6999999881
15836  -29.222  -79.934  3.177 0.6999999881
15890  -26.946  -80.664  -0.831 0.4000000060
15894  -26.855  -80.641  -1.627 0.4000000060
15897  -34.197  -80.460  -1.544 0.3000000119
15899  -26.537  -80.043  -2.091 0.4000000060
15902  -28.825  -81.085  -2.671 0.3000000119
15906  -27.131  -80.237  -3.167 0.3000000119
16762  -17.842  -79.252  15.352 0.5000000000
16791  -18.262  -79.176  13.987 0.5000000000
16849  -24.713  -79.960  9.292 0.5000000000
16870  -23.707  -79.383  8.633 0.5000000000
16875  -28.467  -79.573  7.848 0.6000000238
16884  -22.499  -79.239  7.790 0.5000000000
16889  -20.579  -79.641  6.275 0.5000000000
16904  -19.749  -80.035  5.064 0.5000000000
16906  -20.948  -79.314  5.694 0.5000000000
16937  -29.759  -79.309  3.274 0.6000000238
16951  -28.796  -79.788  1.706 0.6999999881
16962  -29.244  -79.184  1.715 0.6000000238
16975  -26.754  -79.302  -3.069 0.4000000060
17779  -17.249  -78.060  16.548 0.6000000238
17793  -17.496  -78.797  16.131 0.5000000000
17794  -18.304  -78.669  15.731 0.5000000000
17806  -18.535  -78.886  14.722 0.5000000000
17823  -19.322  -78.155  13.321 0.6000000238
17837  -18.465  -78.570  12.294 0.5000000000
17889  -19.190  -78.369  9.692 0.5000000000
17908  -25.991  -78.704  8.619 0.6000000238
17911  -28.222  -78.758  8.125 0.6999999881
17937  -22.947  -78.543  6.259 0.5000000000
17940  -29.196  -79.192  6.379 0.6000000238
17959  -24.155  -77.975  5.378 0.5000000000
17975  -23.540  -78.060  3.940 0.6000000238
17985  -22.135  -78.962  3.630 0.5000000000
17995  -23.472  -78.229  1.896 0.5000000000
18001  -28.120  -78.460  0.735 0.6000000238
18008  -23.091  -77.937  0.691 0.5000000000
18020  -26.946  -78.288  -2.855 0.4000000060
18021  -27.845  -77.980  -3.156 0.3000000119
18826  -18.948  -77.480  16.452 0.6999999881
18827  -19.623  -77.093  16.365 0.6999999881
18842  -18.694  -78.090  16.151 0.6999999881
18855  -20.101  -77.282  14.301 0.6999999881
18883  -20.156  -77.147  12.773 0.6000000238
18897  -19.644  -77.892  11.556 0.6000000238
18922  -19.834  -77.825  9.921 0.6000000238
18941  -26.873  -77.402  8.733 0.6000000238
18971  -28.645  -77.497  6.249 0.5000000000
19004  -27.848  -76.984  2.804 0.5000000000
19012  -23.526  -77.560  1.851 0.5000000000
19021  -23.141  -77.411  0.797 0.5000000000
19023  -27.445  -77.604  1.136 0.5000000000
19026  -26.824  -77.412  0.172 0.4000000060
19904  -15.673  -77.026  15.832 0.6999999881
19913  -14.432  -76.704  14.870 0.5000000000
19941  -20.440  -76.547  12.491 0.6999999881
19979  -20.408  -76.140  9.096 0.6000000238
19997  -20.297  -76.359  7.707 0.5000000000
19998  -24.153  -75.771  7.437 0.6999999881
20039  -24.016  -77.318  5.013 0.6000000238
20069  -23.058  -76.506  0.942 0.6000000238
20070  -23.371  -77.045  1.291 0.6000000238
20072  -26.942  -76.845  1.594 0.5000000000
20078  -22.358  -77.126  0.678 0.5000000000
20079  -26.493  -76.851  0.505 0.4000000060
20091  -26.833  -76.438  -1.308 0.4000000060
20101  -28.997  -76.591  -2.583 0.4000000060
20956  -21.552  -75.121  16.356 0.6000000238
20975  -15.599  -75.479  15.138 0.6999999881
20996  -14.206  -75.375  14.049 0.6000000238
20998  -21.154  -75.911  14.768 0.6000000238
21014  -20.696  -75.929  12.955 0.6999999881
21015  -21.147  -75.378  13.250 0.6999999881
21036  -20.596  -75.583  11.297 0.6999999881
21037  -20.896  -74.958  11.875 0.6999999881
21068  -25.910  -75.603  8.883 0.6000000238
21070  -26.927  -75.492  8.627 0.6000000238
21071  -32.282  -75.135  8.168 0.5000000000
21072  -32.855  -75.271  8.191 0.5000000000
21078  -33.103  -75.542  7.417 0.4000000060
21079  -33.900  -75.352  7.139 0.4000000060
21082  -19.997  -75.265  6.733 0.6000000238
21085  -31.816  -75.365  7.069 0.5000000000
21094  -27.885  -75.218  5.820 0.6000000238
21095  -31.718  -75.546  6.164 0.5000000000
21096  -32.251  -75.889  5.605 0.5000000000
21110  -31.977  -75.813  4.640 0.5000000000
21111  -32.676  -75.923  4.061 0.5000000000
21122  -27.724  -75.641  3.525 0.5000000000
21136  -22.969  -75.706  2.196 0.6000000238
21139  -33.912  -75.059  2.787 0.4000000060
21146  -26.563  -75.617  1.293 0.5000000000
21152  -26.566  -75.934  -0.332 0.4000000060
21159  -30.388  -75.142  -2.163 0.4000000060
22117  -17.767  -74.189  16.657 0.6000000238
22121  -22.211  -74.340  16.353 0.6000000238
22160  -13.810  -74.990  13.456 0.6000000238
22173  -21.966  -74.144  12.851 0.6000000238
22203  -20.949  -74.119  10.718 0.6000000238
22204  -32.882  -74.020  9.889 0.4000000060
22214  -20.468  -74.378  9.388 0.6999999881
22215  -25.903  -74.148  9.092 0.5000000000
22217  -32.605  -74.316  9.372 0.5000000000
22223  -24.694  -74.418  8.613 0.6999999881
22224  -25.298  -74.062  8.995 0.6000000238
22228  -32.584  -74.779  8.785 0.6000000238
22234  -19.817  -74.550  7.181 0.6000000238
22235  -19.764  -73.995  7.653 0.6000000238
22236  -23.759  -74.972  7.368 0.6999999881
22239  -31.566  -74.833  7.420 0.5000000000
22247  -23.378  -74.729  6.403 0.6999999881
22251  -34.563  -74.874  6.698 0.5000000000
22281  -28.729  -74.458  4.401 0.5000000000
22284  -31.488  -75.389  3.939 0.6000000238
22292  -19.722  -74.575  3.969 0.5000000000
22294  -23.253  -74.388  3.497 0.5000000000
22295  -23.349  -73.930  3.017 0.6000000238
22298  -29.700  -74.274  3.554 0.5000000000
22307  -21.944  -74.270  2.127 0.4000000060
22308  -22.806  -74.465  2.127 0.5000000000
22313  -31.735  -74.682  2.303 0.4000000060
22322  -22.458  -74.973  1.643 0.5000000000
22323  -22.845  -75.278  1.838 0.6000000238
22327  -30.248  -74.084  1.942 0.5000000000
22334  -26.718  -75.287  -0.009 0.4000000060
22335  -27.051  -74.630  0.328 0.4000000060
23256  -18.030  -73.408  16.643 0.6000000238
23257  -18.654  -73.397  17.154 0.6000000238
23258  -20.999  -74.025  17.399 0.6999999881
23259  -21.793  -73.751  17.092 0.6999999881
23261  -23.075  -73.174  16.341 0.6000000238
23277  -16.562  -73.461  15.681 0.6000000238
23279  -23.447  -73.272  15.775 0.6999999881
23288  -15.499  -72.971  14.765 0.6000000238
23290  -23.721  -73.274  15.141 0.6000000238
23297  -22.989  -73.919  14.210 0.6000000238
23303  -13.673  -74.248  11.973 0.6000000238
23306  -23.122  -73.231  12.894 0.5000000000
23314  -13.926  -73.910  10.893 0.5000000000
23316  -21.494  -73.702  11.253 0.6000000238
23332  -20.774  -73.876  9.913 0.6999999881
23335  -32.031  -73.057  9.990 0.4000000060
23336  -32.669  -73.341  10.423 0.6000000238
23350  -33.520  -74.059  9.791 0.5000000000
23355  -19.964  -73.394  8.067 0.6000000238
23356  -24.909  -73.446  8.794 0.6999999881
23358  -26.792  -73.403  8.959 0.5000000000
23367  -19.523  -73.301  7.429 0.6000000238
23369  -24.300  -73.504  7.990 0.6000000238
23370  -28.192  -73.121  7.516 0.6000000238
23390  -31.137  -73.936  6.496 0.6000000238
23400  -19.531  -74.122  5.390 0.5000000000
23401  -23.441  -74.199  5.200 0.6999999881
23403  -28.888  -73.697  5.718 0.6000000238
23405  -30.266  -74.179  5.270 0.6000000238
23411  -19.685  -73.948  4.785 0.5000000000
23413  -23.679  -73.994  4.160 0.6000000238
23414  -24.302  -73.502  3.795 0.6000000238
23415  -29.101  -73.970  4.947 0.6000000238
23421  -20.505  -73.701  3.727 0.5000000000
23422  -21.362  -73.406  3.339 0.6000000238
23429  -21.116  -74.052  2.985 0.4000000060
23431  -22.639  -73.860  2.482 0.6000000238
23433  -23.470  -73.544  3.006 0.6000000238
23435  -34.231  -73.341  1.768 0.4000000060
23443  -32.034  -72.884  1.178 0.5000000000
23451  -31.049  -72.535  0.041 0.4000000060
23457  -30.784  -72.503  -0.992 0.4000000060
23459  -32.444  -72.524  -1.354 0.4000000060
24292  -20.497  -72.422  17.517 0.6000000238
24293  -21.267  -72.201  17.418 0.6999999881
24300  -18.864  -72.651  17.214 0.6999999881
24301  -21.952  -72.821  17.176 0.6999999881
24318  -16.205  -72.659  15.216 0.6000000238
24319  -16.958  -72.720  15.730 0.6000000238
24332  -24.193  -72.876  14.666 0.5000000000
24333  -24.710  -72.346  14.520 0.5000000000
24343  -14.470  -73.201  12.532 0.5000000000
24344  -23.773  -72.850  13.289 0.5000000000
24352  -15.121  -72.550  12.437 0.5000000000
24363  -15.261  -72.513  10.780 0.4000000060
24365  -23.249  -72.299  11.731 0.5000000000
24366  -32.812  -72.656  11.106 0.4000000060
24367  -33.388  -72.474  11.450 0.4000000060
24377  -14.679  -72.750  9.512 0.5000000000
24379  -21.678  -72.834  10.124 0.6000000238
24380  -22.307  -72.508  10.679 0.4000000060
24381  -31.937  -72.435  9.863 0.6000000238
24388  -14.690  -72.351  9.048 0.5000000000
24389  -15.261  -72.122  9.113 0.5000000000
24390  -20.929  -72.853  9.003 0.6000000238
24393  -25.891  -72.856  9.297 0.6000000238
24402  -21.023  -72.163  8.696 0.6000000238
24408  -31.821  -73.136  7.900 0.6000000238
24409  -31.950  -72.612  8.445 0.6000000238
24420  -24.547  -72.601  7.606 0.6999999881
24421  -27.804  -72.899  8.254 0.6000000238
24423  -29.135  -72.005  7.677 0.6000000238
24426  -32.168  -72.405  7.256 0.6000000238
24438  -19.264  -72.866  6.919 0.6000000238
24444  -30.437  -72.880  6.846 0.6000000238
24451  -24.636  -72.873  5.166 0.5000000000
24452  -25.204  -72.493  4.824 0.5000000000
24456  -19.745  -73.227  5.023 0.5000000000
24457  -20.232  -72.802  4.793 0.5000000000
24467  -22.599  -72.704  3.257 0.6000000238
24469  -24.938  -73.087  3.365 0.6000000238
24470  -25.540  -72.736  3.008 0.6000000238
24471  -25.990  -72.220  2.784 0.6000000238
24482  -23.921  -72.974  2.982 0.6000000238
25320  -20.611  -71.652  17.494 0.6000000238
25321  -21.236  -71.466  17.431 0.6000000238
25332  -22.966  -71.751  16.769 0.5000000000
25348  -17.223  -71.982  15.742 0.6000000238
25349  -17.418  -71.221  15.724 0.6000000238
25350  -24.086  -72.001  15.884 0.5000000000
25360  -15.976  -71.834  13.825 0.6000000238
25387  -15.657  -72.036  11.587 0.4000000060
25389  -23.928  -71.948  12.107 0.5000000000
25393  -33.493  -71.475  12.402 0.4000000060
25401  -22.992  -72.012  11.015 0.5000000000
25404  -32.216  -71.313  11.286 0.5000000000
25406  -35.352  -71.460  11.419 0.4000000060
25427  -14.729  -71.843  8.943 0.5000000000
25429  -16.376  -71.429  8.871 0.5000000000
25430  -21.645  -71.705  9.142 0.6000000238
25431  -22.358  -71.341  9.534 0.6000000238
25432  -25.908  -72.155  9.217 0.6000000238
25434  -27.007  -71.287  9.152 0.6000000238
25435  -31.999  -71.774  9.618 0.5000000000
25447  -15.750  -71.471  8.550 0.5000000000
25448  -16.184  -71.198  8.413 0.5000000000
25453  -25.415  -71.908  8.649 0.6000000238
25455  -27.619  -71.283  8.921 0.6000000238
25457  -32.281  -71.931  8.432 0.6000000238
25469  -25.346  -71.418  7.825 0.6000000238
25479  -19.293  -72.430  6.201 0.6000000238
25480  -19.349  -71.438  6.477 0.6000000238
25481  -24.908  -72.001  7.378 0.6000000238
25483  -31.245  -72.053  7.191 0.6000000238
25485  -32.562  -71.607  7.054 0.6000000238
25491  -20.298  -71.266  5.444 0.6000000238
25498  -20.350  -72.059  5.158 0.6000000238
25501  -25.879  -72.135  4.413 0.6000000238
25502  -26.577  -71.809  3.968 0.6000000238
25515  -22.766  -72.029  3.678 0.6999999881
25519  -27.435  -71.582  2.934 0.6000000238
25531  -24.172  -72.281  2.896 0.6000000238
25532  -24.833  -71.955  2.591 0.6000000238
25534  -26.267  -71.545  2.433 0.6000000238
26345  -22.472  -70.945  17.091 0.5000000000
26360  -19.071  -70.326  17.001 0.6000000238
26374  -17.247  -70.716  15.092 0.6000000238
26403  -17.454  -70.177  13.580 0.6000000238
26406  -33.020  -69.979  13.095 0.4000000060
26421  -16.819  -70.906  11.798 0.6000000238
26438  -14.298  -70.548  10.231 0.5000000000
26459  -17.001  -70.910  9.456 0.4000000060
26461  -23.050  -70.957  9.935 0.5000000000
26462  -23.671  -70.547  10.394 0.5000000000
26464  -32.210  -70.422  11.042 0.5000000000
26474  -14.318  -71.484  9.170 0.5000000000
26481  -26.602  -71.082  9.062 0.5000000000
26492  -15.378  -71.345  8.670 0.5000000000
26493  -15.826  -70.896  8.391 0.5000000000
26494  -16.416  -70.434  8.282 0.5000000000
26495  -16.992  -70.005  8.216 0.4000000060
26498  -25.746  -71.157  8.512 0.6000000238
26500  -28.091  -70.561  8.745 0.5000000000
26508  -19.670  -70.773  6.813 0.6000000238
26509  -21.162  -69.800  7.406 0.6999999881
26510  -21.827  -69.811  7.866 0.6999999881
26512  -26.341  -70.206  7.804 0.6000000238
26514  -30.768  -70.126  7.618 0.5000000000
26522  -19.925  -70.151  6.694 0.5000000000
26523  -20.559  -69.716  6.905 0.6000000238
26524  -25.758  -70.774  7.264 0.6000000238
26537  -20.741  -70.573  5.514 0.5000000000
26553  -22.622  -70.574  4.699 0.6000000238
26555  -26.974  -71.047  4.640 0.6000000238
26557  -28.497  -70.597  3.767 0.5000000000
26568  -23.283  -71.210  3.925 0.6000000238
26569  -23.898  -70.705  3.669 0.6000000238
26571  -25.182  -70.352  2.687 0.6000000238
26573  -28.742  -71.077  2.839 0.6000000238
26580  -24.949  -71.145  2.562 0.6000000238
26583  -27.366  -70.682  1.951 0.6000000238
27446  -20.264  -70.105  17.457 0.6000000238
27449  -22.317  -69.313  17.617 0.5000000000
27464  -24.791  -69.709  16.974 0.4000000060
27465  -25.561  -69.407  16.603 0.4000000060
27478  -25.921  -69.769  15.894 0.4000000060
27506  -17.981  -69.621  13.232 0.6000000238
27507  -18.620  -68.948  13.498 0.6999999881
27534  -17.912  -69.780  11.075 0.5000000000
27549  -15.308  -70.613  8.890 0.5000000000
27553  -18.261  -69.339  10.633 0.5000000000
27566  -18.253  -69.168  9.587 0.4000000060
27580  -22.378  -69.345  8.138 0.5000000000
27584  -28.445  -69.837  8.522 0.5000000000
27585  -29.290  -69.710  8.263 0.5000000000
27595  -21.837  -69.252  7.447 0.5000000000
27599  -30.622  -69.445  7.329 0.5000000000
27611  -26.998  -69.603  7.360 0.5000000000
27612  -27.704  -69.113  6.859 0.5000000000
27614  -30.820  -69.081  6.695 0.5000000000
27626  -21.382  -69.841  5.727 0.6000000238
27630  -28.817  -69.045  5.627 0.5000000000
27643  -22.880  -69.906  5.049 0.6000000238
27646  -25.172  -69.159  4.034 0.6000000238
27657  -24.104  -70.065  3.946 0.6000000238
27660  -26.160  -69.297  2.711 0.6000000238
28556  -21.712  -68.535  17.713 0.4000000060
28559  -24.592  -68.358  17.696 0.4000000060
28574  -20.115  -68.452  17.069 0.5000000000
28575  -26.018  -68.604  16.852 0.4000000060
28596  -18.685  -68.817  14.366 0.6000000238
28613  -18.974  -68.498  12.969 0.4000000060
28631  -19.175  -68.058  12.362 0.4000000060
28670  -18.303  -68.552  8.725 0.3000000119
28688  -21.627  -69.230  6.782 0.6000000238
28690  -28.545  -68.762  7.195 0.5000000000
28692  -29.972  -68.954  7.320 0.5000000000
28699  -21.809  -69.311  6.272 0.5000000000
28700  -22.179  -68.904  6.750 0.6000000238
28701  -29.417  -68.655  6.963 0.5000000000
28712  -28.940  -68.690  6.513 0.5000000000
29636  -23.087  -66.938  18.150 0.4000000060
29637  -23.931  -67.175  18.127 0.4000000060
29646  -21.259  -67.931  17.515 0.4000000060
29648  -22.629  -67.509  18.040 0.4000000060
29651  -25.770  -67.387  17.707 0.4000000060
29675  -27.134  -67.162  16.037 0.4000000060
29687  -27.231  -67.197  15.227 0.4000000060
29698  -27.215  -67.135  14.430 0.4000000060
29726  -19.412  -67.320  12.584 0.4000000060
29757  -18.579  -67.730  8.761 0.3000000119
29765  -17.600  -67.175  7.902 0.3000000119
30813  -24.528  -66.608  18.174 0.4000000060
30814  -25.339  -66.691  18.008 0.4000000060
30835  -26.940  -66.917  16.797 0.3000000119
30842  -20.455  -66.534  15.167 0.4000000060
30851  -20.110  -66.950  14.001 0.4000000060
30852  -20.250  -66.138  14.361 0.3000000119
30927  -19.488  -65.609  8.707 0.3000000119
31920  -22.677  -65.159  18.068 0.3000000119
31923  -25.031  -65.317  18.327 0.3000000119
31933  -25.693  -65.863  18.034 0.3000000119
31968  -15.730  -65.521  14.085 0.3000000119
31984  -19.913  -65.583  13.442 0.3000000119
32018  -16.873  -65.774  9.837 0.3000000119
32019  -16.934  -65.195  10.123 0.3000000119
32020  -20.013  -65.627  9.465 0.3000000119
32029  -17.839  -65.031  8.841 0.3000000119
32040  -19.478  -65.019  8.590 0.3000000119
33109  -20.923  -64.967  16.329 0.3000000119
33131  -16.240  -64.840  14.710 0.4000000060
33164  -19.990  -64.549  11.042 0.3000000119
33174  -17.207  -64.470  10.394 0.3000000119
33177  -20.121  -64.080  10.178 0.3000000119
33186  -18.562  -64.442  8.700 0.3000000119
33188  -20.037  -63.935  9.506 0.3000000119
34178  -17.780  -63.127  16.032 0.4000000060
34186  -16.566  -63.560  15.447 0.4000000060
34187  -17.406  -63.774  15.531 0.4000000060
34200  -16.206  -64.207  15.036 0.4000000060
34202  -18.421  -63.221  14.800 0.3000000119
34212  -17.797  -64.088  13.364 0.4000000060
34232  -17.731  -63.711  10.609 0.3000000119
34233  -18.277  -62.937  10.824 0.3000000119
34234  -20.272  -63.208  10.621 0.3000000119
34242  -19.812  -63.348  10.048 0.3000000119
34251  -18.976  -63.764  9.090 0.3000000119
35264  -17.112  -62.335  16.220 0.4000000060
35266  -18.154  -62.607  16.088 0.4000000060
35290  -14.228  -61.638  13.338 0.4000000060
35316  -20.946  -62.087  11.423 0.3000000119
35336  -19.679  -62.493  10.223 0.3000000119
35337  -20.147  -62.798  10.339 0.3000000119
36293  -16.587  -61.628  15.878 0.4000000060
36322  -14.770  -61.290  14.009 0.3000000119
36323  -18.675  -61.368  14.852 0.3000000119
36348  -21.902  -61.399  12.755 0.3000000119
37358  -18.256  -59.982  15.782 0.3000000119
37375  -13.964  -60.046  14.357 0.3000000119
37413  -21.097  -60.838  12.069 0.3000000119
38411  -13.520  -59.010  16.610 0.3000000119
38413  -15.173  -58.689  16.038 0.4000000060
38425  -14.875  -59.369  15.436 0.3000000119
39390  -13.845  -58.560  18.132 0.3000000119
39424  -13.761  -58.230  16.602 0.3000000119
39425  -13.919  -57.586  16.712 0.3000000119
40433  -14.104  -57.789  18.011 0.3000000119
40442  -13.853  -57.296  17.386 0.3000000119
40460  -13.930  -57.130  16.964 0.3000000119
157998  -29.735  -74.452  -1.742 0.4000000060
158732  -21.315  -74.798  12.668 0.6999999881
158760  -27.411  -78.005  8.575 0.6999999881
158926  -18.335  -71.996  16.660 0.6999999881
159198  -29.797  -81.046  -2.491 0.3000000119
159285  -16.057  -76.353  15.708 0.6999999881
159958  -28.441  -74.726  2.903 0.5000000000
160419  -19.302  -68.291  14.779 0.5000000000
160473  -26.772  -78.837  -1.215 0.4000000060
160495  -21.237  -82.202  2.904 0.5000000000
160496  -21.937  -70.125  17.401 0.5000000000
161731  -22.054  -81.195  8.763 0.5000000000
162614  -20.678  -67.124  16.502 0.5000000000
163094  -32.373  -72.118  11.109 0.5000000000
163394  -23.364  -77.107  3.198 0.6000000238
163547  -18.361  -67.017  8.331 0.3000000119
163571  -29.140  -70.702  2.400 0.6000000238
164495  -19.630  -77.804  14.889 0.6999999881
164695  -23.545  -77.809  3.342 0.6000000238
165035  -14.808  -75.052  14.496 0.6000000238
165149  -20.461  -75.710  9.794 0.6999999881
165311  -16.239  -58.760  16.216 0.4000000060
165741  -20.441  -76.521  9.820 0.6000000238
165926  -22.930  -76.020  3.722 0.6000000238
166351  -27.839  -81.069  6.552 0.6000000238
166497  -20.086  -64.570  13.120 0.3000000119
167030  -22.441  -81.992  4.092 0.6000000238
167094  -24.361  -77.952  6.200 0.5000000000
167663  -19.279  -66.731  10.943 0.4000000060
167816  -23.002  -76.189  2.822 0.6000000238
167908  -26.777  -67.529  14.163 0.4000000060
168370  -20.075  -71.201  17.468 0.6000000238
168569  -28.869  -81.582  -1.646 0.3000000119
168591  -31.100  -74.936  -2.262 0.4000000060
169168  -28.037  -75.434  4.195 0.5000000000
169607  -26.660  -74.667  8.644 0.6000000238
170385  -18.668  -71.113  16.845 0.6000000238
171207  -20.672  -83.716  5.031 0.5000000000
171612  -23.772  -76.179  6.094 0.6999999881
171883  -32.153  -89.301  4.549 0.3000000119
171907  -34.487  -71.886  11.786 0.4000000060
172440  -20.133  -75.851  16.917 0.6000000238
172493  -29.509  -78.505  3.318 0.5000000000
172520  -27.275  -73.975  7.846 0.6000000238
172522  -20.161  -77.212  12.012 0.6000000238
172557  -32.497  -70.984  9.125 0.5000000000
172783  -22.463  -68.500  7.138 0.5000000000
172846  -18.404  -61.779  15.958 0.4000000060
173484  -24.120  -80.871  4.689 0.6999999881
173920  -16.611  -69.389  8.283 0.4000000060
175099  -26.390  -76.398  8.753 0.6000000238
175175  -21.812  -81.879  8.558 0.5000000000
175283  -24.084  -67.849  17.930 0.4000000060
175549  -16.127  -74.133  15.473 0.6000000238
175859  -13.264  -59.698  16.763 0.3000000119
175865  -26.860  -75.867  -1.107 0.4000000060
176587  -29.429  -69.218  7.804 0.5000000000
176589  -19.113  -74.166  17.358 0.6000000238
176773  -18.132  -84.116  7.573 0.4000000060
176924  -31.113  -72.954  1.047 0.5000000000
176973  -17.285  -70.396  14.315 0.6000000238
177278  -23.590  -73.424  14.479 0.6000000238
178681  -15.722  -74.644  15.212 0.6000000238
179238  -14.034  -73.772  12.601 0.6000000238
179318  -13.985  -62.380  12.986 0.3000000119
179803  -33.751  -72.073  11.953 0.4000000060
180383  -21.629  -75.391  14.888 0.6000000238
180530  -34.398  -73.838  9.293 0.4000000060
180722  -27.655  -74.294  0.605 0.4000000060
180864  -18.775  -78.556  12.947 0.5000000000
181163  -32.969  -71.266  6.972 0.4000000060
181624  -28.383  -77.696  2.268 0.5000000000
181844  -19.621  -76.429  16.752 0.6000000238
182030  -27.136  -71.939  9.128 0.6000000238
182430  -14.746  -72.986  13.345 0.5000000000
182469  -24.907  -78.273  7.722 0.6000000238
182499  -21.371  -61.269  12.253 0.3000000119
182633  -17.436  -75.825  16.651 0.6000000238
183014  -18.574  -78.494  10.987 0.5000000000
183158  -26.467  -79.989  -2.852 0.4000000060
183370  -26.646  -66.596  17.318 0.4000000060
183760  -18.767  -68.619  12.241 0.4000000060
183762  -31.101  -74.915  3.445 0.5000000000
183963  -14.599  -59.874  14.845 0.3000000119
184106  -22.151  -83.094  6.240 0.5000000000
184121  -28.158  -82.335  1.744 0.5000000000
184360  -24.654  -76.461  7.319 0.6999999881
184828  -27.892  -69.526  8.296 0.5000000000
184961  -20.492  -82.869  8.392 0.5000000000
185240  -18.028  -61.974  16.330 0.3000000119
185436  -23.454  -77.355  2.407 0.6000000238
185566  -29.435  -79.580  5.818 0.6000000238
186073  -23.363  -74.397  5.827 0.6999999881
186274  -17.721  -71.787  16.134 0.6000000238
186363  -33.068  -81.145  -1.794 0.3000000119
186814  -29.668  -79.465  4.823 0.6000000238
187405  -22.498  -73.549  12.626 0.5000000000
187552  -16.406  -71.308  13.958 0.6000000238
188643  -20.175  -77.297  8.676 0.5000000000
188706  -23.928  -73.070  13.977 0.5000000000
188719  -26.893  -80.348  4.372 0.6999999881
189153  -27.540  -79.882  8.651 0.6999999881
189178  -32.095  -71.660  6.968 0.6000000238
189304  -19.572  -68.542  16.578 0.5000000000
189338  -30.030  -70.779  2.931 0.6000000238
189517  -22.252  -72.370  3.681 0.6000000238
189553  -19.471  -73.354  5.633 0.5000000000
189835  -23.134  -81.638  5.066 0.5000000000
