#!ascii label  , from subject sub-v1s2x0051457_ses-1 vox2ras=TkReg
1745
56557  7.279  -36.372  96.349 0.0000000000
76298  39.855  -19.314  70.264 0.0000000000
61210  25.931  -31.948  85.558 0.0000000000
60010  36.082  -34.472  89.653 0.0000000000
56680  21.954  -36.792  84.984 0.0000000000
55297  17.061  -37.086  97.115 0.0000000000
83140  50.966  -13.615  66.880 0.0000000000
80690  49.796  -15.474  75.535 0.0000000000
67876  33.966  -26.260  80.061 0.0000000000
81939  58.569  -14.180  61.996 0.0000000000
171494  24.858  -36.014  93.063 0.0000000000
56555  11.906  -35.776  95.530 0.0000000000
80740  50.407  -15.432  70.259 0.0000000000
79714  45.344  -16.628  68.248 0.0000000000
71220  41.717  -23.277  74.009 0.0000000000
73696  45.116  -22.178  74.413 0.0000000000
70087  37.639  -24.692  74.252 0.0000000000
60121  31.834  -33.842  82.193 0.0000000000
57747  30.173  -35.850  87.718 0.0000000000
53092  24.781  -40.091  92.689 0.0000000000
56532  21.467  -36.560  97.518 0.0000000000
55416  19.543  -37.137  91.432 0.0000000000
55420  14.249  -37.490  91.211 0.0000000000
62323  22.305  -31.559  85.994 0.0000000000
81838  57.031  -14.234  68.691 0.0000000000
77442  54.579  -18.668  70.852 0.0000000000
78580  43.459  -16.948  73.007 0.0000000000
67875  37.651  -26.556  79.663 0.0000000000
62354  36.404  -31.027  83.229 0.0000000000
80805  54.507  -15.882  64.438 0.0000000000
78645  58.043  -17.270  64.119 0.0000000000
76395  60.069  -19.455  59.728 0.0000000000
160721  27.286  -40.846  94.358 0.0000000000
57647  9.691  -35.039  95.030 0.0000000000
57602  11.512  -34.852  98.201 0.0000000000
57604  8.120  -34.824  98.203 0.0000000000
79746  45.692  -16.152  66.656 0.0000000000
70066  42.040  -24.017  76.293 0.0000000000
71189  43.768  -23.625  75.523 0.0000000000
157211  1.578  -37.813  101.496 0.0000000000
72504  36.846  -23.093  70.999 0.0000000000
60123  26.032  -33.319  82.503 0.0000000000
59012  28.582  -35.001  84.108 0.0000000000
58937  28.065  -34.980  86.963 0.0000000000
157786  23.749  -38.701  88.735 0.0000000000
55413  22.410  -37.439  91.529 0.0000000000
154120  20.841  -36.976  88.732 0.0000000000
58978  22.596  -34.807  85.735 0.0000000000
56648  24.123  -36.404  88.782 0.0000000000
56534  18.950  -36.667  97.529 0.0000000000
83116  53.502  -13.237  67.872 0.0000000000
79695  54.841  -16.533  68.321 0.0000000000
84179  53.890  -12.699  69.575 0.0000000000
80704  50.550  -15.205  73.428 0.0000000000
172762  52.660  -16.017  73.014 0.0000000000
78608  39.728  -17.498  69.434 0.0000000000
79685  41.255  -17.015  70.277 0.0000000000
77443  41.653  -18.512  71.199 0.0000000000
70008  32.754  -24.489  78.296 0.0000000000
70026  35.081  -25.303  77.263 0.0000000000
68893  35.120  -25.413  80.367 0.0000000000
58988  34.013  -34.125  84.864 0.0000000000
61252  33.883  -32.771  82.328 0.0000000000
60073  36.558  -33.160  85.748 0.0000000000
81913  50.389  -14.675  64.128 0.0000000000
80823  51.899  -14.925  63.868 0.0000000000
81899  52.751  -15.069  65.724 0.0000000000
81877  55.254  -14.716  66.362 0.0000000000
78665  59.840  -17.765  59.232 0.0000000000
79784  59.387  -16.334  61.571 0.0000000000
77528  58.472  -18.913  61.863 0.0000000000
81921  59.420  -14.444  63.188 0.0000000000
60015  25.422  -33.085  89.800 0.0000000000
59993  27.351  -33.559  90.493 0.0000000000
59914  26.475  -33.931  94.425 0.0000000000
55300  14.415  -37.078  97.068 0.0000000000
56501  16.367  -36.055  99.564 0.0000000000
57600  13.825  -35.728  98.909 0.0000000000
153042  49.088  -14.180  65.753 0.0000000000
81852  50.539  -13.918  68.091 0.0000000000
80762  48.445  -15.411  67.831 0.0000000000
153654  47.997  -17.008  69.511 0.0000000000
79664  47.265  -16.981  71.642 0.0000000000
73736  40.851  -21.671  71.888 0.0000000000
75046  42.696  -20.913  72.629 0.0000000000
72458  43.778  -22.803  73.995 0.0000000000
64610  33.963  -28.727  78.765 0.0000000000
59962  38.281  -33.219  91.181 0.0000000000
54129  4.542  -39.070  98.080 0.0000000000
56504  6.032  -36.090  99.366 0.0000000000
55252  3.673  -36.960  101.226 0.0000000000
75114  38.165  -20.334  69.457 0.0000000000
72502  38.517  -22.449  71.183 0.0000000000
71208  39.016  -23.962  73.943 0.0000000000
70050  39.617  -24.826  76.400 0.0000000000
59062  29.187  -34.118  81.695 0.0000000000
58991  31.058  -34.982  83.970 0.0000000000
176562  33.528  -34.704  88.390 0.0000000000
180457  30.003  -33.907  91.544 0.0000000000
59925  32.631  -34.277  93.343 0.0000000000
54158  25.056  -39.137  95.287 0.0000000000
55295  23.533  -37.174  97.403 0.0000000000
56567  23.194  -36.855  95.390 0.0000000000
56588  20.976  -36.653  94.967 0.0000000000
55351  18.265  -37.877  94.411 0.0000000000
150818  17.920  -37.692  89.015 0.0000000000
174259  16.847  -38.525  91.965 0.0000000000
54173  15.336  -38.412  94.510 0.0000000000
55355  13.268  -37.051  94.132 0.0000000000
56608  10.463  -35.950  92.934 0.0000000000
55378  8.285  -37.448  92.984 0.0000000000
62361  24.862  -31.171  82.769 0.0000000000
64559  23.096  -28.879  82.758 0.0000000000
63473  24.240  -30.620  86.005 0.0000000000
58897  23.681  -34.211  89.828 0.0000000000
155821  26.410  -39.761  92.288 0.0000000000
75089  56.413  -20.987  70.464 0.0000000000
83031  53.680  -13.883  71.866 0.0000000000
150760  42.710  -16.599  67.558 0.0000000000
79682  44.333  -16.660  70.885 0.0000000000
79627  45.745  -16.728  74.583 0.0000000000
76222  44.645  -19.628  74.649 0.0000000000
77373  45.923  -18.479  76.221 0.0000000000
150466  35.004  -25.243  74.474 0.0000000000
68947  37.809  -25.686  77.192 0.0000000000
68920  39.834  -25.845  78.385 0.0000000000
63528  34.392  -30.436  80.117 0.0000000000
64571  35.430  -29.203  81.333 0.0000000000
63458  37.112  -30.797  86.758 0.0000000000
65649  36.403  -28.534  83.931 0.0000000000
66714  35.457  -26.583  82.655 0.0000000000
68869  37.136  -25.892  82.246 0.0000000000
167627  40.341  -26.275  81.256 0.0000000000
81924  56.383  -15.080  63.222 0.0000000000
81894  57.446  -14.402  65.049 0.0000000000
80775  58.284  -15.389  66.575 0.0000000000
53063  27.225  -41.088  95.664 0.0000000000
56556  7.952  -35.753  95.936 0.0000000000
172609  8.650  -35.019  96.413 0.0000000000
57628  7.755  -35.515  96.798 0.0000000000
70047  42.058  -24.218  77.009 0.0000000000
71148  42.663  -23.753  76.793 0.0000000000
168578  0.733  -37.767  100.085 0.0000000000
60091  25.934  -32.896  84.278 0.0000000000
180608  26.649  -33.914  84.473 0.0000000000
58960  27.043  -34.021  86.219 0.0000000000
54274  23.205  -37.927  86.956 0.0000000000
55451  22.275  -37.999  88.830 0.0000000000
55479  21.663  -37.583  87.125 0.0000000000
59016  21.661  -34.135  83.622 0.0000000000
57794  22.784  -35.952  85.091 0.0000000000
56670  23.522  -36.965  86.188 0.0000000000
55296  17.915  -36.892  97.242 0.0000000000
56517  17.443  -36.548  98.700 0.0000000000
166027  51.857  -13.476  67.197 0.0000000000
84204  53.330  -12.943  68.561 0.0000000000
164267  51.982  -13.055  67.905 0.0000000000
173010  49.677  -15.465  74.675 0.0000000000
174734  51.566  -15.830  74.751 0.0000000000
77452  39.536  -18.542  69.975 0.0000000000
78599  40.836  -17.724  70.341 0.0000000000
76282  41.290  -19.450  71.007 0.0000000000
67916  33.245  -26.603  78.456 0.0000000000
67877  33.678  -25.742  79.633 0.0000000000
68909  34.010  -24.959  79.926 0.0000000000
67861  34.413  -25.881  80.609 0.0000000000
152444  34.700  -34.767  86.997 0.0000000000
58972  34.968  -34.062  85.323 0.0000000000
58931  36.477  -34.296  87.658 0.0000000000
166177  51.003  -14.357  65.555 0.0000000000
81900  51.224  -14.859  64.772 0.0000000000
81880  52.264  -14.159  66.402 0.0000000000
81879  53.265  -14.565  66.473 0.0000000000
79783  60.121  -15.751  61.310 0.0000000000
80830  59.784  -14.538  62.264 0.0000000000
79776  59.206  -16.165  62.502 0.0000000000
181187  59.262  -14.051  62.734 0.0000000000
59975  24.784  -33.922  91.833 0.0000000000
59974  25.314  -33.677  91.690 0.0000000000
58829  25.369  -34.484  93.682 0.0000000000
56553  13.409  -36.780  96.276 0.0000000000
150120  14.017  -36.572  97.634 0.0000000000
56522  12.823  -35.736  97.761 0.0000000000
58751  10.241  -34.316  99.447 0.0000000000
58749  12.046  -34.526  100.143 0.0000000000
164988  47.567  -14.709  65.391 0.0000000000
81884  48.641  -14.463  66.350 0.0000000000
81885  47.822  -14.730  66.179 0.0000000000
79726  45.580  -16.494  67.481 0.0000000000
79724  47.014  -16.413  67.782 0.0000000000
150766  46.769  -16.914  68.931 0.0000000000
79680  47.534  -17.129  70.163 0.0000000000
79697  46.114  -16.898  69.521 0.0000000000
72472  41.551  -22.788  73.309 0.0000000000
72484  42.219  -22.171  73.065 0.0000000000
71219  42.468  -23.267  74.244 0.0000000000
81915  48.643  -14.505  64.334 0.0000000000
55278  3.693  -37.896  99.544 0.0000000000
55266  2.948  -37.485  100.666 0.0000000000
75115  37.337  -20.451  69.147 0.0000000000
73774  38.364  -21.521  70.128 0.0000000000
73775  37.600  -21.791  69.987 0.0000000000
71242  37.265  -24.071  72.413 0.0000000000
71224  37.987  -23.950  72.866 0.0000000000
70099  38.196  -24.236  73.682 0.0000000000
177237  40.024  -24.278  75.197 0.0000000000
70070  38.754  -24.539  75.389 0.0000000000
60147  27.681  -33.785  80.789 0.0000000000
57791  29.686  -35.741  85.462 0.0000000000
57819  29.557  -35.208  83.967 0.0000000000
57790  30.632  -35.689  85.253 0.0000000000
57774  32.196  -35.415  86.308 0.0000000000
57745  31.630  -35.499  88.501 0.0000000000
151064  28.773  -33.515  92.999 0.0000000000
59972  28.788  -33.706  91.279 0.0000000000
153933  30.054  -33.719  94.055 0.0000000000
57655  32.221  -35.947  94.592 0.0000000000
58826  34.203  -34.997  93.338 0.0000000000
54169  25.041  -39.807  94.270 0.0000000000
54159  24.336  -37.981  95.433 0.0000000000
55370  23.707  -37.857  93.767 0.0000000000
152692  20.760  -36.751  92.185 0.0000000000
56604  21.383  -36.710  93.462 0.0000000000
150286  20.010  -37.061  93.081 0.0000000000
55329  19.416  -37.320  95.222 0.0000000000
55374  18.628  -37.748  93.551 0.0000000000
55482  18.708  -37.367  86.753 0.0000000000
169970  14.903  -37.500  89.839 0.0000000000
54251  15.930  -38.189  90.016 0.0000000000
54227  15.379  -38.294  91.423 0.0000000000
54210  15.906  -38.567  92.923 0.0000000000
175505  14.582  -38.068  92.612 0.0000000000
169648  14.005  -37.811  94.073 0.0000000000
153027  13.950  -37.504  92.140 0.0000000000
150626  9.755  -36.466  92.583 0.0000000000
61271  24.858  -31.954  80.975 0.0000000000
171406  24.334  -30.378  81.410 0.0000000000
62337  21.672  -31.213  84.570 0.0000000000
64528  22.556  -29.796  84.380 0.0000000000
63495  23.385  -29.598  84.221 0.0000000000
63463  22.883  -30.956  86.273 0.0000000000
61153  23.593  -32.431  88.302 0.0000000000
60046  22.996  -32.667  87.831 0.0000000000
53120  25.142  -39.458  90.620 0.0000000000
55434  24.926  -37.340  90.271 0.0000000000
52043  26.096  -40.696  92.412 0.0000000000
52032  26.376  -41.227  93.484 0.0000000000
56512  22.783  -36.949  97.653 0.0000000000
56487  5.280  -36.573  101.349 0.0000000000
57579  6.718  -35.670  100.837 0.0000000000
78614  57.255  -17.536  67.949 0.0000000000
79677  54.249  -16.515  69.191 0.0000000000
77449  55.536  -19.636  69.550 0.0000000000
76293  55.142  -19.589  70.673 0.0000000000
76274  55.423  -20.223  71.430 0.0000000000
81840  50.292  -14.985  69.403 0.0000000000
83065  51.977  -13.665  70.579 0.0000000000
81814  51.577  -14.301  71.110 0.0000000000
79632  53.518  -17.275  72.588 0.0000000000
78590  42.048  -17.130  71.335 0.0000000000
79684  42.619  -16.687  70.419 0.0000000000
79654  43.632  -16.792  72.448 0.0000000000
79652  45.338  -16.750  72.877 0.0000000000
78568  44.270  -16.884  73.925 0.0000000000
73697  44.499  -21.447  74.193 0.0000000000
75025  43.651  -20.080  73.469 0.0000000000
73679  44.988  -21.068  74.784 0.0000000000
180530  33.867  -24.688  74.600 0.0000000000
68922  36.331  -25.908  78.234 0.0000000000
176352  36.422  -25.837  77.458 0.0000000000
150851  38.024  -26.032  78.000 0.0000000000
68921  38.961  -25.984  78.195 0.0000000000
67893  39.294  -26.353  78.964 0.0000000000
159902  31.086  -33.390  80.637 0.0000000000
60170  31.954  -33.030  80.787 0.0000000000
150042  35.072  -31.805  82.331 0.0000000000
153012  34.198  -31.909  81.458 0.0000000000
176044  35.323  -30.692  81.459 0.0000000000
63527  34.926  -30.075  80.466 0.0000000000
64554  35.778  -30.019  81.991 0.0000000000
180396  37.014  -31.637  89.009 0.0000000000
158129  36.536  -27.608  84.459 0.0000000000
163327  35.550  -27.630  82.897 0.0000000000
66699  35.941  -26.295  83.389 0.0000000000
67830  35.776  -25.913  82.718 0.0000000000
68851  36.994  -25.828  83.685 0.0000000000
80821  53.201  -15.346  64.181 0.0000000000
80818  55.669  -15.597  63.825 0.0000000000
81910  57.413  -14.573  63.951 0.0000000000
80789  55.662  -15.625  64.659 0.0000000000
83113  56.496  -13.626  67.816 0.0000000000
83111  57.624  -14.075  66.647 0.0000000000
80759  57.845  -15.223  67.412 0.0000000000
163658  58.373  -18.067  66.670 0.0000000000
77547  60.219  -18.868  59.004 0.0000000000
78652  58.231  -17.884  62.348 0.0000000000
77515  58.089  -18.992  63.031 0.0000000000
76363  58.334  -19.586  64.060 0.0000000000
55368  26.326  -38.587  93.678 0.0000000000
56585  26.287  -36.755  95.124 0.0000000000
156156  27.280  -39.568  95.167 0.0000000000
57646  10.540  -34.945  95.328 0.0000000000
57613  11.354  -34.965  97.205 0.0000000000
58789  10.309  -34.623  97.149 0.0000000000
58774  9.956  -34.472  97.819 0.0000000000
58739  9.475  -34.245  100.058 0.0000000000
79747  45.006  -16.084  66.172 0.0000000000
79727  44.228  -16.491  67.068 0.0000000000
172831  41.867  -23.614  74.710 0.0000000000
171594  42.601  -23.557  74.939 0.0000000000
71190  42.807  -23.636  75.806 0.0000000000
175072  44.802  -23.788  76.726 0.0000000000
55267  2.101  -37.719  100.370 0.0000000000
55268  1.359  -37.817  100.429 0.0000000000
175836  1.153  -37.953  101.692 0.0000000000
72526  36.414  -22.654  70.319 0.0000000000
176033  35.743  -24.554  72.430 0.0000000000
59038  27.839  -34.223  82.449 0.0000000000
172478  26.891  -33.935  83.012 0.0000000000
58976  28.061  -35.166  85.496 0.0000000000
181222  29.019  -35.516  87.455 0.0000000000
53113  24.415  -39.511  91.290 0.0000000000
54206  23.796  -38.694  92.183 0.0000000000
54237  23.173  -38.602  90.096 0.0000000000
155137  21.912  -37.210  90.746 0.0000000000
55437  20.110  -36.973  90.765 0.0000000000
56636  13.119  -36.598  90.935 0.0000000000
152853  12.483  -36.035  89.672 0.0000000000
61240  21.513  -32.462  83.526 0.0000000000
156373  22.591  -33.897  86.338 0.0000000000
58939  22.866  -34.449  87.448 0.0000000000
57763  23.027  -35.305  87.084 0.0000000000
55464  24.567  -38.199  88.689 0.0000000000
56551  20.774  -36.445  96.933 0.0000000000
84188  55.744  -13.300  68.539 0.0000000000
79693  56.720  -15.700  68.713 0.0000000000
83079  55.361  -13.221  69.314 0.0000000000
81826  55.261  -14.033  70.213 0.0000000000
80719  54.839  -14.832  70.606 0.0000000000
80721  50.376  -15.514  72.002 0.0000000000
81800  51.798  -14.401  72.748 0.0000000000
81774  51.829  -14.974  73.813 0.0000000000
79621  52.602  -17.352  74.104 0.0000000000
172172  40.874  -16.745  68.884 0.0000000000
79687  40.071  -17.251  69.459 0.0000000000
78598  41.425  -17.218  70.702 0.0000000000
176057  42.393  -17.893  71.920 0.0000000000
73661  46.441  -21.248  75.966 0.0000000000
71171  32.730  -23.783  76.880 0.0000000000
70054  33.560  -24.340  76.726 0.0000000000
70006  34.113  -24.776  78.519 0.0000000000
68908  35.228  -25.381  79.520 0.0000000000
174115  35.775  -25.722  79.918 0.0000000000
59008  32.639  -34.231  83.591 0.0000000000
60141  33.155  -33.054  81.960 0.0000000000
60104  34.353  -33.367  83.766 0.0000000000
60103  35.128  -33.093  84.040 0.0000000000
179647  36.139  -32.270  83.922 0.0000000000
81928  50.709  -14.373  63.449 0.0000000000
81927  51.518  -14.427  63.528 0.0000000000
81912  51.296  -14.835  63.940 0.0000000000
80808  51.968  -15.229  64.446 0.0000000000
80792  53.190  -15.681  65.200 0.0000000000
81896  55.531  -15.294  65.518 0.0000000000
81898  53.687  -15.370  65.771 0.0000000000
83137  54.875  -13.988  67.117 0.0000000000
79788  60.306  -15.819  60.440 0.0000000000
78662  59.380  -17.411  60.081 0.0000000000
77548  59.527  -18.590  59.975 0.0000000000
76386  59.640  -19.691  60.532 0.0000000000
77539  58.470  -17.955  61.300 0.0000000000
79777  58.578  -16.906  62.856 0.0000000000
167647  59.090  -16.042  63.467 0.0000000000
61173  26.118  -32.516  87.612 0.0000000000
60030  26.957  -33.235  88.404 0.0000000000
168604  26.154  -33.332  90.066 0.0000000000
150811  27.018  -33.572  92.032 0.0000000000
163195  27.902  -33.765  94.901 0.0000000000
55298  16.174  -37.195  97.128 0.0000000000
56536  16.726  -36.753  97.840 0.0000000000
56537  15.775  -36.678  97.957 0.0000000000
56503  14.593  -35.811  99.191 0.0000000000
57601  12.291  -35.176  98.461 0.0000000000
57577  12.948  -34.787  100.351 0.0000000000
81882  50.443  -13.877  66.064 0.0000000000
83118  50.602  -13.726  67.362 0.0000000000
81883  49.538  -13.969  66.444 0.0000000000
80761  49.232  -14.985  68.162 0.0000000000
80752  49.573  -15.420  68.980 0.0000000000
80764  46.944  -15.900  67.164 0.0000000000
80754  47.977  -16.111  68.245 0.0000000000
79678  49.300  -16.479  70.032 0.0000000000
79662  49.213  -16.603  70.895 0.0000000000
79634  49.062  -16.238  72.848 0.0000000000
79635  48.404  -16.486  73.379 0.0000000000
75073  39.961  -20.790  70.637 0.0000000000
75071  41.591  -20.369  71.489 0.0000000000
73734  42.176  -21.492  72.484 0.0000000000
72470  43.080  -22.255  73.433 0.0000000000
176007  44.398  -22.265  74.083 0.0000000000
71204  44.089  -23.439  74.661 0.0000000000
71203  45.037  -23.513  74.685 0.0000000000
72443  46.675  -23.186  75.055 0.0000000000
66773  33.964  -27.862  78.939 0.0000000000
59964  36.988  -33.652  91.156 0.0000000000
81929  49.814  -14.308  63.440 0.0000000000
81914  49.468  -14.527  64.135 0.0000000000
179741  49.828  -14.465  64.775 0.0000000000
83200  59.538  -13.769  60.892 0.0000000000
81952  58.459  -13.806  60.886 0.0000000000
55301  5.949  -37.729  97.129 0.0000000000
56524  6.158  -36.336  98.436 0.0000000000
56525  5.399  -36.839  98.799 0.0000000000
56495  4.451  -36.768  100.881 0.0000000000
56483  4.355  -36.921  102.119 0.0000000000
55253  2.946  -37.321  101.378 0.0000000000
77453  38.838  -18.643  69.652 0.0000000000
76310  37.771  -19.596  69.172 0.0000000000
75099  38.837  -20.245  69.875 0.0000000000
73773  39.145  -21.079  70.251 0.0000000000
72500  40.000  -22.048  71.820 0.0000000000
72474  40.015  -22.732  72.506 0.0000000000
72503  37.774  -22.882  71.285 0.0000000000
71240  39.252  -23.206  72.695 0.0000000000
71207  39.856  -23.733  73.976 0.0000000000
71206  40.444  -23.944  74.717 0.0000000000
70049  40.770  -24.675  76.454 0.0000000000
70025  40.965  -24.996  77.246 0.0000000000
60144  30.617  -33.750  81.216 0.0000000000
59037  28.701  -34.376  82.480 0.0000000000
59035  30.497  -34.460  82.620 0.0000000000
59034  31.365  -34.364  82.755 0.0000000000
176956  32.711  -34.682  84.851 0.0000000000
179972  33.310  -34.915  87.132 0.0000000000
58911  34.579  -34.626  88.738 0.0000000000
60028  28.144  -33.963  89.084 0.0000000000
58896  28.667  -34.507  89.057 0.0000000000
58873  30.127  -34.772  89.968 0.0000000000
59909  31.345  -34.188  94.542 0.0000000000
59969  31.490  -34.046  92.053 0.0000000000
58893  31.564  -34.762  89.922 0.0000000000
59988  32.900  -34.121  91.060 0.0000000000
59966  34.403  -34.068  91.601 0.0000000000
59944  35.625  -34.491  92.031 0.0000000000
54147  25.539  -39.384  96.723 0.0000000000
55326  24.411  -37.823  96.387 0.0000000000
55311  23.844  -37.022  96.771 0.0000000000
56549  22.418  -36.527  96.388 0.0000000000
55371  22.946  -37.192  93.354 0.0000000000
56587  21.971  -36.557  94.817 0.0000000000
56570  20.876  -36.553  95.984 0.0000000000
55312  20.083  -36.723  96.319 0.0000000000
55330  18.892  -37.308  95.844 0.0000000000
55315  17.550  -37.376  96.484 0.0000000000
150502  20.212  -37.006  86.809 0.0000000000
55468  19.414  -37.262  88.181 0.0000000000
55455  18.758  -37.374  89.850 0.0000000000
173071  17.019  -37.953  88.730 0.0000000000
178782  17.174  -38.144  89.952 0.0000000000
55417  18.202  -37.698  91.511 0.0000000000
55352  17.796  -38.143  93.818 0.0000000000
54160  16.847  -38.198  94.959 0.0000000000
55332  16.291  -37.926  95.720 0.0000000000
175434  15.086  -37.835  95.912 0.0000000000
55335  13.761  -37.364  95.678 0.0000000000
56571  12.898  -36.631  94.790 0.0000000000
55399  12.538  -36.504  92.447 0.0000000000
56606  12.080  -36.240  93.286 0.0000000000
57685  11.182  -35.641  94.213 0.0000000000
57686  10.405  -35.635  93.774 0.0000000000
56591  9.027  -36.041  93.865 0.0000000000
56593  7.686  -36.928  94.633 0.0000000000
55337  6.571  -38.292  95.462 0.0000000000
54150  5.245  -39.336  96.433 0.0000000000
162181  25.712  -33.049  81.708 0.0000000000
61239  25.436  -32.430  83.146 0.0000000000
159761  25.711  -32.105  84.699 0.0000000000
63507  24.524  -30.124  82.899 0.0000000000
62348  24.846  -30.604  83.768 0.0000000000
62307  25.455  -31.335  85.965 0.0000000000
158349  24.905  -31.948  88.068 0.0000000000
60017  23.937  -33.307  89.712 0.0000000000
57708  24.071  -35.024  91.162 0.0000000000
57737  23.663  -35.262  89.360 0.0000000000
56627  24.762  -36.586  91.231 0.0000000000
56617  25.325  -37.053  92.823 0.0000000000
53082  27.135  -41.023  93.665 0.0000000000
53075  25.876  -40.853  94.808 0.0000000000
57606  6.703  -35.616  98.962 0.0000000000
58741  7.969  -34.702  100.072 0.0000000000
77470  55.997  -18.506  68.006 0.0000000000
83097  51.819  -13.076  68.489 0.0000000000
84154  53.386  -13.022  71.036 0.0000000000
79661  54.192  -15.804  71.546 0.0000000000
80711  53.113  -15.318  72.785 0.0000000000
79646  53.773  -16.548  71.895 0.0000000000
77429  54.452  -18.526  71.759 0.0000000000
151622  42.766  -16.537  66.779 0.0000000000
150761  43.727  -16.552  67.831 0.0000000000
79702  41.512  -16.745  69.539 0.0000000000
79701  42.746  -16.650  69.333 0.0000000000
79698  45.349  -16.730  69.647 0.0000000000
150770  45.957  -16.947  71.178 0.0000000000
151393  46.912  -16.825  73.104 0.0000000000
79625  47.394  -16.581  74.811 0.0000000000
166984  42.127  -20.040  71.868 0.0000000000
76244  43.293  -19.262  73.177 0.0000000000
77416  43.526  -18.320  73.377 0.0000000000
74968  45.848  -20.667  75.861 0.0000000000
77386  44.796  -18.659  74.944 0.0000000000
167170  44.549  -17.905  74.443 0.0000000000
78543  45.704  -17.053  75.645 0.0000000000
79607  47.673  -16.576  76.617 0.0000000000
177889  35.091  -24.817  73.128 0.0000000000
152413  35.851  -25.229  74.025 0.0000000000
70052  35.124  -25.405  76.301 0.0000000000
68969  36.741  -25.590  76.104 0.0000000000
68982  37.355  -25.196  75.644 0.0000000000
68966  39.215  -25.162  76.888 0.0000000000
68944  40.417  -25.447  77.789 0.0000000000
68943  41.234  -25.232  78.077 0.0000000000
61269  32.950  -32.659  81.123 0.0000000000
63541  34.134  -29.999  79.451 0.0000000000
163819  34.687  -28.611  80.021 0.0000000000
66742  34.614  -27.576  80.634 0.0000000000
61144  36.748  -32.857  87.985 0.0000000000
61186  36.782  -32.333  86.154 0.0000000000
163886  36.847  -31.228  84.481 0.0000000000
63479  37.113  -29.952  85.084 0.0000000000
63491  36.650  -30.269  83.628 0.0000000000
64553  36.014  -29.451  82.728 0.0000000000
158565  35.228  -27.541  82.155 0.0000000000
66729  34.623  -26.549  81.153 0.0000000000
67845  35.317  -25.978  82.075 0.0000000000
68878  36.409  -25.833  81.592 0.0000000000
67844  37.494  -26.292  81.409 0.0000000000
68860  38.229  -25.881  83.415 0.0000000000
165889  38.818  -26.564  82.016 0.0000000000
67859  38.939  -26.728  80.629 0.0000000000
67872  40.348  -26.208  79.913 0.0000000000
81954  56.938  -14.111  61.568 0.0000000000
81940  57.435  -14.406  61.956 0.0000000000
83176  58.410  -14.224  63.757 0.0000000000
179755  58.692  -14.096  64.506 0.0000000000
80802  59.022  -15.075  64.555 0.0000000000
81875  57.271  -14.197  66.030 0.0000000000
169525  58.284  -14.344  65.646 0.0000000000
79765  58.276  -16.895  64.845 0.0000000000
177907  58.076  -18.369  65.271 0.0000000000
53064  26.472  -40.630  96.234 0.0000000000
70023  42.437  -24.055  77.705 0.0000000000
60075  26.074  -32.671  85.021 0.0000000000
60090  26.325  -33.368  84.807 0.0000000000
61209  26.447  -32.924  85.879 0.0000000000
55511  22.611  -37.222  85.686 0.0000000000
55478  22.538  -37.889  86.998 0.0000000000
55493  22.120  -37.567  86.341 0.0000000000
56679  22.605  -36.633  85.226 0.0000000000
56678  23.113  -36.926  85.661 0.0000000000
171541  18.186  -36.664  98.208 0.0000000000
56535  17.452  -36.758  97.781 0.0000000000
80689  50.639  -15.441  75.470 0.0000000000
80680  50.958  -15.880  76.029 0.0000000000
77451  40.296  -18.491  70.262 0.0000000000
76297  40.592  -19.360  70.548 0.0000000000
66753  33.693  -26.728  79.217 0.0000000000
67895  33.320  -25.681  79.047 0.0000000000
67862  33.979  -25.443  80.098 0.0000000000
58910  35.540  -34.743  88.346 0.0000000000
58955  35.528  -34.683  86.740 0.0000000000
58909  36.329  -34.488  88.373 0.0000000000
81881  51.336  -13.907  66.285 0.0000000000
176366  59.455  -14.186  62.597 0.0000000000
58845  24.743  -34.342  92.343 0.0000000000
58844  24.982  -34.074  93.038 0.0000000000
57676  24.951  -35.291  93.480 0.0000000000
56554  12.589  -36.147  96.129 0.0000000000
56540  13.041  -36.250  96.934 0.0000000000
80794  47.087  -15.034  65.864 0.0000000000
79713  46.258  -16.659  68.113 0.0000000000
150765  45.784  -16.781  68.884 0.0000000000
54121  3.280  -38.930  99.026 0.0000000000
75116  36.565  -20.152  68.777 0.0000000000
163882  36.643  -20.823  69.087 0.0000000000
73776  36.775  -21.964  69.884 0.0000000000
70100  37.275  -24.548  73.308 0.0000000000
70086  38.496  -24.383  74.527 0.0000000000
70071  37.898  -24.722  75.135 0.0000000000
155563  29.962  -35.916  86.890 0.0000000000
57776  30.250  -35.869  86.175 0.0000000000
161115  30.768  -35.933  86.943 0.0000000000
166586  31.704  -35.718  87.010 0.0000000000
57759  31.219  -35.832  87.791 0.0000000000
154411  28.782  -33.532  93.794 0.0000000000
160242  29.785  -34.101  95.383 0.0000000000
54186  24.959  -40.162  93.444 0.0000000000
54187  24.426  -38.981  93.586 0.0000000000
55415  20.447  -36.846  91.491 0.0000000000
173226  20.343  -36.856  92.593 0.0000000000
55373  19.410  -37.404  93.553 0.0000000000
156818  19.232  -37.438  92.881 0.0000000000
55442  14.575  -37.476  90.432 0.0000000000
55419  14.976  -37.907  90.970 0.0000000000
163074  15.411  -38.429  92.210 0.0000000000
54228  14.757  -37.956  91.763 0.0000000000
61225  21.824  -31.928  85.216 0.0000000000
63487  21.835  -30.231  84.173 0.0000000000
62336  21.992  -31.190  85.326 0.0000000000
63475  22.644  -30.741  85.628 0.0000000000
62310  22.836  -31.516  86.738 0.0000000000
61194  22.472  -32.282  86.560 0.0000000000
53103  24.862  -40.113  91.888 0.0000000000
53111  25.578  -39.869  91.449 0.0000000000
52044  25.511  -40.529  92.518 0.0000000000
52033  25.533  -40.830  93.161 0.0000000000
56531  22.272  -36.623  97.268 0.0000000000
56474  4.934  -37.078  102.159 0.0000000000
56473  5.648  -37.027  102.047 0.0000000000
80760  57.566  -15.907  67.993 0.0000000000
79709  57.136  -16.507  68.299 0.0000000000
78597  54.320  -17.702  70.025 0.0000000000
77450  54.730  -18.811  69.662 0.0000000000
163694  50.779  -14.833  70.004 0.0000000000
81827  51.339  -14.337  70.215 0.0000000000
81828  50.924  -14.909  70.729 0.0000000000
78581  42.999  -17.103  72.405 0.0000000000
79655  43.010  -16.934  71.958 0.0000000000
79640  43.977  -16.794  73.274 0.0000000000
78569  43.733  -17.019  73.562 0.0000000000
73678  45.769  -21.502  75.143 0.0000000000
70075  33.381  -24.391  75.097 0.0000000000
150133  37.150  -26.261  78.748 0.0000000000
67894  38.316  -26.477  78.835 0.0000000000
60143  31.480  -33.580  81.411 0.0000000000
62355  35.765  -31.454  82.737 0.0000000000
62368  35.540  -31.069  82.050 0.0000000000
151119  35.993  -30.732  82.567 0.0000000000
65639  36.992  -27.942  85.264 0.0000000000
66698  36.465  -26.565  84.138 0.0000000000
67811  36.527  -25.958  83.808 0.0000000000
67795  37.091  -25.959  84.440 0.0000000000
80806  53.615  -15.771  64.608 0.0000000000
80819  54.961  -15.671  63.677 0.0000000000
80804  55.147  -15.925  64.276 0.0000000000
159177  57.087  -13.709  67.958 0.0000000000
80750  57.673  -14.531  67.547 0.0000000000
80751  57.479  -14.916  68.256 0.0000000000
76394  60.576  -19.822  59.242 0.0000000000
75201  60.769  -20.509  59.480 0.0000000000
78647  58.006  -17.659  63.318 0.0000000000
171480  58.704  -20.076  63.309 0.0000000000
77505  57.809  -18.383  64.024 0.0000000000
53073  27.342  -41.099  94.999 0.0000000000
57626  10.698  -34.823  96.227 0.0000000000
155386  9.963  -34.754  95.699 0.0000000000
57614  8.311  -34.901  97.373 0.0000000000
58775  9.277  -34.583  97.323 0.0000000000
58761  9.356  -34.440  98.207 0.0000000000
58752  9.422  -34.358  99.055 0.0000000000
155285  8.702  -34.517  98.656 0.0000000000
79759  44.315  -16.104  65.872 0.0000000000
79748  44.498  -16.325  66.494 0.0000000000
79749  43.880  -16.369  66.398 0.0000000000
157859  41.981  -23.838  75.473 0.0000000000
55280  1.508  -37.542  99.708 0.0000000000
55255  0.964  -37.924  100.942 0.0000000000
55256  0.697  -38.172  101.389 0.0000000000
60122  26.600  -33.692  82.469 0.0000000000
60107  26.407  -33.622  83.190 0.0000000000
163766  27.331  -34.644  85.425 0.0000000000
58959  27.628  -34.886  86.222 0.0000000000
57778  28.393  -35.431  86.263 0.0000000000
58936  28.546  -35.104  87.728 0.0000000000
54248  23.927  -39.016  89.743 0.0000000000
54236  23.794  -39.006  90.724 0.0000000000
54249  23.089  -38.624  89.162 0.0000000000
55466  21.557  -37.506  88.577 0.0000000000
55435  22.298  -37.798  89.843 0.0000000000
55452  21.395  -37.217  89.383 0.0000000000
55436  21.038  -36.883  90.799 0.0000000000
55453  20.352  -37.013  89.436 0.0000000000
157022  21.920  -33.996  84.507 0.0000000000
60093  21.782  -33.193  83.980 0.0000000000
60092  22.110  -32.950  84.827 0.0000000000
60076  22.317  -33.759  85.447 0.0000000000
58961  22.761  -34.670  86.641 0.0000000000
57780  22.933  -35.558  86.138 0.0000000000
54264  24.117  -38.188  87.773 0.0000000000
55477  24.022  -37.740  87.460 0.0000000000
54258  24.224  -38.410  88.345 0.0000000000
53128  24.662  -39.173  90.042 0.0000000000
56552  19.933  -36.590  97.218 0.0000000000
162655  19.873  -36.661  98.202 0.0000000000
83115  54.467  -13.401  67.858 0.0000000000
84189  55.176  -13.075  68.991 0.0000000000
84203  54.142  -13.000  68.596 0.0000000000
84192  53.292  -12.763  69.112 0.0000000000
84178  54.394  -12.816  69.462 0.0000000000
84165  54.212  -12.859  69.950 0.0000000000
81812  54.636  -13.597  70.636 0.0000000000
80712  50.255  -15.498  72.721 0.0000000000
81801  50.904  -14.991  72.730 0.0000000000
79622  51.992  -16.460  74.528 0.0000000000
79704  39.418  -17.211  69.084 0.0000000000
152028  40.018  -16.937  69.064 0.0000000000
78591  41.492  -17.675  70.867 0.0000000000
167760  41.997  -17.647  71.440 0.0000000000
77433  42.093  -18.541  71.791 0.0000000000
71153  32.339  -23.852  77.460 0.0000000000
71131  32.858  -24.090  78.044 0.0000000000
70028  33.622  -24.514  77.770 0.0000000000
70007  33.339  -24.672  78.630 0.0000000000
69987  34.508  -25.055  79.789 0.0000000000
59007  33.212  -34.287  84.335 0.0000000000
60105  33.477  -33.707  83.520 0.0000000000
60089  33.923  -33.806  84.203 0.0000000000
60074  36.011  -33.743  85.460 0.0000000000
60087  35.522  -33.455  84.705 0.0000000000
61218  35.879  -32.825  84.265 0.0000000000
61235  35.569  -32.524  83.642 0.0000000000
60086  36.304  -33.040  84.977 0.0000000000
180582  51.834  -15.134  64.970 0.0000000000
80793  52.354  -15.383  65.116 0.0000000000
83138  53.851  -13.934  67.179 0.0000000000
83114  55.453  -13.495  67.851 0.0000000000
79789  59.641  -16.484  60.642 0.0000000000
78658  58.914  -17.185  60.926 0.0000000000
174083  58.835  -17.987  60.531 0.0000000000
159811  59.538  -15.256  62.940 0.0000000000
80817  59.236  -15.086  63.741 0.0000000000
61132  25.531  -32.786  89.100 0.0000000000
61150  26.125  -32.741  88.346 0.0000000000
59952  26.044  -33.657  92.472 0.0000000000
59973  26.240  -33.617  91.448 0.0000000000
59931  26.422  -33.722  93.544 0.0000000000
150814  27.294  -33.562  93.524 0.0000000000
59913  27.203  -33.892  94.841 0.0000000000
55299  15.254  -37.196  97.123 0.0000000000
56538  14.795  -36.696  97.767 0.0000000000
56521  13.562  -36.062  98.145 0.0000000000
56520  14.293  -36.255  98.374 0.0000000000
57586  14.714  -35.488  100.165 0.0000000000
162380  14.088  -35.468  99.664 0.0000000000
150211  12.049  -35.275  97.720 0.0000000000
80776  48.111  -14.994  67.015 0.0000000000
81868  48.959  -14.632  67.234 0.0000000000
80778  46.504  -15.666  66.420 0.0000000000
79712  47.411  -16.680  68.422 0.0000000000
178772  47.503  -16.289  68.005 0.0000000000
79711  48.131  -16.674  68.836 0.0000000000
80742  49.267  -16.087  69.353 0.0000000000
79696  48.729  -16.627  69.405 0.0000000000
79679  48.485  -16.920  70.297 0.0000000000
154106  47.799  -17.085  70.970 0.0000000000
79663  48.545  -16.862  71.158 0.0000000000
154107  48.091  -16.875  71.741 0.0000000000
79649  48.327  -16.674  72.490 0.0000000000
79650  47.554  -16.847  72.335 0.0000000000
73753  40.402  -21.289  71.250 0.0000000000
73752  41.063  -21.010  71.466 0.0000000000
72459  43.006  -22.933  73.898 0.0000000000
72457  44.652  -22.994  74.252 0.0000000000
165661  43.290  -23.537  75.044 0.0000000000
71188  44.706  -23.827  75.239 0.0000000000
71187  45.512  -23.927  75.144 0.0000000000
71186  46.230  -23.892  75.161 0.0000000000
71202  45.820  -23.397  74.770 0.0000000000
71185  47.383  -23.605  75.525 0.0000000000
65720  33.571  -28.188  78.298 0.0000000000
65697  34.308  -28.408  79.315 0.0000000000
81930  48.929  -14.337  63.491 0.0000000000
153410  49.190  -14.427  65.003 0.0000000000
81902  49.726  -14.139  65.540 0.0000000000
55302  5.300  -38.467  97.604 0.0000000000
55288  5.659  -37.293  97.954 0.0000000000
55289  4.902  -37.931  98.399 0.0000000000
55265  3.598  -37.334  100.410 0.0000000000
55264  4.451  -36.941  100.047 0.0000000000
56488  4.460  -36.767  101.607 0.0000000000
56489  3.668  -36.949  101.864 0.0000000000
55254  2.198  -37.631  101.376 0.0000000000
166276  38.539  -18.005  69.204 0.0000000000
174198  37.905  -18.138  68.967 0.0000000000
76309  38.487  -19.491  69.572 0.0000000000
73755  38.837  -21.891  70.737 0.0000000000
72501  39.193  -22.287  71.429 0.0000000000
72487  39.424  -22.651  72.074 0.0000000000
72525  37.272  -22.472  70.471 0.0000000000
71223  38.724  -23.745  73.194 0.0000000000
71241  38.512  -23.481  72.547 0.0000000000
174163  39.380  -23.596  73.403 0.0000000000
70069  39.646  -24.529  75.683 0.0000000000
70068  40.528  -24.380  75.615 0.0000000000
174267  40.148  -24.702  76.221 0.0000000000
68965  40.118  -25.080  76.938 0.0000000000
60145  29.729  -33.840  80.971 0.0000000000
59061  30.109  -34.113  81.847 0.0000000000
159965  28.215  -34.556  83.236 0.0000000000
151355  29.116  -34.759  83.269 0.0000000000
57818  30.386  -35.176  83.933 0.0000000000
59011  30.002  -34.840  83.274 0.0000000000
59010  30.835  -34.761  83.352 0.0000000000
59009  31.713  -34.599  83.604 0.0000000000
58990  31.557  -34.987  84.418 0.0000000000
175146  32.529  -35.345  87.082 0.0000000000
58958  32.973  -34.979  86.438 0.0000000000
58934  33.622  -34.796  87.667 0.0000000000
170949  33.975  -34.742  87.235 0.0000000000
165216  27.331  -33.566  89.164 0.0000000000
60044  27.210  -33.634  87.835 0.0000000000
60013  27.911  -33.732  89.933 0.0000000000
59991  29.582  -33.933  90.976 0.0000000000
60012  28.747  -34.123  89.684 0.0000000000
58874  29.435  -34.320  90.227 0.0000000000
58895  29.425  -34.839  89.367 0.0000000000
180103  30.050  -34.410  90.574 0.0000000000
58827  32.976  -34.611  93.821 0.0000000000
58828  32.095  -34.339  94.118 0.0000000000
59946  32.174  -34.079  92.730 0.0000000000
169808  31.536  -34.495  90.675 0.0000000000
59989  31.974  -34.247  91.235 0.0000000000
58871  32.259  -34.435  90.451 0.0000000000
59945  33.129  -34.180  92.572 0.0000000000
160583  33.926  -34.154  92.344 0.0000000000
58842  35.350  -34.757  92.547 0.0000000000
153833  25.101  -38.781  96.263 0.0000000000
180249  24.706  -38.355  95.843 0.0000000000
55347  23.601  -37.417  94.821 0.0000000000
55327  23.784  -37.217  95.850 0.0000000000
56548  23.174  -36.756  96.158 0.0000000000
56568  22.553  -36.616  95.506 0.0000000000
54207  23.257  -38.063  91.912 0.0000000000
55390  23.517  -38.008  92.817 0.0000000000
55391  22.679  -37.323  92.514 0.0000000000
165414  21.464  -36.694  94.246 0.0000000000
56569  21.732  -36.463  95.684 0.0000000000
55328  20.142  -36.930  95.481 0.0000000000
153088  18.616  -37.645  95.136 0.0000000000
154115  18.076  -37.564  95.817 0.0000000000
55469  18.456  -37.496  88.151 0.0000000000
150817  18.978  -37.354  87.486 0.0000000000
150819  18.976  -37.352  88.918 0.0000000000
55471  16.335  -37.724  88.153 0.0000000000
55472  15.531  -37.582  88.716 0.0000000000
54239  16.414  -38.394  90.611 0.0000000000
54250  16.687  -38.228  89.927 0.0000000000
54225  16.972  -38.427  91.167 0.0000000000
55440  17.642  -37.964  90.934 0.0000000000
55418  17.536  -38.172  91.725 0.0000000000
55375  17.942  -38.009  93.045 0.0000000000
54208  17.419  -38.323  92.508 0.0000000000
54190  15.621  -38.516  93.724 0.0000000000
54189  16.474  -38.546  93.524 0.0000000000
54172  16.201  -38.494  94.343 0.0000000000
54161  15.862  -38.337  95.125 0.0000000000
55333  15.568  -37.986  95.673 0.0000000000
54162  14.996  -38.140  95.264 0.0000000000
55376  13.519  -37.326  93.495 0.0000000000
55353  14.188  -37.831  95.065 0.0000000000
55354  13.512  -37.335  94.902 0.0000000000
56637  12.348  -36.281  90.714 0.0000000000
55422  12.772  -36.555  91.533 0.0000000000
56619  11.353  -36.063  92.446 0.0000000000
56607  11.187  -35.853  93.418 0.0000000000
154361  11.820  -36.015  93.940 0.0000000000
56609  9.039  -36.570  93.096 0.0000000000
56610  8.533  -36.718  93.600 0.0000000000
56592  8.388  -36.426  94.294 0.0000000000
55356  7.922  -37.260  93.810 0.0000000000
54163  6.733  -38.398  94.633 0.0000000000
54164  6.312  -38.855  95.077 0.0000000000
54149  5.971  -38.993  95.860 0.0000000000
53067  5.484  -39.241  95.806 0.0000000000
61256  24.850  -31.622  81.899 0.0000000000
167416  25.252  -32.376  81.766 0.0000000000
62360  25.166  -32.058  82.588 0.0000000000
62347  25.233  -31.678  83.392 0.0000000000
64576  23.615  -28.970  82.107 0.0000000000
63519  24.239  -29.763  82.113 0.0000000000
64558  23.861  -29.391  82.878 0.0000000000
63484  24.221  -30.362  85.344 0.0000000000
63494  24.221  -29.979  84.545 0.0000000000
62335  24.949  -30.656  84.787 0.0000000000
62321  25.503  -31.259  85.164 0.0000000000
62322  24.965  -30.761  85.621 0.0000000000
62294  25.169  -31.485  86.794 0.0000000000
62308  24.685  -30.929  86.421 0.0000000000
61134  23.792  -32.855  88.998 0.0000000000
58875  24.034  -34.325  90.722 0.0000000000
57748  23.568  -35.576  88.404 0.0000000000
58938  23.025  -35.029  87.968 0.0000000000
54205  26.069  -39.116  91.748 0.0000000000
55412  25.347  -37.691  91.017 0.0000000000
55389  25.618  -38.153  91.931 0.0000000000
56626  25.123  -37.152  91.848 0.0000000000
55369  25.849  -38.271  92.959 0.0000000000
53091  26.821  -40.383  92.983 0.0000000000
52025  26.597  -41.368  94.216 0.0000000000
54157  25.835  -40.224  95.815 0.0000000000
55310  24.222  -37.657  97.181 0.0000000000
56518  16.543  -36.430  98.699 0.0000000000
151688  17.062  -36.236  99.433 0.0000000000
56523  6.820  -35.799  98.035 0.0000000000
57571  6.744  -35.918  101.412 0.0000000000
57578  7.350  -35.155  100.509 0.0000000000
57570  7.452  -35.364  101.263 0.0000000000
58728  7.985  -34.788  101.026 0.0000000000
57566  7.572  -35.713  101.597 0.0000000000
79694  55.570  -15.766  68.608 0.0000000000
79710  56.144  -16.544  68.228 0.0000000000
78616  55.365  -17.714  67.995 0.0000000000
83098  51.261  -13.388  67.747 0.0000000000
81851  51.101  -13.709  68.675 0.0000000000
83047  52.934  -13.365  71.680 0.0000000000
83064  52.719  -13.246  70.943 0.0000000000
83046  53.505  -13.355  71.435 0.0000000000
80720  54.457  -14.895  71.415 0.0000000000
81797  54.074  -14.495  71.927 0.0000000000
81785  52.260  -14.743  73.253 0.0000000000
81799  52.510  -14.194  72.838 0.0000000000
78579  54.021  -17.666  71.971 0.0000000000
168431  54.525  -19.213  72.284 0.0000000000
76254  55.002  -20.004  72.096 0.0000000000
150759  41.833  -16.644  67.588 0.0000000000
79729  42.079  -16.589  66.887 0.0000000000
79716  42.976  -16.608  68.363 0.0000000000
79703  40.664  -17.002  69.640 0.0000000000
79683  43.458  -16.636  70.674 0.0000000000
79700  43.423  -16.623  69.891 0.0000000000
150763  43.893  -16.613  69.174 0.0000000000
79699  44.351  -16.619  69.917 0.0000000000
150767  45.044  -16.720  70.357 0.0000000000
79681  45.195  -16.817  71.079 0.0000000000
79638  45.768  -16.754  73.595 0.0000000000
79651  46.150  -16.859  72.575 0.0000000000
79637  46.626  -16.736  74.146 0.0000000000
79636  47.598  -16.672  73.775 0.0000000000
75047  42.126  -20.714  72.126 0.0000000000
166876  42.573  -20.129  72.309 0.0000000000
76223  44.153  -19.859  74.091 0.0000000000
76243  43.810  -19.117  73.742 0.0000000000
76194  46.334  -19.267  76.730 0.0000000000
76195  45.695  -19.623  75.977 0.0000000000
77385  45.367  -18.592  75.564 0.0000000000
167171  45.662  -17.788  75.749 0.0000000000
78544  45.123  -17.562  75.148 0.0000000000
78531  46.133  -17.528  76.223 0.0000000000
70089  34.266  -24.859  74.059 0.0000000000
151594  35.066  -24.981  73.654 0.0000000000
70053  34.381  -24.866  76.961 0.0000000000
158800  34.372  -24.896  76.016 0.0000000000
68948  36.948  -25.755  76.922 0.0000000000
68970  35.964  -25.742  76.737 0.0000000000
68983  36.698  -25.436  75.397 0.0000000000
68968  37.561  -25.424  76.407 0.0000000000
68981  38.121  -24.862  75.953 0.0000000000
68967  38.385  -25.235  76.692 0.0000000000
68945  39.546  -25.541  77.596 0.0000000000
68919  40.669  -25.653  78.625 0.0000000000
61268  33.724  -32.439  81.641 0.0000000000
150904  34.292  -31.489  81.066 0.0000000000
61281  33.696  -31.964  81.039 0.0000000000
62382  33.896  -31.280  80.429 0.0000000000
63529  33.713  -30.734  79.698 0.0000000000
64585  35.077  -29.369  80.583 0.0000000000
64586  34.653  -29.642  79.946 0.0000000000
65684  35.033  -28.485  80.897 0.0000000000
59963  37.596  -33.363  91.219 0.0000000000
61123  36.815  -33.228  89.723 0.0000000000
61122  37.111  -32.364  90.055 0.0000000000
62275  36.991  -31.368  88.361 0.0000000000
62289  36.821  -31.940  87.744 0.0000000000
62301  36.870  -31.672  86.902 0.0000000000
62316  36.861  -31.780  85.497 0.0000000000
63470  37.001  -30.940  85.178 0.0000000000
64522  37.060  -29.029  85.120 0.0000000000
64515  37.271  -29.494  85.750 0.0000000000
64523  36.786  -29.464  84.287 0.0000000000
63480  36.891  -30.458  84.400 0.0000000000
64537  36.408  -29.449  83.404 0.0000000000
66741  34.860  -27.485  81.444 0.0000000000
66728  34.957  -26.501  81.899 0.0000000000
67846  34.847  -25.941  81.360 0.0000000000
68870  36.390  -25.796  82.478 0.0000000000
68871  35.781  -25.787  82.097 0.0000000000
68849  38.492  -25.776  84.740 0.0000000000
150037  38.753  -25.801  84.037 0.0000000000
67826  39.404  -26.468  82.463 0.0000000000
160427  39.468  -26.612  81.483 0.0000000000
67843  38.460  -26.626  81.345 0.0000000000
172917  39.310  -26.667  80.097 0.0000000000
67858  39.830  -26.530  80.498 0.0000000000
81926  52.297  -14.472  63.605 0.0000000000
177936  56.042  -15.008  62.780 0.0000000000
81941  56.505  -14.572  62.371 0.0000000000
81923  57.356  -14.659  62.852 0.0000000000
81922  58.144  -14.387  62.637 0.0000000000
83169  58.077  -13.941  64.778 0.0000000000
83155  58.495  -14.165  65.080 0.0000000000
81897  54.625  -15.464  65.684 0.0000000000
81876  56.275  -14.466  66.224 0.0000000000
83134  58.003  -14.297  66.371 0.0000000000
179104  58.485  -15.194  65.999 0.0000000000
80788  58.635  -15.108  65.461 0.0000000000
79758  58.432  -16.637  65.616 0.0000000000
173391  58.161  -17.569  65.424 0.0000000000
78640  58.355  -17.385  66.178 0.0000000000
164154  58.410  -19.106  65.924 0.0000000000
171937  60.283  -17.101  58.919 0.0000000000
78664  60.357  -17.908  58.551 0.0000000000
77538  58.869  -18.832  60.860 0.0000000000
164799  8.677  -35.420  95.531 0.0000000000
57627  9.288  -34.946  95.711 0.0000000000
60108  25.834  -33.044  83.361 0.0000000000
155407  26.290  -33.543  83.983 0.0000000000
58977  26.775  -33.946  85.225 0.0000000000
150402  27.417  -34.486  86.870 0.0000000000
54259  23.711  -38.463  87.940 0.0000000000
54260  23.017  -38.488  88.297 0.0000000000
54266  23.078  -38.249  87.526 0.0000000000
55465  22.181  -37.937  87.883 0.0000000000
172318  21.213  -37.207  87.991 0.0000000000
58995  21.878  -34.948  84.060 0.0000000000
174445  22.301  -34.896  84.829 0.0000000000
57793  23.175  -36.383  85.827 0.0000000000
55491  23.509  -37.495  86.758 0.0000000000
155218  18.286  -36.560  99.129 0.0000000000
83139  52.847  -13.695  67.191 0.0000000000
83117  52.606  -13.108  67.852 0.0000000000
162788  52.574  -12.940  68.484 0.0000000000
160340  50.077  -15.354  74.058 0.0000000000
80698  50.889  -15.004  74.222 0.0000000000
80699  50.399  -15.176  74.861 0.0000000000
80688  51.210  -15.645  75.255 0.0000000000
78601  39.262  -17.924  69.537 0.0000000000
78600  40.055  -17.855  69.865 0.0000000000
77444  41.052  -18.499  70.649 0.0000000000
68924  32.964  -24.928  78.766 0.0000000000
68910  33.628  -25.025  79.455 0.0000000000
68894  34.470  -25.301  80.296 0.0000000000
68880  34.785  -25.558  80.810 0.0000000000
58973  34.064  -34.486  85.613 0.0000000000
58956  34.837  -34.598  86.204 0.0000000000
58971  35.697  -34.340  86.061 0.0000000000
60060  36.344  -33.909  86.206 0.0000000000
81901  50.419  -14.485  65.105 0.0000000000
158252  51.783  -14.751  65.550 0.0000000000
80836  60.186  -15.004  61.648 0.0000000000
80837  59.832  -15.490  62.122 0.0000000000
60016  24.633  -33.310  90.175 0.0000000000
59995  25.512  -33.484  90.697 0.0000000000
153589  25.591  -33.858  93.240 0.0000000000
59932  25.866  -33.941  93.991 0.0000000000
55319  14.059  -37.289  96.400 0.0000000000
56539  13.719  -36.764  96.973 0.0000000000
171516  13.429  -36.302  97.484 0.0000000000
58759  10.929  -34.507  98.820 0.0000000000
57589  11.761  -34.691  99.115 0.0000000000
81903  48.373  -14.497  65.376 0.0000000000
79725  46.344  -16.292  67.252 0.0000000000
179905  46.878  -16.726  68.303 0.0000000000
164987  47.536  -16.942  69.002 0.0000000000
173214  47.337  -17.070  69.499 0.0000000000
150769  46.734  -17.053  69.865 0.0000000000
150771  46.809  -17.081  70.852 0.0000000000
72486  40.619  -22.282  72.330 0.0000000000
72485  41.410  -22.085  72.544 0.0000000000
72471  42.360  -22.828  73.619 0.0000000000
54130  3.778  -39.323  98.394 0.0000000000
55290  4.085  -38.612  98.839 0.0000000000
73786  37.891  -21.107  69.564 0.0000000000
172587  38.505  -20.897  69.810 0.0000000000
72524  38.078  -22.200  70.601 0.0000000000
71262  37.170  -23.591  71.678 0.0000000000
70085  39.461  -24.180  74.785 0.0000000000
60146  28.708  -33.825  80.649 0.0000000000
57803  29.192  -35.484  84.720 0.0000000000
57802  30.053  -35.553  84.596 0.0000000000
57801  30.857  -35.380  84.516 0.0000000000
57789  31.410  -35.440  85.085 0.0000000000
57775  31.303  -35.734  85.988 0.0000000000
57758  32.087  -35.514  87.775 0.0000000000
58912  32.469  -35.028  88.423 0.0000000000
150812  27.912  -33.557  91.666 0.0000000000
151052  28.003  -33.634  90.819 0.0000000000
150813  28.665  -33.573  92.124 0.0000000000
59949  29.445  -33.653  92.544 0.0000000000
151595  30.065  -33.739  92.913 0.0000000000
56581  32.817  -36.594  94.218 0.0000000000
154038  33.596  -34.733  93.441 0.0000000000
54170  24.384  -38.454  94.510 0.0000000000
55392  21.654  -36.768  92.442 0.0000000000
56603  22.197  -36.837  93.128 0.0000000000
173277  20.562  -36.876  93.490 0.0000000000
56605  20.729  -36.880  94.117 0.0000000000
55349  20.068  -37.121  94.670 0.0000000000
55372  19.987  -37.161  93.883 0.0000000000
55350  19.199  -37.499  94.354 0.0000000000
55470  17.407  -37.743  87.944 0.0000000000
55458  14.911  -37.224  89.227 0.0000000000
55457  15.441  -37.774  89.522 0.0000000000
55441  15.246  -37.877  90.245 0.0000000000
54240  15.660  -38.283  90.766 0.0000000000
54226  16.117  -38.525  91.467 0.0000000000
54209  16.706  -38.547  92.742 0.0000000000
54211  15.099  -38.403  93.118 0.0000000000
54191  14.816  -38.338  93.904 0.0000000000
54174  14.636  -38.180  94.581 0.0000000000
180205  14.458  -38.122  93.361 0.0000000000
55397  13.955  -37.724  93.082 0.0000000000
55398  13.389  -37.131  92.783 0.0000000000
56620  10.447  -36.346  92.084 0.0000000000
55400  8.975  -37.115  92.305 0.0000000000
62375  24.513  -31.180  81.180 0.0000000000
156576  24.566  -30.733  82.054 0.0000000000
64529  22.110  -29.596  83.658 0.0000000000
174351  22.759  -29.420  83.839 0.0000000000
64542  23.300  -29.327  83.460 0.0000000000
63485  23.226  -29.983  85.122 0.0000000000
63474  23.441  -30.525  85.887 0.0000000000
62295  24.264  -31.316  87.142 0.0000000000
62296  23.444  -31.585  87.282 0.0000000000
61176  23.297  -32.021  87.809 0.0000000000
60031  23.214  -33.265  88.444 0.0000000000
55450  24.911  -38.027  89.408 0.0000000000
56647  24.616  -36.918  89.518 0.0000000000
55433  25.272  -38.314  90.228 0.0000000000
54204  26.095  -39.903  91.733 0.0000000000
53102  26.344  -40.379  92.433 0.0000000000
52037  26.682  -41.024  93.070 0.0000000000
165099  26.130  -41.032  92.878 0.0000000000
53083  25.662  -40.974  93.921 0.0000000000
56494  5.283  -36.483  100.601 0.0000000000
56493  5.958  -35.956  100.317 0.0000000000
57580  5.972  -36.065  101.119 0.0000000000
171625  6.001  -36.673  101.711 0.0000000000
78607  54.501  -17.763  68.728 0.0000000000
76273  55.860  -20.291  70.550 0.0000000000
159018  50.559  -14.315  68.837 0.0000000000
81839  50.937  -14.302  69.455 0.0000000000
83032  53.027  -13.731  72.163 0.0000000000
78567  53.374  -17.794  73.430 0.0000000000
79633  52.901  -16.858  73.172 0.0000000000
79670  41.860  -16.935  70.826 0.0000000000
151010  41.916  -16.731  70.159 0.0000000000
79669  42.642  -16.861  71.311 0.0000000000
79668  43.530  -16.713  71.554 0.0000000000
79667  44.426  -16.681  71.787 0.0000000000
79653  44.550  -16.691  72.676 0.0000000000
79639  44.743  -16.750  73.489 0.0000000000
79628  44.987  -16.810  74.250 0.0000000000
73714  43.349  -21.135  73.221 0.0000000000
75004  44.005  -20.810  73.878 0.0000000000
75003  44.555  -20.516  74.403 0.0000000000
77362  46.577  -18.194  76.913 0.0000000000
70090  33.451  -24.578  74.240 0.0000000000
70074  34.269  -24.853  75.044 0.0000000000
68949  35.695  -25.692  77.725 0.0000000000
152545  37.140  -25.930  77.764 0.0000000000
68946  38.670  -25.612  77.423 0.0000000000
61251  34.595  -32.473  82.669 0.0000000000
61267  34.396  -32.159  81.985 0.0000000000
62369  34.812  -31.433  81.587 0.0000000000
62381  34.754  -30.781  80.862 0.0000000000
63513  35.337  -30.046  81.042 0.0000000000
61115  37.534  -32.407  90.623 0.0000000000
62233  37.930  -31.720  90.744 0.0000000000
172810  37.376  -30.894  89.088 0.0000000000
63441  37.327  -30.559  88.244 0.0000000000
65640  36.742  -28.533  84.614 0.0000000000
66713  35.966  -27.419  83.673 0.0000000000
178263  35.654  -26.911  83.201 0.0000000000
67829  36.398  -25.863  83.177 0.0000000000
150530  36.978  -25.783  82.965 0.0000000000
80822  52.532  -15.123  64.017 0.0000000000
165175  55.655  -15.248  63.223 0.0000000000
81911  56.473  -15.076  64.284 0.0000000000
83136  55.934  -13.908  67.056 0.0000000000
83135  56.906  -13.930  66.907 0.0000000000
83112  57.231  -13.925  67.393 0.0000000000
81866  57.580  -14.145  67.254 0.0000000000
81865  58.018  -14.599  66.862 0.0000000000
79745  58.377  -16.444  66.435 0.0000000000
79723  57.999  -16.312  67.267 0.0000000000
76405  60.749  -19.563  58.415 0.0000000000
76369  58.771  -19.923  62.403 0.0000000000
76362  59.300  -20.518  62.784 0.0000000000
55346  25.783  -37.491  93.791 0.0000000000
154565  25.366  -36.270  93.841 0.0000000000
55345  26.472  -38.053  94.630 0.0000000000
57625  11.713  -35.417  96.294 0.0000000000
57645  11.242  -35.234  95.671 0.0000000000
57603  10.705  -34.606  97.941 0.0000000000
58790  9.696  -34.688  96.404 0.0000000000
58760  10.105  -34.407  98.530 0.0000000000
58726  9.562  -34.132  101.214 0.0000000000
80779  45.693  -15.637  65.666 0.0000000000
151912  44.978  -16.420  66.932 0.0000000000
150762  44.727  -16.556  67.760 0.0000000000
71170  43.460  -23.558  76.464 0.0000000000
71169  44.350  -23.776  76.110 0.0000000000
54100  1.035  -38.232  102.113 0.0000000000
71243  36.676  -24.015  72.025 0.0000000000
70110  36.469  -24.528  72.625 0.0000000000
70101  36.420  -24.864  73.417 0.0000000000
59039  27.148  -34.000  82.447 0.0000000000
59013  27.649  -34.599  83.926 0.0000000000
59014  26.877  -34.096  83.764 0.0000000000
58992  28.478  -35.306  84.881 0.0000000000
57792  28.831  -35.579  85.488 0.0000000000
57777  29.295  -35.783  86.372 0.0000000000
57760  29.413  -35.773  87.221 0.0000000000
53104  24.327  -39.437  92.013 0.0000000000
53093  24.228  -38.986  92.784 0.0000000000
54223  23.800  -38.889  91.477 0.0000000000
155423  22.587  -37.898  90.642 0.0000000000
55414  21.378  -36.851  91.529 0.0000000000
55459  14.378  -36.963  89.831 0.0000000000
55443  13.818  -36.884  90.578 0.0000000000
55421  13.538  -37.000  91.419 0.0000000000
152922  13.077  -36.397  90.353 0.0000000000
173972  21.470  -31.684  83.887 0.0000000000
61211  22.249  -32.591  85.717 0.0000000000
60047  22.672  -33.068  87.016 0.0000000000
56653  23.884  -36.402  87.926 0.0000000000
57779  23.452  -36.186  86.571 0.0000000000
56662  24.209  -37.223  87.929 0.0000000000
56652  24.561  -37.513  88.666 0.0000000000
53127  25.043  -39.040  89.970 0.0000000000
53121  24.575  -39.345  90.594 0.0000000000
83095  56.391  -13.504  68.508 0.0000000000
80737  56.975  -14.980  68.892 0.0000000000
83077  56.564  -13.775  68.962 0.0000000000
164396  56.501  -14.278  69.166 0.0000000000
81825  55.879  -14.285  69.619 0.0000000000
84190  54.611  -12.878  69.125 0.0000000000
84164  54.683  -12.993  69.649 0.0000000000
80727  55.299  -14.802  69.827 0.0000000000
151542  54.608  -15.588  69.965 0.0000000000
155681  54.158  -16.566  70.447 0.0000000000
80728  50.470  -15.556  71.113 0.0000000000
81815  51.119  -14.822  71.771 0.0000000000
81786  51.943  -14.689  73.409 0.0000000000
80697  51.411  -15.294  74.458 0.0000000000
80696  51.806  -15.631  74.110 0.0000000000
80695  52.336  -16.253  73.710 0.0000000000
79686  40.601  -17.349  69.972 0.0000000000
78582  42.503  -17.284  71.843 0.0000000000
167761  42.829  -17.704  72.352 0.0000000000
73677  46.622  -22.230  75.274 0.0000000000
71172  32.192  -23.619  76.301 0.0000000000
70055  33.055  -23.973  76.039 0.0000000000
70027  34.411  -24.894  77.757 0.0000000000
69996  33.969  -24.854  79.336 0.0000000000
69995  34.680  -24.940  79.013 0.0000000000
68923  35.477  -25.579  78.632 0.0000000000
156914  36.078  -25.894  79.139 0.0000000000
68907  36.606  -26.103  79.782 0.0000000000
59033  32.184  -34.119  82.910 0.0000000000
60120  32.623  -33.601  82.401 0.0000000000
60106  32.848  -33.812  83.022 0.0000000000
60119  33.355  -33.367  82.697 0.0000000000
60118  34.083  -33.095  83.044 0.0000000000
60088  34.651  -33.651  84.480 0.0000000000
61236  34.834  -32.780  83.368 0.0000000000
61250  35.310  -32.164  83.015 0.0000000000
61234  36.003  -31.866  83.389 0.0000000000
80807  52.774  -15.570  64.613 0.0000000000
80791  54.102  -15.867  65.117 0.0000000000
80790  54.949  -15.955  64.941 0.0000000000
81878  54.251  -14.755  66.456 0.0000000000
78661  60.058  -16.609  59.654 0.0000000000
76385  60.361  -20.139  60.012 0.0000000000
78651  58.679  -17.047  61.883 0.0000000000
79772  58.492  -16.784  63.598 0.0000000000
61192  26.349  -32.587  86.895 0.0000000000
60045  26.756  -33.024  87.538 0.0000000000
60014  26.381  -33.087  89.273 0.0000000000
153296  26.965  -33.424  89.927 0.0000000000
59994  26.560  -33.508  90.629 0.0000000000
152519  27.188  -33.565  91.175 0.0000000000
59950  27.829  -33.488  92.671 0.0000000000
59929  28.110  -33.497  93.614 0.0000000000
56586  25.820  -36.008  94.705 0.0000000000
57640  26.094  -35.166  94.853 0.0000000000
58797  26.552  -34.624  94.830 0.0000000000
56564  27.457  -36.337  95.828 0.0000000000
58796  27.277  -34.372  95.071 0.0000000000
56671  21.626  -37.062  85.708 0.0000000000
181375  15.858  -36.261  98.873 0.0000000000
56519  15.118  -36.287  98.612 0.0000000000
56502  15.471  -35.852  99.623 0.0000000000
57612  12.287  -35.612  96.992 0.0000000000
151152  13.068  -35.495  98.687 0.0000000000
57588  12.589  -34.950  99.361 0.0000000000
57587  13.396  -35.258  99.581 0.0000000000
81867  50.262  -13.760  66.830 0.0000000000
150189  49.832  -14.125  67.525 0.0000000000
81853  49.987  -14.612  68.515 0.0000000000
80741  49.814  -15.783  69.746 0.0000000000
80777  47.345  -15.358  66.707 0.0000000000
80763  47.614  -15.784  67.551 0.0000000000
80753  48.778  -15.922  68.685 0.0000000000
80729  49.830  -15.998  70.573 0.0000000000
80722  49.773  -16.058  71.454 0.0000000000
80713  49.697  -15.945  72.330 0.0000000000
79648  48.981  -16.558  71.844 0.0000000000
80705  49.783  -15.699  73.193 0.0000000000
79623  49.183  -15.953  73.894 0.0000000000
80700  48.986  -15.819  74.906 0.0000000000
75097  40.195  -20.037  70.419 0.0000000000
75072  40.767  -20.367  70.919 0.0000000000
73735  41.552  -21.241  71.981 0.0000000000
73715  42.724  -21.615  72.947 0.0000000000
73698  43.883  -21.817  73.738 0.0000000000
71205  43.209  -23.267  74.443 0.0000000000
72456  45.333  -23.020  74.456 0.0000000000
72444  45.920  -22.622  74.758 0.0000000000
72442  47.380  -22.788  75.483 0.0000000000
66774  33.556  -27.412  78.532 0.0000000000
66752  34.258  -27.483  79.778 0.0000000000
59943  36.403  -34.322  91.597 0.0000000000
59984  36.502  -34.001  90.118 0.0000000000
58840  37.539  -34.575  91.619 0.0000000000
81953  57.673  -14.097  61.324 0.0000000000
56558  6.580  -37.009  96.711 0.0000000000
56542  6.342  -36.669  97.556 0.0000000000
56505  5.296  -36.550  99.728 0.0000000000
55277  4.593  -37.402  99.226 0.0000000000
56482  5.235  -36.785  101.845 0.0000000000
55235  3.615  -37.309  102.341 0.0000000000
54087  3.964  -37.871  102.696 0.0000000000
78609  38.854  -17.432  69.057 0.0000000000
76299  39.133  -19.376  70.014 0.0000000000
77461  38.139  -18.768  69.263 0.0000000000
75098  39.534  -20.178  70.205 0.0000000000
73754  39.616  -21.605  70.990 0.0000000000
72473  40.742  -22.763  72.956 0.0000000000
71221  40.798  -23.384  73.793 0.0000000000
72488  38.639  -22.896  71.930 0.0000000000
71261  37.895  -23.488  72.112 0.0000000000
71222  40.011  -23.244  73.226 0.0000000000
157104  41.215  -23.666  74.471 0.0000000000
71191  41.234  -23.977  75.152 0.0000000000
70067  41.344  -24.278  75.942 0.0000000000
70048  41.470  -24.504  76.744 0.0000000000
70024  41.681  -24.650  77.540 0.0000000000
60172  30.277  -33.523  80.394 0.0000000000
59060  30.986  -34.020  82.011 0.0000000000
59063  28.240  -34.071  81.635 0.0000000000
59036  29.611  -34.463  82.532 0.0000000000
156723  32.319  -34.633  84.293 0.0000000000
58989  33.331  -34.547  85.150 0.0000000000
58975  32.076  -34.981  84.963 0.0000000000
58974  32.635  -34.936  85.564 0.0000000000
150111  33.365  -34.738  85.800 0.0000000000
58957  33.884  -34.727  86.509 0.0000000000
58933  34.482  -34.764  87.829 0.0000000000
58889  35.435  -34.607  89.178 0.0000000000
60062  26.790  -33.212  86.739 0.0000000000
60061  27.163  -33.756  87.144 0.0000000000
58917  27.698  -34.367  87.655 0.0000000000
58916  28.230  -34.511  88.435 0.0000000000
164159  29.005  -34.990  88.516 0.0000000000
58914  29.808  -35.486  88.607 0.0000000000
58894  30.340  -35.226  89.272 0.0000000000
59910  30.728  -33.900  94.409 0.0000000000
59927  30.609  -33.841  93.470 0.0000000000
59926  31.403  -33.956  93.930 0.0000000000
59970  30.605  -33.985  91.770 0.0000000000
58872  30.776  -34.632  90.502 0.0000000000
158474  30.795  -34.953  89.776 0.0000000000
57735  31.196  -35.274  89.219 0.0000000000
58913  32.018  -34.930  89.146 0.0000000000
177756  32.379  -34.617  89.752 0.0000000000
58892  32.879  -34.626  89.170 0.0000000000
59967  33.489  -34.015  91.750 0.0000000000
59987  33.858  -34.016  90.885 0.0000000000
58891  33.827  -34.423  89.310 0.0000000000
58869  34.258  -34.091  90.035 0.0000000000
60011  35.229  -34.305  89.922 0.0000000000
59985  35.876  -34.288  90.499 0.0000000000
54148  24.965  -38.274  96.997 0.0000000000
56530  23.068  -36.782  97.032 0.0000000000
177385  23.950  -38.398  93.247 0.0000000000
174886  23.152  -37.041  94.098 0.0000000000
160930  22.296  -36.778  93.962 0.0000000000
55348  22.807  -36.771  94.743 0.0000000000
56550  21.592  -36.431  96.632 0.0000000000
55313  19.282  -36.862  96.528 0.0000000000
167488  19.558  -37.069  95.861 0.0000000000
55314  18.427  -37.133  96.559 0.0000000000
55494  21.151  -37.044  86.579 0.0000000000
55480  20.768  -36.982  87.389 0.0000000000
55467  20.376  -37.032  88.128 0.0000000000
55481  19.863  -37.128  87.511 0.0000000000
150820  19.911  -37.148  88.822 0.0000000000
55454  19.535  -37.193  89.428 0.0000000000
55438  19.216  -37.237  90.693 0.0000000000
177495  18.834  -37.408  91.292 0.0000000000
55484  16.699  -37.697  87.351 0.0000000000
55456  16.289  -37.974  89.200 0.0000000000
170647  17.148  -38.073  89.458 0.0000000000
171616  17.721  -37.833  90.052 0.0000000000
55439  18.376  -37.557  90.728 0.0000000000
166997  18.886  -37.459  92.066 0.0000000000
55395  18.549  -37.718  92.767 0.0000000000
54188  17.261  -38.415  93.296 0.0000000000
54171  17.049  -38.429  94.088 0.0000000000
55331  17.762  -37.895  95.099 0.0000000000
150548  17.190  -37.757  95.749 0.0000000000
55316  16.648  -37.532  96.430 0.0000000000
55317  15.676  -37.643  96.362 0.0000000000
55318  14.800  -37.519  96.462 0.0000000000
55334  14.457  -37.710  95.804 0.0000000000
173537  13.152  -36.759  95.522 0.0000000000
56572  12.532  -36.289  95.350 0.0000000000
168150  13.274  -36.907  92.081 0.0000000000
55377  12.939  -36.751  93.377 0.0000000000
56628  11.863  -36.228  91.557 0.0000000000
56589  12.545  -36.446  94.059 0.0000000000
56590  12.030  -36.044  94.711 0.0000000000
57668  11.231  -35.416  94.981 0.0000000000
57669  10.458  -35.269  94.567 0.0000000000
57670  9.675  -35.536  94.214 0.0000000000
57687  9.701  -35.934  93.394 0.0000000000
57648  8.945  -35.591  94.717 0.0000000000
56573  8.186  -36.092  95.085 0.0000000000
56574  7.494  -36.638  95.480 0.0000000000
55357  7.326  -37.875  94.196 0.0000000000
55336  7.119  -37.593  95.039 0.0000000000
55320  6.858  -37.308  95.875 0.0000000000
168013  6.313  -38.130  96.324 0.0000000000
54139  5.623  -38.800  96.750 0.0000000000
54140  4.905  -39.336  97.257 0.0000000000
53056  4.468  -39.526  96.917 0.0000000000
54141  4.163  -39.562  97.699 0.0000000000
53045  3.546  -39.581  97.992 0.0000000000
61255  25.555  -32.763  82.517 0.0000000000
61224  25.536  -32.318  83.867 0.0000000000
64541  24.112  -29.720  83.666 0.0000000000
62334  25.399  -31.354  84.284 0.0000000000
61193  26.008  -31.921  86.377 0.0000000000
160908  25.574  -32.318  88.001 0.0000000000
61151  25.160  -32.472  88.589 0.0000000000
61175  24.035  -31.761  87.915 0.0000000000
61152  24.343  -32.340  88.558 0.0000000000
61133  24.621  -32.808  89.336 0.0000000000
59996  24.604  -33.777  91.021 0.0000000000
58857  24.457  -34.385  91.472 0.0000000000
57677  24.674  -35.272  92.540 0.0000000000
60032  22.871  -33.576  87.682 0.0000000000
58918  23.254  -34.571  88.830 0.0000000000
56635  24.490  -36.312  90.423 0.0000000000
57724  23.830  -35.003  90.323 0.0000000000
161877  24.340  -35.773  91.047 0.0000000000
56618  24.774  -36.286  92.223 0.0000000000
54168  26.959  -39.858  93.897 0.0000000000
174585  27.096  -41.303  94.279 0.0000000000
52031  26.942  -41.341  93.726 0.0000000000
53074  26.864  -41.356  95.088 0.0000000000
56541  7.038  -36.085  97.184 0.0000000000
57615  7.564  -35.358  97.681 0.0000000000
57605  7.440  -35.237  98.579 0.0000000000
57592  6.687  -35.574  99.942 0.0000000000
57591  7.363  -35.148  99.531 0.0000000000
57590  8.022  -34.739  99.088 0.0000000000
58740  8.705  -34.453  100.584 0.0000000000
78615  56.650  -17.490  68.026 0.0000000000
83096  52.502  -12.899  69.157 0.0000000000
83081  51.721  -13.559  69.494 0.0000000000
83080  52.516  -13.132  70.058 0.0000000000
84166  53.695  -12.860  70.250 0.0000000000
83045  54.106  -13.379  71.089 0.0000000000
79660  54.416  -15.682  70.946 0.0000000000
78587  54.253  -17.652  71.131 0.0000000000
159845  51.810  -14.056  71.982 0.0000000000
83033  52.431  -13.825  72.257 0.0000000000
81798  53.526  -14.560  72.443 0.0000000000
79647  53.255  -16.267  72.526 0.0000000000
80710  53.902  -15.386  72.154 0.0000000000
78588  54.061  -16.644  71.313 0.0000000000
152757  54.828  -19.418  71.574 0.0000000000
158224  43.148  -16.395  66.268 0.0000000000
79728  43.428  -16.534  66.983 0.0000000000
173459  44.812  -16.584  68.349 0.0000000000
150651  41.109  -16.667  67.974 0.0000000000
79717  41.975  -16.672  68.472 0.0000000000
180984  43.557  -16.593  68.623 0.0000000000
79715  44.283  -16.571  68.445 0.0000000000
150764  44.845  -16.621  68.941 0.0000000000
150768  45.895  -16.909  70.352 0.0000000000
79665  46.435  -16.946  71.732 0.0000000000
79666  45.437  -16.807  71.975 0.0000000000
150772  46.880  -16.915  72.253 0.0000000000
156868  47.781  -16.731  72.948 0.0000000000
79624  48.331  -16.373  74.320 0.0000000000
80683  48.918  -15.880  75.813 0.0000000000
76281  41.859  -19.405  71.550 0.0000000000
75026  43.019  -20.166  72.946 0.0000000000
76261  42.807  -19.339  72.596 0.0000000000
77432  42.582  -18.543  72.260 0.0000000000
77417  43.012  -18.416  72.839 0.0000000000
168781  43.734  -17.575  73.585 0.0000000000
74983  45.363  -20.441  75.343 0.0000000000
74984  44.896  -20.251  74.930 0.0000000000
74967  46.329  -20.310  76.497 0.0000000000
76206  45.083  -19.539  75.277 0.0000000000
77400  44.324  -18.898  74.303 0.0000000000
78558  44.081  -17.281  74.066 0.0000000000
78557  44.684  -17.103  74.496 0.0000000000
78556  45.253  -16.882  74.970 0.0000000000
79616  45.820  -16.804  75.205 0.0000000000
78530  46.653  -17.256  76.712 0.0000000000
79615  46.258  -16.814  75.671 0.0000000000
151290  46.867  -16.644  75.518 0.0000000000
79614  47.525  -16.498  75.765 0.0000000000
150095  48.250  -16.257  76.156 0.0000000000
80682  49.526  -15.841  76.424 0.0000000000
152335  35.135  -24.649  72.625 0.0000000000
70088  36.767  -24.969  74.115 0.0000000000
170845  33.721  -24.514  75.773 0.0000000000
70073  35.038  -25.357  75.363 0.0000000000
68984  35.916  -25.628  75.619 0.0000000000
172749  35.621  -25.467  74.834 0.0000000000
68994  36.329  -25.395  74.791 0.0000000000
70072  37.110  -25.057  74.895 0.0000000000
70051  38.929  -24.775  76.196 0.0000000000
60142  32.347  -33.329  81.633 0.0000000000
152568  33.127  -31.997  80.459 0.0000000000
64598  33.783  -29.543  78.830 0.0000000000
64597  34.363  -29.177  79.317 0.0000000000
60009  36.562  -34.113  89.148 0.0000000000
60027  36.695  -33.848  88.257 0.0000000000
60059  36.650  -33.299  86.573 0.0000000000
62276  36.839  -32.190  88.553 0.0000000000
61168  36.763  -32.595  87.114 0.0000000000
61202  36.701  -32.434  85.273 0.0000000000
157175  36.572  -31.648  83.965 0.0000000000
63450  37.332  -30.211  87.447 0.0000000000
64504  37.462  -29.175  86.481 0.0000000000
177818  37.327  -29.739  86.193 0.0000000000
63469  37.209  -30.312  85.939 0.0000000000
62342  36.735  -30.943  83.873 0.0000000000
63501  36.299  -30.182  82.877 0.0000000000
165540  35.595  -28.720  82.258 0.0000000000
65657  35.906  -28.590  83.187 0.0000000000
65671  35.250  -28.337  81.596 0.0000000000
168623  34.342  -26.727  80.476 0.0000000000
68879  35.377  -25.762  81.321 0.0000000000
68892  36.000  -25.775  80.656 0.0000000000
68891  37.028  -26.220  80.615 0.0000000000
68840  37.840  -25.882  84.785 0.0000000000
68861  37.504  -25.818  83.419 0.0000000000
68868  37.728  -25.915  82.807 0.0000000000
67810  39.146  -26.162  83.275 0.0000000000
67827  38.568  -26.265  82.691 0.0000000000
67828  38.034  -26.282  82.082 0.0000000000
67860  38.040  -26.639  80.555 0.0000000000
67874  38.758  -26.673  79.726 0.0000000000
67873  39.639  -26.494  79.697 0.0000000000
67892  40.113  -26.061  79.168 0.0000000000
68890  40.947  -25.788  80.200 0.0000000000
68906  40.848  -25.766  79.438 0.0000000000
83175  58.969  -14.002  63.168 0.0000000000
83168  58.964  -14.054  63.955 0.0000000000
81909  59.084  -14.317  63.916 0.0000000000
79771  59.020  -15.686  64.192 0.0000000000
165888  58.698  -16.368  64.189 0.0000000000
81895  56.479  -14.878  65.305 0.0000000000
83156  58.051  -14.075  65.699 0.0000000000
81893  58.580  -14.467  65.240 0.0000000000
80803  58.771  -15.902  64.967 0.0000000000
78643  57.887  -17.866  64.752 0.0000000000
77497  58.083  -18.880  64.767 0.0000000000
77495  58.290  -18.357  65.904 0.0000000000
157101  58.328  -19.084  65.413 0.0000000000
52050  26.029  -40.289  91.927 0.0000000000
52051  25.528  -40.298  91.885 0.0000000000
53076  5.862  -39.118  95.104 0.0000000000
53077  5.349  -39.205  95.493 0.0000000000
53112  24.901  -39.946  91.202 0.0000000000
54185  26.510  -39.352  92.974 0.0000000000
54222  25.607  -39.393  91.126 0.0000000000
54224  23.205  -38.332  91.013 0.0000000000
54235  25.334  -39.019  90.375 0.0000000000
54238  17.116  -38.248  90.425 0.0000000000
54246  25.028  -38.712  89.834 0.0000000000
54247  24.505  -38.751  89.312 0.0000000000
54265  23.698  -38.052  87.371 0.0000000000
55393  20.783  -36.731  92.867 0.0000000000
55394  19.865  -37.024  92.249 0.0000000000
55396  18.067  -37.849  92.279 0.0000000000
55476  24.394  -37.999  88.036 0.0000000000
55492  22.944  -37.699  86.352 0.0000000000
55510  23.241  -37.276  86.043 0.0000000000
56663  23.834  -36.904  87.096 0.0000000000
57572  6.001  -36.397  101.538 0.0000000000
57638  27.310  -35.408  95.291 0.0000000000
57639  26.713  -35.284  95.089 0.0000000000
57660  25.551  -35.236  94.234 0.0000000000
57696  24.442  -34.880  91.853 0.0000000000
57723  24.096  -35.548  90.601 0.0000000000
57736  23.990  -35.912  89.847 0.0000000000
57746  30.750  -35.680  88.558 0.0000000000
57761  28.768  -35.529  86.998 0.0000000000
57762  23.525  -35.876  87.494 0.0000000000
57788  31.924  -35.349  85.552 0.0000000000
58720  8.111  -34.966  101.659 0.0000000000
58727  8.766  -34.582  101.427 0.0000000000
58753  8.688  -34.457  99.567 0.0000000000
58762  8.735  -34.587  97.940 0.0000000000
58795  28.195  -34.093  95.297 0.0000000000
58812  32.489  -35.058  94.422 0.0000000000
58814  26.670  -34.167  94.840 0.0000000000
58815  26.054  -34.431  94.514 0.0000000000
58830  24.869  -34.621  93.024 0.0000000000
58841  36.061  -34.727  92.217 0.0000000000
58870  33.193  -34.314  90.101 0.0000000000
58888  36.093  -34.638  88.970 0.0000000000
58890  34.663  -34.431  89.429 0.0000000000
58915  29.309  -35.540  87.892 0.0000000000
58919  23.022  -34.135  88.189 0.0000000000
58932  35.437  -34.770  87.476 0.0000000000
58935  32.892  -34.990  87.734 0.0000000000
58954  36.498  -34.089  86.917 0.0000000000
58993  27.854  -34.892  84.737 0.0000000000
58994  27.142  -34.399  84.596 0.0000000000
59898  30.033  -33.810  94.956 0.0000000000
59901  27.831  -33.973  95.176 0.0000000000
59911  29.268  -33.656  94.489 0.0000000000
59912  28.377  -33.619  94.435 0.0000000000
59923  34.047  -34.487  92.917 0.0000000000
59924  33.340  -34.431  93.140 0.0000000000
59928  29.522  -33.619  93.445 0.0000000000
59930  26.970  -33.735  94.168 0.0000000000
59947  31.341  -33.971  93.017 0.0000000000
59948  30.666  -33.909  92.542 0.0000000000
59951  26.902  -33.559  92.826 0.0000000000
59953  25.153  -33.829  92.484 0.0000000000
59965  35.485  -34.288  91.408 0.0000000000
59968  32.544  -34.096  91.902 0.0000000000
59971  29.440  -33.754  91.751 0.0000000000
59986  34.863  -34.110  90.741 0.0000000000
59990  30.349  -34.161  91.126 0.0000000000
59992  28.793  -33.864  90.488 0.0000000000
59997  24.090  -33.739  90.321 0.0000000000
60029  27.611  -33.867  88.418 0.0000000000
60043  36.687  -33.529  87.403 0.0000000000
60063  22.486  -33.118  86.205 0.0000000000
61116  36.988  -33.238  90.564 0.0000000000
61129  36.760  -33.119  88.851 0.0000000000
61174  25.616  -31.968  87.344 0.0000000000
61177  22.792  -32.099  87.320 0.0000000000
61217  36.505  -32.363  84.540 0.0000000000
61226  21.646  -32.249  84.375 0.0000000000
62248  37.626  -31.655  90.233 0.0000000000
62262  37.272  -31.632  89.596 0.0000000000
62263  36.908  -32.336  89.328 0.0000000000
62288  37.026  -31.083  87.568 0.0000000000
62309  23.635  -30.948  86.624 0.0000000000
62328  36.805  -31.775  84.827 0.0000000000
63427  37.697  -30.900  89.889 0.0000000000
63459  36.951  -31.325  86.075 0.0000000000
63486  22.230  -30.464  84.937 0.0000000000
64543  22.532  -29.095  83.249 0.0000000000
68850  37.784  -25.787  84.106 0.0000000000
70005  34.910  -25.111  78.191 0.0000000000
70102  35.691  -24.842  73.110 0.0000000000
71152  33.014  -23.917  77.485 0.0000000000
71154  31.744  -23.696  76.950 0.0000000000
73787  37.123  -21.310  69.417 0.0000000000
76262  42.323  -19.359  72.079 0.0000000000
77401  44.008  -18.168  73.920 0.0000000000
77469  56.798  -18.398  67.973 0.0000000000
77492  58.385  -18.755  66.381 0.0000000000
78542  46.243  -16.986  76.152 0.0000000000
78570  43.297  -17.445  73.055 0.0000000000
78589  42.587  -17.100  71.821 0.0000000000
79608  46.870  -16.783  76.269 0.0000000000
79613  48.241  -16.270  75.268 0.0000000000
79626  46.419  -16.657  74.999 0.0000000000
80703  52.336  -15.284  73.380 0.0000000000
80738  56.052  -14.975  69.169 0.0000000000
80739  54.896  -15.525  68.949 0.0000000000
81775  51.493  -14.980  74.087 0.0000000000
81784  52.817  -14.629  72.910 0.0000000000
81787  51.366  -14.831  73.532 0.0000000000
81813  54.315  -14.003  71.348 0.0000000000
81850  57.330  -14.087  68.034 0.0000000000
81874  58.357  -14.676  66.040 0.0000000000
81892  58.792  -14.213  64.573 0.0000000000
83048  52.247  -13.670  71.504 0.0000000000
83061  55.908  -13.669  69.488 0.0000000000
83062  55.038  -13.343  69.921 0.0000000000
83063  54.406  -13.140  70.283 0.0000000000
83078  56.166  -13.453  68.942 0.0000000000
83094  56.829  -13.678  68.514 0.0000000000
83174  59.148  -14.157  63.301 0.0000000000
84153  53.964  -13.019  70.730 0.0000000000
84167  53.111  -12.915  70.460 0.0000000000
84176  55.629  -13.242  68.958 0.0000000000
84177  54.928  -13.007  69.247 0.0000000000
84180  53.203  -12.797  69.733 0.0000000000
84191  53.979  -12.744  69.178 0.0000000000
84202  54.974  -13.135  68.576 0.0000000000
150643  58.564  -15.757  65.858 0.0000000000
150862  51.035  -15.148  74.765 0.0000000000
151013  30.036  -33.816  92.166 0.0000000000
151560  58.264  -17.230  66.955 0.0000000000
151965  27.628  -33.653  94.293 0.0000000000
152151  19.768  -37.096  90.055 0.0000000000
153932  31.953  -34.044  93.467 0.0000000000
154290  20.708  -36.927  90.105 0.0000000000
154776  31.611  -34.707  94.854 0.0000000000
155447  36.381  -33.995  90.961 0.0000000000
157443  57.220  -15.617  68.542 0.0000000000
158483  37.347  -29.940  86.674 0.0000000000
162459  36.055  -34.703  87.803 0.0000000000
163477  37.393  -32.998  90.973 0.0000000000
164052  25.613  -38.667  90.986 0.0000000000
164234  24.489  -35.601  91.683 0.0000000000
164421  27.426  -34.258  83.144 0.0000000000
164433  53.154  -14.094  72.532 0.0000000000
164954  31.118  -34.308  91.233 0.0000000000
165181  24.755  -31.655  87.478 0.0000000000
171871  36.105  -34.616  87.185 0.0000000000
171925  23.477  -33.624  89.127 0.0000000000
175012  24.591  -39.598  93.121 0.0000000000
175230  54.707  -14.227  70.864 0.0000000000
176002  41.766  -17.231  71.070 0.0000000000
177730  25.861  -36.888  94.490 0.0000000000
178084  33.626  -34.303  92.741 0.0000000000
178175  26.150  -38.963  92.320 0.0000000000
178211  21.501  -37.110  90.180 0.0000000000
178390  32.241  -23.669  76.941 0.0000000000
178627  9.146  -35.238  95.271 0.0000000000
179160  16.196  -38.579  92.250 0.0000000000
179220  23.201  -33.881  88.673 0.0000000000
179649  22.927  -36.487  85.451 0.0000000000
179730  22.728  -33.940  87.034 0.0000000000
180005  48.838  -16.019  76.530 0.0000000000
180768  36.116  -34.425  86.603 0.0000000000
180961  30.069  -33.715  93.446 0.0000000000
181209  17.553  -38.146  94.481 0.0000000000
