#!ascii label  , from subject sub-v1s2x0051457_ses-1 vox2ras=TkReg
298
155806  26.305  -13.988  7.346 0.0000000000
72058  20.487  -23.690  9.138 0.0000000000
88910  25.492  -8.864  3.551 0.0000000000
99521  26.327  1.890  0.674 0.0000000000
69709  18.611  -25.032  9.799 0.0000000000
90993  27.863  -6.407  5.520 0.0000000000
95278  27.856  -3.079  5.010 0.0000000000
149137  24.601  -16.525  5.786 0.0000000000
167650  24.550  -19.196  8.521 0.0000000000
80323  26.462  -16.650  9.170 0.0000000000
149030  28.465  -11.771  8.903 0.0000000000
152418  29.162  -14.249  11.283 0.0000000000
165267  26.241  -10.925  5.463 0.0000000000
87837  28.600  -9.471  6.809 0.0000000000
97372  26.149  -0.634  1.952 0.0000000000
97358  27.925  -0.401  4.569 0.0000000000
73279  23.144  -22.382  9.945 0.0000000000
92083  26.572  -4.996  4.138 0.0000000000
94273  26.370  -3.682  3.721 0.0000000000
180926  25.584  -14.647  6.554 0.0000000000
165262  25.549  -16.267  7.531 0.0000000000
81386  26.648  -15.352  8.504 0.0000000000
70813  19.386  -24.691  9.607 0.0000000000
86840  26.092  -9.885  4.828 0.0000000000
86826  27.306  -10.065  5.977 0.0000000000
88886  27.005  -8.812  5.285 0.0000000000
93169  29.118  -4.855  6.494 0.0000000000
90977  29.410  -6.539  7.077 0.0000000000
100602  24.886  2.415  -0.508 0.0000000000
96413  24.581  -1.207  0.470 0.0000000000
158424  26.360  1.055  1.082 0.0000000000
160724  29.964  3.748  4.902 0.0000000000
100559  29.789  2.227  5.372 0.0000000000
98386  28.515  1.021  4.632 0.0000000000
99491  29.608  1.362  5.506 0.0000000000
98371  29.694  -0.095  5.894 0.0000000000
76982  24.690  -19.615  9.243 0.0000000000
75830  24.048  -20.398  9.024 0.0000000000
148951  17.971  -25.455  10.144 0.0000000000
89935  27.041  -7.453  5.010 0.0000000000
160245  26.700  -5.907  4.451 0.0000000000
156532  28.149  -4.970  5.560 0.0000000000
94250  29.306  -3.473  6.198 0.0000000000
78178  24.024  -19.169  6.601 0.0000000000
79269  24.661  -17.665  6.818 0.0000000000
78159  25.256  -17.990  8.657 0.0000000000
78139  26.512  -18.064  10.210 0.0000000000
149036  27.292  -12.411  7.978 0.0000000000
149035  27.681  -13.921  9.202 0.0000000000
149589  29.118  -12.879  10.530 0.0000000000
83769  25.414  -13.584  5.276 0.0000000000
84824  25.444  -12.694  4.660 0.0000000000
149059  26.354  -12.319  6.509 0.0000000000
85774  27.311  -11.140  6.904 0.0000000000
86792  28.640  -10.420  7.618 0.0000000000
87819  29.612  -9.284  8.401 0.0000000000
88865  28.373  -7.654  6.379 0.0000000000
161562  29.257  -7.908  7.399 0.0000000000
95306  25.392  -2.494  1.902 0.0000000000
100585  27.317  2.373  2.153 0.0000000000
98401  27.461  0.862  3.185 0.0000000000
98392  27.017  -0.262  3.352 0.0000000000
95293  26.427  -1.754  3.386 0.0000000000
95284  27.899  -2.321  4.937 0.0000000000
96368  29.840  -1.562  6.253 0.0000000000
72073  20.943  -23.168  8.721 0.0000000000
75844  23.566  -20.504  8.090 0.0000000000
82447  28.098  -15.186  10.252 0.0000000000
80296  27.966  -16.462  10.625 0.0000000000
94274  25.767  -3.859  3.153 0.0000000000
94288  25.983  -3.190  3.289 0.0000000000
149075  25.869  -14.063  6.738 0.0000000000
81402  26.229  -15.186  7.853 0.0000000000
149057  26.617  -14.464  8.008 0.0000000000
148952  17.113  -25.849  10.999 0.0000000000
149515  17.774  -26.064  10.568 0.0000000000
156176  20.037  -24.357  9.465 0.0000000000
87882  25.947  -9.283  4.404 0.0000000000
87868  26.562  -9.375  5.084 0.0000000000
88898  26.491  -8.813  4.804 0.0000000000
93163  30.171  -4.280  7.164 0.0000000000
93164  29.648  -4.794  6.940 0.0000000000
100600  25.746  2.219  -0.272 0.0000000000
99526  24.950  1.480  -0.545 0.0000000000
98412  25.192  0.440  -0.224 0.0000000000
179662  30.195  1.844  5.644 0.0000000000
99480  30.769  1.088  6.301 0.0000000000
76965  25.175  -19.833  9.975 0.0000000000
156056  24.625  -20.399  9.843 0.0000000000
70830  19.537  -23.931  9.284 0.0000000000
91020  26.228  -6.615  4.111 0.0000000000
91021  25.530  -6.543  3.401 0.0000000000
93196  27.108  -4.376  4.549 0.0000000000
93182  27.718  -4.522  5.170 0.0000000000
94252  28.092  -3.651  5.306 0.0000000000
93181  28.370  -4.289  5.632 0.0000000000
94251  28.715  -3.512  5.735 0.0000000000
102884  25.131  3.989  -0.293 0.0000000000
169714  24.516  -17.216  6.087 0.0000000000
80351  24.973  -16.633  6.752 0.0000000000
80339  26.411  -16.097  8.610 0.0000000000
80324  25.840  -16.643  8.332 0.0000000000
79239  25.817  -17.356  8.971 0.0000000000
78140  25.814  -18.238  9.486 0.0000000000
79238  26.413  -17.445  9.635 0.0000000000
85750  27.920  -11.853  8.286 0.0000000000
153581  27.929  -13.080  9.251 0.0000000000
149028  28.595  -12.486  9.621 0.0000000000
171756  25.150  -14.416  5.338 0.0000000000
154999  25.442  -11.132  3.898 0.0000000000
85786  25.706  -11.592  4.946 0.0000000000
84812  25.822  -12.329  5.599 0.0000000000
85785  26.267  -11.574  5.889 0.0000000000
85763  26.984  -11.914  7.175 0.0000000000
85775  26.737  -11.528  6.559 0.0000000000
87854  27.912  -9.621  6.260 0.0000000000
86810  28.378  -10.117  6.885 0.0000000000
160676  28.845  -9.913  7.281 0.0000000000
86791  29.202  -10.005  8.082 0.0000000000
87836  29.095  -9.378  7.486 0.0000000000
91009  27.349  -6.809  5.134 0.0000000000
89922  27.598  -7.332  5.518 0.0000000000
89921  28.126  -7.130  6.036 0.0000000000
89904  29.204  -7.292  7.034 0.0000000000
88829  29.794  -7.893  8.219 0.0000000000
97378  25.875  -0.295  1.052 0.0000000000
170560  25.059  -1.129  0.489 0.0000000000
96392  25.249  -1.804  1.135 0.0000000000
95319  24.778  -2.516  1.276 0.0000000000
96391  25.860  -1.573  2.198 0.0000000000
100571  28.830  2.535  4.346 0.0000000000
101724  28.616  3.172  3.817 0.0000000000
100577  27.868  2.320  2.922 0.0000000000
99506  27.954  1.635  3.400 0.0000000000
173851  28.118  0.405  4.428 0.0000000000
98387  27.598  0.199  3.845 0.0000000000
97359  27.398  -0.507  3.991 0.0000000000
96384  26.942  -1.035  3.782 0.0000000000
96379  27.477  -1.038  4.315 0.0000000000
95292  27.172  -1.872  4.316 0.0000000000
96378  27.953  -1.377  4.810 0.0000000000
97347  30.076  -0.715  6.344 0.0000000000
96367  30.531  -1.360  6.662 0.0000000000
152504  30.231  -2.158  6.543 0.0000000000
73306  20.766  -22.615  8.285 0.0000000000
76996  24.198  -19.302  7.634 0.0000000000
77007  23.757  -19.905  6.752 0.0000000000
76997  23.836  -20.038  7.574 0.0000000000
74502  23.274  -21.745  9.387 0.0000000000
152192  23.387  -21.133  8.708 0.0000000000
73290  22.708  -22.249  9.195 0.0000000000
73291  22.470  -22.789  9.529 0.0000000000
82464  28.180  -14.285  9.992 0.0000000000
149034  27.614  -14.849  9.495 0.0000000000
150277  28.586  -14.522  10.607 0.0000000000
92095  26.059  -5.786  3.826 0.0000000000
167777  25.956  -5.084  3.572 0.0000000000
93197  26.644  -4.212  4.081 0.0000000000
94262  26.904  -3.604  4.301 0.0000000000
149122  24.967  -15.819  6.308 0.0000000000
80364  25.329  -15.893  6.973 0.0000000000
81403  25.795  -15.536  7.404 0.0000000000
81387  26.105  -15.861  8.031 0.0000000000
81364  26.854  -15.901  9.113 0.0000000000
69699  19.417  -25.470  10.273 0.0000000000
70798  19.859  -25.005  9.929 0.0000000000
69698  20.094  -25.362  10.482 0.0000000000
85749  28.954  -11.096  8.923 0.0000000000
149802  29.158  -11.580  9.765 0.0000000000
86841  25.668  -10.145  4.199 0.0000000000
86828  25.884  -10.609  4.837 0.0000000000
86812  26.825  -10.766  6.164 0.0000000000
86827  26.590  -10.132  5.437 0.0000000000
87867  27.208  -9.473  5.639 0.0000000000
88866  27.617  -8.853  5.819 0.0000000000
92057  28.775  -5.594  6.314 0.0000000000
90978  28.964  -6.225  6.570 0.0000000000
92056  29.401  -5.598  6.894 0.0000000000
92043  29.841  -5.959  7.424 0.0000000000
98411  25.818  0.344  0.408 0.0000000000
158423  26.397  0.212  1.743 0.0000000000
180000  29.704  3.264  4.961 0.0000000000
99498  28.452  1.715  4.132 0.0000000000
98385  28.943  1.002  5.195 0.0000000000
98378  29.308  0.502  5.508 0.0000000000
153450  29.113  -0.242  5.469 0.0000000000
98377  29.988  0.740  5.915 0.0000000000
98370  30.391  0.179  6.362 0.0000000000
75843  24.161  -19.832  8.382 0.0000000000
74501  23.973  -21.094  9.646 0.0000000000
149632  17.397  -25.293  10.354 0.0000000000
69710  17.892  -24.781  9.958 0.0000000000
155495  19.028  -24.262  9.552 0.0000000000
89948  25.691  -7.956  3.673 0.0000000000
88899  26.115  -8.426  4.312 0.0000000000
89936  26.366  -7.511  4.362 0.0000000000
91010  26.852  -6.736  4.681 0.0000000000
167336  27.299  -6.098  4.980 0.0000000000
92082  27.207  -5.230  4.767 0.0000000000
92071  27.759  -5.479  5.295 0.0000000000
93170  28.572  -4.914  5.994 0.0000000000
93168  29.569  -4.085  6.589 0.0000000000
94244  30.119  -3.534  6.796 0.0000000000
101754  25.009  3.133  -0.558 0.0000000000
158583  25.492  3.170  -0.289 0.0000000000
100594  26.329  2.740  0.505 0.0000000000
78197  24.227  -18.456  6.444 0.0000000000
78177  24.452  -18.479  7.272 0.0000000000
79268  25.208  -17.041  7.610 0.0000000000
79256  24.905  -17.812  7.836 0.0000000000
78160  24.696  -18.556  8.191 0.0000000000
78141  25.048  -18.762  8.999 0.0000000000
76981  25.473  -19.162  9.705 0.0000000000
78126  26.168  -18.866  10.228 0.0000000000
148991  26.791  -13.407  7.821 0.0000000000
162252  27.168  -13.943  8.459 0.0000000000
153179  27.433  -13.197  8.599 0.0000000000
150282  28.359  -13.408  9.864 0.0000000000
149755  28.822  -13.766  10.613 0.0000000000
149009  29.331  -12.141  10.385 0.0000000000
149027  29.687  -13.212  11.532 0.0000000000
151145  25.109  -14.994  5.932 0.0000000000
149095  25.467  -14.204  6.032 0.0000000000
149076  25.735  -13.606  6.218 0.0000000000
178691  25.627  -12.897  5.398 0.0000000000
84802  25.846  -12.993  6.005 0.0000000000
149058  26.195  -13.271  6.888 0.0000000000
149044  26.671  -12.643  7.320 0.0000000000
85762  27.637  -11.521  7.636 0.0000000000
86811  27.662  -10.401  6.555 0.0000000000
86793  27.991  -10.759  7.294 0.0000000000
85761  28.362  -11.142  8.123 0.0000000000
86773  28.924  -10.625  8.315 0.0000000000
164533  29.719  -9.784  8.942 0.0000000000
88897  26.725  -8.196  4.886 0.0000000000
88884  27.898  -8.042  6.041 0.0000000000
178102  28.409  -8.229  6.494 0.0000000000
89905  28.776  -7.007  6.535 0.0000000000
88864  28.774  -7.800  6.795 0.0000000000
88844  28.831  -8.651  6.978 0.0000000000
152347  29.430  -8.635  7.835 0.0000000000
100593  27.032  3.184  1.467 0.0000000000
100586  26.794  2.374  1.374 0.0000000000
99514  26.848  1.718  1.775 0.0000000000
98402  26.928  0.964  2.241 0.0000000000
98393  26.919  0.319  2.789 0.0000000000
99499  28.029  0.969  3.930 0.0000000000
177290  27.260  0.284  3.314 0.0000000000
97366  26.581  -0.244  2.596 0.0000000000
96385  26.455  -0.897  2.931 0.0000000000
95305  25.873  -2.474  2.927 0.0000000000
95286  26.547  -2.777  3.845 0.0000000000
95285  27.313  -2.891  4.571 0.0000000000
97353  29.348  -1.027  5.747 0.0000000000
96373  28.686  -1.852  5.385 0.0000000000
95277  28.419  -2.850  5.361 0.0000000000
163590  29.672  -2.246  6.183 0.0000000000
95270  29.821  -2.919  6.409 0.0000000000
171624  22.858  -21.169  7.698 0.0000000000
153172  22.593  -21.856  8.372 0.0000000000
154086  22.150  -22.540  8.654 0.0000000000
72056  21.737  -23.069  9.050 0.0000000000
149043  27.152  -14.640  8.789 0.0000000000
81385  27.139  -15.292  9.119 0.0000000000
81363  27.466  -15.715  9.673 0.0000000000
81333  28.353  -15.829  10.792 0.0000000000
81334  27.915  -15.953  10.227 0.0000000000
80297  27.488  -16.400  10.055 0.0000000000
79211  26.876  -17.440  10.216 0.0000000000
79210  27.451  -17.059  10.508 0.0000000000
79255  25.389  -17.348  8.302 0.0000000000
80298  26.948  -16.873  9.862 0.0000000000
80322  27.041  -16.305  9.575 0.0000000000
82536  24.942  -14.317  4.480 0.0000000000
88885  27.316  -8.131  5.425 0.0000000000
89947  25.794  -7.218  3.733 0.0000000000
90992  28.467  -6.337  6.105 0.0000000000
92070  28.293  -5.628  5.754 0.0000000000
93180  28.905  -4.174  6.136 0.0000000000
93212  26.181  -4.410  3.630 0.0000000000
94261  27.503  -3.686  4.830 0.0000000000
95276  29.159  -2.682  5.842 0.0000000000
95344  24.321  -1.871  0.773 0.0000000000
96372  29.350  -1.882  5.857 0.0000000000
96402  25.589  -0.979  1.133 0.0000000000
97354  28.589  -0.777  5.187 0.0000000000
97379  25.343  -0.350  0.329 0.0000000000
98379  28.595  0.230  5.051 0.0000000000
100570  29.431  2.734  4.944 0.0000000000
100601  25.164  2.099  -0.722 0.0000000000
101723  29.275  3.408  4.518 0.0000000000
149029  27.912  -12.464  8.780 0.0000000000
149074  25.993  -14.735  7.246 0.0000000000
149094  25.479  -15.264  6.745 0.0000000000
159031  28.225  -8.854  6.375 0.0000000000
159216  30.122  -5.191  7.493 0.0000000000
170665  29.705  -3.502  6.491 0.0000000000
176843  30.261  1.379  5.848 0.0000000000
