#!ascii label  , from subject sub-v1s2x0051466_ses-1 vox2ras=TkReg
1895
139326  -42.869  -29.670  61.829 0.0000000000
82219  -56.108  -13.290  53.926 0.0000000000
71933  -52.209  -24.127  57.172 0.0000000000
43373  -13.702  -50.409  82.620 0.0000000000
67522  -38.076  -27.852  66.653 0.0000000000
155168  -32.166  -48.276  82.918 0.0000000000
56884  -35.547  -38.413  81.482 0.0000000000
61278  -43.088  -33.459  76.276 0.0000000000
66326  -43.612  -28.974  73.753 0.0000000000
48680  -22.161  -46.265  79.300 0.0000000000
46495  -27.155  -48.057  83.529 0.0000000000
47630  -27.361  -47.582  77.871 0.0000000000
53963  -34.689  -40.196  75.095 0.0000000000
142458  -37.682  -37.863  75.767 0.0000000000
68590  -44.123  -26.683  68.088 0.0000000000
68634  -48.610  -26.473  65.593 0.0000000000
76181  -54.471  -19.451  55.273 0.0000000000
69750  -46.625  -26.110  59.563 0.0000000000
84190  -50.561  -12.243  50.168 0.0000000000
139295  -11.852  -54.665  84.555 0.0000000000
143852  -41.068  -25.595  70.183 0.0000000000
67553  -39.397  -27.778  64.573 0.0000000000
48728  -32.836  -45.809  76.177 0.0000000000
50774  -35.245  -43.985  81.646 0.0000000000
72963  -51.720  -22.845  63.896 0.0000000000
88147  -58.447  -8.457  44.555 0.0000000000
60234  -41.027  -35.170  73.216 0.0000000000
62302  -42.182  -33.245  72.159 0.0000000000
47627  -24.364  -47.640  78.557 0.0000000000
58087  -34.923  -37.617  72.334 0.0000000000
58074  -39.119  -37.356  73.606 0.0000000000
58045  -40.771  -36.879  76.190 0.0000000000
67557  -43.311  -28.670  65.172 0.0000000000
68617  -46.714  -27.168  66.719 0.0000000000
66458  -46.069  -28.507  63.946 0.0000000000
141728  -55.591  -16.729  54.416 0.0000000000
78182  -57.289  -17.377  58.300 0.0000000000
84163  -57.846  -11.798  53.704 0.0000000000
42350  -13.146  -51.786  80.044 0.0000000000
41336  -12.863  -52.369  83.440 0.0000000000
66386  -41.221  -28.091  69.054 0.0000000000
68533  -41.857  -26.522  72.065 0.0000000000
68589  -39.504  -26.203  68.559 0.0000000000
69651  -39.934  -25.866  67.471 0.0000000000
136164  -37.495  -27.055  65.378 0.0000000000
162096  -29.462  -47.661  83.207 0.0000000000
45477  -29.392  -48.496  85.506 0.0000000000
45479  -31.072  -48.734  85.694 0.0000000000
46485  -33.487  -48.188  84.563 0.0000000000
48767  -30.438  -45.771  74.272 0.0000000000
49816  -32.672  -44.435  73.488 0.0000000000
150832  -35.482  -39.387  78.339 0.0000000000
51860  -35.999  -42.802  78.419 0.0000000000
147079  -35.125  -40.847  81.207 0.0000000000
51778  -34.641  -42.819  84.314 0.0000000000
141659  -17.104  -47.111  80.205 0.0000000000
161408  -18.431  -46.319  83.023 0.0000000000
48595  -18.200  -46.656  86.080 0.0000000000
69776  -49.168  -25.949  58.524 0.0000000000
70779  -49.507  -24.415  61.624 0.0000000000
70810  -52.462  -24.905  60.660 0.0000000000
138600  -59.459  -8.194  42.618 0.0000000000
43327  -12.624  -50.753  86.845 0.0000000000
63184  -42.902  -31.802  78.506 0.0000000000
66275  -43.805  -28.966  77.395 0.0000000000
64191  -43.766  -30.997  74.862 0.0000000000
63273  -42.678  -30.756  70.483 0.0000000000
48654  -21.953  -46.190  81.132 0.0000000000
141083  -23.882  -47.160  83.922 0.0000000000
46521  -24.381  -47.843  81.482 0.0000000000
143751  -27.429  -47.923  81.073 0.0000000000
46541  -29.520  -47.619  80.555 0.0000000000
54006  -33.480  -40.402  72.209 0.0000000000
56970  -33.013  -38.230  72.204 0.0000000000
56949  -35.110  -38.630  75.110 0.0000000000
56917  -36.495  -38.026  78.817 0.0000000000
58022  -39.583  -36.882  79.399 0.0000000000
60163  -41.418  -34.210  79.429 0.0000000000
49718  -20.377  -45.112  79.350 0.0000000000
137458  -45.073  -25.279  71.194 0.0000000000
72830  -48.635  -22.908  72.845 0.0000000000
71781  -47.212  -24.516  70.177 0.0000000000
70709  -48.839  -24.972  68.385 0.0000000000
74097  -53.861  -21.829  56.076 0.0000000000
137789  -55.205  -23.045  60.207 0.0000000000
75085  -56.653  -20.341  58.900 0.0000000000
160199  -10.061  -59.878  88.537 0.0000000000
67602  -44.624  -27.587  60.340 0.0000000000
69799  -45.612  -26.100  56.455 0.0000000000
73066  -49.909  -22.480  54.281 0.0000000000
149797  -51.916  -19.991  53.470 0.0000000000
78220  -52.641  -17.496  52.277 0.0000000000
81239  -53.028  -14.524  51.601 0.0000000000
83233  -53.430  -12.883  51.349 0.0000000000
159044  -50.175  -12.573  51.102 0.0000000000
41269  -11.501  -52.706  87.957 0.0000000000
39355  -10.894  -55.090  88.264 0.0000000000
36125  -9.962  -57.383  88.295 0.0000000000
72769  -43.718  -23.067  76.200 0.0000000000
68482  -43.484  -26.328  76.099 0.0000000000
70581  -42.677  -24.927  74.205 0.0000000000
71720  -43.229  -24.444  72.696 0.0000000000
70692  -42.681  -25.353  69.106 0.0000000000
68630  -41.347  -27.108  66.131 0.0000000000
66453  -40.758  -28.868  63.195 0.0000000000
136483  -26.221  -48.517  85.749 0.0000000000
161460  -30.257  -46.794  76.946 0.0000000000
46558  -32.798  -47.734  80.019 0.0000000000
50854  -34.947  -43.670  75.293 0.0000000000
48683  -35.602  -45.842  79.334 0.0000000000
47582  -34.162  -47.456  82.432 0.0000000000
152657  -34.157  -45.341  84.436 0.0000000000
44500  -14.024  -50.141  79.587 0.0000000000
45518  -15.469  -48.632  79.412 0.0000000000
45498  -15.014  -48.494  82.855 0.0000000000
69692  -47.103  -25.989  62.111 0.0000000000
70736  -49.844  -24.863  63.976 0.0000000000
143457  -52.105  -25.698  64.665 0.0000000000
72967  -55.248  -22.459  64.081 0.0000000000
138808  -55.333  -12.436  50.903 0.0000000000
154811  -57.403  -10.917  49.398 0.0000000000
85211  -60.167  -10.455  48.088 0.0000000000
85252  -56.406  -10.170  45.722 0.0000000000
84248  -59.057  -10.636  45.495 0.0000000000
148311  -40.095  -35.489  71.953 0.0000000000
60270  -40.854  -34.526  71.653 0.0000000000
138865  -39.348  -35.302  69.663 0.0000000000
56985  -37.413  -37.779  72.068 0.0000000000
58109  -38.665  -36.920  71.795 0.0000000000
58076  -40.277  -36.429  73.659 0.0000000000
65357  -43.267  -29.581  63.074 0.0000000000
66443  -44.853  -29.056  64.542 0.0000000000
160296  -44.890  -29.105  63.040 0.0000000000
80226  -55.922  -14.993  54.020 0.0000000000
155118  -56.822  -15.773  55.504 0.0000000000
81225  -57.683  -14.165  56.021 0.0000000000
83189  -58.490  -13.093  55.694 0.0000000000
83207  -56.960  -12.387  54.053 0.0000000000
42333  -13.371  -51.453  81.032 0.0000000000
42332  -12.972  -51.920  81.851 0.0000000000
43372  -13.271  -51.141  82.956 0.0000000000
66399  -39.955  -27.935  68.132 0.0000000000
67490  -40.813  -27.235  69.464 0.0000000000
67514  -39.011  -27.476  67.789 0.0000000000
68597  -38.280  -26.532  67.085 0.0000000000
67521  -37.592  -27.467  66.241 0.0000000000
139835  -21.490  -45.939  84.927 0.0000000000
135682  -30.283  -47.677  82.925 0.0000000000
46482  -30.322  -47.858  84.579 0.0000000000
46483  -31.275  -48.145  84.536 0.0000000000
46467  -32.802  -48.689  85.212 0.0000000000
46500  -32.765  -48.298  83.446 0.0000000000
55888  -35.432  -38.887  79.982 0.0000000000
53926  -35.315  -40.088  79.914 0.0000000000
54879  -35.044  -39.582  81.348 0.0000000000
53899  -34.901  -40.362  82.537 0.0000000000
48638  -20.587  -45.789  82.396 0.0000000000
48623  -19.907  -45.906  83.600 0.0000000000
153678  -19.968  -46.013  85.079 0.0000000000
73855  -46.410  -21.527  75.595 0.0000000000
69791  -50.532  -25.432  57.674 0.0000000000
69754  -50.835  -25.698  59.380 0.0000000000
135469  -52.887  -24.982  59.165 0.0000000000
62250  -43.089  -32.383  77.794 0.0000000000
63196  -43.780  -31.272  76.877 0.0000000000
62279  -43.610  -32.271  75.598 0.0000000000
148764  -42.881  -31.861  71.937 0.0000000000
63280  -41.914  -31.462  69.632 0.0000000000
64265  -41.697  -30.631  68.583 0.0000000000
48666  -22.069  -46.207  80.267 0.0000000000
158558  -23.334  -47.157  81.216 0.0000000000
47592  -23.342  -47.175  80.515 0.0000000000
47628  -25.711  -47.869  78.432 0.0000000000
46553  -26.440  -47.870  79.680 0.0000000000
46554  -27.327  -47.820  79.516 0.0000000000
142946  -28.661  -47.740  80.461 0.0000000000
47612  -28.741  -47.522  78.944 0.0000000000
55953  -31.854  -38.054  71.177 0.0000000000
142774  -36.214  -37.973  73.918 0.0000000000
139506  -34.808  -38.038  73.620 0.0000000000
58052  -36.195  -38.100  75.583 0.0000000000
56938  -35.833  -38.530  76.700 0.0000000000
56927  -36.969  -37.976  77.356 0.0000000000
56918  -38.098  -37.728  78.638 0.0000000000
56919  -38.989  -37.748  78.058 0.0000000000
60204  -42.361  -34.970  76.329 0.0000000000
59127  -41.804  -35.341  77.724 0.0000000000
60182  -42.578  -34.088  77.515 0.0000000000
61255  -42.548  -32.815  78.650 0.0000000000
49719  -20.883  -45.285  79.065 0.0000000000
69606  -45.283  -25.955  69.787 0.0000000000
70644  -46.439  -24.931  70.431 0.0000000000
69607  -46.168  -25.573  69.221 0.0000000000
68618  -47.477  -26.814  66.370 0.0000000000
146886  -47.767  -25.359  67.803 0.0000000000
135307  -48.264  -25.741  67.174 0.0000000000
70711  -50.257  -25.158  68.074 0.0000000000
145429  -49.258  -25.854  66.846 0.0000000000
75109  -54.676  -20.667  56.145 0.0000000000
74083  -55.704  -21.555  57.662 0.0000000000
76158  -55.857  -20.018  57.301 0.0000000000
78171  -58.663  -16.819  59.964 0.0000000000
138561  -51.297  -20.985  53.785 0.0000000000
75155  -50.113  -20.310  52.569 0.0000000000
78226  -51.245  -17.439  51.426 0.0000000000
79255  -51.187  -16.595  51.176 0.0000000000
139332  -52.704  -15.927  51.708 0.0000000000
80249  -51.669  -15.032  51.190 0.0000000000
148956  -51.839  -13.475  51.261 0.0000000000
40299  -12.209  -54.174  82.236 0.0000000000
38332  -11.487  -55.287  85.177 0.0000000000
43297  -12.092  -50.536  88.404 0.0000000000
146941  -12.135  -51.598  86.979 0.0000000000
42243  -11.237  -51.411  89.200 0.0000000000
40255  -10.097  -53.906  90.057 0.0000000000
139711  -10.753  -55.457  89.848 0.0000000000
141146  -10.432  -56.382  88.859 0.0000000000
37261  -10.734  -56.364  89.775 0.0000000000
35025  -10.785  -58.054  89.807 0.0000000000
66298  -43.863  -28.704  75.623 0.0000000000
67383  -43.748  -27.158  76.581 0.0000000000
67407  -43.464  -27.175  74.711 0.0000000000
69570  -41.314  -25.880  71.479 0.0000000000
138159  -41.838  -25.800  73.001 0.0000000000
70605  -41.847  -25.521  72.007 0.0000000000
135152  -42.716  -24.816  73.045 0.0000000000
71736  -42.369  -25.181  71.415 0.0000000000
70620  -43.020  -24.908  71.142 0.0000000000
70668  -41.801  -25.312  69.618 0.0000000000
161292  -39.552  -26.865  65.850 0.0000000000
68614  -40.684  -26.465  66.786 0.0000000000
67535  -40.911  -27.645  65.423 0.0000000000
67555  -41.469  -28.321  64.720 0.0000000000
67566  -40.067  -28.365  63.927 0.0000000000
46493  -25.357  -47.917  83.220 0.0000000000
47549  -24.862  -47.650  84.687 0.0000000000
46478  -26.424  -48.247  84.256 0.0000000000
149507  -31.547  -45.812  75.182 0.0000000000
47695  -30.421  -46.374  75.884 0.0000000000
47677  -31.536  -46.625  76.731 0.0000000000
137145  -31.651  -47.383  79.044 0.0000000000
47634  -33.184  -46.953  78.365 0.0000000000
52976  -34.145  -40.774  73.513 0.0000000000
51903  -34.240  -42.606  74.036 0.0000000000
52965  -34.860  -41.794  75.567 0.0000000000
50785  -35.973  -43.813  79.831 0.0000000000
49746  -35.940  -44.514  78.292 0.0000000000
48669  -35.802  -45.497  79.985 0.0000000000
47599  -35.140  -46.432  80.687 0.0000000000
48656  -34.921  -45.877  81.685 0.0000000000
48628  -33.875  -46.268  83.961 0.0000000000
49678  -34.236  -44.711  83.208 0.0000000000
59094  -38.638  -35.641  81.574 0.0000000000
46551  -16.790  -47.525  79.634 0.0000000000
46535  -15.918  -48.051  80.910 0.0000000000
163159  -15.394  -48.524  80.853 0.0000000000
48576  -18.104  -46.550  87.643 0.0000000000
68711  -45.630  -26.806  59.566 0.0000000000
67594  -45.735  -27.106  61.381 0.0000000000
69706  -46.933  -26.031  61.320 0.0000000000
71877  -50.751  -23.460  62.651 0.0000000000
70755  -49.558  -24.330  62.310 0.0000000000
71848  -51.052  -23.614  64.039 0.0000000000
70726  -51.749  -25.070  64.735 0.0000000000
71832  -51.936  -23.365  65.040 0.0000000000
74034  -55.881  -21.984  61.175 0.0000000000
72989  -54.930  -23.181  61.808 0.0000000000
74018  -55.819  -21.942  63.278 0.0000000000
146586  -52.078  -12.575  50.678 0.0000000000
84180  -54.127  -12.619  51.165 0.0000000000
85188  -52.364  -12.046  50.132 0.0000000000
84204  -55.464  -11.928  48.923 0.0000000000
84215  -56.218  -11.355  48.514 0.0000000000
136321  -59.050  -9.992  48.719 0.0000000000
140238  -57.429  -10.074  47.379 0.0000000000
86218  -55.711  -9.794  44.123 0.0000000000
85260  -55.078  -10.324  44.644 0.0000000000
87170  -57.677  -9.100  45.558 0.0000000000
87155  -58.898  -9.210  46.528 0.0000000000
85254  -59.765  -9.823  45.530 0.0000000000
86220  -59.373  -9.567  43.979 0.0000000000
85286  -59.936  -10.445  41.653 0.0000000000
59149  -41.913  -34.882  74.454 0.0000000000
61298  -42.946  -33.397  74.426 0.0000000000
61323  -42.131  -33.783  72.971 0.0000000000
61354  -41.055  -33.827  70.892 0.0000000000
47609  -23.463  -47.221  78.753 0.0000000000
58107  -35.677  -37.589  71.847 0.0000000000
146020  -37.212  -37.891  72.846 0.0000000000
56964  -38.589  -37.781  74.329 0.0000000000
56942  -39.512  -37.733  76.518 0.0000000000
58064  -39.859  -37.316  74.873 0.0000000000
59148  -41.028  -36.110  74.802 0.0000000000
68616  -43.958  -27.399  66.905 0.0000000000
68601  -45.451  -27.040  67.605 0.0000000000
151666  -45.453  -28.200  66.019 0.0000000000
66430  -46.144  -28.423  65.349 0.0000000000
68650  -47.687  -27.316  64.802 0.0000000000
77181  -55.189  -18.132  55.117 0.0000000000
77155  -55.819  -18.614  56.342 0.0000000000
78196  -56.292  -17.349  55.893 0.0000000000
145861  -57.788  -16.540  58.529 0.0000000000
85163  -58.921  -11.506  53.169 0.0000000000
40300  -12.664  -53.418  82.371 0.0000000000
41335  -12.609  -53.198  83.939 0.0000000000
66354  -42.909  -28.689  71.490 0.0000000000
67435  -42.852  -27.602  72.498 0.0000000000
141156  -41.882  -27.559  70.498 0.0000000000
68564  -40.969  -26.435  70.582 0.0000000000
69586  -40.657  -25.783  69.771 0.0000000000
69618  -40.397  -25.439  68.623 0.0000000000
69617  -39.616  -25.722  68.389 0.0000000000
69649  -38.491  -26.352  66.601 0.0000000000
67552  -38.418  -27.403  64.740 0.0000000000
46496  -28.127  -47.876  83.651 0.0000000000
46479  -27.550  -48.185  84.264 0.0000000000
46481  -29.410  -47.807  84.557 0.0000000000
45478  -30.252  -48.520  85.605 0.0000000000
45466  -33.684  -48.940  85.867 0.0000000000
49815  -31.691  -44.941  73.422 0.0000000000
49792  -32.958  -44.893  74.663 0.0000000000
53944  -35.377  -39.726  76.554 0.0000000000
52957  -35.230  -41.456  76.307 0.0000000000
52941  -35.633  -40.983  78.134 0.0000000000
51829  -35.817  -42.035  80.041 0.0000000000
149859  -35.670  -42.515  80.928 0.0000000000
50766  -34.887  -43.277  82.312 0.0000000000
154056  -34.795  -41.751  82.761 0.0000000000
48678  -18.785  -45.606  79.874 0.0000000000
48662  -18.383  -46.071  80.723 0.0000000000
48635  -17.918  -46.651  83.417 0.0000000000
47556  -17.282  -46.849  83.974 0.0000000000
48610  -18.802  -46.420  84.591 0.0000000000
69774  -47.693  -26.150  58.330 0.0000000000
135899  -47.680  -25.665  60.178 0.0000000000
158646  -49.521  -25.499  59.984 0.0000000000
70808  -50.627  -24.838  60.773 0.0000000000
71878  -52.159  -23.136  62.399 0.0000000000
135473  -49.167  -11.834  49.557 0.0000000000
83243  -51.953  -12.451  49.304 0.0000000000
84211  -50.370  -12.045  48.533 0.0000000000
87195  -56.861  -8.810  43.441 0.0000000000
88161  -59.003  -8.001  43.795 0.0000000000
87205  -57.670  -7.960  42.730 0.0000000000
136879  -58.452  -7.463  42.413 0.0000000000
44470  -13.770  -49.761  83.971 0.0000000000
44457  -13.369  -50.404  84.341 0.0000000000
152101  -42.718  -28.845  79.465 0.0000000000
64152  -43.483  -30.490  78.101 0.0000000000
65184  -43.888  -29.715  75.883 0.0000000000
65208  -43.756  -29.618  74.312 0.0000000000
62292  -42.950  -32.463  73.126 0.0000000000
64211  -43.448  -30.934  73.102 0.0000000000
161279  -43.130  -30.059  71.829 0.0000000000
65269  -42.446  -29.287  69.994 0.0000000000
65284  -41.159  -29.303  68.024 0.0000000000
141997  -21.645  -46.052  82.668 0.0000000000
48615  -22.550  -46.502  84.077 0.0000000000
48641  -22.541  -46.617  82.319 0.0000000000
159265  -23.986  -47.543  82.565 0.0000000000
46509  -25.268  -47.924  82.407 0.0000000000
47594  -24.838  -47.916  79.935 0.0000000000
148077  -25.662  -47.940  81.052 0.0000000000
137348  -27.012  -48.015  81.955 0.0000000000
157942  -28.584  -47.790  82.263 0.0000000000
161378  -29.618  -47.651  81.793 0.0000000000
46525  -30.944  -47.686  81.403 0.0000000000
54950  -33.387  -39.411  72.500 0.0000000000
54933  -33.651  -39.231  73.984 0.0000000000
152774  -33.631  -37.268  72.184 0.0000000000
56960  -34.109  -38.474  74.249 0.0000000000
54927  -34.407  -39.225  75.048 0.0000000000
55906  -35.489  -39.076  76.859 0.0000000000
56915  -35.708  -38.723  78.315 0.0000000000
56895  -35.815  -38.313  80.157 0.0000000000
58005  -36.165  -37.277  81.378 0.0000000000
162051  -36.955  -37.340  80.372 0.0000000000
58013  -38.550  -36.721  80.500 0.0000000000
59103  -39.687  -35.725  80.500 0.0000000000
139794  -40.342  -37.099  77.992 0.0000000000
59113  -40.726  -35.600  79.311 0.0000000000
60153  -40.556  -34.488  80.372 0.0000000000
61242  -41.369  -33.376  79.935 0.0000000000
49699  -19.308  -45.236  79.820 0.0000000000
71722  -45.547  -24.026  72.864 0.0000000000
72849  -47.131  -23.655  72.293 0.0000000000
72864  -48.558  -23.831  71.298 0.0000000000
71761  -49.643  -23.700  70.769 0.0000000000
69624  -46.402  -25.811  68.460 0.0000000000
70695  -48.466  -24.819  68.945 0.0000000000
71945  -53.217  -23.280  56.770 0.0000000000
71927  -53.817  -23.921  58.153 0.0000000000
73039  -54.789  -22.820  57.586 0.0000000000
74058  -56.140  -21.874  59.360 0.0000000000
75078  -56.839  -20.656  60.541 0.0000000000
77143  -56.757  -18.740  58.332 0.0000000000
76137  -57.456  -19.303  60.447 0.0000000000
65415  -42.109  -29.341  59.553 0.0000000000
66477  -43.876  -29.047  61.187 0.0000000000
66499  -43.181  -28.243  59.667 0.0000000000
140727  -43.965  -27.096  58.984 0.0000000000
69748  -45.287  -26.749  58.689 0.0000000000
69773  -46.440  -26.329  58.027 0.0000000000
157092  -47.806  -26.167  57.452 0.0000000000
70852  -48.923  -25.055  56.544 0.0000000000
70854  -50.580  -24.162  56.365 0.0000000000
71943  -51.373  -23.366  55.976 0.0000000000
73069  -52.355  -22.331  55.399 0.0000000000
74120  -52.896  -21.026  54.955 0.0000000000
76198  -53.361  -19.552  54.262 0.0000000000
77197  -50.898  -18.925  52.093 0.0000000000
77188  -52.569  -18.682  53.017 0.0000000000
77179  -53.653  -18.815  53.993 0.0000000000
157909  -53.964  -17.071  53.039 0.0000000000
80238  -54.565  -15.484  52.661 0.0000000000
153498  -54.996  -13.967  52.597 0.0000000000
83213  -55.296  -13.040  52.560 0.0000000000
82232  -53.900  -13.465  51.737 0.0000000000
82242  -52.282  -13.024  51.185 0.0000000000
161310  -50.180  -12.325  50.868 0.0000000000
84189  -49.119  -11.800  50.315 0.0000000000
42287  -12.780  -51.544  85.400 0.0000000000
41295  -12.377  -52.894  85.436 0.0000000000
40282  -11.969  -53.547  85.866 0.0000000000
41249  -10.693  -52.671  89.699 0.0000000000
136772  -11.082  -53.593  88.053 0.0000000000
39361  -11.204  -54.699  86.985 0.0000000000
38324  -10.901  -55.585  86.857 0.0000000000
38323  -10.502  -56.355  87.325 0.0000000000
36130  -9.864  -57.608  87.487 0.0000000000
35024  -10.033  -58.608  89.037 0.0000000000
142572  -44.920  -22.908  74.905 0.0000000000
69512  -42.928  -25.178  76.967 0.0000000000
67420  -42.642  -26.600  73.406 0.0000000000
68493  -42.760  -25.709  74.716 0.0000000000
71669  -43.019  -24.027  75.516 0.0000000000
71686  -43.570  -23.655  74.756 0.0000000000
71705  -44.235  -23.939  73.526 0.0000000000
70607  -44.002  -24.683  72.365 0.0000000000
69588  -43.982  -25.605  70.474 0.0000000000
158169  -43.619  -26.203  68.579 0.0000000000
69619  -41.367  -25.458  68.292 0.0000000000
69653  -41.767  -26.093  67.805 0.0000000000
138021  -42.732  -27.090  66.996 0.0000000000
67537  -42.768  -28.080  65.770 0.0000000000
66440  -42.181  -28.843  64.358 0.0000000000
135270  -42.027  -29.741  62.050 0.0000000000
67534  -37.056  -27.845  65.591 0.0000000000
157798  -36.907  -27.235  65.091 0.0000000000
68662  -37.305  -27.812  64.052 0.0000000000
67563  -37.690  -28.200  63.412 0.0000000000
67579  -38.217  -28.483  62.702 0.0000000000
66465  -40.040  -29.226  62.368 0.0000000000
65380  -40.388  -29.816  61.486 0.0000000000
65399  -41.785  -29.839  60.384 0.0000000000
45460  -27.316  -48.849  85.440 0.0000000000
47673  -27.539  -46.961  76.645 0.0000000000
146445  -29.047  -46.681  75.954 0.0000000000
135552  -29.178  -47.102  78.098 0.0000000000
47613  -29.657  -47.316  79.004 0.0000000000
46543  -31.329  -47.654  80.391 0.0000000000
46526  -31.993  -47.852  81.122 0.0000000000
51916  -33.474  -42.845  72.674 0.0000000000
50868  -34.035  -43.560  74.131 0.0000000000
161067  -34.422  -44.905  76.122 0.0000000000
51884  -35.788  -43.041  76.638 0.0000000000
49762  -35.251  -44.794  76.974 0.0000000000
48710  -34.288  -45.907  77.438 0.0000000000
138035  -33.806  -47.148  79.125 0.0000000000
146419  -33.616  -47.912  81.168 0.0000000000
135995  -32.840  -48.330  82.475 0.0000000000
46501  -33.488  -47.973  83.782 0.0000000000
47537  -34.060  -46.913  84.917 0.0000000000
43405  -13.576  -51.134  78.914 0.0000000000
139734  -13.940  -50.188  80.601 0.0000000000
46576  -15.913  -48.010  77.570 0.0000000000
45531  -15.426  -48.728  77.148 0.0000000000
44501  -14.743  -49.365  79.572 0.0000000000
44491  -14.474  -49.551  80.648 0.0000000000
44480  -13.958  -49.732  82.223 0.0000000000
45492  -14.579  -48.724  84.118 0.0000000000
47524  -17.298  -46.803  86.459 0.0000000000
67581  -45.269  -28.165  61.840 0.0000000000
67582  -46.380  -27.354  62.885 0.0000000000
68665  -47.629  -26.502  63.603 0.0000000000
70777  -48.211  -25.097  61.987 0.0000000000
69687  -48.502  -25.461  63.273 0.0000000000
69681  -49.732  -25.668  64.559 0.0000000000
70725  -50.999  -26.037  65.336 0.0000000000
70812  -54.065  -24.329  59.914 0.0000000000
71880  -53.916  -23.711  62.180 0.0000000000
72965  -53.398  -22.735  63.705 0.0000000000
84161  -56.206  -12.451  52.799 0.0000000000
85160  -57.100  -11.873  52.708 0.0000000000
134894  -58.583  -11.176  52.008 0.0000000000
84202  -53.276  -12.395  49.585 0.0000000000
163373  -56.369  -11.783  50.200 0.0000000000
86147  -59.198  -10.669  50.973 0.0000000000
140651  -60.282  -11.232  49.648 0.0000000000
83255  -59.896  -11.690  48.760 0.0000000000
85239  -55.917  -10.832  46.300 0.0000000000
87139  -58.543  -9.518  47.229 0.0000000000
84239  -59.845  -10.490  46.987 0.0000000000
86230  -59.363  -9.420  43.125 0.0000000000
139134  -39.330  -35.775  70.975 0.0000000000
59198  -39.777  -35.252  70.932 0.0000000000
58123  -37.815  -37.157  70.639 0.0000000000
58110  -39.038  -36.285  71.355 0.0000000000
58091  -39.329  -36.466  72.122 0.0000000000
65369  -43.431  -29.571  62.353 0.0000000000
65358  -44.124  -29.470  62.884 0.0000000000
81228  -55.805  -14.075  53.835 0.0000000000
80227  -56.648  -14.944  54.840 0.0000000000
146730  -57.095  -13.926  55.186 0.0000000000
82213  -57.829  -13.318  55.606 0.0000000000
82212  -57.333  -13.054  55.059 0.0000000000
83198  -57.186  -12.605  54.591 0.0000000000
157440  -56.636  -12.740  54.176 0.0000000000
43381  -13.443  -51.053  82.006 0.0000000000
66410  -38.825  -28.198  67.023 0.0000000000
152495  -38.447  -27.459  67.203 0.0000000000
67512  -37.956  -27.109  66.963 0.0000000000
152507  -22.207  -46.073  84.872 0.0000000000
48614  -21.787  -46.001  84.204 0.0000000000
135681  -31.329  -47.933  82.946 0.0000000000
46498  -30.834  -47.821  83.770 0.0000000000
46499  -31.808  -48.265  83.667 0.0000000000
54889  -35.193  -39.496  80.415 0.0000000000
55880  -35.285  -38.977  80.964 0.0000000000
55871  -35.161  -38.962  81.892 0.0000000000
48613  -21.044  -45.899  84.292 0.0000000000
70837  -51.820  -24.717  57.448 0.0000000000
69778  -51.883  -25.409  58.702 0.0000000000
70826  -52.041  -25.024  58.104 0.0000000000
62260  -43.224  -32.924  77.063 0.0000000000
62271  -43.506  -32.605  76.331 0.0000000000
142381  -43.356  -32.941  75.695 0.0000000000
62330  -41.566  -32.116  69.283 0.0000000000
62323  -41.798  -32.181  70.028 0.0000000000
48667  -22.704  -46.791  79.994 0.0000000000
47629  -26.624  -47.731  78.090 0.0000000000
46567  -26.558  -47.832  78.928 0.0000000000
46568  -27.338  -47.728  78.590 0.0000000000
46555  -28.283  -47.736  79.662 0.0000000000
46569  -27.974  -47.703  78.979 0.0000000000
56950  -36.856  -37.903  75.268 0.0000000000
142257  -36.050  -38.098  74.721 0.0000000000
56939  -36.735  -37.977  76.292 0.0000000000
56940  -37.756  -37.884  76.734 0.0000000000
56928  -37.943  -37.850  77.702 0.0000000000
56929  -38.731  -37.838  77.086 0.0000000000
60193  -42.719  -34.242  76.696 0.0000000000
60192  -42.311  -34.838  77.191 0.0000000000
61266  -42.819  -33.288  77.758 0.0000000000
49720  -21.457  -45.706  78.760 0.0000000000
48679  -21.436  -45.745  79.662 0.0000000000
69622  -44.500  -26.306  68.998 0.0000000000
68591  -45.049  -26.749  68.301 0.0000000000
154704  -48.031  -26.778  65.805 0.0000000000
68619  -48.188  -26.331  66.371 0.0000000000
69656  -48.926  -26.171  66.213 0.0000000000
75124  -54.256  -20.259  55.533 0.0000000000
75110  -55.280  -20.346  56.582 0.0000000000
76169  -55.532  -19.463  56.461 0.0000000000
78165  -58.857  -17.344  60.721 0.0000000000
74141  -49.680  -20.989  52.844 0.0000000000
137417  -51.082  -15.733  51.038 0.0000000000
80248  -50.804  -14.805  50.995 0.0000000000
81246  -50.495  -13.907  51.285 0.0000000000
143994  -11.996  -54.065  83.856 0.0000000000
39375  -11.840  -54.939  83.672 0.0000000000
157920  -11.717  -50.823  88.967 0.0000000000
43287  -10.963  -51.074  90.035 0.0000000000
36110  -10.991  -56.824  90.111 0.0000000000
66312  -43.750  -28.912  74.446 0.0000000000
67395  -43.795  -27.925  75.200 0.0000000000
66311  -43.605  -28.124  74.279 0.0000000000
69587  -40.991  -25.856  70.635 0.0000000000
70619  -41.458  -25.583  71.073 0.0000000000
71718  -42.379  -25.186  72.148 0.0000000000
71755  -41.914  -25.383  71.042 0.0000000000
71756  -42.080  -25.293  70.786 0.0000000000
70667  -41.306  -25.451  69.819 0.0000000000
68648  -39.024  -27.101  65.326 0.0000000000
68649  -39.964  -27.379  65.293 0.0000000000
67554  -40.456  -28.003  64.677 0.0000000000
67565  -39.190  -28.274  63.788 0.0000000000
46494  -26.220  -48.036  83.435 0.0000000000
156098  -25.494  -47.955  84.050 0.0000000000
148924  -32.163  -45.841  75.628 0.0000000000
48727  -32.065  -46.173  76.281 0.0000000000
48709  -32.545  -46.380  76.975 0.0000000000
157521  -32.638  -46.812  77.742 0.0000000000
47655  -33.437  -46.461  77.581 0.0000000000
53979  -34.443  -40.427  74.333 0.0000000000
52964  -34.666  -41.123  74.938 0.0000000000
50784  -35.787  -43.672  80.815 0.0000000000
49710  -35.859  -44.693  80.321 0.0000000000
49709  -35.577  -44.589  81.085 0.0000000000
48668  -35.497  -45.617  80.862 0.0000000000
49691  -35.001  -44.944  81.646 0.0000000000
48643  -34.610  -45.460  82.518 0.0000000000
49679  -34.752  -44.349  82.442 0.0000000000
60141  -38.961  -34.868  81.914 0.0000000000
47555  -16.673  -47.142  83.781 0.0000000000
69724  -46.132  -26.399  60.088 0.0000000000
69725  -46.733  -26.070  60.508 0.0000000000
72976  -51.249  -23.072  63.222 0.0000000000
71864  -50.804  -23.469  63.357 0.0000000000
72947  -51.275  -23.168  63.829 0.0000000000
71849  -51.700  -23.151  64.483 0.0000000000
72930  -52.122  -22.938  65.151 0.0000000000
74035  -56.355  -21.386  61.737 0.0000000000
74025  -55.792  -22.017  62.165 0.0000000000
84191  -51.376  -12.261  50.005 0.0000000000
85177  -52.193  -11.656  50.154 0.0000000000
84225  -55.332  -11.639  47.475 0.0000000000
85209  -56.934  -10.654  48.088 0.0000000000
85223  -55.837  -11.189  47.042 0.0000000000
86219  -56.711  -9.289  44.230 0.0000000000
155853  -58.013  -8.654  44.957 0.0000000000
87172  -58.863  -8.797  45.954 0.0000000000
88138  -59.156  -8.752  44.847 0.0000000000
85262  -59.428  -9.518  44.854 0.0000000000
87185  -59.248  -8.734  44.561 0.0000000000
60235  -41.743  -34.618  73.476 0.0000000000
60287  -40.385  -34.637  70.905 0.0000000000
135974  -40.515  -34.210  70.250 0.0000000000
137550  -35.197  -37.307  71.002 0.0000000000
58089  -38.245  -37.534  72.138 0.0000000000
56986  -37.962  -37.809  72.769 0.0000000000
56963  -37.817  -37.844  74.077 0.0000000000
56975  -38.327  -37.750  73.472 0.0000000000
56965  -39.149  -37.721  74.857 0.0000000000
59158  -40.405  -35.877  73.064 0.0000000000
59159  -40.852  -35.858  73.915 0.0000000000
158061  -41.430  -35.580  74.418 0.0000000000
148685  -41.727  -35.659  75.092 0.0000000000
67538  -43.680  -28.265  65.848 0.0000000000
67524  -44.778  -27.841  66.566 0.0000000000
67539  -44.570  -28.329  65.914 0.0000000000
66457  -45.416  -28.903  63.661 0.0000000000
66444  -45.708  -28.776  64.584 0.0000000000
66445  -46.372  -28.413  64.517 0.0000000000
67558  -47.032  -27.934  64.843 0.0000000000
67569  -46.651  -27.866  63.805 0.0000000000
78205  -55.115  -17.570  54.561 0.0000000000
78195  -55.714  -17.435  55.137 0.0000000000
79222  -56.262  -16.655  55.195 0.0000000000
80199  -57.860  -15.743  57.904 0.0000000000
79196  -58.216  -15.923  58.665 0.0000000000
80189  -58.967  -15.541  58.982 0.0000000000
84156  -59.035  -12.035  54.251 0.0000000000
84158  -59.841  -12.286  53.683 0.0000000000
154602  -58.791  -11.561  53.440 0.0000000000
41351  -12.845  -52.601  82.512 0.0000000000
40295  -12.746  -53.085  83.099 0.0000000000
66374  -42.230  -28.407  70.195 0.0000000000
66353  -42.463  -28.096  70.968 0.0000000000
67491  -41.592  -27.833  69.766 0.0000000000
67489  -40.040  -26.633  69.131 0.0000000000
68578  -40.575  -26.451  69.850 0.0000000000
68563  -40.690  -26.032  70.230 0.0000000000
69604  -40.157  -26.000  69.352 0.0000000000
159823  -39.797  -25.856  68.844 0.0000000000
68612  -38.138  -26.456  66.565 0.0000000000
69633  -38.594  -26.122  67.110 0.0000000000
68627  -38.078  -26.595  66.026 0.0000000000
68628  -38.783  -26.518  66.111 0.0000000000
134950  -38.161  -26.951  65.416 0.0000000000
135683  -28.733  -47.763  83.012 0.0000000000
46480  -28.516  -47.932  84.431 0.0000000000
46497  -29.021  -47.721  83.814 0.0000000000
46465  -30.714  -48.236  85.233 0.0000000000
46464  -29.837  -48.047  85.200 0.0000000000
45481  -33.277  -48.869  85.657 0.0000000000
50881  -32.299  -44.177  72.779 0.0000000000
49803  -32.309  -44.941  74.159 0.0000000000
49804  -33.002  -44.534  74.069 0.0000000000
137291  -35.493  -39.699  77.533 0.0000000000
53945  -35.483  -40.322  77.334 0.0000000000
53938  -35.513  -40.126  78.273 0.0000000000
52912  -35.484  -41.052  80.381 0.0000000000
160742  -35.734  -41.373  79.673 0.0000000000
162456  -35.618  -41.797  80.675 0.0000000000
52894  -35.322  -41.614  81.286 0.0000000000
51819  -35.129  -42.439  81.777 0.0000000000
135170  -34.938  -41.745  82.071 0.0000000000
53894  -34.801  -40.648  83.260 0.0000000000
48663  -19.132  -45.613  80.601 0.0000000000
48677  -18.195  -45.953  79.894 0.0000000000
48636  -18.634  -46.076  82.346 0.0000000000
48622  -18.596  -46.415  83.709 0.0000000000
48598  -20.353  -45.998  85.698 0.0000000000
157040  -19.729  -46.159  85.698 0.0000000000
69775  -48.344  -25.993  58.884 0.0000000000
69730  -52.011  -25.340  60.078 0.0000000000
69729  -51.172  -25.404  60.110 0.0000000000
70809  -51.561  -24.895  60.745 0.0000000000
70781  -51.075  -24.207  61.398 0.0000000000
70782  -52.034  -24.426  61.356 0.0000000000
84210  -49.594  -11.947  48.937 0.0000000000
87194  -55.428  -8.902  42.854 0.0000000000
150976  -56.240  -8.887  42.851 0.0000000000
87196  -57.597  -8.270  43.420 0.0000000000
87204  -56.898  -8.450  42.586 0.0000000000
44445  -13.684  -49.673  85.298 0.0000000000
44397  -12.685  -49.772  88.618 0.0000000000
63172  -42.663  -31.151  79.070 0.0000000000
64143  -42.981  -30.415  78.761 0.0000000000
156571  -43.127  -31.053  78.428 0.0000000000
144731  -43.816  -31.170  76.160 0.0000000000
64162  -43.846  -30.511  76.496 0.0000000000
64176  -43.837  -30.666  75.653 0.0000000000
141721  -43.828  -30.120  74.986 0.0000000000
147235  -43.732  -30.458  74.212 0.0000000000
61307  -42.794  -33.241  73.518 0.0000000000
62285  -43.242  -32.414  74.026 0.0000000000
63263  -42.740  -31.505  71.167 0.0000000000
137328  -43.064  -30.935  72.077 0.0000000000
65239  -43.396  -30.063  72.540 0.0000000000
157507  -42.915  -30.450  71.226 0.0000000000
65255  -42.967  -29.551  71.301 0.0000000000
64249  -42.798  -29.862  70.565 0.0000000000
65285  -41.782  -29.789  68.654 0.0000000000
152038  -22.088  -46.329  82.707 0.0000000000
151751  -22.399  -46.534  81.637 0.0000000000
47570  -23.738  -47.446  81.836 0.0000000000
46508  -24.495  -47.843  82.141 0.0000000000
46522  -25.110  -47.931  81.630 0.0000000000
47610  -24.177  -47.604  79.376 0.0000000000
47611  -25.060  -47.974  79.085 0.0000000000
46539  -26.982  -47.918  80.321 0.0000000000
46538  -26.107  -47.907  80.404 0.0000000000
144005  -26.541  -47.963  81.121 0.0000000000
46523  -26.010  -47.967  81.884 0.0000000000
135684  -27.777  -47.905  82.703 0.0000000000
46524  -27.991  -47.848  81.740 0.0000000000
154423  -28.981  -47.714  81.442 0.0000000000
151293  -29.933  -47.610  81.301 0.0000000000
138152  -30.180  -47.647  82.018 0.0000000000
46542  -30.394  -47.564  80.565 0.0000000000
56982  -32.474  -37.716  71.625 0.0000000000
55942  -32.548  -38.409  71.685 0.0000000000
54942  -33.169  -38.812  72.337 0.0000000000
54943  -33.423  -39.085  73.252 0.0000000000
55935  -33.447  -38.737  72.978 0.0000000000
58086  -34.250  -37.220  72.064 0.0000000000
58085  -33.517  -36.857  71.804 0.0000000000
58071  -34.453  -37.688  72.661 0.0000000000
58061  -35.148  -38.222  74.322 0.0000000000
58060  -34.487  -38.192  73.812 0.0000000000
56961  -34.656  -38.431  74.499 0.0000000000
55928  -33.710  -38.806  74.336 0.0000000000
56936  -34.938  -38.947  75.364 0.0000000000
55913  -34.913  -39.257  75.458 0.0000000000
55914  -35.450  -38.890  76.006 0.0000000000
56916  -35.940  -38.482  77.779 0.0000000000
56926  -35.704  -38.766  77.277 0.0000000000
157288  -35.960  -38.436  78.682 0.0000000000
56903  -35.685  -38.614  79.273 0.0000000000
56904  -36.125  -38.163  79.538 0.0000000000
56896  -36.282  -37.644  80.454 0.0000000000
56897  -36.734  -37.679  79.716 0.0000000000
56907  -38.931  -37.487  79.033 0.0000000000
56906  -38.158  -37.493  79.466 0.0000000000
58021  -38.777  -37.025  79.767 0.0000000000
59102  -38.939  -36.019  80.833 0.0000000000
59111  -39.312  -36.469  80.170 0.0000000000
58044  -40.257  -37.432  76.677 0.0000000000
58036  -40.133  -37.457  77.349 0.0000000000
58037  -40.800  -36.892  77.185 0.0000000000
59121  -41.674  -35.025  78.380 0.0000000000
59120  -41.215  -35.756  78.407 0.0000000000
60171  -41.259  -34.947  78.969 0.0000000000
60161  -40.278  -35.260  80.041 0.0000000000
61241  -40.952  -34.081  79.954 0.0000000000
61229  -40.798  -33.684  80.572 0.0000000000
63183  -42.354  -31.974  79.273 0.0000000000
160292  -41.857  -32.037  79.903 0.0000000000
143090  -19.841  -45.082  79.638 0.0000000000
48653  -21.300  -45.848  81.376 0.0000000000
71739  -45.784  -24.448  72.079 0.0000000000
71723  -46.322  -23.986  72.437 0.0000000000
71740  -46.575  -24.240  71.770 0.0000000000
71758  -46.871  -24.411  70.979 0.0000000000
71759  -47.845  -24.249  70.901 0.0000000000
71782  -47.954  -24.438  70.074 0.0000000000
68602  -46.299  -26.859  67.388 0.0000000000
69637  -45.898  -26.477  68.069 0.0000000000
69638  -46.694  -26.115  67.754 0.0000000000
70708  -48.293  -25.139  68.154 0.0000000000
70694  -47.680  -25.093  68.487 0.0000000000
71802  -49.054  -24.357  69.528 0.0000000000
71803  -49.784  -24.244  69.393 0.0000000000
70697  -49.990  -24.637  68.726 0.0000000000
70712  -51.107  -25.411  68.005 0.0000000000
73050  -53.615  -22.608  56.360 0.0000000000
73038  -53.962  -22.992  57.126 0.0000000000
73051  -54.378  -22.313  56.706 0.0000000000
75095  -56.004  -20.879  57.843 0.0000000000
74070  -56.042  -21.614  58.448 0.0000000000
74071  -56.522  -21.139  59.100 0.0000000000
74059  -56.561  -21.312  59.927 0.0000000000
146582  -56.813  -20.559  59.688 0.0000000000
77149  -56.560  -18.522  57.563 0.0000000000
76143  -57.362  -18.798  59.789 0.0000000000
33996  -9.569  -59.145  87.641 0.0000000000
33995  -9.249  -59.855  87.272 0.0000000000
149904  -9.676  -59.853  87.974 0.0000000000
68730  -43.512  -26.636  58.399 0.0000000000
68731  -44.378  -26.712  58.490 0.0000000000
69786  -45.161  -26.263  57.250 0.0000000000
69787  -46.004  -26.334  57.263 0.0000000000
144722  -46.687  -26.313  57.239 0.0000000000
69800  -46.466  -26.165  56.498 0.0000000000
70851  -47.714  -25.333  56.031 0.0000000000
153192  -48.361  -25.002  56.097 0.0000000000
70853  -49.673  -24.666  56.360 0.0000000000
70868  -48.929  -24.438  55.736 0.0000000000
71958  -50.498  -23.445  55.524 0.0000000000
73056  -51.006  -22.784  55.206 0.0000000000
73057  -51.667  -22.748  55.455 0.0000000000
73068  -51.561  -22.226  54.891 0.0000000000
74130  -51.811  -21.043  54.229 0.0000000000
75147  -51.884  -20.499  53.858 0.0000000000
75139  -53.100  -20.294  54.601 0.0000000000
75148  -52.555  -19.949  53.912 0.0000000000
157041  -52.005  -17.501  51.896 0.0000000000
77198  -51.443  -18.189  51.959 0.0000000000
77199  -52.239  -18.135  52.404 0.0000000000
77200  -52.951  -17.912  52.799 0.0000000000
77190  -53.942  -18.116  53.766 0.0000000000
135169  -53.337  -17.096  52.513 0.0000000000
80236  -53.186  -15.366  51.785 0.0000000000
79245  -54.064  -16.338  52.668 0.0000000000
80237  -53.861  -15.476  52.189 0.0000000000
153475  -54.964  -14.798  52.754 0.0000000000
81241  -54.335  -14.612  52.200 0.0000000000
139075  -54.355  -13.831  52.034 0.0000000000
81240  -53.708  -14.071  51.767 0.0000000000
82240  -50.291  -13.096  51.288 0.0000000000
82241  -51.150  -12.896  51.090 0.0000000000
83231  -50.886  -12.577  50.776 0.0000000000
163252  -10.972  -56.337  83.996 0.0000000000
43340  -12.908  -50.698  85.799 0.0000000000
43350  -12.968  -50.922  84.855 0.0000000000
42256  -11.787  -51.864  87.769 0.0000000000
150662  -12.194  -52.096  86.450 0.0000000000
41278  -12.099  -52.758  86.226 0.0000000000
40276  -11.835  -53.388  86.744 0.0000000000
41240  -10.331  -52.353  90.447 0.0000000000
40259  -10.556  -54.244  89.410 0.0000000000
40260  -10.844  -53.722  88.887 0.0000000000
39356  -11.007  -54.442  87.745 0.0000000000
40275  -11.412  -53.942  87.248 0.0000000000
39369  -11.370  -55.009  86.151 0.0000000000
38320  -10.964  -55.101  87.521 0.0000000000
155568  -10.182  -56.800  88.420 0.0000000000
142333  -10.482  -56.368  88.156 0.0000000000
37282  -10.127  -56.894  87.750 0.0000000000
37287  -10.025  -56.959  86.915 0.0000000000
35033  -9.849  -58.313  88.172 0.0000000000
136033  -9.977  -57.719  88.952 0.0000000000
35018  -11.219  -58.481  89.979 0.0000000000
72770  -44.279  -22.539  76.768 0.0000000000
73853  -44.846  -22.056  76.445 0.0000000000
135014  -44.374  -22.654  76.094 0.0000000000
66274  -43.192  -28.968  78.684 0.0000000000
66259  -42.927  -28.129  78.907 0.0000000000
151092  -43.486  -28.266  78.011 0.0000000000
67374  -43.588  -27.278  77.513 0.0000000000
68473  -43.457  -26.419  77.035 0.0000000000
69504  -42.936  -25.865  77.422 0.0000000000
69513  -43.085  -25.740  76.531 0.0000000000
152833  -42.392  -27.191  72.051 0.0000000000
67421  -42.915  -27.269  73.109 0.0000000000
67434  -42.446  -26.873  72.667 0.0000000000
69549  -42.384  -25.446  73.593 0.0000000000
68508  -42.219  -25.916  73.813 0.0000000000
69539  -42.576  -25.308  74.419 0.0000000000
157661  -42.982  -24.830  75.648 0.0000000000
70568  -42.834  -24.843  74.985 0.0000000000
71668  -42.990  -24.452  75.782 0.0000000000
71684  -42.848  -24.487  74.834 0.0000000000
138277  -42.933  -24.481  73.055 0.0000000000
71703  -42.930  -24.330  73.740 0.0000000000
71704  -43.353  -24.106  73.468 0.0000000000
71687  -43.895  -23.780  74.131 0.0000000000
139361  -43.838  -24.249  73.010 0.0000000000
71721  -44.599  -24.225  72.929 0.0000000000
70640  -42.829  -25.044  70.357 0.0000000000
70641  -43.476  -25.206  70.759 0.0000000000
70670  -43.288  -25.340  69.882 0.0000000000
69621  -43.517  -25.821  69.176 0.0000000000
135103  -42.900  -25.765  68.587 0.0000000000
157112  -39.923  -25.586  68.100 0.0000000000
70707  -40.974  -25.308  68.531 0.0000000000
69635  -40.551  -25.402  68.150 0.0000000000
68615  -41.759  -26.662  67.042 0.0000000000
68598  -42.539  -26.498  67.602 0.0000000000
68631  -42.259  -27.401  66.328 0.0000000000
68632  -43.222  -27.644  66.476 0.0000000000
67567  -40.897  -28.421  64.037 0.0000000000
66454  -41.605  -28.857  63.818 0.0000000000
66466  -41.772  -29.401  62.963 0.0000000000
67533  -36.758  -27.657  65.155 0.0000000000
68645  -36.698  -27.756  64.594 0.0000000000
68671  -37.043  -28.213  63.155 0.0000000000
67592  -37.695  -28.620  62.003 0.0000000000
66475  -38.284  -29.007  61.841 0.0000000000
66464  -39.066  -28.874  62.469 0.0000000000
65398  -40.748  -30.092  60.501 0.0000000000
47557  -23.289  -46.911  83.565 0.0000000000
47547  -23.382  -46.835  84.397 0.0000000000
47548  -24.135  -47.185  84.588 0.0000000000
46461  -25.599  -47.947  85.567 0.0000000000
46462  -28.016  -48.396  84.892 0.0000000000
45476  -28.451  -48.680  85.359 0.0000000000
47676  -30.677  -46.668  76.530 0.0000000000
47675  -29.744  -46.728  76.460 0.0000000000
135927  -29.867  -46.884  77.384 0.0000000000
139250  -30.214  -47.040  78.242 0.0000000000
47597  -31.244  -47.507  79.640 0.0000000000
46557  -31.966  -47.636  79.752 0.0000000000
46544  -32.165  -47.768  80.401 0.0000000000
53007  -33.319  -41.408  72.065 0.0000000000
50869  -34.710  -43.160  74.591 0.0000000000
50853  -34.324  -44.059  74.780 0.0000000000
49793  -33.743  -44.800  75.073 0.0000000000
49776  -34.549  -44.539  75.563 0.0000000000
51859  -35.706  -41.943  77.849 0.0000000000
51872  -35.539  -42.147  76.923 0.0000000000
51873  -35.928  -42.845  77.466 0.0000000000
48696  -35.679  -45.406  78.543 0.0000000000
156770  -34.946  -45.405  77.335 0.0000000000
48695  -35.149  -46.073  78.714 0.0000000000
48694  -34.293  -46.514  78.331 0.0000000000
47616  -34.847  -46.679  79.382 0.0000000000
46529  -34.811  -47.020  81.055 0.0000000000
156005  -34.311  -47.561  80.720 0.0000000000
46528  -34.308  -47.590  81.551 0.0000000000
135754  -33.590  -48.089  82.007 0.0000000000
46514  -33.555  -48.071  82.916 0.0000000000
138888  -33.922  -45.464  84.040 0.0000000000
48616  -33.991  -46.076  84.477 0.0000000000
50751  -34.600  -42.925  83.156 0.0000000000
50750  -34.378  -43.341  83.753 0.0000000000
50723  -34.781  -43.417  84.651 0.0000000000
149350  -36.673  -36.732  81.877 0.0000000000
43393  -13.619  -50.973  80.144 0.0000000000
47607  -17.352  -46.881  79.474 0.0000000000
47626  -17.551  -46.500  78.594 0.0000000000
46550  -16.085  -48.004  79.949 0.0000000000
46564  -16.206  -47.910  78.786 0.0000000000
45524  -15.544  -48.640  78.216 0.0000000000
45517  -14.920  -49.188  78.574 0.0000000000
139511  -14.968  -48.767  82.040 0.0000000000
45504  -14.944  -48.895  81.185 0.0000000000
45503  -14.441  -49.343  81.713 0.0000000000
45497  -14.351  -49.096  82.701 0.0000000000
45491  -14.060  -49.101  83.623 0.0000000000
161777  -14.642  -48.777  83.397 0.0000000000
48609  -18.121  -46.657  85.141 0.0000000000
47546  -17.412  -46.822  84.873 0.0000000000
73907  -49.085  -22.296  73.169 0.0000000000
66490  -44.261  -28.311  60.715 0.0000000000
66478  -44.591  -28.637  61.469 0.0000000000
67593  -44.953  -27.797  61.052 0.0000000000
68682  -46.428  -26.419  61.744 0.0000000000
154327  -46.217  -26.981  62.156 0.0000000000
68673  -46.690  -26.567  62.514 0.0000000000
139875  -46.974  -26.921  63.300 0.0000000000
68674  -47.266  -26.122  62.909 0.0000000000
141159  -48.183  -25.375  60.639 0.0000000000
70805  -48.170  -25.175  61.371 0.0000000000
70778  -48.810  -24.683  61.802 0.0000000000
70743  -49.671  -24.442  63.104 0.0000000000
70754  -48.804  -24.865  62.602 0.0000000000
70735  -49.187  -25.020  63.402 0.0000000000
69680  -49.133  -25.688  64.057 0.0000000000
144230  -50.237  -25.410  64.517 0.0000000000
70724  -50.641  -25.688  64.878 0.0000000000
137164  -52.080  -24.819  64.991 0.0000000000
69667  -51.335  -25.690  65.091 0.0000000000
68652  -52.016  -26.128  64.778 0.0000000000
71923  -54.512  -23.821  59.406 0.0000000000
71922  -53.954  -24.152  59.000 0.0000000000
71915  -54.663  -23.716  60.310 0.0000000000
72981  -55.213  -22.745  62.651 0.0000000000
72980  -54.517  -23.325  62.379 0.0000000000
72979  -53.723  -23.125  62.790 0.0000000000
72966  -54.461  -22.877  63.337 0.0000000000
83220  -54.368  -13.108  51.806 0.0000000000
83221  -55.427  -12.838  52.398 0.0000000000
84168  -54.756  -12.837  51.791 0.0000000000
160500  -54.468  -12.531  50.845 0.0000000000
84181  -55.065  -12.622  51.458 0.0000000000
84182  -56.041  -12.357  51.667 0.0000000000
85169  -57.640  -11.510  52.179 0.0000000000
148285  -56.427  -12.039  50.952 0.0000000000
84201  -52.395  -12.148  49.978 0.0000000000
83244  -52.793  -12.470  49.160 0.0000000000
84205  -56.260  -11.520  49.155 0.0000000000
84193  -55.934  -11.862  49.638 0.0000000000
141400  -57.525  -11.062  50.044 0.0000000000
160446  -57.585  -11.213  50.709 0.0000000000
86153  -58.950  -10.479  50.334 0.0000000000
86149  -59.941  -10.749  50.847 0.0000000000
86154  -59.152  -10.399  49.892 0.0000000000
86170  -59.391  -9.960  48.609 0.0000000000
84206  -60.302  -10.896  48.867 0.0000000000
84216  -60.126  -11.141  48.373 0.0000000000
83254  -59.368  -12.149  48.375 0.0000000000
83262  -59.804  -11.364  48.008 0.0000000000
86208  -55.995  -10.081  44.918 0.0000000000
85251  -55.486  -10.620  45.416 0.0000000000
84247  -54.952  -11.118  45.937 0.0000000000
85240  -56.702  -10.221  46.417 0.0000000000
86180  -57.208  -9.987  46.779 0.0000000000
86195  -57.227  -9.600  46.151 0.0000000000
85241  -59.688  -10.259  46.259 0.0000000000
161531  -59.975  -10.142  46.706 0.0000000000
84238  -59.353  -10.785  46.444 0.0000000000
83265  -59.037  -11.335  46.746 0.0000000000
84237  -58.550  -11.458  45.744 0.0000000000
88162  -59.238  -8.226  43.640 0.0000000000
86231  -59.394  -8.647  43.476 0.0000000000
59170  -40.587  -35.247  72.305 0.0000000000
59183  -40.217  -35.141  71.560 0.0000000000
57000  -36.257  -37.559  70.883 0.0000000000
57001  -37.226  -37.594  71.161 0.0000000000
58108  -38.054  -37.393  71.428 0.0000000000
58090  -38.780  -37.210  72.706 0.0000000000
58075  -39.704  -36.636  73.038 0.0000000000
59169  -39.927  -35.879  72.356 0.0000000000
66442  -43.902  -29.144  64.524 0.0000000000
66428  -44.260  -28.799  65.266 0.0000000000
66456  -44.494  -29.300  63.741 0.0000000000
138361  -55.641  -15.894  53.976 0.0000000000
159706  -57.177  -14.828  55.581 0.0000000000
82200  -58.780  -13.458  56.189 0.0000000000
83191  -58.949  -13.211  55.791 0.0000000000
83192  -59.413  -13.361  55.685 0.0000000000
156582  -58.709  -12.796  55.293 0.0000000000
84144  -58.280  -12.293  54.750 0.0000000000
84153  -57.387  -12.081  53.896 0.0000000000
42349  -12.911  -52.306  80.754 0.0000000000
42316  -12.942  -51.858  82.747 0.0000000000
152868  -12.966  -51.613  83.412 0.0000000000
66400  -40.863  -28.384  68.345 0.0000000000
67506  -40.381  -27.510  68.771 0.0000000000
67505  -39.498  -26.990  68.477 0.0000000000
67504  -38.902  -26.634  68.115 0.0000000000
154725  -38.834  -26.166  67.804 0.0000000000
67513  -38.495  -26.802  67.525 0.0000000000
68611  -37.805  -26.875  66.464 0.0000000000
157043  -37.721  -26.738  66.024 0.0000000000
48599  -21.140  -45.960  85.649 0.0000000000
155995  -29.887  -47.672  83.834 0.0000000000
46466  -31.681  -48.646  85.184 0.0000000000
46484  -32.395  -48.461  84.413 0.0000000000
161528  -33.015  -48.305  84.079 0.0000000000
142517  -35.434  -39.888  79.064 0.0000000000
54901  -35.327  -39.389  79.458 0.0000000000
146224  -35.134  -40.224  80.837 0.0000000000
161957  -34.923  -40.705  82.163 0.0000000000
53906  -34.964  -40.343  81.731 0.0000000000
54871  -34.957  -39.646  82.257 0.0000000000
135876  -19.925  -45.824  82.695 0.0000000000
48637  -19.104  -45.944  83.080 0.0000000000
154058  -19.190  -46.126  83.892 0.0000000000
48612  -20.324  -45.932  84.325 0.0000000000
137013  -20.713  -45.941  84.987 0.0000000000
148107  -49.935  -25.851  58.142 0.0000000000
145160  -49.918  -25.859  59.184 0.0000000000
144476  -51.296  -25.652  58.810 0.0000000000
69755  -51.606  -25.545  59.418 0.0000000000
70819  -52.775  -25.074  59.888 0.0000000000
63195  -43.494  -31.388  77.752 0.0000000000
63205  -43.592  -32.091  77.042 0.0000000000
62272  -43.722  -31.830  76.262 0.0000000000
63225  -43.629  -31.891  74.820 0.0000000000
137889  -41.817  -33.130  71.269 0.0000000000
62313  -42.536  -32.482  71.572 0.0000000000
62312  -42.132  -32.305  70.817 0.0000000000
63272  -42.323  -31.546  70.311 0.0000000000
140188  -42.312  -30.902  69.902 0.0000000000
64256  -41.995  -30.551  69.286 0.0000000000
48655  -22.652  -46.754  80.932 0.0000000000
47581  -23.893  -47.556  81.006 0.0000000000
46566  -25.897  -47.896  79.192 0.0000000000
155195  -28.162  -47.813  81.018 0.0000000000
46540  -27.810  -47.834  80.350 0.0000000000
46556  -29.151  -47.599  79.737 0.0000000000
58073  -35.911  -37.867  73.256 0.0000000000
58072  -35.133  -37.808  73.089 0.0000000000
142473  -35.511  -38.045  73.887 0.0000000000
58062  -35.331  -38.230  74.534 0.0000000000
58050  -35.440  -38.371  74.989 0.0000000000
58042  -35.612  -38.538  75.716 0.0000000000
58043  -36.062  -38.269  76.065 0.0000000000
58035  -36.214  -38.232  77.060 0.0000000000
135082  -36.423  -38.169  77.951 0.0000000000
56905  -37.342  -37.679  79.154 0.0000000000
135867  -37.167  -37.855  78.281 0.0000000000
58029  -39.729  -37.300  78.574 0.0000000000
59132  -41.418  -36.296  76.552 0.0000000000
59126  -41.416  -36.123  77.474 0.0000000000
59133  -41.904  -35.568  76.874 0.0000000000
60181  -42.052  -34.562  77.954 0.0000000000
60172  -41.811  -34.366  78.713 0.0000000000
61254  -41.891  -33.542  79.083 0.0000000000
61265  -42.326  -33.797  78.304 0.0000000000
49702  -20.865  -45.372  79.966 0.0000000000
48665  -21.377  -45.800  80.532 0.0000000000
69589  -44.735  -25.710  70.550 0.0000000000
70623  -45.938  -24.781  71.246 0.0000000000
70643  -45.602  -25.405  70.559 0.0000000000
70671  -46.066  -25.400  69.933 0.0000000000
70672  -46.766  -25.036  69.641 0.0000000000
69654  -47.007  -26.405  67.034 0.0000000000
69655  -47.660  -26.161  66.860 0.0000000000
162314  -48.252  -25.365  67.710 0.0000000000
69640  -48.848  -25.338  67.726 0.0000000000
70710  -49.454  -25.008  68.202 0.0000000000
69641  -49.794  -25.605  67.423 0.0000000000
69642  -50.604  -25.734  67.381 0.0000000000
74109  -54.048  -21.040  55.809 0.0000000000
74082  -55.115  -21.822  57.119 0.0000000000
143134  -55.037  -21.062  56.666 0.0000000000
152405  -55.546  -20.973  57.155 0.0000000000
75096  -56.381  -20.178  58.131 0.0000000000
78177  -57.859  -17.203  59.319 0.0000000000
77144  -57.197  -18.099  58.886 0.0000000000
78164  -58.283  -17.556  60.276 0.0000000000
161497  -59.758  -12.436  49.923 0.0000000000
70849  -46.090  -25.714  55.789 0.0000000000
73084  -50.150  -21.968  53.942 0.0000000000
74129  -50.694  -21.533  53.840 0.0000000000
139749  -49.962  -21.512  53.445 0.0000000000
155409  -50.573  -20.818  53.245 0.0000000000
75156  -50.870  -20.048  52.841 0.0000000000
159691  -51.822  -16.895  51.488 0.0000000000
79257  -52.562  -16.765  51.878 0.0000000000
79256  -51.949  -16.040  51.380 0.0000000000
80250  -52.466  -15.202  51.489 0.0000000000
138094  -52.219  -14.288  51.374 0.0000000000
81247  -51.350  -14.111  51.263 0.0000000000
148735  -51.019  -13.416  51.249 0.0000000000
38339  -11.531  -55.636  84.058 0.0000000000
38338  -10.976  -56.055  84.809 0.0000000000
43310  -12.582  -50.310  87.712 0.0000000000
43309  -12.079  -51.016  87.648 0.0000000000
42249  -11.737  -51.297  88.421 0.0000000000
42248  -11.303  -52.034  88.522 0.0000000000
40251  -9.975  -53.523  90.716 0.0000000000
139784  -10.430  -54.715  89.889 0.0000000000
39351  -10.693  -55.016  89.125 0.0000000000
38317  -10.713  -55.756  88.651 0.0000000000
38314  -10.716  -55.643  89.353 0.0000000000
37270  -10.618  -56.379  89.348 0.0000000000
36109  -10.332  -57.127  89.378 0.0000000000
148466  -10.630  -57.327  89.766 0.0000000000
157663  -11.410  -57.671  90.249 0.0000000000
66287  -43.879  -28.826  76.469 0.0000000000
67375  -43.817  -28.064  77.031 0.0000000000
67384  -43.876  -27.946  76.098 0.0000000000
67394  -43.712  -27.112  75.640 0.0000000000
68532  -41.343  -26.061  71.792 0.0000000000
68520  -41.963  -26.251  72.928 0.0000000000
160549  -41.618  -26.047  72.431 0.0000000000
69559  -42.094  -25.480  72.816 0.0000000000
70594  -42.544  -25.072  73.388 0.0000000000
71702  -42.767  -24.590  73.983 0.0000000000
70606  -42.350  -25.229  72.682 0.0000000000
71719  -42.767  -24.819  72.264 0.0000000000
71738  -43.164  -24.769  71.947 0.0000000000
71737  -42.719  -24.911  71.508 0.0000000000
71780  -42.313  -25.166  70.110 0.0000000000
70669  -42.457  -25.208  69.629 0.0000000000
68613  -39.678  -26.437  66.555 0.0000000000
68629  -40.373  -26.974  65.986 0.0000000000
67536  -41.844  -27.889  65.612 0.0000000000
47559  -24.577  -47.664  83.812 0.0000000000
46477  -25.581  -47.971  84.830 0.0000000000
147289  -26.127  -48.288  85.037 0.0000000000
45462  -29.756  -48.948  85.931 0.0000000000
45461  -28.788  -49.055  85.754 0.0000000000
48748  -30.644  -45.908  75.137 0.0000000000
48726  -31.275  -46.138  75.935 0.0000000000
47654  -30.793  -46.914  77.371 0.0000000000
47632  -31.208  -47.123  78.281 0.0000000000
148645  -31.823  -46.916  77.541 0.0000000000
47633  -32.195  -47.121  78.349 0.0000000000
47615  -32.718  -47.442  79.161 0.0000000000
52991  -33.715  -41.108  72.761 0.0000000000
52977  -34.236  -41.526  74.197 0.0000000000
51892  -34.553  -42.171  74.800 0.0000000000
51893  -34.999  -42.765  75.356 0.0000000000
51830  -35.962  -42.846  79.397 0.0000000000
50794  -36.140  -43.749  78.859 0.0000000000
49727  -35.953  -44.817  79.311 0.0000000000
48682  -35.460  -46.257  80.091 0.0000000000
157803  -34.989  -46.340  81.188 0.0000000000
47583  -34.687  -46.757  81.850 0.0000000000
47572  -34.362  -46.476  82.699 0.0000000000
161581  -34.668  -46.147  82.217 0.0000000000
48642  -34.001  -45.724  83.385 0.0000000000
154185  -33.965  -44.921  83.728 0.0000000000
47590  -17.138  -47.060  81.029 0.0000000000
46536  -16.653  -47.626  80.548 0.0000000000
45511  -15.612  -48.435  80.306 0.0000000000
45505  -15.435  -48.399  81.492 0.0000000000
46506  -15.515  -48.210  82.246 0.0000000000
46490  -15.040  -48.263  83.660 0.0000000000
146923  -19.423  -46.370  87.068 0.0000000000
48584  -18.605  -46.522  86.919 0.0000000000
139870  -45.166  -27.286  59.899 0.0000000000
68694  -45.253  -27.272  60.607 0.0000000000
68695  -45.745  -26.794  60.437 0.0000000000
69705  -46.251  -26.426  60.946 0.0000000000
71876  -50.182  -23.932  62.149 0.0000000000
71863  -50.225  -23.867  62.826 0.0000000000
71847  -50.383  -24.048  63.596 0.0000000000
71830  -50.781  -24.564  64.228 0.0000000000
71831  -51.484  -23.830  64.526 0.0000000000
163251  -51.817  -24.033  64.798 0.0000000000
155065  -52.150  -23.922  65.136 0.0000000000
73003  -55.598  -22.629  60.655 0.0000000000
73002  -55.021  -23.167  60.997 0.0000000000
72990  -55.439  -22.706  61.579 0.0000000000
151065  -52.679  -12.757  51.058 0.0000000000
83234  -53.901  -12.801  51.456 0.0000000000
84179  -53.210  -12.626  50.846 0.0000000000
85179  -53.617  -12.512  50.460 0.0000000000
85189  -53.171  -12.386  50.001 0.0000000000
84214  -55.589  -11.687  48.168 0.0000000000
144325  -56.908  -11.114  48.925 0.0000000000
86161  -58.845  -10.169  49.159 0.0000000000
85210  -57.603  -10.498  48.774 0.0000000000
85225  -57.818  -10.097  48.024 0.0000000000
86182  -58.372  -9.803  47.877 0.0000000000
86217  -54.677  -9.798  44.089 0.0000000000
160265  -56.336  -9.700  44.602 0.0000000000
86209  -56.839  -9.506  45.177 0.0000000000
86196  -57.891  -9.271  46.250 0.0000000000
87171  -58.186  -9.086  46.081 0.0000000000
137558  -59.610  -9.459  46.043 0.0000000000
85253  -59.388  -10.186  45.322 0.0000000000
87207  -59.639  -8.367  41.668 0.0000000000
87206  -59.493  -8.959  42.200 0.0000000000
86244  -59.907  -9.768  41.366 0.0000000000
60205  -42.767  -34.290  75.805 0.0000000000
61286  -43.040  -33.529  75.326 0.0000000000
61297  -42.376  -34.034  73.949 0.0000000000
162320  -41.803  -33.836  72.356 0.0000000000
60252  -41.422  -34.466  72.515 0.0000000000
61340  -41.524  -33.849  71.793 0.0000000000
61355  -41.577  -32.994  70.422 0.0000000000
48681  -22.802  -46.909  79.244 0.0000000000
153077  -24.871  -47.665  77.829 0.0000000000
141420  -25.885  -47.678  77.535 0.0000000000
47650  -26.847  -47.455  77.208 0.0000000000
141569  -34.198  -36.867  71.213 0.0000000000
161451  -34.816  -37.348  71.719 0.0000000000
151129  -36.603  -37.703  71.704 0.0000000000
56984  -36.433  -37.803  72.535 0.0000000000
58088  -35.589  -37.726  72.627 0.0000000000
56973  -36.704  -37.881  73.394 0.0000000000
140434  -37.733  -37.866  74.830 0.0000000000
56951  -38.516  -37.840  75.252 0.0000000000
56941  -38.595  -37.845  76.157 0.0000000000
56952  -39.320  -37.738  75.572 0.0000000000
58053  -40.103  -37.406  75.838 0.0000000000
145141  -40.630  -36.827  75.268 0.0000000000
148902  -39.776  -36.953  73.987 0.0000000000
58065  -40.468  -36.655  74.383 0.0000000000
59140  -41.282  -36.275  75.636 0.0000000000
59141  -41.874  -35.668  75.966 0.0000000000
143999  -42.230  -34.962  75.422 0.0000000000
140212  -44.210  -27.044  67.439 0.0000000000
68600  -44.734  -26.997  67.737 0.0000000000
67515  -44.823  -27.368  67.207 0.0000000000
67525  -45.809  -27.591  66.793 0.0000000000
66429  -45.203  -28.732  65.323 0.0000000000
139210  -46.155  -28.012  66.070 0.0000000000
67526  -46.510  -27.678  66.336 0.0000000000
68633  -47.002  -27.399  66.146 0.0000000000
67541  -47.530  -27.370  65.551 0.0000000000
143548  -48.136  -26.872  65.130 0.0000000000
77167  -54.639  -18.693  54.961 0.0000000000
76182  -55.191  -18.900  55.678 0.0000000000
141215  -55.738  -18.080  55.724 0.0000000000
163243  -56.138  -17.990  56.271 0.0000000000
78181  -56.790  -17.640  57.375 0.0000000000
146312  -56.684  -16.587  55.864 0.0000000000
79202  -57.318  -16.723  57.621 0.0000000000
79197  -58.399  -16.332  59.224 0.0000000000
79190  -58.941  -16.129  59.501 0.0000000000
83201  -60.107  -13.196  54.950 0.0000000000
84165  -60.025  -11.903  52.955 0.0000000000
85165  -59.747  -11.518  52.542 0.0000000000
150822  -12.458  -53.803  81.665 0.0000000000
40294  -12.442  -53.767  83.093 0.0000000000
66339  -43.096  -28.441  72.299 0.0000000000
66325  -43.279  -28.108  73.219 0.0000000000
67451  -42.690  -27.842  71.743 0.0000000000
67450  -42.072  -27.177  71.304 0.0000000000
67472  -41.215  -27.049  70.149 0.0000000000
68545  -41.373  -26.455  71.276 0.0000000000
68544  -40.976  -26.056  71.062 0.0000000000
156276  -40.725  -25.526  69.391 0.0000000000
70666  -40.141  -25.634  69.067 0.0000000000
69634  -39.236  -25.856  67.662 0.0000000000
69650  -39.019  -26.008  66.903 0.0000000000
46463  -28.941  -48.098  85.088 0.0000000000
45480  -32.119  -48.963  85.820 0.0000000000
48784  -30.923  -45.494  73.704 0.0000000000
48768  -31.422  -45.575  74.363 0.0000000000
48749  -32.222  -45.433  74.889 0.0000000000
48750  -32.952  -45.366  75.388 0.0000000000
53949  -35.024  -40.237  75.668 0.0000000000
52956  -35.061  -40.803  75.643 0.0000000000
53950  -35.324  -40.529  76.432 0.0000000000
52952  -35.514  -41.191  77.142 0.0000000000
52930  -35.621  -40.700  79.220 0.0000000000
51844  -35.812  -41.791  78.969 0.0000000000
141247  -35.899  -42.950  80.201 0.0000000000
140948  -35.414  -43.168  81.521 0.0000000000
51805  -34.829  -42.384  82.557 0.0000000000
51790  -34.655  -42.162  83.293 0.0000000000
52880  -34.866  -41.094  82.559 0.0000000000
52866  -34.726  -41.414  83.332 0.0000000000
157135  -34.624  -41.886  84.070 0.0000000000
47608  -17.876  -46.194  79.309 0.0000000000
47591  -17.738  -46.619  80.259 0.0000000000
142558  -17.813  -46.643  81.119 0.0000000000
47568  -17.176  -46.898  82.978 0.0000000000
48621  -18.034  -46.689  84.278 0.0000000000
48596  -18.718  -46.494  85.428 0.0000000000
48597  -19.316  -46.271  85.230 0.0000000000
151013  -19.129  -46.376  86.110 0.0000000000
139227  -46.922  -26.161  58.665 0.0000000000
157446  -47.176  -25.856  60.118 0.0000000000
69751  -47.503  -25.926  59.376 0.0000000000
69752  -48.236  -25.696  59.827 0.0000000000
70807  -49.634  -24.885  60.792 0.0000000000
69728  -50.278  -25.433  60.060 0.0000000000
70780  -50.233  -24.223  61.509 0.0000000000
71894  -50.781  -23.609  62.013 0.0000000000
144873  -51.346  -23.178  62.532 0.0000000000
72977  -51.874  -22.834  63.127 0.0000000000
84199  -49.943  -12.074  49.900 0.0000000000
83242  -51.029  -12.305  49.699 0.0000000000
83241  -50.388  -12.269  49.223 0.0000000000
83249  -51.077  -12.437  48.930 0.0000000000
84212  -51.077  -12.111  48.147 0.0000000000
86228  -55.072  -9.379  43.451 0.0000000000
86229  -56.037  -9.302  43.411 0.0000000000
87184  -57.494  -8.637  44.223 0.0000000000
88149  -59.043  -8.439  44.337 0.0000000000
88159  -58.190  -7.834  43.198 0.0000000000
88174  -58.698  -7.702  43.119 0.0000000000
88172  -56.422  -8.223  41.792 0.0000000000
88173  -57.970  -7.547  42.279 0.0000000000
88175  -59.190  -7.748  42.589 0.0000000000
146571  -13.874  -49.708  83.096 0.0000000000
43362  -13.536  -50.428  83.491 0.0000000000
44458  -13.640  -49.865  84.667 0.0000000000
139203  -13.268  -50.008  85.741 0.0000000000
65158  -43.371  -29.745  78.446 0.0000000000
65168  -43.695  -29.763  77.729 0.0000000000
64153  -43.769  -30.526  77.347 0.0000000000
65169  -43.874  -29.721  76.914 0.0000000000
65195  -43.842  -29.276  75.024 0.0000000000
62278  -43.351  -32.762  74.969 0.0000000000
63241  -43.609  -31.320  73.996 0.0000000000
63253  -43.046  -31.742  72.671 0.0000000000
63240  -43.289  -31.778  73.377 0.0000000000
159582  -43.635  -30.679  73.685 0.0000000000
64212  -43.625  -29.980  73.478 0.0000000000
65224  -43.420  -29.142  72.871 0.0000000000
150238  -43.175  -29.321  72.049 0.0000000000
66375  -42.737  -28.971  70.709 0.0000000000
66387  -41.942  -28.752  69.397 0.0000000000
65274  -42.149  -29.629  69.349 0.0000000000
160216  -41.891  -29.265  69.012 0.0000000000
154009  -41.572  -28.903  68.680 0.0000000000
66412  -40.534  -28.752  67.704 0.0000000000
66411  -39.726  -28.443  67.379 0.0000000000
48626  -21.862  -46.164  83.373 0.0000000000
48627  -22.595  -46.630  83.122 0.0000000000
47569  -23.335  -47.007  82.633 0.0000000000
47580  -23.003  -46.915  81.766 0.0000000000
47558  -23.935  -47.346  83.245 0.0000000000
46492  -24.586  -47.776  82.908 0.0000000000
46510  -26.020  -47.980  82.674 0.0000000000
140842  -23.421  -47.230  79.692 0.0000000000
47593  -24.067  -47.547  80.224 0.0000000000
46537  -24.769  -47.897  80.810 0.0000000000
46552  -25.627  -47.912  79.778 0.0000000000
154932  -25.397  -47.929  80.385 0.0000000000
162874  -26.489  -47.994  82.339 0.0000000000
136458  -26.796  -47.996  82.779 0.0000000000
46511  -29.401  -47.667  82.385 0.0000000000
46512  -30.926  -47.741  82.285 0.0000000000
46513  -31.880  -47.999  82.109 0.0000000000
147366  -32.119  -38.633  71.240 0.0000000000
151762  -32.773  -38.967  71.685 0.0000000000
54005  -33.093  -39.736  71.576 0.0000000000
53993  -33.924  -40.042  72.915 0.0000000000
53978  -34.143  -39.737  73.735 0.0000000000
54934  -34.229  -39.531  74.599 0.0000000000
58084  -33.119  -36.952  71.969 0.0000000000
58069  -33.657  -37.608  72.352 0.0000000000
58070  -34.186  -37.834  72.755 0.0000000000
56972  -34.017  -38.142  73.236 0.0000000000
56971  -33.508  -38.261  72.687 0.0000000000
55927  -33.511  -38.948  73.888 0.0000000000
54926  -33.783  -39.076  74.549 0.0000000000
143387  -34.651  -39.621  75.235 0.0000000000
54918  -35.041  -39.477  75.628 0.0000000000
55905  -35.388  -39.250  76.229 0.0000000000
54911  -35.503  -39.265  77.199 0.0000000000
56937  -35.503  -38.833  76.118 0.0000000000
55900  -35.570  -38.958  77.825 0.0000000000
55894  -35.412  -38.970  78.944 0.0000000000
138053  -35.837  -37.933  80.982 0.0000000000
140880  -36.768  -37.008  81.022 0.0000000000
58020  -37.507  -37.406  79.930 0.0000000000
58012  -37.654  -36.945  80.680 0.0000000000
59101  -38.222  -36.344  81.202 0.0000000000
60151  -39.296  -35.269  81.168 0.0000000000
56930  -39.514  -37.704  77.318 0.0000000000
56920  -39.771  -37.529  77.874 0.0000000000
58030  -40.880  -36.518  77.995 0.0000000000
59119  -40.434  -36.534  78.828 0.0000000000
59112  -40.027  -36.102  79.729 0.0000000000
60152  -39.919  -34.882  80.750 0.0000000000
61228  -40.087  -33.984  80.955 0.0000000000
62238  -41.924  -32.714  79.513 0.0000000000
137142  -41.529  -32.522  80.267 0.0000000000
48691  -18.449  -45.562  79.062 0.0000000000
49700  -19.754  -45.373  80.423 0.0000000000
49701  -20.339  -45.309  80.210 0.0000000000
72829  -46.447  -23.396  73.079 0.0000000000
71741  -47.303  -24.094  71.554 0.0000000000
72851  -48.733  -23.334  72.005 0.0000000000
144378  -49.542  -23.190  71.918 0.0000000000
69623  -45.544  -26.245  68.863 0.0000000000
70693  -46.910  -25.159  68.786 0.0000000000
69625  -47.028  -25.325  67.992 0.0000000000
70673  -47.645  -24.790  69.395 0.0000000000
70674  -48.392  -24.501  69.656 0.0000000000
71783  -49.683  -24.020  70.155 0.0000000000
145122  -50.823  -24.761  68.615 0.0000000000
71934  -52.874  -23.899  57.234 0.0000000000
70839  -53.243  -24.142  57.814 0.0000000000
71935  -53.603  -23.669  57.421 0.0000000000
71928  -54.574  -23.523  58.478 0.0000000000
73029  -55.166  -22.874  58.419 0.0000000000
73040  -55.509  -22.258  57.966 0.0000000000
73030  -55.712  -22.469  58.848 0.0000000000
73016  -55.716  -22.585  59.754 0.0000000000
74050  -56.055  -21.959  60.256 0.0000000000
74051  -56.475  -21.371  60.815 0.0000000000
75067  -56.821  -20.680  61.469 0.0000000000
76170  -56.043  -19.021  57.071 0.0000000000
76159  -56.410  -19.345  57.815 0.0000000000
76148  -56.699  -19.535  58.612 0.0000000000
160482  -57.279  -18.458  59.358 0.0000000000
76142  -56.960  -19.649  59.538 0.0000000000
161398  -57.070  -20.032  60.272 0.0000000000
35048  -9.323  -58.494  86.299 0.0000000000
66488  -42.665  -29.453  60.353 0.0000000000
65382  -43.174  -29.478  61.057 0.0000000000
66489  -43.464  -28.840  60.364 0.0000000000
67601  -43.868  -27.881  60.050 0.0000000000
67613  -43.497  -27.461  59.429 0.0000000000
68710  -44.287  -27.358  59.674 0.0000000000
150882  -44.891  -27.216  59.100 0.0000000000
69749  -45.947  -26.409  59.193 0.0000000000
69771  -44.756  -26.386  57.965 0.0000000000
69772  -45.697  -26.434  58.203 0.0000000000
150138  -46.300  -26.308  58.780 0.0000000000
69789  -48.510  -26.041  57.796 0.0000000000
69801  -47.349  -26.104  56.721 0.0000000000
70834  -48.259  -25.702  56.756 0.0000000000
69790  -49.320  -25.793  57.644 0.0000000000
70835  -49.462  -25.203  57.042 0.0000000000
70836  -50.183  -24.899  57.034 0.0000000000
71942  -49.783  -23.910  55.750 0.0000000000
70855  -51.528  -24.079  56.797 0.0000000000
71944  -52.329  -23.555  56.506 0.0000000000
73049  -52.797  -22.810  56.123 0.0000000000
73058  -53.141  -22.110  55.771 0.0000000000
74118  -51.380  -21.599  54.310 0.0000000000
74119  -52.173  -21.525  54.755 0.0000000000
74108  -53.408  -21.403  55.470 0.0000000000
75123  -53.582  -20.643  55.211 0.0000000000
75140  -53.782  -19.876  54.938 0.0000000000
76219  -50.469  -19.614  52.291 0.0000000000
76220  -51.116  -19.463  52.560 0.0000000000
76221  -51.740  -18.959  52.593 0.0000000000
76210  -52.232  -19.426  53.250 0.0000000000
76211  -52.970  -19.161  53.611 0.0000000000
76199  -54.030  -19.140  54.628 0.0000000000
158385  -54.264  -18.454  54.347 0.0000000000
77180  -54.523  -17.807  54.144 0.0000000000
78214  -54.830  -17.107  53.973 0.0000000000
79237  -54.515  -16.763  53.300 0.0000000000
79238  -55.110  -16.369  53.659 0.0000000000
80231  -55.239  -15.465  53.302 0.0000000000
141237  -55.433  -14.480  53.277 0.0000000000
82224  -55.542  -13.644  53.294 0.0000000000
155605  -55.738  -13.034  53.250 0.0000000000
82223  -55.300  -13.361  52.753 0.0000000000
83219  -53.261  -13.106  51.419 0.0000000000
82231  -52.912  -13.611  51.467 0.0000000000
83232  -51.804  -12.677  50.837 0.0000000000
144131  -50.721  -12.387  50.408 0.0000000000
84177  -49.859  -12.041  50.671 0.0000000000
43361  -13.019  -51.110  83.934 0.0000000000
42306  -12.914  -51.834  83.961 0.0000000000
42269  -12.561  -51.486  86.218 0.0000000000
41296  -12.699  -52.275  85.056 0.0000000000
41315  -12.802  -52.389  84.303 0.0000000000
151920  -12.579  -52.888  84.731 0.0000000000
40288  -12.198  -53.662  84.862 0.0000000000
141732  -10.776  -51.867  89.850 0.0000000000
140043  -10.923  -52.143  89.158 0.0000000000
41259  -10.966  -52.890  88.801 0.0000000000
40256  -10.591  -53.452  89.540 0.0000000000
40267  -11.634  -53.257  87.451 0.0000000000
39362  -11.685  -54.200  86.449 0.0000000000
39370  -11.813  -54.411  85.529 0.0000000000
38331  -10.950  -55.811  85.805 0.0000000000
38319  -10.797  -55.732  87.813 0.0000000000
35041  -9.578  -58.414  87.186 0.0000000000
33989  -9.916  -59.242  88.448 0.0000000000
36118  -10.320  -57.935  89.429 0.0000000000
73854  -45.555  -21.763  76.055 0.0000000000
72783  -45.571  -22.170  75.167 0.0000000000
66245  -42.499  -27.992  79.784 0.0000000000
141994  -43.171  -27.264  73.818 0.0000000000
68494  -43.220  -26.353  75.168 0.0000000000
69525  -43.029  -25.671  75.617 0.0000000000
151194  -43.010  -25.150  76.048 0.0000000000
70555  -42.995  -24.704  76.453 0.0000000000
71654  -43.129  -23.882  76.381 0.0000000000
71670  -43.375  -23.606  75.445 0.0000000000
71685  -42.980  -24.088  74.635 0.0000000000
72781  -44.145  -23.117  75.398 0.0000000000
72795  -44.276  -23.405  74.674 0.0000000000
72796  -44.833  -23.465  74.112 0.0000000000
71706  -44.990  -23.844  73.431 0.0000000000
70608  -44.983  -24.623  72.330 0.0000000000
70622  -44.560  -24.984  71.720 0.0000000000
70621  -43.723  -25.027  71.547 0.0000000000
70642  -44.254  -25.377  71.082 0.0000000000
69605  -44.210  -25.910  69.866 0.0000000000
141442  -41.072  -25.374  69.108 0.0000000000
70691  -41.758  -25.366  68.948 0.0000000000
69620  -42.147  -25.561  68.654 0.0000000000
69652  -40.971  -25.859  67.616 0.0000000000
147069  -43.142  -26.267  68.016 0.0000000000
68599  -43.417  -26.896  67.423 0.0000000000
160913  -43.319  -27.261  66.954 0.0000000000
67556  -42.410  -28.488  65.030 0.0000000000
66441  -42.971  -28.995  64.424 0.0000000000
152945  -42.556  -29.304  63.609 0.0000000000
65368  -42.652  -29.631  62.670 0.0000000000
66420  -37.604  -28.230  65.976 0.0000000000
68626  -37.303  -27.213  65.689 0.0000000000
68646  -37.018  -27.464  64.549 0.0000000000
68647  -37.628  -27.335  64.738 0.0000000000
68663  -37.932  -27.823  64.192 0.0000000000
160912  -38.644  -27.935  64.223 0.0000000000
67578  -37.426  -28.388  62.507 0.0000000000
67580  -38.935  -28.436  63.115 0.0000000000
66452  -39.690  -28.657  63.150 0.0000000000
66476  -39.237  -29.496  61.463 0.0000000000
65367  -41.073  -29.541  62.250 0.0000000000
65381  -41.416  -29.893  61.315 0.0000000000
138666  -42.351  -29.749  61.150 0.0000000000
47534  -23.585  -46.768  85.226 0.0000000000
135068  -26.924  -48.603  84.864 0.0000000000
47672  -26.587  -46.959  76.305 0.0000000000
47651  -27.804  -47.241  77.375 0.0000000000
47631  -28.149  -47.478  78.189 0.0000000000
47595  -30.004  -47.447  79.825 0.0000000000
47614  -30.655  -47.316  79.139 0.0000000000
47596  -30.708  -47.496  79.911 0.0000000000
50882  -33.110  -43.683  73.037 0.0000000000
162060  -33.515  -41.997  72.531 0.0000000000
50883  -33.838  -43.187  73.378 0.0000000000
50867  -33.389  -43.971  73.735 0.0000000000
49805  -33.615  -44.362  74.361 0.0000000000
48729  -33.784  -45.224  75.970 0.0000000000
51883  -35.338  -42.434  76.104 0.0000000000
50840  -35.413  -43.317  75.929 0.0000000000
50812  -36.044  -43.634  77.927 0.0000000000
49763  -35.797  -44.289  77.415 0.0000000000
138485  -35.131  -44.022  75.899 0.0000000000
49777  -34.929  -44.598  76.280 0.0000000000
48730  -34.482  -45.295  76.666 0.0000000000
139194  -33.555  -45.854  76.798 0.0000000000
46559  -33.450  -47.576  79.703 0.0000000000
47598  -34.815  -46.915  80.305 0.0000000000
162182  -34.195  -47.399  79.919 0.0000000000
46545  -33.593  -47.762  80.383 0.0000000000
158292  -32.844  -47.919  80.767 0.0000000000
46527  -32.838  -48.204  81.592 0.0000000000
47571  -33.896  -47.053  83.399 0.0000000000
47560  -33.837  -47.086  84.254 0.0000000000
46468  -33.866  -48.223  85.179 0.0000000000
50765  -34.461  -43.785  83.138 0.0000000000
49665  -34.140  -44.168  83.727 0.0000000000
49655  -34.138  -44.640  84.199 0.0000000000
160094  -13.384  -51.492  79.516 0.0000000000
43382  -13.733  -50.643  81.196 0.0000000000
140893  -13.798  -50.344  81.893 0.0000000000
47625  -16.943  -47.155  78.737 0.0000000000
44511  -14.489  -49.839  78.768 0.0000000000
45510  -15.065  -48.862  80.337 0.0000000000
44490  -13.985  -49.897  81.386 0.0000000000
48583  -17.909  -46.646  86.895 0.0000000000
66467  -44.107  -29.298  61.949 0.0000000000
66468  -44.772  -28.917  62.292 0.0000000000
66469  -45.452  -28.587  62.681 0.0000000000
68672  -45.854  -27.750  62.344 0.0000000000
67568  -45.998  -28.202  63.204 0.0000000000
68664  -47.367  -27.260  64.095 0.0000000000
147716  -47.962  -26.729  64.366 0.0000000000
68651  -48.633  -26.360  64.663 0.0000000000
69726  -47.466  -25.639  60.868 0.0000000000
69707  -47.574  -25.486  61.701 0.0000000000
69693  -47.849  -25.488  62.530 0.0000000000
69686  -47.862  -25.866  63.243 0.0000000000
69679  -48.312  -26.106  63.842 0.0000000000
69664  -49.236  -26.182  65.070 0.0000000000
69665  -49.825  -26.116  65.460 0.0000000000
69657  -50.123  -26.127  66.228 0.0000000000
69658  -50.503  -26.120  66.586 0.0000000000
155383  -51.335  -24.826  64.563 0.0000000000
69666  -51.009  -26.067  65.674 0.0000000000
70828  -53.261  -24.580  58.535 0.0000000000
70820  -53.448  -24.728  59.488 0.0000000000
70811  -53.353  -24.701  60.455 0.0000000000
71898  -54.426  -23.746  61.470 0.0000000000
71897  -53.974  -24.239  60.800 0.0000000000
149309  -53.523  -24.115  61.604 0.0000000000
71879  -53.129  -23.512  62.321 0.0000000000
72978  -52.748  -22.848  62.997 0.0000000000
72964  -52.417  -22.688  63.871 0.0000000000
72949  -53.039  -22.611  64.647 0.0000000000
72948  -52.217  -22.765  64.633 0.0000000000
71833  -52.510  -23.214  65.525 0.0000000000
83206  -56.332  -12.662  53.688 0.0000000000
136333  -56.699  -12.302  53.455 0.0000000000
163273  -56.766  -12.129  53.001 0.0000000000
84170  -56.516  -12.231  52.422 0.0000000000
85161  -57.696  -11.694  53.074 0.0000000000
153620  -58.284  -11.454  52.736 0.0000000000
85170  -58.884  -11.352  52.779 0.0000000000
85172  -59.488  -11.227  52.111 0.0000000000
84200  -52.229  -12.147  50.189 0.0000000000
85199  -52.785  -12.316  49.867 0.0000000000
85200  -53.754  -12.436  49.743 0.0000000000
84203  -54.331  -12.348  49.140 0.0000000000
84192  -54.928  -12.289  49.637 0.0000000000
148343  -55.616  -12.220  50.239 0.0000000000
154780  -57.237  -11.526  51.278 0.0000000000
86141  -59.076  -11.003  51.815 0.0000000000
85173  -59.888  -11.163  51.737 0.0000000000
84183  -60.254  -11.191  51.228 0.0000000000
82251  -59.967  -12.311  50.226 0.0000000000
83247  -59.954  -11.981  49.493 0.0000000000
86164  -60.123  -10.484  49.504 0.0000000000
83256  -60.175  -11.491  49.109 0.0000000000
83246  -59.640  -12.291  49.260 0.0000000000
84236  -55.182  -11.400  46.701 0.0000000000
85224  -56.605  -10.583  47.116 0.0000000000
159060  -57.943  -9.744  47.451 0.0000000000
87129  -59.383  -9.728  47.815 0.0000000000
87154  -58.700  -9.238  46.498 0.0000000000
87141  -59.543  -9.579  47.184 0.0000000000
84228  -59.979  -10.774  47.678 0.0000000000
84227  -59.631  -11.003  47.283 0.0000000000
86221  -59.441  -9.093  44.269 0.0000000000
85272  -59.233  -10.112  43.274 0.0000000000
85285  -59.505  -10.260  42.419 0.0000000000
37276  -10.085  -56.945  88.942 0.0000000000
39352  -10.854  -54.366  88.588 0.0000000000
41270  -11.883  -52.524  87.083 0.0000000000
42239  -10.607  -51.552  90.626 0.0000000000
42286  -12.467  -52.177  85.797 0.0000000000
42297  -12.875  -51.680  84.591 0.0000000000
44444  -13.300  -50.267  85.116 0.0000000000
47533  -17.567  -46.793  85.637 0.0000000000
48611  -19.555  -46.098  84.465 0.0000000000
48711  -35.543  -45.073  77.727 0.0000000000
50826  -35.887  -43.558  77.188 0.0000000000
50841  -35.576  -43.953  76.567 0.0000000000
52854  -34.827  -42.002  84.767 0.0000000000
52992  -33.836  -42.022  73.319 0.0000000000
55919  -34.003  -39.115  74.929 0.0000000000
56885  -35.803  -37.694  81.844 0.0000000000
56948  -34.554  -38.681  74.850 0.0000000000
56959  -33.688  -38.568  73.610 0.0000000000
56962  -36.967  -37.838  74.259 0.0000000000
56974  -37.500  -37.859  73.477 0.0000000000
56983  -32.815  -37.551  71.975 0.0000000000
58051  -35.711  -38.294  75.312 0.0000000000
58063  -39.336  -37.507  74.309 0.0000000000
59160  -41.393  -35.221  73.890 0.0000000000
59182  -39.679  -35.753  71.603 0.0000000000
60140  -38.259  -35.195  82.246 0.0000000000
60162  -40.869  -34.778  79.682 0.0000000000
60220  -42.654  -34.245  74.877 0.0000000000
61324  -42.647  -33.087  72.797 0.0000000000
62303  -42.799  -32.523  72.341 0.0000000000
63212  -43.758  -31.480  75.552 0.0000000000
64248  -42.472  -30.169  69.902 0.0000000000
66455  -43.551  -29.402  63.744 0.0000000000
67473  -41.482  -26.918  70.761 0.0000000000
67523  -44.029  -27.902  66.357 0.0000000000
67540  -46.749  -27.862  65.731 0.0000000000
67564  -38.418  -28.225  63.590 0.0000000000
68509  -42.915  -26.436  74.259 0.0000000000
68653  -52.713  -26.094  64.558 0.0000000000
69636  -42.290  -25.946  68.192 0.0000000000
69639  -47.413  -25.798  67.450 0.0000000000
69727  -48.857  -25.355  60.350 0.0000000000
69753  -49.001  -25.820  59.469 0.0000000000
69756  -52.308  -25.309  59.322 0.0000000000
69777  -50.666  -25.758  58.528 0.0000000000
69788  -47.141  -26.264  57.750 0.0000000000
69792  -51.343  -25.312  58.030 0.0000000000
70638  -41.604  -25.443  70.525 0.0000000000
70639  -41.936  -25.300  70.259 0.0000000000
70696  -49.228  -24.610  68.849 0.0000000000
70783  -52.920  -24.513  61.216 0.0000000000
70806  -48.809  -24.858  61.096 0.0000000000
70827  -52.523  -25.030  58.590 0.0000000000
70838  -52.603  -24.563  57.797 0.0000000000
71655  -43.292  -23.607  76.069 0.0000000000
71735  -41.997  -25.375  71.523 0.0000000000
71757  -42.475  -25.092  70.784 0.0000000000
71760  -48.843  -24.157  70.458 0.0000000000
71895  -51.605  -23.637  61.916 0.0000000000
71896  -52.554  -23.925  61.853 0.0000000000
71936  -54.202  -23.435  57.717 0.0000000000
71959  -52.075  -22.901  55.966 0.0000000000
72782  -44.894  -22.425  75.660 0.0000000000
72850  -47.927  -23.737  71.765 0.0000000000
73015  -55.077  -23.147  59.342 0.0000000000
73067  -50.730  -22.240  54.439 0.0000000000
73906  -48.403  -22.403  73.423 0.0000000000
74098  -54.559  -21.491  56.368 0.0000000000
74107  -52.795  -21.681  55.255 0.0000000000
74131  -52.397  -20.712  54.383 0.0000000000
75125  -54.866  -19.829  55.967 0.0000000000
75146  -51.352  -20.344  53.364 0.0000000000
76149  -56.979  -18.882  59.091 0.0000000000
76209  -51.540  -19.709  53.014 0.0000000000
77138  -57.623  -18.050  59.721 0.0000000000
77150  -56.875  -18.067  58.086 0.0000000000
77156  -56.337  -18.252  56.848 0.0000000000
77189  -53.311  -18.424  53.378 0.0000000000
78188  -56.507  -17.645  56.581 0.0000000000
78212  -53.633  -17.684  53.167 0.0000000000
78213  -54.256  -17.442  53.542 0.0000000000
79210  -56.852  -16.892  56.644 0.0000000000
79231  -56.220  -15.867  54.597 0.0000000000
79244  -53.295  -16.174  52.114 0.0000000000
79246  -54.718  -16.095  53.095 0.0000000000
80194  -58.702  -15.663  58.979 0.0000000000
80207  -57.040  -16.117  56.275 0.0000000000
81193  -58.899  -15.150  58.485 0.0000000000
81229  -56.381  -14.081  54.401 0.0000000000
82185  -58.931  -13.690  56.458 0.0000000000
82214  -59.921  -13.542  55.597 0.0000000000
82220  -56.759  -13.226  54.581 0.0000000000
82233  -54.730  -13.403  52.189 0.0000000000
83179  -59.063  -13.525  56.264 0.0000000000
83190  -58.797  -13.186  55.757 0.0000000000
83199  -57.941  -12.651  55.097 0.0000000000
83200  -59.623  -13.011  55.121 0.0000000000
83208  -57.626  -12.279  54.449 0.0000000000
83214  -55.956  -12.674  53.077 0.0000000000
83215  -60.197  -12.556  53.337 0.0000000000
83239  -60.160  -12.169  50.551 0.0000000000
83248  -60.151  -11.821  49.880 0.0000000000
84138  -58.796  -12.812  55.296 0.0000000000
84157  -59.420  -12.146  53.977 0.0000000000
84162  -57.224  -11.961  53.343 0.0000000000
84164  -59.584  -11.813  53.289 0.0000000000
84169  -55.693  -12.598  52.145 0.0000000000
84178  -51.557  -12.417  50.249 0.0000000000
84194  -60.261  -11.614  50.596 0.0000000000
84226  -56.103  -11.201  47.743 0.0000000000
84235  -54.492  -11.426  46.442 0.0000000000
85155  -58.479  -11.725  53.873 0.0000000000
85156  -58.816  -11.726  53.815 0.0000000000
85157  -59.138  -11.753  53.615 0.0000000000
85162  -58.137  -11.573  53.343 0.0000000000
85164  -59.246  -11.524  52.954 0.0000000000
85171  -59.090  -11.270  52.421 0.0000000000
85178  -52.944  -12.349  50.183 0.0000000000
85180  -56.870  -11.908  51.907 0.0000000000
85181  -58.038  -11.190  51.274 0.0000000000
85182  -58.849  -10.744  50.998 0.0000000000
85183  -59.652  -10.907  51.349 0.0000000000
85184  -60.056  -10.957  51.152 0.0000000000
85190  -54.380  -12.450  50.233 0.0000000000
85191  -56.976  -11.487  50.491 0.0000000000
85192  -58.199  -10.827  50.414 0.0000000000
85193  -60.218  -10.829  50.276 0.0000000000
85198  -52.301  -11.772  50.122 0.0000000000
85201  -56.765  -11.391  49.706 0.0000000000
85202  -58.107  -10.479  49.510 0.0000000000
85203  -58.766  -10.450  50.041 0.0000000000
85204  -60.264  -10.651  49.434 0.0000000000
85212  -60.223  -10.292  48.841 0.0000000000
85226  -60.029  -10.251  47.269 0.0000000000
86142  -59.279  -10.968  51.586 0.0000000000
86148  -59.473  -10.701  50.839 0.0000000000
86155  -59.668  -10.535  50.160 0.0000000000
86156  -60.050  -10.714  50.316 0.0000000000
86160  -58.341  -10.107  48.616 0.0000000000
86162  -59.237  -10.183  49.239 0.0000000000
86163  -59.549  -10.252  49.374 0.0000000000
86169  -58.746  -9.943  48.497 0.0000000000
86171  -59.744  -9.841  48.037 0.0000000000
86181  -57.752  -9.590  46.869 0.0000000000
86183  -60.019  -9.816  47.516 0.0000000000
86197  -59.909  -9.751  46.758 0.0000000000
86210  -59.405  -9.210  45.240 0.0000000000
86243  -59.544  -9.753  42.119 0.0000000000
87128  -58.912  -9.785  48.042 0.0000000000
87140  -59.049  -9.478  47.181 0.0000000000
87153  -58.262  -9.324  46.658 0.0000000000
87156  -59.431  -9.406  46.458 0.0000000000
87169  -57.417  -8.948  44.853 0.0000000000
87173  -59.193  -8.938  45.623 0.0000000000
87203  -55.877  -8.552  42.238 0.0000000000
88136  -58.531  -8.786  45.213 0.0000000000
88137  -58.739  -9.025  45.899 0.0000000000
88146  -58.100  -8.304  44.071 0.0000000000
88148  -58.751  -8.512  44.589 0.0000000000
88160  -58.573  -8.083  43.922 0.0000000000
135266  -52.747  -22.838  65.296 0.0000000000
136539  -58.577  -12.715  55.253 0.0000000000
137024  -28.867  -46.807  76.496 0.0000000000
137305  -33.648  -39.402  73.337 0.0000000000
140128  -51.004  -24.802  57.182 0.0000000000
140264  -34.171  -37.349  72.245 0.0000000000
144922  -59.857  -10.061  48.779 0.0000000000
146370  -34.964  -41.061  81.796 0.0000000000
147702  -34.998  -45.747  78.007 0.0000000000
147846  -39.878  -37.641  76.971 0.0000000000
149654  -42.899  -33.606  77.066 0.0000000000
150431  -38.493  -36.778  70.995 0.0000000000
152098  -60.308  -11.736  51.446 0.0000000000
152183  -42.869  -25.171  75.194 0.0000000000
152271  -48.913  -25.620  57.113 0.0000000000
152334  -49.899  -25.506  57.450 0.0000000000
153023  -43.216  -23.946  74.148 0.0000000000
153700  -49.856  -23.396  55.184 0.0000000000
153712  -58.145  -9.563  47.224 0.0000000000
154037  -35.584  -38.525  80.704 0.0000000000
154181  -56.393  -20.861  58.457 0.0000000000
154294  -58.763  -8.860  45.348 0.0000000000
154546  -60.064  -10.007  48.259 0.0000000000
154601  -58.884  -10.361  49.817 0.0000000000
155030  -58.835  -7.469  42.344 0.0000000000
155840  -43.511  -29.469  61.670 0.0000000000
156453  -45.277  -24.863  71.735 0.0000000000
157084  -43.555  -29.144  78.065 0.0000000000
157262  -41.641  -25.824  72.249 0.0000000000
157333  -43.808  -28.588  74.906 0.0000000000
157452  -53.648  -14.801  51.846 0.0000000000
157925  -58.480  -15.457  58.468 0.0000000000
158551  -59.817  -10.035  46.144 0.0000000000
158953  -53.471  -24.426  61.026 0.0000000000
159476  -59.246  -11.570  53.429 0.0000000000
159673  -59.780  -9.615  46.987 0.0000000000
160252  -34.528  -42.624  83.761 0.0000000000
160412  -24.957  -47.898  78.428 0.0000000000
160673  -36.190  -38.286  78.283 0.0000000000
163041  -38.146  -37.150  80.083 0.0000000000
163156  -13.158  -51.501  82.395 0.0000000000
163379  -54.747  -18.130  54.629 0.0000000000
