#!ascii label  , from subject sub-v1s2x0051466_ses-1 vox2ras=TkReg
1721
48634  10.725  -49.828  87.254 0.0000000000
71464  44.116  -28.450  59.396 0.0000000000
51932  28.867  -46.623  74.603 0.0000000000
54163  37.345  -45.054  78.985 0.0000000000
49820  20.576  -48.696  77.475 0.0000000000
134634  18.938  -49.981  88.979 0.0000000000
77865  51.260  -23.216  52.871 0.0000000000
75783  54.490  -24.040  61.311 0.0000000000
63981  39.417  -35.368  70.157 0.0000000000
80833  54.421  -19.362  45.833 0.0000000000
47691  29.254  -50.704  80.456 0.0000000000
50760  13.902  -48.565  88.368 0.0000000000
78790  52.702  -21.331  56.581 0.0000000000
75861  48.337  -24.217  56.361 0.0000000000
152478  43.993  -29.907  64.049 0.0000000000
72498  48.326  -28.126  64.328 0.0000000000
70371  39.323  -30.260  64.071 0.0000000000
56640  34.513  -42.921  72.389 0.0000000000
54194  32.587  -45.257  76.882 0.0000000000
47655  24.811  -50.784  82.757 0.0000000000
142248  23.773  -51.769  88.118 0.0000000000
144363  20.048  -51.382  83.004 0.0000000000
49756  15.001  -48.930  83.110 0.0000000000
145728  25.022  -48.677  75.736 0.0000000000
78853  57.263  -22.210  51.065 0.0000000000
78797  57.399  -21.955  55.119 0.0000000000
73585  49.480  -26.588  59.872 0.0000000000
68271  41.983  -31.601  69.480 0.0000000000
58767  39.986  -41.035  73.401 0.0000000000
155081  52.452  -22.453  48.573 0.0000000000
135038  56.936  -23.402  46.132 0.0000000000
77970  58.578  -21.899  42.714 0.0000000000
46645  29.212  -51.927  84.197 0.0000000000
50763  12.026  -48.496  88.086 0.0000000000
49671  12.696  -48.683  91.706 0.0000000000
47543  10.488  -50.687  91.421 0.0000000000
78801  47.805  -22.227  54.887 0.0000000000
71370  43.321  -29.413  67.129 0.0000000000
72480  45.934  -29.049  67.201 0.0000000000
44484  3.607  -53.859  88.736 0.0000000000
137153  39.336  -29.912  61.967 0.0000000000
56627  28.893  -42.455  73.087 0.0000000000
142073  30.595  -42.951  73.863 0.0000000000
160032  30.697  -45.429  75.307 0.0000000000
155021  22.951  -49.886  79.301 0.0000000000
158480  22.605  -50.678  82.963 0.0000000000
48725  20.318  -49.938  80.375 0.0000000000
151915  22.805  -48.866  76.676 0.0000000000
48760  24.860  -49.795  78.683 0.0000000000
134701  21.176  -51.413  88.364 0.0000000000
77862  54.834  -22.434  52.276 0.0000000000
78836  57.775  -21.937  52.944 0.0000000000
79830  54.663  -20.616  53.874 0.0000000000
76844  54.306  -23.477  57.920 0.0000000000
78764  55.786  -22.025  58.009 0.0000000000
72594  44.546  -27.859  57.207 0.0000000000
73619  46.892  -27.079  57.166 0.0000000000
159076  46.903  -27.661  59.808 0.0000000000
66028  38.638  -34.066  68.352 0.0000000000
135473  40.479  -32.656  67.398 0.0000000000
65980  40.713  -33.662  70.172 0.0000000000
55422  36.199  -44.240  74.821 0.0000000000
154663  37.691  -41.987  72.742 0.0000000000
136065  39.060  -43.028  76.122 0.0000000000
77888  49.733  -22.730  51.301 0.0000000000
140830  51.120  -21.417  49.345 0.0000000000
77885  52.087  -22.955  50.632 0.0000000000
76918  54.445  -23.151  49.924 0.0000000000
78945  57.119  -20.458  41.860 0.0000000000
78923  55.897  -21.527  43.154 0.0000000000
77946  57.391  -23.142  44.066 0.0000000000
144779  54.430  -22.221  45.005 0.0000000000
136452  28.730  -49.466  77.605 0.0000000000
47724  31.144  -50.109  76.501 0.0000000000
159944  31.355  -51.859  79.524 0.0000000000
49700  16.246  -49.047  88.665 0.0000000000
49658  18.229  -48.917  92.871 0.0000000000
155806  15.322  -47.971  92.780 0.0000000000
77855  48.783  -22.682  53.396 0.0000000000
79831  52.039  -21.373  54.515 0.0000000000
79803  49.710  -22.285  55.043 0.0000000000
157843  50.298  -22.985  56.693 0.0000000000
74706  52.093  -24.960  57.661 0.0000000000
71417  44.126  -29.017  61.818 0.0000000000
71432  46.323  -28.428  61.661 0.0000000000
71390  46.129  -29.322  64.303 0.0000000000
62009  38.618  -37.205  69.062 0.0000000000
56538  39.747  -42.987  80.142 0.0000000000
46599  9.005  -51.884  87.486 0.0000000000
46582  8.578  -52.016  90.598 0.0000000000
45563  6.499  -53.210  89.678 0.0000000000
71454  41.275  -29.380  59.226 0.0000000000
70412  41.630  -29.736  61.408 0.0000000000
70369  41.524  -29.833  64.535 0.0000000000
71372  41.499  -29.484  66.766 0.0000000000
57710  31.408  -41.996  72.005 0.0000000000
55452  32.887  -43.898  74.737 0.0000000000
55384  33.823  -44.789  77.965 0.0000000000
48755  33.126  -49.054  77.434 0.0000000000
50886  33.838  -47.568  80.307 0.0000000000
47605  26.753  -51.249  84.924 0.0000000000
46604  25.590  -52.697  87.360 0.0000000000
47607  24.852  -51.532  85.399 0.0000000000
47611  21.983  -51.628  85.496 0.0000000000
46621  19.428  -51.690  85.675 0.0000000000
134998  17.800  -50.366  79.684 0.0000000000
47643  17.856  -50.976  83.336 0.0000000000
134100  16.670  -49.839  85.908 0.0000000000
49733  14.541  -48.922  85.364 0.0000000000
50810  12.132  -47.771  85.947 0.0000000000
50797  10.909  -47.581  86.046 0.0000000000
55472  27.011  -44.247  72.359 0.0000000000
54255  25.553  -45.740  72.795 0.0000000000
51934  26.992  -47.476  74.659 0.0000000000
49790  26.697  -49.358  77.983 0.0000000000
48697  27.054  -50.363  81.354 0.0000000000
151186  57.907  -25.129  54.290 0.0000000000
80777  55.240  -19.811  55.900 0.0000000000
74739  46.302  -25.165  55.766 0.0000000000
155813  49.474  -26.289  57.546 0.0000000000
159258  52.003  -25.432  60.343 0.0000000000
72517  49.429  -27.800  62.865 0.0000000000
73558  51.473  -26.709  62.979 0.0000000000
68326  38.787  -31.537  64.117 0.0000000000
69333  40.759  -30.269  67.303 0.0000000000
70303  42.101  -29.429  69.996 0.0000000000
138576  38.607  -39.829  70.505 0.0000000000
60960  40.832  -38.693  71.250 0.0000000000
57668  40.881  -41.657  76.891 0.0000000000
59860  42.962  -39.346  74.100 0.0000000000
150310  42.203  -36.096  72.382 0.0000000000
65935  42.933  -33.728  73.211 0.0000000000
68222  43.959  -31.508  73.261 0.0000000000
78873  53.003  -20.948  47.034 0.0000000000
139077  54.320  -23.430  47.075 0.0000000000
77903  57.472  -23.002  48.705 0.0000000000
45606  30.047  -53.306  84.735 0.0000000000
49704  11.059  -49.041  87.718 0.0000000000
48622  11.567  -49.564  89.691 0.0000000000
47555  10.702  -50.599  89.605 0.0000000000
71350  43.277  -28.936  67.858 0.0000000000
71349  44.770  -28.778  68.262 0.0000000000
44512  3.451  -54.450  86.126 0.0000000000
150802  28.887  -44.985  73.911 0.0000000000
54231  30.109  -44.116  74.789 0.0000000000
53010  30.171  -45.734  74.820 0.0000000000
48764  21.556  -49.529  78.623 0.0000000000
48724  21.682  -49.879  79.950 0.0000000000
49781  20.640  -49.418  78.937 0.0000000000
50962  22.034  -47.953  75.153 0.0000000000
49844  21.859  -48.599  76.607 0.0000000000
49794  22.782  -49.340  77.661 0.0000000000
48631  19.590  -50.492  88.867 0.0000000000
48608  19.560  -49.747  90.663 0.0000000000
77863  53.302  -22.725  52.831 0.0000000000
78824  54.691  -21.340  53.380 0.0000000000
78825  53.252  -21.278  54.000 0.0000000000
155180  54.101  -23.859  59.160 0.0000000000
76830  55.345  -22.987  59.290 0.0000000000
72582  43.931  -28.072  58.004 0.0000000000
156598  45.823  -27.835  58.574 0.0000000000
72567  45.714  -27.890  59.542 0.0000000000
63982  38.838  -35.277  69.619 0.0000000000
65982  39.219  -34.312  69.496 0.0000000000
66006  40.123  -33.745  69.459 0.0000000000
64936  40.312  -34.910  70.839 0.0000000000
54192  36.506  -44.910  77.021 0.0000000000
55421  37.955  -43.786  75.546 0.0000000000
146764  38.362  -44.472  77.700 0.0000000000
76903  50.848  -23.337  52.100 0.0000000000
77876  50.576  -23.054  51.384 0.0000000000
76902  51.845  -23.346  52.158 0.0000000000
76912  53.438  -23.126  51.292 0.0000000000
80865  55.826  -20.015  43.760 0.0000000000
79899  54.995  -20.885  44.645 0.0000000000
78909  55.334  -22.058  43.823 0.0000000000
79887  54.489  -20.848  45.245 0.0000000000
48737  28.834  -49.980  78.764 0.0000000000
47707  30.385  -50.794  78.094 0.0000000000
47690  30.008  -50.929  80.022 0.0000000000
49692  14.716  -48.709  88.808 0.0000000000
49682  15.880  -48.687  90.104 0.0000000000
50745  14.350  -48.365  90.351 0.0000000000
49662  11.443  -49.593  93.289 0.0000000000
50701  12.708  -48.949  94.231 0.0000000000
78841  47.813  -22.214  53.214 0.0000000000
79834  49.244  -22.478  54.522 0.0000000000
159126  48.027  -22.224  54.358 0.0000000000
77823  48.349  -22.858  55.760 0.0000000000
77822  48.968  -22.870  56.049 0.0000000000
76866  49.553  -23.343  56.544 0.0000000000
75859  51.424  -24.267  56.846 0.0000000000
142718  50.674  -24.686  56.809 0.0000000000
70392  43.619  -29.573  62.425 0.0000000000
71401  45.231  -29.317  62.976 0.0000000000
160007  44.761  -29.863  64.221 0.0000000000
77869  47.806  -22.262  52.253 0.0000000000
45561  8.191  -52.589  88.916 0.0000000000
45578  6.764  -53.372  88.815 0.0000000000
161699  40.537  -29.720  59.278 0.0000000000
155985  41.519  -29.466  60.013 0.0000000000
70437  40.332  -29.927  60.650 0.0000000000
70383  39.143  -29.988  63.090 0.0000000000
70395  40.390  -29.795  62.631 0.0000000000
70370  40.038  -29.873  64.493 0.0000000000
71383  41.159  -29.690  66.031 0.0000000000
161072  40.597  -29.862  65.937 0.0000000000
57730  30.016  -40.978  71.865 0.0000000000
56574  31.602  -44.130  75.034 0.0000000000
56606  31.714  -43.551  74.411 0.0000000000
55408  32.724  -44.218  75.874 0.0000000000
148037  33.411  -44.318  76.767 0.0000000000
55386  33.088  -44.991  77.456 0.0000000000
46718  32.830  -51.356  76.885 0.0000000000
48785  32.397  -49.809  76.397 0.0000000000
46717  33.687  -51.364  77.048 0.0000000000
47688  35.179  -50.370  80.095 0.0000000000
50852  34.375  -47.278  81.370 0.0000000000
139431  25.825  -50.900  83.650 0.0000000000
47606  25.993  -51.310  85.209 0.0000000000
47638  24.799  -50.878  83.537 0.0000000000
152074  21.345  -50.820  83.173 0.0000000000
47626  22.150  -51.163  84.532 0.0000000000
46648  21.472  -51.601  84.822 0.0000000000
46619  20.856  -51.859  86.237 0.0000000000
135593  19.740  -51.822  84.886 0.0000000000
48748  18.344  -49.854  79.192 0.0000000000
49762  15.244  -49.076  82.124 0.0000000000
138456  16.332  -49.937  81.644 0.0000000000
48675  16.436  -49.919  83.284 0.0000000000
48665  17.065  -50.196  84.590 0.0000000000
48667  15.664  -49.421  84.349 0.0000000000
49731  15.867  -49.530  85.607 0.0000000000
49745  14.460  -48.873  84.555 0.0000000000
50811  11.395  -47.608  86.032 0.0000000000
56645  27.006  -42.737  71.774 0.0000000000
55492  26.135  -43.155  71.376 0.0000000000
51937  24.236  -47.909  74.315 0.0000000000
51958  24.757  -47.191  73.874 0.0000000000
155666  26.106  -46.641  73.638 0.0000000000
50958  25.569  -48.275  75.142 0.0000000000
49840  26.685  -48.686  76.240 0.0000000000
49815  25.946  -48.940  76.752 0.0000000000
48700  24.845  -50.425  81.014 0.0000000000
48719  26.319  -50.091  80.416 0.0000000000
47672  26.404  -50.568  81.825 0.0000000000
47635  27.396  -50.844  83.338 0.0000000000
46605  25.023  -52.312  87.562 0.0000000000
46574  6.404  -52.057  92.433 0.0000000000
46558  8.097  -51.623  92.597 0.0000000000
77871  58.195  -22.475  51.696 0.0000000000
79826  57.155  -21.315  54.087 0.0000000000
76892  58.133  -23.158  53.815 0.0000000000
76884  57.823  -23.337  54.611 0.0000000000
76860  57.444  -23.427  56.260 0.0000000000
79800  51.897  -21.017  55.276 0.0000000000
80787  53.271  -20.103  54.887 0.0000000000
79789  54.007  -20.482  56.319 0.0000000000
78762  56.746  -22.230  57.900 0.0000000000
72590  48.049  -27.159  58.110 0.0000000000
135335  48.745  -26.680  57.652 0.0000000000
73598  49.418  -26.541  58.962 0.0000000000
74696  50.564  -25.927  59.180 0.0000000000
74664  50.722  -26.238  60.674 0.0000000000
71398  47.309  -28.760  63.407 0.0000000000
72519  47.893  -28.157  62.138 0.0000000000
72506  48.917  -28.030  63.469 0.0000000000
67236  38.448  -32.356  63.914 0.0000000000
67172  41.528  -32.026  68.726 0.0000000000
68293  40.821  -31.782  67.485 0.0000000000
68272  41.543  -31.084  68.823 0.0000000000
69324  41.033  -30.056  68.195 0.0000000000
69298  42.171  -30.789  70.008 0.0000000000
57725  34.042  -41.837  71.027 0.0000000000
161312  35.535  -41.924  71.363 0.0000000000
56620  38.808  -41.960  73.754 0.0000000000
58780  38.202  -41.017  71.842 0.0000000000
138845  39.595  -40.797  72.588 0.0000000000
59898  39.684  -39.768  71.265 0.0000000000
59887  40.934  -39.830  72.305 0.0000000000
57648  40.180  -42.390  78.231 0.0000000000
161940  43.429  -38.328  75.001 0.0000000000
61974  42.782  -37.700  72.847 0.0000000000
148330  43.129  -36.161  73.721 0.0000000000
63962  42.471  -35.378  72.669 0.0000000000
63952  43.241  -35.342  74.138 0.0000000000
77906  51.902  -22.040  49.159 0.0000000000
78874  52.566  -21.522  47.521 0.0000000000
77931  53.523  -22.539  46.401 0.0000000000
161079  53.512  -23.162  47.863 0.0000000000
77883  55.901  -22.500  50.739 0.0000000000
77894  56.093  -22.949  49.257 0.0000000000
77882  57.125  -22.475  50.232 0.0000000000
77891  58.116  -23.082  48.903 0.0000000000
78932  58.410  -21.493  42.569 0.0000000000
76978  57.401  -23.469  45.491 0.0000000000
76976  58.712  -23.905  46.097 0.0000000000
76951  57.901  -23.393  47.310 0.0000000000
47651  29.154  -50.930  82.101 0.0000000000
46685  30.414  -51.847  81.983 0.0000000000
46671  30.285  -52.070  82.977 0.0000000000
155488  12.625  -48.562  88.085 0.0000000000
50747  13.075  -48.461  90.181 0.0000000000
49693  12.555  -48.705  89.741 0.0000000000
48599  11.590  -49.658  91.507 0.0000000000
48594  10.141  -50.381  93.337 0.0000000000
162101  46.658  -22.229  54.883 0.0000000000
76875  47.216  -23.220  55.397 0.0000000000
70355  43.649  -29.943  65.580 0.0000000000
70341  45.265  -29.631  65.899 0.0000000000
135948  44.798  -29.431  67.045 0.0000000000
72468  45.735  -28.842  68.092 0.0000000000
44482  5.568  -53.875  88.431 0.0000000000
44498  4.462  -54.431  87.390 0.0000000000
45580  2.243  -53.350  88.084 0.0000000000
70438  39.458  -30.005  60.554 0.0000000000
159132  38.499  -30.252  63.039 0.0000000000
57699  29.709  -41.841  73.121 0.0000000000
56608  30.056  -42.832  73.883 0.0000000000
55428  30.673  -43.643  74.833 0.0000000000
53000  31.668  -45.023  76.128 0.0000000000
152580  24.109  -50.475  81.240 0.0000000000
47656  23.847  -50.695  82.554 0.0000000000
47676  22.740  -50.331  81.489 0.0000000000
152155  21.273  -50.031  81.232 0.0000000000
152387  20.183  -50.474  81.509 0.0000000000
157049  13.691  -48.393  83.470 0.0000000000
136445  13.412  -48.125  82.849 0.0000000000
51938  23.262  -47.909  74.335 0.0000000000
50939  24.156  -48.739  75.686 0.0000000000
49816  25.139  -49.125  77.234 0.0000000000
49793  23.701  -49.531  77.808 0.0000000000
48742  24.311  -49.922  79.346 0.0000000000
47563  22.783  -51.302  89.005 0.0000000000
78848  56.201  -22.137  51.468 0.0000000000
78846  57.324  -21.848  51.839 0.0000000000
78839  56.022  -21.486  52.660 0.0000000000
79828  56.222  -20.747  53.792 0.0000000000
79813  56.343  -20.512  54.267 0.0000000000
77810  53.839  -22.535  57.122 0.0000000000
78781  54.152  -21.792  57.095 0.0000000000
77798  55.086  -22.853  58.334 0.0000000000
77790  56.136  -22.754  59.795 0.0000000000
73631  45.306  -26.686  56.197 0.0000000000
72606  45.387  -27.414  56.799 0.0000000000
72580  46.757  -27.582  58.516 0.0000000000
72564  48.034  -27.108  59.874 0.0000000000
72496  49.578  -27.446  65.023 0.0000000000
134288  38.331  -33.700  66.870 0.0000000000
67203  39.227  -33.155  66.210 0.0000000000
135110  39.840  -33.241  67.508 0.0000000000
67173  40.541  -33.302  68.773 0.0000000000
67161  41.380  -32.986  69.968 0.0000000000
55468  35.011  -43.796  73.752 0.0000000000
56638  36.362  -42.803  72.776 0.0000000000
55448  37.043  -43.373  74.211 0.0000000000
56601  38.540  -42.628  74.335 0.0000000000
153241  39.791  -42.160  75.109 0.0000000000
78855  48.910  -21.232  50.566 0.0000000000
135876  50.036  -20.246  49.689 0.0000000000
77897  50.712  -21.928  50.158 0.0000000000
77896  51.361  -22.157  49.806 0.0000000000
77895  52.328  -22.641  49.255 0.0000000000
76928  53.531  -23.177  49.415 0.0000000000
76919  53.495  -23.139  50.307 0.0000000000
77884  55.024  -22.893  50.735 0.0000000000
79911  56.217  -19.913  42.867 0.0000000000
78934  56.510  -21.007  42.482 0.0000000000
77971  57.661  -21.897  42.982 0.0000000000
77959  57.971  -22.420  43.292 0.0000000000
77961  56.959  -22.494  43.332 0.0000000000
76991  56.064  -23.500  44.505 0.0000000000
76979  55.681  -23.640  45.268 0.0000000000
50936  28.844  -47.945  75.825 0.0000000000
50935  29.791  -47.888  75.863 0.0000000000
48774  30.311  -49.887  76.863 0.0000000000
46711  31.317  -51.196  77.701 0.0000000000
46702  32.536  -52.349  78.501 0.0000000000
48621  17.560  -49.669  88.652 0.0000000000
49680  18.646  -49.286  90.692 0.0000000000
49681  16.865  -48.813  90.518 0.0000000000
50721  16.593  -48.292  92.897 0.0000000000
50725  13.391  -48.229  92.198 0.0000000000
49647  13.958  -48.755  94.649 0.0000000000
77854  49.754  -22.870  53.538 0.0000000000
78827  51.405  -21.972  54.186 0.0000000000
78828  50.483  -22.464  54.105 0.0000000000
79817  50.720  -21.985  54.813 0.0000000000
78791  51.257  -21.349  55.812 0.0000000000
141378  48.330  -22.318  54.942 0.0000000000
78793  50.116  -22.110  55.721 0.0000000000
152286  51.139  -21.807  56.383 0.0000000000
76863  52.455  -23.144  57.005 0.0000000000
143975  52.761  -24.451  57.444 0.0000000000
75824  52.842  -24.748  59.110 0.0000000000
71453  43.838  -28.793  60.215 0.0000000000
71452  45.188  -28.449  60.829 0.0000000000
158903  44.867  -28.822  61.419 0.0000000000
143317  46.652  -28.877  62.962 0.0000000000
71388  47.572  -28.378  64.656 0.0000000000
71381  45.940  -29.255  65.794 0.0000000000
71380  46.863  -27.946  66.411 0.0000000000
72489  47.550  -27.738  66.371 0.0000000000
63017  39.296  -36.961  69.733 0.0000000000
55373  38.636  -44.049  79.521 0.0000000000
79848  48.155  -20.673  50.740 0.0000000000
160263  48.287  -21.521  50.991 0.0000000000
77877  49.030  -22.955  51.914 0.0000000000
158588  55.530  -17.935  46.129 0.0000000000
161367  54.820  -18.490  46.085 0.0000000000
138500  9.665  -51.366  87.342 0.0000000000
46589  9.659  -51.606  89.142 0.0000000000
46600  8.905  -52.050  88.519 0.0000000000
45547  7.043  -52.813  90.333 0.0000000000
45535  5.609  -52.751  91.172 0.0000000000
44471  5.127  -53.752  89.214 0.0000000000
71479  43.055  -28.592  57.804 0.0000000000
71481  41.187  -29.154  58.184 0.0000000000
134781  43.247  -28.847  59.512 0.0000000000
71435  42.877  -28.987  60.444 0.0000000000
70411  42.612  -29.444  61.393 0.0000000000
152296  43.134  -29.837  62.940 0.0000000000
70413  40.637  -29.854  61.556 0.0000000000
70394  41.323  -29.822  62.891 0.0000000000
136462  42.155  -29.907  63.954 0.0000000000
137797  42.685  -29.888  65.463 0.0000000000
71371  42.284  -29.325  66.928 0.0000000000
135881  42.048  -28.815  68.079 0.0000000000
56658  32.779  -42.363  71.584 0.0000000000
57697  31.118  -42.482  72.948 0.0000000000
56625  31.916  -42.874  73.168 0.0000000000
56623  33.902  -43.408  73.000 0.0000000000
55450  34.619  -43.969  74.504 0.0000000000
54211  34.937  -44.643  76.852 0.0000000000
54179  35.708  -45.053  78.816 0.0000000000
50954  31.189  -47.104  75.696 0.0000000000
50919  32.239  -47.330  76.785 0.0000000000
50908  32.656  -46.938  77.635 0.0000000000
47696  34.899  -50.708  78.360 0.0000000000
49780  33.186  -48.130  78.883 0.0000000000
51881  33.126  -46.130  78.627 0.0000000000
52943  33.748  -45.692  78.943 0.0000000000
54151  34.723  -45.524  79.971 0.0000000000
54150  35.662  -45.562  80.491 0.0000000000
46615  27.588  -52.315  85.710 0.0000000000
46633  26.427  -51.746  85.614 0.0000000000
46618  25.263  -52.199  86.662 0.0000000000
47592  24.147  -51.925  86.671 0.0000000000
152053  23.682  -50.886  83.907 0.0000000000
47609  23.483  -51.497  85.442 0.0000000000
47577  23.490  -51.733  86.991 0.0000000000
160453  21.774  -51.690  87.625 0.0000000000
139581  20.220  -51.391  87.714 0.0000000000
47580  19.266  -50.970  87.422 0.0000000000
49782  19.706  -49.175  78.937 0.0000000000
48726  19.507  -50.036  80.177 0.0000000000
47679  19.366  -50.950  81.583 0.0000000000
48729  16.367  -49.917  80.188 0.0000000000
47681  17.567  -50.754  81.152 0.0000000000
153234  18.638  -51.506  82.937 0.0000000000
161615  18.348  -51.230  84.630 0.0000000000
47597  18.065  -50.695  86.138 0.0000000000
48649  17.892  -50.224  86.937 0.0000000000
48643  16.728  -49.678  87.430 0.0000000000
49709  15.269  -48.989  87.238 0.0000000000
49710  14.394  -48.775  87.115 0.0000000000
138735  13.648  -48.425  84.249 0.0000000000
50809  13.084  -48.029  85.850 0.0000000000
152400  13.221  -48.335  87.194 0.0000000000
138340  12.054  -47.994  87.163 0.0000000000
49712  11.068  -48.270  87.102 0.0000000000
144530  10.697  -48.949  86.557 0.0000000000
48644  10.439  -49.777  85.994 0.0000000000
47583  9.737  -51.018  86.314 0.0000000000
57714  28.279  -41.633  72.208 0.0000000000
55471  27.811  -43.777  72.779 0.0000000000
53038  28.102  -45.079  73.374 0.0000000000
54254  26.478  -45.207  72.618 0.0000000000
53022  26.836  -46.360  73.652 0.0000000000
51933  27.954  -47.119  74.818 0.0000000000
148250  28.022  -48.217  76.091 0.0000000000
48776  28.040  -49.431  77.969 0.0000000000
48738  28.291  -49.987  79.552 0.0000000000
159231  26.074  -49.567  78.257 0.0000000000
135664  26.861  -49.934  79.773 0.0000000000
47670  28.523  -50.654  81.658 0.0000000000
47634  28.220  -50.891  83.153 0.0000000000
46646  28.396  -51.676  84.397 0.0000000000
47549  9.908  -51.107  90.841 0.0000000000
47538  9.548  -50.859  92.795 0.0000000000
77860  58.265  -22.565  52.483 0.0000000000
139161  52.879  -20.881  54.429 0.0000000000
80798  54.553  -19.801  54.540 0.0000000000
80775  56.418  -20.383  55.557 0.0000000000
79776  55.369  -20.953  56.924 0.0000000000
79775  56.419  -21.262  56.715 0.0000000000
77817  57.468  -22.702  56.426 0.0000000000
76877  45.651  -23.644  54.956 0.0000000000
145709  47.523  -24.660  56.154 0.0000000000
143589  46.853  -26.286  56.576 0.0000000000
74728  47.687  -25.719  56.601 0.0000000000
74726  49.456  -25.428  56.888 0.0000000000
74715  50.637  -25.599  57.352 0.0000000000
75825  52.073  -25.141  59.120 0.0000000000
75803  53.058  -24.916  60.772 0.0000000000
72534  46.763  -27.955  61.072 0.0000000000
72551  48.260  -27.471  60.696 0.0000000000
73573  49.143  -27.172  61.001 0.0000000000
72505  49.746  -27.666  63.767 0.0000000000
72516  50.145  -27.377  62.744 0.0000000000
73572  50.441  -26.713  61.381 0.0000000000
73571  51.658  -26.271  62.201 0.0000000000
74662  52.867  -25.361  61.721 0.0000000000
69372  37.886  -30.901  63.257 0.0000000000
70372  38.876  -30.604  63.970 0.0000000000
67202  39.962  -32.235  66.093 0.0000000000
69357  39.617  -30.736  65.139 0.0000000000
70358  40.009  -30.348  65.517 0.0000000000
71354  40.796  -29.980  66.811 0.0000000000
71325  41.865  -29.195  68.923 0.0000000000
72424  42.600  -28.573  70.010 0.0000000000
57723  36.854  -41.676  71.589 0.0000000000
60976  39.153  -38.593  69.945 0.0000000000
61996  39.654  -37.896  70.047 0.0000000000
61984  40.704  -37.245  71.010 0.0000000000
56565  39.003  -43.655  77.917 0.0000000000
57669  40.281  -42.146  76.381 0.0000000000
57687  40.580  -41.694  74.998 0.0000000000
58733  41.898  -40.661  75.622 0.0000000000
58765  41.723  -40.474  73.956 0.0000000000
60936  42.510  -39.037  72.838 0.0000000000
61975  42.129  -37.742  72.153 0.0000000000
62996  41.086  -36.396  71.474 0.0000000000
64934  41.558  -34.683  71.839 0.0000000000
65944  41.914  -33.993  71.945 0.0000000000
67142  42.941  -32.556  71.544 0.0000000000
65922  43.479  -33.868  74.917 0.0000000000
67125  43.726  -32.248  72.851 0.0000000000
68238  43.485  -31.180  71.721 0.0000000000
69283  43.022  -30.112  71.937 0.0000000000
81760  54.022  -18.944  46.358 0.0000000000
80834  53.656  -19.768  46.391 0.0000000000
78888  53.655  -21.724  46.012 0.0000000000
76981  54.214  -22.992  45.898 0.0000000000
76966  56.267  -23.527  46.762 0.0000000000
76941  54.574  -23.325  48.463 0.0000000000
157743  55.932  -23.369  47.669 0.0000000000
76939  56.758  -23.240  47.578 0.0000000000
77916  57.870  -23.267  48.051 0.0000000000
44518  28.647  -53.283  85.793 0.0000000000
43388  29.014  -54.085  85.764 0.0000000000
49695  11.260  -49.463  88.614 0.0000000000
47567  10.686  -50.428  88.523 0.0000000000
72452  43.322  -28.244  69.052 0.0000000000
51954  28.951  -45.711  74.144 0.0000000000
53020  29.647  -45.078  74.445 0.0000000000
150161  29.432  -46.023  74.444 0.0000000000
149173  21.426  -48.830  77.339 0.0000000000
140779  21.053  -49.067  78.112 0.0000000000
49795  21.892  -49.202  77.917 0.0000000000
137198  20.187  -50.028  90.167 0.0000000000
48619  19.562  -50.027  89.651 0.0000000000
77864  52.295  -23.016  52.895 0.0000000000
77851  52.784  -22.205  53.539 0.0000000000
76818  53.932  -24.028  59.833 0.0000000000
75802  54.596  -23.778  60.464 0.0000000000
72569  44.240  -28.113  58.729 0.0000000000
72568  44.912  -27.955  59.202 0.0000000000
64953  38.638  -34.523  69.231 0.0000000000
64943  39.235  -34.603  69.857 0.0000000000
64942  39.821  -34.741  70.370 0.0000000000
54177  37.252  -45.100  78.232 0.0000000000
54191  37.500  -44.917  77.466 0.0000000000
55383  37.901  -44.839  78.359 0.0000000000
76901  52.872  -23.214  52.182 0.0000000000
79886  54.886  -20.132  44.910 0.0000000000
80848  54.530  -19.963  45.403 0.0000000000
47699  29.247  -50.465  79.506 0.0000000000
47668  29.878  -51.036  80.883 0.0000000000
50753  13.947  -48.457  89.383 0.0000000000
143584  47.160  -21.527  53.345 0.0000000000
78831  47.552  -21.785  53.955 0.0000000000
76867  48.673  -23.396  56.213 0.0000000000
146639  49.014  -24.023  56.620 0.0000000000
153675  49.783  -24.525  56.758 0.0000000000
70379  43.821  -29.810  63.196 0.0000000000
70378  44.628  -29.742  63.465 0.0000000000
44481  7.489  -52.985  88.311 0.0000000000
71468  39.780  -29.685  58.847 0.0000000000
70454  40.029  -29.965  59.800 0.0000000000
70455  39.143  -29.912  59.635 0.0000000000
70382  39.729  -29.880  63.482 0.0000000000
70357  40.166  -30.014  65.434 0.0000000000
55410  31.971  -44.525  75.619 0.0000000000
56573  32.152  -44.226  75.268 0.0000000000
55409  32.576  -44.366  75.972 0.0000000000
55398  33.226  -44.526  76.906 0.0000000000
142000  32.958  -45.074  77.259 0.0000000000
45693  33.349  -52.431  77.890 0.0000000000
45699  33.921  -52.161  77.472 0.0000000000
47637  25.871  -50.805  82.802 0.0000000000
152527  25.316  -50.872  83.375 0.0000000000
160940  20.685  -50.919  82.868 0.0000000000
47627  21.283  -51.191  84.032 0.0000000000
46660  20.440  -51.591  83.913 0.0000000000
46649  20.657  -51.775  84.677 0.0000000000
46661  19.771  -51.699  83.631 0.0000000000
48689  15.776  -49.500  82.805 0.0000000000
48666  16.355  -49.823  84.231 0.0000000000
48676  15.726  -49.442  83.644 0.0000000000
49744  15.140  -48.985  84.058 0.0000000000
50959  24.654  -48.359  75.037 0.0000000000
51936  25.173  -47.809  74.432 0.0000000000
147294  25.856  -48.652  75.903 0.0000000000
49841  25.307  -48.891  76.403 0.0000000000
47673  25.365  -50.642  81.882 0.0000000000
48699  25.825  -50.390  81.078 0.0000000000
46606  24.372  -52.043  87.957 0.0000000000
77881  57.768  -22.500  50.488 0.0000000000
155683  58.302  -22.824  50.888 0.0000000000
77872  57.866  -22.192  51.314 0.0000000000
135359  57.364  -21.714  54.355 0.0000000000
77840  57.710  -22.418  54.277 0.0000000000
77830  57.587  -22.762  55.169 0.0000000000
76874  57.598  -23.614  55.380 0.0000000000
152982  57.532  -22.963  55.826 0.0000000000
79791  52.154  -20.903  55.923 0.0000000000
79799  52.710  -20.516  55.340 0.0000000000
79790  53.072  -20.685  56.091 0.0000000000
73599  48.764  -26.860  59.407 0.0000000000
73609  48.771  -26.862  58.506 0.0000000000
156213  49.928  -26.206  59.325 0.0000000000
73584  50.218  -26.131  59.965 0.0000000000
72507  48.065  -28.392  63.168 0.0000000000
158878  38.364  -32.917  64.338 0.0000000000
68281  41.147  -31.473  68.192 0.0000000000
69313  41.785  -30.638  69.408 0.0000000000
56656  34.274  -42.409  71.654 0.0000000000
57724  34.840  -41.871  71.187 0.0000000000
56655  35.123  -42.416  71.813 0.0000000000
57695  39.618  -41.670  73.876 0.0000000000
58768  39.199  -41.399  73.168 0.0000000000
58791  40.021  -40.100  72.070 0.0000000000
58778  40.481  -40.494  72.820 0.0000000000
61944  43.428  -37.855  75.518 0.0000000000
141377  43.392  -36.992  74.097 0.0000000000
143243  43.404  -36.150  74.576 0.0000000000
63946  43.434  -35.307  75.063 0.0000000000
78867  51.717  -21.386  48.742 0.0000000000
78866  52.183  -21.795  48.339 0.0000000000
77919  52.571  -22.250  47.900 0.0000000000
77918  52.965  -22.372  47.246 0.0000000000
77905  53.023  -22.822  47.998 0.0000000000
78854  56.631  -22.311  50.864 0.0000000000
133824  56.407  -22.605  50.060 0.0000000000
77969  58.771  -22.446  42.500 0.0000000000
76965  57.710  -23.427  46.418 0.0000000000
76964  58.309  -23.635  46.693 0.0000000000
47633  28.995  -51.088  82.876 0.0000000000
46672  29.676  -51.506  82.483 0.0000000000
46658  29.491  -51.745  83.350 0.0000000000
149625  12.115  -48.350  87.827 0.0000000000
50755  12.742  -48.668  89.417 0.0000000000
50756  12.362  -48.729  88.882 0.0000000000
144140  11.016  -50.042  90.155 0.0000000000
48609  11.631  -49.634  90.624 0.0000000000
48600  10.954  -50.122  91.925 0.0000000000
48593  10.816  -49.986  92.845 0.0000000000
47537  10.322  -50.564  92.365 0.0000000000
77834  46.028  -22.550  54.870 0.0000000000
77833  46.890  -22.653  55.097 0.0000000000
76876  46.528  -23.429  55.152 0.0000000000
70343  43.931  -29.849  66.380 0.0000000000
153576  44.206  -29.608  66.949 0.0000000000
160761  5.062  -54.397  86.806 0.0000000000
44500  2.948  -53.989  87.247 0.0000000000
57700  28.924  -41.779  72.716 0.0000000000
151564  29.510  -42.232  73.313 0.0000000000
56609  29.437  -42.869  73.618 0.0000000000
150287  30.389  -44.838  75.075 0.0000000000
54230  30.832  -44.208  75.282 0.0000000000
54212  31.487  -44.512  75.681 0.0000000000
51920  31.272  -45.513  75.764 0.0000000000
48722  23.586  -49.988  80.051 0.0000000000
48701  23.520  -50.279  80.980 0.0000000000
48702  22.898  -50.047  80.687 0.0000000000
136689  20.844  -49.835  79.767 0.0000000000
48703  22.012  -49.965  80.829 0.0000000000
138774  21.121  -49.939  80.555 0.0000000000
47678  20.867  -50.325  81.725 0.0000000000
48704  20.576  -50.062  81.106 0.0000000000
50941  22.381  -48.342  75.901 0.0000000000
51939  22.467  -47.799  74.501 0.0000000000
50940  23.254  -48.621  75.783 0.0000000000
50960  23.725  -48.372  75.029 0.0000000000
49843  23.740  -48.956  76.471 0.0000000000
49817  24.203  -49.186  77.192 0.0000000000
49818  23.458  -49.144  77.187 0.0000000000
160350  22.657  -49.790  78.850 0.0000000000
48762  23.156  -49.761  78.524 0.0000000000
48743  23.607  -49.882  79.155 0.0000000000
159488  24.135  -50.295  80.679 0.0000000000
47564  21.845  -51.049  89.200 0.0000000000
77861  55.781  -22.001  52.123 0.0000000000
156767  56.366  -21.800  52.060 0.0000000000
137473  55.301  -21.695  52.770 0.0000000000
79840  55.444  -21.111  53.337 0.0000000000
79829  55.535  -20.623  53.788 0.0000000000
80806  55.712  -20.305  54.189 0.0000000000
76857  53.733  -23.412  57.292 0.0000000000
77809  54.572  -22.611  57.526 0.0000000000
72608  43.856  -27.615  56.496 0.0000000000
72607  44.621  -27.282  56.355 0.0000000000
72566  46.570  -27.716  59.284 0.0000000000
140225  47.019  -27.522  58.961 0.0000000000
72565  47.329  -27.442  59.415 0.0000000000
145860  37.572  -33.775  66.666 0.0000000000
67185  38.391  -33.883  67.643 0.0000000000
67192  39.218  -33.531  67.167 0.0000000000
67184  39.280  -33.719  67.973 0.0000000000
65979  41.572  -33.264  70.590 0.0000000000
55449  35.552  -43.961  74.245 0.0000000000
150914  36.344  -43.750  74.103 0.0000000000
56582  38.176  -43.127  75.008 0.0000000000
154454  38.577  -43.335  75.617 0.0000000000
56581  39.023  -42.711  75.210 0.0000000000
152929  49.805  -21.759  50.566 0.0000000000
76914  51.481  -23.168  51.380 0.0000000000
77886  51.217  -22.673  50.577 0.0000000000
147774  51.920  -22.607  49.872 0.0000000000
152101  52.699  -22.964  49.851 0.0000000000
136721  52.806  -23.130  50.682 0.0000000000
77875  53.859  -22.899  52.175 0.0000000000
77874  54.482  -22.897  51.478 0.0000000000
77873  55.418  -22.504  51.484 0.0000000000
134722  55.360  -21.065  43.835 0.0000000000
79912  55.972  -20.665  42.957 0.0000000000
78922  56.656  -21.798  42.835 0.0000000000
77962  56.069  -22.397  43.382 0.0000000000
77949  54.903  -22.533  44.495 0.0000000000
77948  55.604  -22.895  44.045 0.0000000000
76992  55.206  -23.273  44.745 0.0000000000
49812  29.028  -49.008  76.954 0.0000000000
49837  29.333  -48.506  76.300 0.0000000000
48775  29.489  -49.635  77.241 0.0000000000
46712  30.827  -51.207  78.636 0.0000000000
46703  31.539  -51.756  78.718 0.0000000000
45682  31.908  -52.227  79.509 0.0000000000
48633  16.838  -49.513  88.237 0.0000000000
49689  17.303  -49.060  89.780 0.0000000000
49690  16.479  -48.917  89.540 0.0000000000
50733  15.527  -48.252  91.543 0.0000000000
50732  16.354  -48.315  91.940 0.0000000000
151401  15.818  -48.097  92.379 0.0000000000
50708  16.399  -48.208  93.718 0.0000000000
149603  15.232  -47.918  93.447 0.0000000000
50736  13.321  -48.310  91.144 0.0000000000
78829  49.387  -22.610  54.003 0.0000000000
79833  50.133  -22.365  54.546 0.0000000000
79818  49.777  -22.346  54.825 0.0000000000
79801  51.108  -21.589  55.255 0.0000000000
79802  50.302  -22.120  55.285 0.0000000000
78811  47.209  -21.828  54.492 0.0000000000
78810  47.807  -22.113  54.493 0.0000000000
77821  49.911  -22.381  56.191 0.0000000000
78794  49.428  -22.379  55.615 0.0000000000
78792  50.564  -21.821  56.022 0.0000000000
77820  50.725  -22.393  56.562 0.0000000000
139124  51.608  -22.501  56.898 0.0000000000
154508  51.848  -23.506  56.921 0.0000000000
75851  51.920  -24.703  57.116 0.0000000000
75858  52.494  -24.065  56.898 0.0000000000
75841  53.239  -24.467  58.269 0.0000000000
75842  52.479  -24.879  58.284 0.0000000000
71434  43.510  -28.992  61.111 0.0000000000
134614  44.397  -28.785  60.882 0.0000000000
71400  45.987  -29.140  63.392 0.0000000000
71399  46.711  -28.994  63.813 0.0000000000
71389  46.859  -28.842  64.744 0.0000000000
71368  45.547  -29.360  66.662 0.0000000000
71367  46.390  -28.745  66.532 0.0000000000
72478  47.192  -27.854  67.088 0.0000000000
71365  48.026  -28.077  67.339 0.0000000000
63027  38.170  -36.702  68.704 0.0000000000
63018  38.603  -36.191  69.245 0.0000000000
161264  47.668  -21.313  51.255 0.0000000000
77868  48.489  -22.681  52.543 0.0000000000
77878  48.385  -22.534  51.882 0.0000000000
77867  49.301  -23.091  52.679 0.0000000000
156952  9.504  -51.652  88.182 0.0000000000
45562  7.325  -52.915  89.358 0.0000000000
45548  6.099  -52.955  90.481 0.0000000000
44483  4.557  -54.035  88.396 0.0000000000
44472  4.232  -53.704  89.323 0.0000000000
71492  42.304  -28.625  57.348 0.0000000000
71467  40.606  -29.480  58.698 0.0000000000
136344  41.888  -29.030  58.788 0.0000000000
151251  42.199  -29.065  59.646 0.0000000000
70436  41.193  -29.782  60.675 0.0000000000
70435  42.015  -29.420  60.597 0.0000000000
70393  42.846  -29.713  62.284 0.0000000000
139704  42.000  -29.788  62.183 0.0000000000
70415  38.992  -30.009  61.359 0.0000000000
70414  39.771  -29.905  61.371 0.0000000000
135014  39.905  -29.834  62.044 0.0000000000
134818  40.589  -29.797  63.607 0.0000000000
70381  41.449  -29.853  63.731 0.0000000000
70368  42.413  -29.918  64.632 0.0000000000
71382  42.000  -29.639  66.154 0.0000000000
71351  42.501  -28.949  67.662 0.0000000000
71352  41.794  -29.140  67.468 0.0000000000
57727  32.044  -41.947  71.399 0.0000000000
157489  32.572  -41.806  70.985 0.0000000000
57709  32.086  -42.418  71.917 0.0000000000
57698  30.411  -42.400  73.417 0.0000000000
56605  32.238  -43.819  74.561 0.0000000000
142045  32.075  -43.310  73.949 0.0000000000
56604  32.811  -43.715  74.077 0.0000000000
56624  32.857  -43.252  73.202 0.0000000000
157310  33.477  -43.678  73.660 0.0000000000
55469  34.248  -43.752  73.711 0.0000000000
55451  33.632  -43.868  74.418 0.0000000000
55396  34.185  -44.597  77.130 0.0000000000
55406  34.106  -44.310  76.284 0.0000000000
54193  35.655  -44.833  77.192 0.0000000000
152243  34.999  -44.792  77.968 0.0000000000
48787  30.759  -49.474  76.427 0.0000000000
50934  30.620  -47.826  76.007 0.0000000000
49836  30.853  -48.698  76.248 0.0000000000
48773  32.847  -49.413  76.690 0.0000000000
49811  32.125  -48.194  76.710 0.0000000000
49810  32.657  -48.629  77.013 0.0000000000
51913  32.234  -46.377  76.942 0.0000000000
49789  32.954  -48.318  77.887 0.0000000000
48716  33.959  -49.120  79.772 0.0000000000
49779  33.616  -48.398  79.512 0.0000000000
50900  33.077  -47.279  79.220 0.0000000000
51880  33.318  -46.676  79.235 0.0000000000
152673  33.557  -46.250  79.074 0.0000000000
51862  33.843  -46.633  79.701 0.0000000000
52917  34.478  -46.294  80.794 0.0000000000
54138  35.070  -45.763  80.736 0.0000000000
46632  27.241  -51.821  85.386 0.0000000000
46616  26.885  -52.318  86.113 0.0000000000
137847  25.403  -51.160  84.916 0.0000000000
47590  25.657  -51.824  85.826 0.0000000000
47591  24.881  -51.926  86.129 0.0000000000
137848  24.398  -51.802  85.921 0.0000000000
47657  22.927  -50.605  82.381 0.0000000000
47639  24.118  -50.829  83.345 0.0000000000
47640  23.193  -50.759  83.270 0.0000000000
47610  22.877  -51.294  85.064 0.0000000000
47594  22.884  -51.636  86.139 0.0000000000
47578  22.633  -51.662  87.314 0.0000000000
47595  21.708  -51.793  86.617 0.0000000000
46620  19.968  -51.765  86.338 0.0000000000
46607  20.452  -51.770  86.935 0.0000000000
135023  19.780  -51.556  87.009 0.0000000000
47596  19.164  -51.339  86.501 0.0000000000
48727  18.648  -50.259  79.931 0.0000000000
48706  18.963  -50.640  80.710 0.0000000000
47693  18.068  -50.758  80.471 0.0000000000
138527  16.151  -49.808  80.975 0.0000000000
137925  17.109  -50.515  82.792 0.0000000000
48687  17.019  -50.451  81.852 0.0000000000
140640  17.903  -50.998  82.193 0.0000000000
47628  18.525  -51.472  83.986 0.0000000000
47598  17.354  -50.383  85.403 0.0000000000
48650  17.348  -50.085  86.342 0.0000000000
48642  17.263  -49.902  87.027 0.0000000000
48651  16.693  -49.768  86.677 0.0000000000
135392  15.188  -49.130  85.713 0.0000000000
49720  15.517  -49.262  86.365 0.0000000000
49721  14.633  -48.889  86.305 0.0000000000
50826  12.357  -47.723  85.026 0.0000000000
50794  12.820  -48.036  86.640 0.0000000000
50778  12.544  -48.215  87.377 0.0000000000
50795  12.047  -47.886  86.709 0.0000000000
50796  11.463  -47.881  86.745 0.0000000000
50780  11.072  -47.932  86.723 0.0000000000
49722  10.631  -48.089  85.902 0.0000000000
147452  10.231  -50.390  86.205 0.0000000000
47600  9.686  -50.685  85.510 0.0000000000
55480  27.438  -43.294  72.254 0.0000000000
56644  27.852  -42.378  72.177 0.0000000000
54252  28.130  -44.212  73.206 0.0000000000
54253  27.437  -44.710  72.882 0.0000000000
54266  25.287  -44.730  71.929 0.0000000000
54265  26.143  -44.547  72.086 0.0000000000
161437  25.685  -45.156  72.344 0.0000000000
147798  26.499  -46.982  74.155 0.0000000000
51956  27.370  -46.738  74.181 0.0000000000
50957  27.411  -47.872  75.150 0.0000000000
151243  28.077  -47.831  75.452 0.0000000000
50937  27.402  -48.254  75.856 0.0000000000
139649  26.708  -48.972  77.161 0.0000000000
49814  27.414  -49.166  77.577 0.0000000000
48758  27.380  -49.571  78.381 0.0000000000
48757  28.091  -49.751  78.686 0.0000000000
48739  27.469  -49.832  79.196 0.0000000000
49791  25.390  -49.558  78.065 0.0000000000
48759  25.683  -49.786  78.815 0.0000000000
48698  26.559  -50.304  81.059 0.0000000000
48718  27.183  -50.099  80.622 0.0000000000
48717  28.030  -50.125  80.429 0.0000000000
48696  27.812  -50.348  81.283 0.0000000000
139774  27.949  -50.580  81.981 0.0000000000
47621  27.095  -50.951  84.179 0.0000000000
47620  27.954  -51.034  83.954 0.0000000000
46647  27.596  -51.443  84.682 0.0000000000
46631  28.145  -52.005  85.224 0.0000000000
45585  26.065  -53.150  87.078 0.0000000000
49670  18.296  -48.926  91.422 0.0000000000
49669  19.134  -49.338  91.682 0.0000000000
49657  18.875  -49.281  92.508 0.0000000000
46581  9.448  -51.688  90.236 0.0000000000
47556  10.119  -51.131  89.919 0.0000000000
47540  7.942  -51.515  93.470 0.0000000000
47545  8.935  -51.320  92.212 0.0000000000
47539  8.695  -51.096  93.201 0.0000000000
47533  8.623  -51.128  93.892 0.0000000000
47534  7.879  -51.620  93.941 0.0000000000
78837  57.282  -21.627  52.653 0.0000000000
78845  57.918  -21.938  52.105 0.0000000000
152162  58.062  -24.103  54.248 0.0000000000
78826  52.304  -21.575  54.157 0.0000000000
80778  54.406  -19.870  55.826 0.0000000000
80799  53.842  -19.924  54.555 0.0000000000
80785  54.876  -19.643  55.179 0.0000000000
80784  55.613  -19.766  55.182 0.0000000000
80776  55.929  -19.974  55.808 0.0000000000
78779  55.424  -21.571  57.412 0.0000000000
79777  54.623  -21.071  56.942 0.0000000000
79766  55.869  -21.570  57.475 0.0000000000
78777  56.714  -21.756  57.183 0.0000000000
78776  57.136  -22.031  57.239 0.0000000000
78788  56.928  -21.539  56.550 0.0000000000
77807  57.336  -22.512  57.202 0.0000000000
76855  57.447  -23.175  57.105 0.0000000000
75872  45.217  -24.496  55.100 0.0000000000
75871  46.185  -24.423  55.348 0.0000000000
75870  47.049  -24.024  55.563 0.0000000000
75862  46.802  -24.758  55.773 0.0000000000
73630  46.098  -26.838  56.630 0.0000000000
73628  48.289  -26.373  57.041 0.0000000000
73617  49.107  -26.117  57.121 0.0000000000
74727  48.613  -25.629  56.802 0.0000000000
74716  49.869  -25.846  57.208 0.0000000000
73607  50.095  -26.104  57.771 0.0000000000
74680  51.023  -25.847  59.916 0.0000000000
140164  51.347  -25.608  59.083 0.0000000000
74695  51.730  -25.467  59.863 0.0000000000
74694  52.422  -25.033  60.007 0.0000000000
74678  52.331  -25.441  60.824 0.0000000000
72535  45.927  -28.075  60.974 0.0000000000
72518  48.724  -27.986  62.502 0.0000000000
72533  47.653  -27.896  61.260 0.0000000000
72532  48.537  -27.764  61.567 0.0000000000
72531  49.433  -27.515  61.979 0.0000000000
73548  51.125  -26.976  63.919 0.0000000000
72504  50.452  -27.320  63.565 0.0000000000
150886  50.830  -27.093  63.060 0.0000000000
73560  50.126  -27.081  61.942 0.0000000000
73559  50.842  -26.800  62.237 0.0000000000
135012  51.197  -26.272  61.443 0.0000000000
68333  38.214  -31.506  63.545 0.0000000000
69365  38.461  -31.080  63.818 0.0000000000
69358  39.070  -30.849  64.422 0.0000000000
67191  39.960  -32.874  66.803 0.0000000000
67221  39.504  -32.398  65.339 0.0000000000
68294  40.534  -30.991  67.025 0.0000000000
68304  40.201  -31.177  66.318 0.0000000000
69345  40.081  -30.596  65.919 0.0000000000
70345  40.461  -30.277  66.342 0.0000000000
70329  40.700  -30.153  66.930 0.0000000000
70315  41.743  -29.577  69.438 0.0000000000
70321  41.382  -29.592  68.293 0.0000000000
72440  42.422  -28.686  69.425 0.0000000000
71324  42.296  -28.990  69.785 0.0000000000
57696  37.174  -42.623  73.076 0.0000000000
57708  36.068  -42.219  71.942 0.0000000000
57707  36.957  -42.167  72.342 0.0000000000
139440  38.256  -40.449  71.017 0.0000000000
58793  37.520  -41.091  71.327 0.0000000000
59912  37.917  -39.969  70.254 0.0000000000
59897  40.526  -39.481  71.549 0.0000000000
60961  40.064  -38.988  70.944 0.0000000000
60974  40.361  -38.103  70.656 0.0000000000
157008  40.975  -37.967  71.193 0.0000000000
56548  39.133  -43.400  79.897 0.0000000000
56557  39.088  -43.543  78.984 0.0000000000
56547  39.641  -42.972  79.385 0.0000000000
57647  40.895  -41.708  77.991 0.0000000000
157913  40.254  -42.247  77.289 0.0000000000
136120  40.230  -42.024  75.655 0.0000000000
57675  40.850  -41.669  75.929 0.0000000000
59844  42.939  -39.450  74.972 0.0000000000
59835  42.215  -40.238  76.209 0.0000000000
59845  42.403  -40.109  75.340 0.0000000000
58751  41.860  -40.624  74.852 0.0000000000
59861  42.403  -39.990  74.428 0.0000000000
59873  42.320  -39.729  73.445 0.0000000000
59872  42.877  -39.092  73.446 0.0000000000
62988  42.525  -36.896  72.535 0.0000000000
62995  41.810  -36.756  72.026 0.0000000000
156555  41.600  -36.010  71.993 0.0000000000
63972  41.237  -35.432  71.678 0.0000000000
63963  41.866  -35.368  72.172 0.0000000000
64928  42.694  -34.595  72.941 0.0000000000
64929  42.188  -34.628  72.347 0.0000000000
65943  42.530  -33.840  72.461 0.0000000000
65958  42.420  -33.301  71.795 0.0000000000
67126  43.001  -32.938  72.494 0.0000000000
155031  43.606  -34.439  75.538 0.0000000000
65921  43.724  -33.542  75.542 0.0000000000
67097  43.845  -32.408  74.576 0.0000000000
67108  43.830  -32.311  73.725 0.0000000000
67141  43.535  -32.115  71.999 0.0000000000
68237  43.789  -31.542  72.463 0.0000000000
69282  43.772  -30.618  72.721 0.0000000000
81759  54.291  -18.306  46.566 0.0000000000
78858  50.311  -21.115  49.823 0.0000000000
155045  50.710  -20.477  49.265 0.0000000000
79861  53.160  -20.275  46.873 0.0000000000
79872  53.478  -20.839  46.357 0.0000000000
78887  53.990  -21.108  45.793 0.0000000000
76969  53.943  -23.177  46.536 0.0000000000
76968  54.606  -23.461  46.308 0.0000000000
76952  55.228  -23.588  46.936 0.0000000000
76927  54.241  -23.268  49.094 0.0000000000
76942  53.637  -23.234  48.492 0.0000000000
76940  55.578  -23.218  48.467 0.0000000000
77904  56.655  -23.069  48.431 0.0000000000
77917  57.386  -23.209  47.889 0.0000000000
76938  58.538  -23.396  48.701 0.0000000000
79929  57.054  -19.664  41.682 0.0000000000
79928  57.734  -19.821  41.315 0.0000000000
146298  57.357  -23.086  43.835 0.0000000000
44517  29.345  -53.333  85.327 0.0000000000
49703  11.828  -48.818  88.324 0.0000000000
49694  11.975  -48.979  89.252 0.0000000000
135320  10.980  -49.962  89.355 0.0000000000
47548  10.621  -50.693  90.506 0.0000000000
71369  44.196  -29.222  67.642 0.0000000000
71334  43.755  -28.708  68.406 0.0000000000
55470  28.637  -43.371  73.297 0.0000000000
55454  29.214  -43.523  73.869 0.0000000000
54245  29.378  -44.172  74.219 0.0000000000
51931  30.766  -46.291  75.294 0.0000000000
48744  22.156  -49.811  79.207 0.0000000000
48723  22.537  -49.918  80.002 0.0000000000
48745  21.357  -49.761  79.274 0.0000000000
49819  22.171  -48.933  77.244 0.0000000000
48763  22.358  -49.628  78.440 0.0000000000
47565  20.299  -50.933  88.651 0.0000000000
47553  21.442  -50.824  90.044 0.0000000000
48618  20.766  -50.380  90.158 0.0000000000
48607  20.489  -50.011  90.811 0.0000000000
48598  19.950  -49.881  91.488 0.0000000000
137179  54.103  -22.461  52.702 0.0000000000
156093  54.590  -22.009  52.884 0.0000000000
78840  53.845  -21.888  53.368 0.0000000000
154995  54.043  -21.045  53.810 0.0000000000
147378  54.595  -23.465  58.766 0.0000000000
76831  54.670  -23.550  59.630 0.0000000000
76817  55.403  -23.209  60.234 0.0000000000
72581  44.818  -27.956  58.215 0.0000000000
66008  38.213  -34.263  68.562 0.0000000000
66007  38.924  -34.184  68.997 0.0000000000
67174  39.548  -33.823  68.772 0.0000000000
144820  39.454  -34.081  69.393 0.0000000000
65981  39.746  -34.132  69.981 0.0000000000
64941  40.384  -34.279  70.625 0.0000000000
54209  36.565  -44.728  76.189 0.0000000000
54228  37.059  -44.349  75.484 0.0000000000
54208  37.299  -44.714  76.480 0.0000000000
139518  37.798  -44.250  76.120 0.0000000000
55420  38.513  -43.817  76.298 0.0000000000
76913  52.409  -23.223  51.391 0.0000000000
151652  55.258  -20.369  44.349 0.0000000000
78910  54.758  -21.663  44.589 0.0000000000
78902  54.183  -21.693  45.361 0.0000000000
48756  29.164  -49.935  77.983 0.0000000000
47708  29.584  -50.423  78.494 0.0000000000
47698  30.138  -50.871  79.055 0.0000000000
46704  30.783  -51.454  79.545 0.0000000000
49701  15.404  -48.928  88.264 0.0000000000
49691  15.598  -48.825  89.190 0.0000000000
50744  15.239  -48.437  90.663 0.0000000000
50734  14.672  -48.194  91.219 0.0000000000
139887  12.016  -48.995  92.834 0.0000000000
49660  12.816  -48.585  92.688 0.0000000000
78830  48.421  -22.364  54.118 0.0000000000
78809  48.736  -22.393  54.736 0.0000000000
77832  47.696  -22.624  55.338 0.0000000000
77831  48.515  -22.478  55.363 0.0000000000
76864  51.042  -23.246  56.902 0.0000000000
76865  50.463  -23.863  56.784 0.0000000000
74724  51.127  -25.048  56.961 0.0000000000
70391  44.418  -29.459  62.643 0.0000000000
70377  45.386  -29.653  63.866 0.0000000000
72479  46.600  -28.105  67.146 0.0000000000
45577  8.298  -52.550  87.674 0.0000000000
70453  40.848  -29.776  59.927 0.0000000000
70396  39.460  -29.876  62.640 0.0000000000
161190  40.814  -29.791  64.332 0.0000000000
135383  40.751  -29.775  65.204 0.0000000000
153564  40.898  -29.770  66.532 0.0000000000
57729  30.761  -41.413  71.476 0.0000000000
56585  31.067  -43.607  74.708 0.0000000000
141971  31.176  -43.371  74.363 0.0000000000
56584  31.696  -43.934  74.788 0.0000000000
56583  32.093  -44.007  74.817 0.0000000000
55426  32.629  -44.069  75.279 0.0000000000
55425  33.356  -43.954  75.208 0.0000000000
55407  33.226  -44.112  76.032 0.0000000000
55397  33.388  -44.522  77.239 0.0000000000
55385  33.481  -44.857  77.728 0.0000000000
46727  32.380  -50.799  76.583 0.0000000000
48786  31.575  -49.469  76.367 0.0000000000
47723  32.606  -50.347  76.454 0.0000000000
48784  33.081  -50.111  76.548 0.0000000000
48772  33.500  -49.750  76.984 0.0000000000
48715  34.696  -49.559  80.373 0.0000000000
50870  34.064  -47.197  80.663 0.0000000000
47622  26.134  -50.968  84.375 0.0000000000
47623  25.239  -50.937  84.108 0.0000000000
47624  24.655  -51.135  84.757 0.0000000000
47658  22.066  -50.602  82.624 0.0000000000
47641  22.223  -50.811  83.556 0.0000000000
159033  21.429  -51.823  85.948 0.0000000000
46634  21.138  -51.818  85.437 0.0000000000
46635  20.300  -51.853  85.543 0.0000000000
48749  17.001  -50.084  79.465 0.0000000000
48708  15.705  -49.477  81.487 0.0000000000
160373  15.897  -49.573  82.124 0.0000000000
48688  16.434  -49.968  82.430 0.0000000000
48674  17.098  -50.382  83.774 0.0000000000
48657  16.545  -49.871  85.103 0.0000000000
48658  15.922  -49.585  84.851 0.0000000000
49732  15.248  -49.215  84.930 0.0000000000
55481  26.587  -43.688  71.891 0.0000000000
53023  25.324  -46.527  73.356 0.0000000000
51957  25.648  -47.102  74.035 0.0000000000
51935  26.096  -47.692  74.567 0.0000000000
50938  26.583  -48.198  75.314 0.0000000000
48741  25.157  -49.938  79.483 0.0000000000
48720  25.460  -50.126  80.295 0.0000000000
47671  27.296  -50.549  81.951 0.0000000000
47654  26.861  -50.735  82.664 0.0000000000
47636  26.529  -50.865  83.516 0.0000000000
46583  7.664  -52.352  90.989 0.0000000000
46572  8.330  -51.848  91.599 0.0000000000
46573  7.384  -52.037  91.992 0.0000000000
46559  7.223  -51.792  92.935 0.0000000000
78822  57.541  -21.866  53.724 0.0000000000
77850  58.034  -22.447  53.368 0.0000000000
160231  57.815  -23.931  54.825 0.0000000000
75868  57.644  -24.571  55.024 0.0000000000
75856  57.315  -24.257  55.889 0.0000000000
79816  51.646  -21.433  54.793 0.0000000000
79815  52.584  -20.791  54.742 0.0000000000
79798  53.512  -20.072  55.612 0.0000000000
78755  56.643  -22.480  58.707 0.0000000000
78763  56.304  -22.142  58.019 0.0000000000
74740  45.600  -25.221  55.525 0.0000000000
73618  47.826  -26.947  57.440 0.0000000000
73608  49.468  -26.521  58.126 0.0000000000
73597  50.057  -26.164  58.568 0.0000000000
74679  51.579  -25.813  60.653 0.0000000000
71413  47.300  -28.593  62.598 0.0000000000
72520  47.097  -28.270  61.823 0.0000000000
74635  52.179  -26.144  62.907 0.0000000000
67252  37.959  -32.327  63.426 0.0000000000
67182  40.943  -32.524  68.149 0.0000000000
67190  40.479  -32.030  66.750 0.0000000000
149451  40.884  -30.797  67.745 0.0000000000
155165  41.158  -30.606  68.392 0.0000000000
69314  41.334  -30.127  69.055 0.0000000000
69299  41.781  -29.975  69.924 0.0000000000
57706  38.433  -41.748  72.997 0.0000000000
158775  38.148  -41.528  72.383 0.0000000000
58779  38.761  -41.143  72.459 0.0000000000
58792  39.091  -40.502  71.717 0.0000000000
155322  38.959  -39.943  71.034 0.0000000000
60949  41.308  -39.129  71.869 0.0000000000
154927  40.057  -42.539  78.990 0.0000000000
57634  40.699  -42.075  78.993 0.0000000000
144328  41.439  -41.087  78.171 0.0000000000
60913  43.295  -38.758  74.629 0.0000000000
60926  43.251  -38.600  73.879 0.0000000000
61963  43.223  -37.775  73.605 0.0000000000
62987  42.976  -36.946  73.289 0.0000000000
150534  42.731  -36.146  72.959 0.0000000000
63956  42.897  -35.371  73.335 0.0000000000
64920  43.046  -34.541  73.711 0.0000000000
154041  51.392  -20.671  48.730 0.0000000000
147076  53.119  -21.689  46.718 0.0000000000
76954  53.512  -23.093  47.230 0.0000000000
153148  54.025  -23.382  47.797 0.0000000000
76917  55.541  -22.905  49.986 0.0000000000
76926  55.099  -23.127  49.193 0.0000000000
77893  56.938  -22.735  49.359 0.0000000000
77892  57.635  -22.735  49.584 0.0000000000
156225  58.182  -20.675  41.723 0.0000000000
78944  59.177  -21.101  41.956 0.0000000000
76989  57.577  -23.513  44.755 0.0000000000
76977  58.070  -23.633  45.688 0.0000000000
47669  29.209  -50.824  81.281 0.0000000000
46686  29.776  -51.249  81.667 0.0000000000
45631  30.067  -52.472  83.973 0.0000000000
50761  13.193  -48.588  88.683 0.0000000000
50754  13.134  -48.545  89.476 0.0000000000
49683  12.667  -48.682  90.666 0.0000000000
49672  11.994  -48.970  91.121 0.0000000000
49661  11.964  -49.036  91.965 0.0000000000
48592  11.517  -49.622  92.389 0.0000000000
48588  10.736  -49.933  93.731 0.0000000000
48589  10.117  -50.387  94.120 0.0000000000
78802  47.145  -22.141  54.888 0.0000000000
76868  47.839  -23.531  55.833 0.0000000000
70367  43.358  -29.952  64.735 0.0000000000
70366  44.301  -29.940  64.872 0.0000000000
70354  44.565  -29.867  65.685 0.0000000000
70342  44.741  -29.672  66.435 0.0000000000
71348  45.215  -29.180  67.531 0.0000000000
140213  6.102  -53.804  87.671 0.0000000000
44497  5.285  -54.150  87.596 0.0000000000
44499  3.720  -54.206  87.866 0.0000000000
146330  3.769  -54.495  87.044 0.0000000000
44485  3.045  -53.847  88.195 0.0000000000
147266  2.150  -52.964  88.902 0.0000000000
70397  38.659  -30.106  62.287 0.0000000000
154444  38.768  -30.389  63.531 0.0000000000
57688  30.100  -42.524  73.639 0.0000000000
55453  29.857  -43.396  74.230 0.0000000000
56586  30.514  -43.260  74.357 0.0000000000
55427  31.231  -44.109  75.138 0.0000000000
52981  32.330  -45.390  76.770 0.0000000000
47674  24.426  -50.617  81.858 0.0000000000
47675  23.599  -50.529  81.742 0.0000000000
152427  22.388  -50.476  82.068 0.0000000000
47677  21.787  -50.308  81.783 0.0000000000
47659  21.159  -50.599  82.416 0.0000000000
139406  20.218  -50.853  82.239 0.0000000000
49768  15.192  -49.012  81.324 0.0000000000
49757  14.328  -48.768  83.735 0.0000000000
140954  14.075  -48.601  82.977 0.0000000000
49842  24.591  -48.944  76.446 0.0000000000
49792  24.560  -49.552  77.904 0.0000000000
48761  24.037  -49.786  78.557 0.0000000000
48721  24.591  -50.088  80.147 0.0000000000
78847  56.778  -21.952  51.621 0.0000000000
78838  56.669  -21.605  52.486 0.0000000000
79839  56.115  -21.153  53.285 0.0000000000
79838  56.708  -21.277  53.297 0.0000000000
79827  56.803  -20.942  53.877 0.0000000000
79811  57.186  -21.300  54.737 0.0000000000
78789  53.284  -21.889  57.007 0.0000000000
143211  53.605  -21.157  56.709 0.0000000000
78780  54.888  -21.767  57.365 0.0000000000
78765  55.405  -22.144  57.903 0.0000000000
77797  55.832  -22.428  58.764 0.0000000000
78756  56.354  -22.431  58.921 0.0000000000
73632  44.520  -26.558  55.835 0.0000000000
72605  46.076  -27.404  57.166 0.0000000000
72593  45.522  -27.748  57.605 0.0000000000
72592  46.406  -27.579  57.792 0.0000000000
72591  47.246  -27.340  57.907 0.0000000000
72579  47.406  -27.356  58.636 0.0000000000
72578  48.040  -27.085  58.992 0.0000000000
73586  48.809  -26.952  60.234 0.0000000000
72488  48.377  -27.615  66.382 0.0000000000
72497  48.751  -27.629  65.318 0.0000000000
67204  38.264  -33.572  66.040 0.0000000000
134987  38.848  -33.097  65.402 0.0000000000
67183  40.139  -33.277  68.104 0.0000000000
139043  41.220  -32.710  68.830 0.0000000000
138254  41.662  -32.520  69.351 0.0000000000
67160  42.138  -32.434  70.148 0.0000000000
56622  34.830  -43.464  73.075 0.0000000000
56639  35.466  -42.909  72.548 0.0000000000
55467  35.760  -43.480  73.384 0.0000000000
148307  36.656  -43.159  73.541 0.0000000000
56603  37.308  -42.907  73.737 0.0000000000
55447  37.479  -43.632  74.851 0.0000000000
56602  37.739  -42.999  74.290 0.0000000000
56621  37.971  -42.432  73.542 0.0000000000
57676  39.277  -42.155  74.466 0.0000000000
158796  39.936  -41.826  74.511 0.0000000000
78859  49.581  -20.793  50.134 0.0000000000
77887  50.411  -22.466  50.798 0.0000000000
76929  52.885  -22.947  48.902 0.0000000000
76911  54.167  -23.041  50.741 0.0000000000
80887  56.676  -19.451  42.384 0.0000000000
79918  56.499  -20.206  42.278 0.0000000000
78933  57.304  -21.236  42.264 0.0000000000
78921  58.226  -22.004  43.110 0.0000000000
77960  57.705  -22.517  43.493 0.0000000000
77947  56.896  -22.984  43.806 0.0000000000
77001  56.452  -23.027  43.858 0.0000000000
76990  57.070  -23.344  44.535 0.0000000000
135301  56.574  -23.608  45.256 0.0000000000
154340  56.180  -23.699  45.869 0.0000000000
50956  28.832  -47.269  75.150 0.0000000000
150718  29.551  -47.411  75.372 0.0000000000
48788  29.939  -49.131  76.516 0.0000000000
47716  29.936  -50.214  77.641 0.0000000000
47715  30.740  -50.551  77.190 0.0000000000
47706  31.580  -50.742  76.793 0.0000000000
46719  32.077  -51.230  77.042 0.0000000000
157273  32.846  -52.112  77.838 0.0000000000
152491  30.247  -51.547  81.232 0.0000000000
46696  30.470  -51.519  80.516 0.0000000000
46695  31.295  -51.986  80.284 0.0000000000
45659  31.456  -52.559  81.145 0.0000000000
45671  32.036  -52.742  80.372 0.0000000000
48620  18.190  -49.712  89.174 0.0000000000
146944  18.811  -49.707  89.845 0.0000000000
49688  18.057  -49.337  89.883 0.0000000000
139237  17.805  -48.978  90.553 0.0000000000
49659  17.763  -48.689  92.085 0.0000000000
50742  16.949  -48.591  91.505 0.0000000000
50720  17.378  -48.628  92.897 0.0000000000
50696  16.657  -48.486  93.876 0.0000000000
50746  13.585  -48.362  90.165 0.0000000000
143886  13.875  -48.223  90.886 0.0000000000
50723  14.679  -47.955  92.778 0.0000000000
140499  13.418  -48.182  92.971 0.0000000000
50710  13.807  -48.147  93.602 0.0000000000
50709  14.526  -47.946  93.583 0.0000000000
77853  50.783  -22.758  53.632 0.0000000000
77852  51.761  -22.465  53.596 0.0000000000
79832  51.159  -21.909  54.516 0.0000000000
78800  49.046  -22.421  55.202 0.0000000000
78799  49.866  -22.260  55.429 0.0000000000
78798  50.581  -21.883  55.597 0.0000000000
135017  51.829  -21.547  56.484 0.0000000000
77819  52.466  -22.132  56.973 0.0000000000
77818  53.168  -22.793  57.042 0.0000000000
76862  53.081  -23.613  56.982 0.0000000000
75850  53.207  -24.017  57.110 0.0000000000
143699  53.597  -24.037  57.623 0.0000000000
76845  53.932  -23.979  58.409 0.0000000000
75823  53.544  -24.318  59.103 0.0000000000
139324  53.826  -24.358  60.634 0.0000000000
72555  44.727  -28.252  60.070 0.0000000000
71433  45.552  -28.651  61.546 0.0000000000
71416  45.005  -28.987  62.145 0.0000000000
71415  45.904  -28.853  62.415 0.0000000000
71414  46.664  -28.651  62.268 0.0000000000
139188  47.755  -28.572  63.919 0.0000000000
70365  45.367  -29.721  64.952 0.0000000000
142207  46.214  -29.194  65.090 0.0000000000
143987  46.645  -28.721  65.695 0.0000000000
71379  47.177  -28.054  65.532 0.0000000000
135375  47.932  -27.834  65.437 0.0000000000
63992  38.160  -35.203  69.086 0.0000000000
63008  39.078  -36.023  69.919 0.0000000000
63007  39.705  -36.237  70.281 0.0000000000
147852  37.512  -44.960  80.027 0.0000000000
55374  38.068  -44.672  79.242 0.0000000000
55366  38.710  -43.924  80.371 0.0000000000
78849  48.870  -22.147  51.228 0.0000000000
135841  48.010  -22.015  51.554 0.0000000000
76904  49.904  -23.252  52.022 0.0000000000
77866  50.245  -23.269  52.790 0.0000000000
159312  54.919  -18.814  45.623 0.0000000000
47582  10.256  -50.697  87.324 0.0000000000
140473  10.280  -50.989  89.116 0.0000000000
47568  10.025  -51.085  88.311 0.0000000000
46590  8.810  -52.088  89.586 0.0000000000
46591  7.983  -52.537  89.982 0.0000000000
46584  6.545  -52.577  91.385 0.0000000000
158321  6.283  -53.684  88.406 0.0000000000
44470  6.003  -53.614  89.105 0.0000000000
45564  5.642  -53.388  89.842 0.0000000000
45549  5.206  -52.985  90.518 0.0000000000
45536  4.739  -52.709  91.317 0.0000000000
134104  4.228  -52.361  92.104 0.0000000000
72595  43.582  -28.117  57.132 0.0000000000
71465  43.627  -28.579  58.674 0.0000000000
71480  42.137  -28.931  58.013 0.0000000000
71466  42.712  -28.903  58.730 0.0000000000
70410  43.340  -29.346  61.794 0.0000000000
152522  41.201  -29.810  62.129 0.0000000000
137154  42.292  -29.866  63.095 0.0000000000
70380  43.034  -29.919  63.792 0.0000000000
70344  42.976  -29.746  66.289 0.0000000000
70356  41.715  -29.805  65.337 0.0000000000
71335  42.708  -28.630  68.472 0.0000000000
72453  42.634  -28.395  69.233 0.0000000000
57726  33.231  -41.826  70.977 0.0000000000
56657  33.561  -42.301  71.488 0.0000000000
56641  33.480  -42.833  72.226 0.0000000000
57711  30.380  -41.758  72.554 0.0000000000
56626  31.226  -42.985  73.803 0.0000000000
56643  31.777  -42.580  72.450 0.0000000000
56642  32.472  -42.781  72.401 0.0000000000
55423  35.334  -44.367  75.036 0.0000000000
160080  33.839  -44.015  75.611 0.0000000000
55405  35.112  -44.549  75.915 0.0000000000
54229  36.024  -44.622  75.611 0.0000000000
54210  35.811  -44.766  76.459 0.0000000000
144453  35.959  -44.922  77.612 0.0000000000
150949  36.604  -45.178  78.581 0.0000000000
50955  30.358  -47.209  75.415 0.0000000000
49835  31.627  -48.652  76.371 0.0000000000
50933  31.518  -47.827  76.254 0.0000000000
51919  31.509  -46.333  75.851 0.0000000000
161274  31.867  -46.329  76.305 0.0000000000
140630  32.483  -45.684  77.299 0.0000000000
47704  34.418  -50.866  77.426 0.0000000000
48754  33.756  -49.402  77.910 0.0000000000
144985  33.981  -49.516  78.838 0.0000000000
48736  33.303  -48.736  78.216 0.0000000000
50907  32.888  -47.523  78.302 0.0000000000
51898  32.669  -46.141  77.929 0.0000000000
52958  33.003  -45.609  78.062 0.0000000000
54183  33.182  -45.219  77.824 0.0000000000
54182  33.484  -45.134  78.160 0.0000000000
54181  33.952  -44.911  78.582 0.0000000000
52918  34.291  -46.471  80.265 0.0000000000
54166  34.253  -45.312  79.284 0.0000000000
54165  34.368  -45.062  79.287 0.0000000000
135480  34.883  -44.902  78.922 0.0000000000
159741  35.980  -45.412  80.077 0.0000000000
54164  36.475  -45.284  79.530 0.0000000000
150479  28.053  -53.198  86.082 0.0000000000
45584  26.844  -52.989  86.532 0.0000000000
46603  26.142  -52.699  86.684 0.0000000000
46617  26.026  -52.214  86.308 0.0000000000
157428  25.637  -52.459  86.977 0.0000000000
47575  24.420  -52.051  87.250 0.0000000000
47576  23.833  -51.806  87.483 0.0000000000
135823  24.401  -50.928  84.060 0.0000000000
134831  23.734  -51.075  84.698 0.0000000000
47625  22.961  -50.910  84.189 0.0000000000
47608  24.159  -51.529  85.346 0.0000000000
47593  23.774  -51.742  86.080 0.0000000000
134885  23.261  -51.560  88.073 0.0000000000
135338  22.301  -51.480  88.337 0.0000000000
159234  21.004  -51.853  86.797 0.0000000000
47579  21.029  -51.776  87.376 0.0000000000
47566  19.673  -50.859  88.160 0.0000000000
48640  19.011  -50.467  88.231 0.0000000000
49796  20.175  -48.925  78.244 0.0000000000
48746  20.046  -49.663  79.589 0.0000000000
48747  19.212  -49.676  79.436 0.0000000000
48705  19.819  -50.260  80.945 0.0000000000
47660  19.350  -51.430  82.454 0.0000000000
48728  17.270  -50.448  80.300 0.0000000000
48707  16.771  -50.306  80.987 0.0000000000
47680  18.404  -50.999  81.346 0.0000000000
47661  18.700  -51.341  82.062 0.0000000000
46673  19.340  -51.624  83.103 0.0000000000
46651  19.065  -51.670  83.565 0.0000000000
46650  19.307  -51.731  84.202 0.0000000000
47612  18.874  -51.546  84.917 0.0000000000
47629  17.765  -50.827  84.423 0.0000000000
47613  18.213  -50.955  85.219 0.0000000000
134144  18.711  -51.242  85.805 0.0000000000
47581  18.538  -50.812  86.839 0.0000000000
48641  18.417  -50.412  87.599 0.0000000000
48632  18.305  -49.952  88.358 0.0000000000
136085  17.589  -49.869  87.743 0.0000000000
49708  16.079  -49.261  87.811 0.0000000000
154993  16.147  -49.588  86.317 0.0000000000
49719  16.060  -49.437  86.982 0.0000000000
49702  14.581  -48.790  87.893 0.0000000000
50776  13.822  -48.576  87.507 0.0000000000
50824  13.906  -48.702  84.988 0.0000000000
50825  13.312  -48.193  85.057 0.0000000000
50808  13.835  -48.585  85.706 0.0000000000
50793  13.682  -48.463  86.623 0.0000000000
50777  13.199  -48.537  87.860 0.0000000000
50779  11.577  -48.165  87.398 0.0000000000
49711  11.569  -48.487  87.676 0.0000000000
46609  9.183  -51.599  86.417 0.0000000000
46610  8.571  -52.125  86.613 0.0000000000
144516  28.610  -41.259  72.277 0.0000000000
154671  28.504  -42.176  72.552 0.0000000000
56628  28.224  -42.888  72.676 0.0000000000
54246  28.738  -44.206  73.644 0.0000000000
158851  28.400  -45.625  73.835 0.0000000000
51955  28.298  -46.320  74.196 0.0000000000
53040  26.240  -45.991  73.217 0.0000000000
53039  27.150  -45.595  73.169 0.0000000000
53021  27.684  -45.957  73.731 0.0000000000
49838  28.460  -48.605  76.471 0.0000000000
49813  28.182  -49.052  77.216 0.0000000000
49839  27.539  -48.728  76.642 0.0000000000
160831  28.550  -49.736  78.198 0.0000000000
47700  28.680  -50.335  80.175 0.0000000000
153940  25.998  -49.237  77.585 0.0000000000
135466  26.597  -49.749  78.853 0.0000000000
48740  26.013  -49.928  79.608 0.0000000000
160174  27.575  -49.961  79.924 0.0000000000
47692  28.584  -50.490  80.886 0.0000000000
47652  28.425  -50.789  82.404 0.0000000000
46659  28.707  -51.389  83.643 0.0000000000
47653  27.688  -50.717  82.583 0.0000000000
46630  28.826  -52.116  84.803 0.0000000000
48591  19.362  -49.835  92.106 0.0000000000
46571  9.211  -51.589  91.226 0.0000000000
47544  9.743  -51.032  91.802 0.0000000000
47532  9.420  -50.774  93.705 0.0000000000
138018  53.710  -20.554  54.159 0.0000000000
79814  53.400  -20.364  54.437 0.0000000000
80808  54.159  -20.113  54.183 0.0000000000
80807  54.999  -20.139  54.147 0.0000000000
80796  55.922  -20.102  54.651 0.0000000000
80795  56.459  -20.385  54.841 0.0000000000
159008  57.186  -21.480  55.397 0.0000000000
79788  54.883  -20.287  56.491 0.0000000000
78778  56.321  -21.663  57.393 0.0000000000
140808  55.917  -21.048  56.869 0.0000000000
79786  56.186  -20.540  56.300 0.0000000000
79785  56.653  -20.966  56.028 0.0000000000
79796  57.015  -21.377  55.853 0.0000000000
147518  57.481  -22.433  55.773 0.0000000000
74730  46.032  -25.963  56.041 0.0000000000
74729  46.865  -25.422  56.157 0.0000000000
73629  47.539  -26.570  56.937 0.0000000000
150882  48.177  -24.987  56.592 0.0000000000
75860  48.882  -24.807  56.699 0.0000000000
74725  50.299  -25.256  56.916 0.0000000000
74714  51.434  -25.299  57.494 0.0000000000
74708  50.878  -25.791  58.197 0.0000000000
74707  51.739  -25.323  58.274 0.0000000000
133757  53.271  -24.605  59.910 0.0000000000
72554  45.500  -27.977  60.261 0.0000000000
72553  46.377  -27.838  60.197 0.0000000000
72552  47.336  -27.649  60.326 0.0000000000
161904  49.341  -26.852  60.450 0.0000000000
139013  49.093  -27.827  64.365 0.0000000000
72495  50.356  -27.271  64.486 0.0000000000
153792  49.806  -27.049  61.390 0.0000000000
137240  49.894  -26.702  60.674 0.0000000000
74663  51.988  -25.847  61.502 0.0000000000
137901  52.308  -25.854  62.201 0.0000000000
75784  53.759  -24.714  61.513 0.0000000000
136900  54.504  -24.299  62.171 0.0000000000
69371  38.271  -30.557  63.321 0.0000000000
70359  39.440  -30.525  64.674 0.0000000000
135558  38.906  -32.570  64.595 0.0000000000
68318  39.333  -31.462  64.803 0.0000000000
68317  39.806  -31.381  65.564 0.0000000000
138098  39.752  -30.244  64.883 0.0000000000
71373  40.481  -30.090  66.136 0.0000000000
71353  41.266  -29.576  67.207 0.0000000000
70328  41.067  -29.838  67.528 0.0000000000
71337  41.642  -29.214  68.013 0.0000000000
71336  42.167  -28.751  68.693 0.0000000000
57740  36.156  -41.631  71.134 0.0000000000
57722  37.576  -41.609  72.010 0.0000000000
58794  36.790  -41.105  70.953 0.0000000000
61997  39.005  -37.886  69.483 0.0000000000
59911  39.280  -39.331  70.518 0.0000000000
61985  40.038  -37.154  70.399 0.0000000000
62997  40.331  -36.354  70.860 0.0000000000
55382  38.560  -44.281  78.610 0.0000000000
56571  39.121  -43.380  76.945 0.0000000000
56556  39.618  -43.011  78.511 0.0000000000
56564  39.664  -42.926  77.580 0.0000000000
56570  39.734  -42.764  76.671 0.0000000000
56580  39.756  -42.552  75.832 0.0000000000
58753  40.386  -41.399  74.123 0.0000000000
58709  41.423  -41.078  77.431 0.0000000000
59822  42.518  -39.749  76.764 0.0000000000
58721  41.544  -41.006  76.376 0.0000000000
58734  41.316  -41.117  75.385 0.0000000000
58752  41.094  -40.989  74.499 0.0000000000
58766  40.867  -40.802  73.630 0.0000000000
59874  41.358  -40.142  73.120 0.0000000000
59886  41.807  -39.502  72.569 0.0000000000
155787  42.544  -38.367  72.586 0.0000000000
60948  42.003  -38.713  72.237 0.0000000000
60959  41.500  -38.298  71.632 0.0000000000
61983  41.398  -37.412  71.540 0.0000000000
63974  39.999  -35.510  70.648 0.0000000000
63973  40.603  -35.535  71.169 0.0000000000
64935  40.893  -34.655  71.264 0.0000000000
65960  41.044  -33.869  70.979 0.0000000000
141984  41.412  -34.145  71.490 0.0000000000
65959  41.780  -33.595  71.306 0.0000000000
67143  42.293  -32.866  71.030 0.0000000000
67159  42.804  -32.155  70.808 0.0000000000
64916  43.331  -34.524  74.574 0.0000000000
65928  43.335  -33.676  74.099 0.0000000000
65927  43.629  -33.182  74.796 0.0000000000
67098  43.576  -32.912  74.126 0.0000000000
67109  43.370  -32.950  73.431 0.0000000000
148740  43.245  -31.905  71.344 0.0000000000
68260  42.547  -31.581  70.265 0.0000000000
69297  42.660  -30.899  70.526 0.0000000000
69289  42.229  -30.173  70.612 0.0000000000
70289  42.566  -29.762  71.203 0.0000000000
70281  43.018  -29.412  71.710 0.0000000000
152363  42.763  -28.990  71.024 0.0000000000
79871  54.082  -20.321  45.826 0.0000000000
77939  54.056  -22.347  45.621 0.0000000000
77938  54.532  -22.857  45.147 0.0000000000
76980  54.858  -23.437  45.505 0.0000000000
76967  55.437  -23.691  46.075 0.0000000000
76953  54.926  -23.457  47.738 0.0000000000
77930  57.227  -23.289  47.036 0.0000000000
76950  58.441  -23.536  47.577 0.0000000000
145141  58.345  -23.358  48.267 0.0000000000
45579  2.811  -53.450  88.877 0.0000000000
45700  33.188  -51.877  77.388 0.0000000000
46710  32.310  -51.747  77.673 0.0000000000
46726  33.089  -50.778  76.610 0.0000000000
46728  31.949  -50.224  76.383 0.0000000000
47554  20.956  -50.867  89.361 0.0000000000
47642  20.679  -51.206  83.420 0.0000000000
47697  34.344  -50.076  78.143 0.0000000000
47705  33.961  -50.142  77.398 0.0000000000
47714  33.654  -50.530  76.886 0.0000000000
48590  20.032  -50.221  91.769 0.0000000000
48610  11.006  -50.119  91.031 0.0000000000
48630  20.207  -50.490  89.498 0.0000000000
48735  33.597  -48.879  78.887 0.0000000000
49648  11.398  -49.673  94.097 0.0000000000
49649  18.540  -49.257  92.933 0.0000000000
49652  12.525  -48.834  93.408 0.0000000000
49684  12.003  -48.960  90.203 0.0000000000
49699  16.982  -49.279  89.036 0.0000000000
49767  34.117  -47.904  80.998 0.0000000000
49773  33.861  -48.232  80.208 0.0000000000
49774  33.481  -47.721  79.705 0.0000000000
49834  32.216  -49.042  76.493 0.0000000000
50697  16.058  -48.249  94.098 0.0000000000
50698  15.217  -48.016  94.210 0.0000000000
50699  14.332  -48.269  94.228 0.0000000000
50707  16.961  -48.555  93.534 0.0000000000
50711  13.146  -48.484  93.529 0.0000000000
50722  15.886  -48.005  93.211 0.0000000000
50724  13.956  -47.965  92.847 0.0000000000
50731  17.030  -48.464  92.288 0.0000000000
50735  14.105  -48.098  91.870 0.0000000000
50743  16.124  -48.533  91.037 0.0000000000
50752  14.944  -48.584  89.750 0.0000000000
50762  12.496  -48.706  88.675 0.0000000000
50887  33.609  -47.105  79.889 0.0000000000
50918  32.589  -47.807  77.396 0.0000000000
50961  22.836  -48.227  75.112 0.0000000000
51846  34.295  -46.693  80.986 0.0000000000
51847  33.897  -47.066  80.218 0.0000000000
51897  32.907  -46.709  78.566 0.0000000000
52929  34.498  -46.059  80.107 0.0000000000
52930  34.101  -46.145  79.525 0.0000000000
52980  32.776  -45.424  77.407 0.0000000000
52999  31.916  -45.710  76.448 0.0000000000
53009  30.934  -44.908  75.606 0.0000000000
54139  34.709  -45.884  80.368 0.0000000000
54149  36.594  -45.282  80.459 0.0000000000
54152  34.559  -45.649  79.757 0.0000000000
54153  34.194  -45.651  79.354 0.0000000000
54167  33.803  -45.316  78.792 0.0000000000
54168  33.427  -45.395  78.429 0.0000000000
54178  36.674  -45.087  77.834 0.0000000000
54180  34.262  -44.865  78.626 0.0000000000
54195  32.038  -44.972  76.197 0.0000000000
55356  38.783  -44.031  81.093 0.0000000000
55395  38.650  -44.008  77.117 0.0000000000
55399  32.686  -44.791  76.616 0.0000000000
55404  38.076  -44.448  76.836 0.0000000000
55424  33.995  -43.944  75.018 0.0000000000
56572  32.349  -44.213  75.347 0.0000000000
56607  30.568  -43.125  74.112 0.0000000000
57635  40.221  -42.515  79.630 0.0000000000
60935  42.898  -38.447  73.181 0.0000000000
60975  39.756  -38.602  70.362 0.0000000000
61955  43.482  -37.915  74.517 0.0000000000
65915  43.879  -33.921  76.145 0.0000000000
66005  40.955  -33.199  69.439 0.0000000000
67237  37.913  -33.045  63.952 0.0000000000
68259  42.950  -31.402  70.961 0.0000000000
69288  42.883  -30.577  71.119 0.0000000000
69334  40.453  -30.453  66.631 0.0000000000
70290  42.259  -29.578  70.542 0.0000000000
72477  47.925  -27.848  67.120 0.0000000000
78787  57.323  -21.969  56.209 0.0000000000
78823  57.229  -21.459  53.428 0.0000000000
79787  55.591  -20.314  56.454 0.0000000000
79797  56.905  -20.884  55.242 0.0000000000
79812  56.870  -20.825  54.466 0.0000000000
80783  56.102  -20.039  55.160 0.0000000000
80786  54.046  -19.750  55.085 0.0000000000
80797  55.310  -19.857  54.588 0.0000000000
134772  17.542  -48.810  91.210 0.0000000000
136772  29.756  -46.665  74.927 0.0000000000
136813  35.319  -45.229  79.646 0.0000000000
138778  33.125  -44.261  76.562 0.0000000000
140326  47.273  -28.778  64.096 0.0000000000
141919  30.077  -48.422  76.177 0.0000000000
144496  15.023  -48.012  92.062 0.0000000000
146333  18.563  -48.932  92.189 0.0000000000
149760  42.412  -29.075  70.354 0.0000000000
151648  15.793  -47.957  93.855 0.0000000000
152689  56.339  -22.312  58.479 0.0000000000
153010  57.119  -22.716  58.625 0.0000000000
154838  31.808  -46.927  76.190 0.0000000000
155615  25.393  -51.567  85.463 0.0000000000
157702  41.405  -29.704  68.824 0.0000000000
158522  29.321  -41.811  72.883 0.0000000000
158542  18.628  -50.988  86.317 0.0000000000
158839  24.059  -51.977  88.418 0.0000000000
159323  36.821  -43.888  74.689 0.0000000000
159333  45.184  -27.944  59.763 0.0000000000
159794  13.413  -48.331  90.603 0.0000000000
159845  20.245  -51.524  83.475 0.0000000000
160253  28.888  -46.199  74.315 0.0000000000
160420  36.007  -44.991  78.168 0.0000000000
160706  33.257  -45.968  78.637 0.0000000000
161658  34.730  -45.896  80.721 0.0000000000
161693  19.984  -51.799  84.265 0.0000000000
161773  12.396  -48.847  92.282 0.0000000000
161778  34.493  -44.223  75.381 0.0000000000
162121  17.593  -49.447  89.308 0.0000000000
