#!ascii label  , from subject sub-v1s2x0051466_ses-1 vox2ras=TkReg
1224
151204  50.888  16.604  39.023 0.0000000000
112747  55.720  19.444  42.438 0.0000000000
106840  52.918  10.798  42.610 0.0000000000
108889  45.141  13.861  42.179 0.0000000000
107597  46.014  11.232  36.712 0.0000000000
150341  56.138  22.108  39.413 0.0000000000
113325  55.259  21.349  47.896 0.0000000000
115324  54.063  23.723  45.506 0.0000000000
103131  50.984  5.134  48.361 0.0000000000
101661  47.840  3.999  44.216 0.0000000000
111511  55.566  18.087  36.462 0.0000000000
108307  52.377  12.297  36.079 0.0000000000
108903  55.803  13.274  40.293 0.0000000000
106106  57.115  10.039  46.315 0.0000000000
119192  53.818  30.262  44.868 0.0000000000
115347  59.110  23.876  42.469 0.0000000000
152954  46.508  9.664  38.118 0.0000000000
140666  48.371  15.175  40.995 0.0000000000
139006  45.927  12.085  40.065 0.0000000000
108282  48.688  13.001  39.035 0.0000000000
112789  52.224  19.720  37.826 0.0000000000
111483  49.416  17.998  40.104 0.0000000000
115921  55.930  24.911  49.448 0.0000000000
101590  52.595  4.106  52.382 0.0000000000
99919  52.185  2.192  49.453 0.0000000000
134240  55.984  3.619  51.638 0.0000000000
149499  56.005  33.786  43.013 0.0000000000
112777  55.902  18.923  39.048 0.0000000000
110196  55.652  15.964  38.185 0.0000000000
110862  54.023  16.579  40.672 0.0000000000
109459  56.596  14.347  50.274 0.0000000000
108852  57.044  13.348  46.884 0.0000000000
108199  56.301  12.135  47.458 0.0000000000
106109  54.207  9.050  47.329 0.0000000000
114001  57.312  21.067  45.459 0.0000000000
115978  56.422  23.751  43.999 0.0000000000
113375  58.384  20.811  41.846 0.0000000000
113405  58.041  20.543  38.491 0.0000000000
108280  52.643  12.348  39.088 0.0000000000
107594  49.913  10.581  36.176 0.0000000000
107541  49.252  11.128  41.054 0.0000000000
107587  43.775  10.774  38.731 0.0000000000
106912  44.022  9.550  35.854 0.0000000000
117182  58.250  26.204  40.340 0.0000000000
115371  55.204  24.078  40.920 0.0000000000
112724  54.704  19.588  45.081 0.0000000000
111461  52.670  17.415  43.207 0.0000000000
118446  50.183  28.098  47.535 0.0000000000
117156  51.127  25.888  45.197 0.0000000000
115312  57.120  23.120  47.838 0.0000000000
146348  52.102  7.516  44.508 0.0000000000
141158  48.809  8.547  43.925 0.0000000000
102421  49.297  4.122  46.635 0.0000000000
142341  51.927  1.468  46.004 0.0000000000
110893  52.635  17.237  37.244 0.0000000000
108923  52.180  13.850  37.470 0.0000000000
110219  54.775  15.071  36.328 0.0000000000
108296  55.763  12.678  37.633 0.0000000000
107535  55.379  11.563  41.014 0.0000000000
109523  54.375  13.892  43.460 0.0000000000
108233  56.798  12.250  42.856 0.0000000000
106136  54.593  9.520  43.809 0.0000000000
104785  54.255  7.682  46.324 0.0000000000
103933  51.411  6.260  48.954 0.0000000000
121549  53.355  33.493  44.777 0.0000000000
119823  56.481  31.213  44.800 0.0000000000
117804  56.257  27.270  44.533 0.0000000000
117169  58.773  26.475  43.198 0.0000000000
115407  59.005  23.906  38.729 0.0000000000
113426  55.991  20.359  36.622 0.0000000000
150973  48.960  11.751  35.152 0.0000000000
153486  47.115  9.897  34.581 0.0000000000
151128  44.260  7.866  35.964 0.0000000000
105550  46.324  8.405  42.608 0.0000000000
110183  49.454  15.664  40.240 0.0000000000
108905  48.538  13.489  40.147 0.0000000000
109558  49.991  14.181  39.487 0.0000000000
112156  51.384  18.400  38.337 0.0000000000
112791  50.993  19.208  38.629 0.0000000000
111492  50.115  17.829  39.461 0.0000000000
110864  48.660  16.750  40.759 0.0000000000
102372  53.979  4.945  53.606 0.0000000000
139374  54.127  3.586  52.208 0.0000000000
142166  55.770  5.367  53.751 0.0000000000
104858  42.718  7.472  37.060 0.0000000000
137692  55.968  19.333  40.640 0.0000000000
112135  54.791  18.032  40.278 0.0000000000
112126  54.493  18.343  41.143 0.0000000000
108813  55.525  13.759  50.081 0.0000000000
108177  56.852  13.339  49.437 0.0000000000
112736  56.900  19.727  43.598 0.0000000000
114027  58.066  21.032  43.540 0.0000000000
112756  57.236  19.784  41.944 0.0000000000
150381  57.352  19.843  39.955 0.0000000000
108255  52.496  12.156  40.751 0.0000000000
108269  51.197  12.255  39.835 0.0000000000
107527  50.512  11.302  42.105 0.0000000000
148015  44.334  13.564  42.447 0.0000000000
108258  44.366  12.287  41.649 0.0000000000
107573  46.369  11.901  38.934 0.0000000000
107575  44.477  11.347  39.375 0.0000000000
107586  44.751  11.146  38.384 0.0000000000
106901  43.641  9.927  36.865 0.0000000000
106900  44.507  10.211  36.425 0.0000000000
116021  57.354  24.349  39.234 0.0000000000
116594  56.682  25.652  40.273 0.0000000000
115395  55.472  23.151  40.626 0.0000000000
137966  45.865  15.737  41.956 0.0000000000
109536  44.466  14.485  42.377 0.0000000000
112693  55.760  20.594  46.946 0.0000000000
112090  53.382  19.110  45.394 0.0000000000
112695  53.937  19.865  46.834 0.0000000000
114633  56.405  22.467  48.810 0.0000000000
115952  56.754  24.289  48.656 0.0000000000
113975  56.528  22.030  48.277 0.0000000000
112692  56.517  20.671  46.673 0.0000000000
103954  51.611  6.246  45.639 0.0000000000
103955  50.658  5.984  45.516 0.0000000000
102420  50.179  4.585  47.101 0.0000000000
99924  53.672  1.826  48.596 0.0000000000
99937  52.215  1.617  47.992 0.0000000000
141842  53.771  1.634  47.182 0.0000000000
112174  54.865  18.376  36.159 0.0000000000
110905  54.166  16.675  36.321 0.0000000000
110904  54.957  16.818  36.224 0.0000000000
109555  55.315  14.665  39.152 0.0000000000
150644  55.660  14.644  37.574 0.0000000000
108910  56.140  13.207  38.889 0.0000000000
108277  55.894  12.319  39.067 0.0000000000
108264  56.455  12.216  40.283 0.0000000000
110822  51.860  16.268  45.320 0.0000000000
110161  52.647  15.596  43.613 0.0000000000
109514  53.624  14.678  44.662 0.0000000000
108208  57.519  11.994  46.612 0.0000000000
108864  56.697  12.658  44.783 0.0000000000
151225  57.634  11.096  44.597 0.0000000000
106836  56.596  10.995  42.633 0.0000000000
106122  56.771  9.685  44.888 0.0000000000
105527  54.884  8.364  45.030 0.0000000000
105526  55.528  8.542  45.759 0.0000000000
137721  52.805  8.192  47.916 0.0000000000
105507  53.314  7.688  47.886 0.0000000000
120434  53.171  32.084  45.693 0.0000000000
120418  54.559  33.036  45.542 0.0000000000
119191  54.928  30.447  44.981 0.0000000000
116560  52.301  25.023  45.266 0.0000000000
117165  52.066  25.940  44.590 0.0000000000
115979  53.043  24.552  44.814 0.0000000000
146138  58.610  24.125  43.296 0.0000000000
116564  56.946  25.007  44.107 0.0000000000
116572  58.609  25.567  43.821 0.0000000000
117802  58.099  26.976  44.261 0.0000000000
115981  59.126  24.799  42.612 0.0000000000
145905  59.173  24.812  40.558 0.0000000000
143797  59.500  23.714  40.204 0.0000000000
112796  57.078  20.006  37.170 0.0000000000
113424  57.332  20.650  37.063 0.0000000000
112806  55.810  19.277  36.206 0.0000000000
112808  54.252  18.995  36.410 0.0000000000
108932  51.895  13.080  35.852 0.0000000000
108924  50.614  13.112  36.562 0.0000000000
108315  50.741  12.095  34.953 0.0000000000
106886  48.384  10.132  37.457 0.0000000000
106907  48.624  10.195  34.831 0.0000000000
106898  46.716  9.592  36.852 0.0000000000
106186  45.315  9.179  35.559 0.0000000000
106178  45.261  8.883  36.892 0.0000000000
103965  47.751  6.722  44.549 0.0000000000
106142  47.312  9.042  43.233 0.0000000000
103971  47.043  6.542  43.389 0.0000000000
109542  46.776  14.422  41.594 0.0000000000
108257  45.935  12.562  41.058 0.0000000000
108907  47.155  13.117  40.791 0.0000000000
108283  47.917  12.826  39.654 0.0000000000
107584  47.078  12.096  38.235 0.0000000000
153295  54.190  20.548  38.717 0.0000000000
110856  47.442  16.433  41.412 0.0000000000
101624  50.532  3.982  50.278 0.0000000000
101629  50.161  3.340  49.010 0.0000000000
100785  52.220  2.718  50.722 0.0000000000
100783  54.406  2.617  50.538 0.0000000000
112153  56.191  18.678  37.148 0.0000000000
147639  55.715  16.840  37.119 0.0000000000
111490  55.696  17.450  38.271 0.0000000000
110861  54.599  16.242  39.809 0.0000000000
109548  54.340  14.572  40.809 0.0000000000
110119  54.487  15.299  48.593 0.0000000000
140777  54.970  14.409  46.389 0.0000000000
134400  57.097  14.162  48.812 0.0000000000
108836  57.421  13.129  47.919 0.0000000000
107490  56.999  11.309  46.905 0.0000000000
135223  55.797  9.525  46.800 0.0000000000
106797  55.724  10.377  46.730 0.0000000000
106110  53.126  9.520  47.136 0.0000000000
106098  51.418  9.084  47.570 0.0000000000
159564  51.927  30.206  44.967 0.0000000000
114651  55.913  22.278  45.165 0.0000000000
115331  55.435  23.000  44.447 0.0000000000
114668  56.753  22.089  44.265 0.0000000000
114666  58.358  22.520  43.007 0.0000000000
114698  59.011  22.348  41.622 0.0000000000
114713  59.224  21.945  40.551 0.0000000000
113393  58.130  20.435  39.733 0.0000000000
112775  57.433  19.929  38.947 0.0000000000
150762  52.560  12.324  37.104 0.0000000000
144191  51.314  11.368  36.162 0.0000000000
107580  51.457  11.957  38.124 0.0000000000
137025  49.830  10.975  38.456 0.0000000000
106876  47.623  10.380  39.789 0.0000000000
100858  49.472  2.700  43.303 0.0000000000
102455  48.291  4.676  42.443 0.0000000000
106880  41.385  10.522  39.440 0.0000000000
108272  44.711  11.879  40.916 0.0000000000
142054  43.734  11.137  39.602 0.0000000000
106879  42.189  10.367  38.986 0.0000000000
106172  42.251  9.440  37.728 0.0000000000
106180  42.617  9.096  36.738 0.0000000000
104866  42.986  7.958  35.905 0.0000000000
117183  57.822  26.949  40.722 0.0000000000
117185  56.232  26.646  40.796 0.0000000000
153077  55.461  19.594  43.935 0.0000000000
112107  54.186  18.955  42.829 0.0000000000
112100  53.398  18.859  44.344 0.0000000000
111444  52.053  18.043  45.563 0.0000000000
156757  51.805  16.605  46.835 0.0000000000
110114  52.895  15.995  48.972 0.0000000000
110107  54.458  15.734  50.307 0.0000000000
117788  50.258  27.044  46.296 0.0000000000
159697  52.308  25.911  46.486 0.0000000000
116554  54.309  24.936  46.640 0.0000000000
115322  55.957  23.084  46.363 0.0000000000
114647  56.980  21.990  46.667 0.0000000000
112722  56.614  19.795  45.019 0.0000000000
106139  52.007  9.359  43.559 0.0000000000
106829  50.487  10.030  43.097 0.0000000000
105531  50.264  7.944  44.276 0.0000000000
103956  48.896  5.899  45.381 0.0000000000
101651  48.384  3.886  45.598 0.0000000000
100810  50.104  2.390  48.074 0.0000000000
99952  49.485  2.131  46.386 0.0000000000
100844  49.434  2.142  44.821 0.0000000000
110877  51.542  17.036  38.418 0.0000000000
109556  51.449  14.973  38.760 0.0000000000
110198  52.235  15.444  38.123 0.0000000000
109567  53.533  14.574  36.860 0.0000000000
108930  53.769  13.205  36.123 0.0000000000
110205  55.581  15.716  37.025 0.0000000000
108928  55.393  13.425  36.764 0.0000000000
108298  53.914  12.623  36.923 0.0000000000
136756  54.358  12.423  38.025 0.0000000000
107552  54.188  11.997  40.410 0.0000000000
107536  53.865  11.695  41.207 0.0000000000
145425  53.207  16.963  41.914 0.0000000000
110176  53.259  15.299  42.204 0.0000000000
109539  54.699  13.765  41.526 0.0000000000
108866  54.918  13.723  44.982 0.0000000000
108878  55.166  13.338  43.102 0.0000000000
108887  56.044  12.706  41.707 0.0000000000
107533  56.680  11.836  41.364 0.0000000000
106838  54.847  10.772  42.538 0.0000000000
106826  53.407  10.108  43.250 0.0000000000
106126  53.332  8.648  44.147 0.0000000000
104803  53.322  7.712  44.937 0.0000000000
103944  52.799  6.534  46.857 0.0000000000
104781  54.200  7.812  47.242 0.0000000000
103941  53.000  6.767  47.676 0.0000000000
103130  51.434  5.722  48.657 0.0000000000
102408  50.892  5.079  51.142 0.0000000000
121548  54.293  33.518  44.447 0.0000000000
121001  56.054  32.931  44.494 0.0000000000
119821  57.594  30.765  44.259 0.0000000000
116566  54.565  24.667  44.344 0.0000000000
118491  55.027  28.678  44.395 0.0000000000
118489  56.768  28.878  44.756 0.0000000000
137624  57.787  29.266  44.244 0.0000000000
137766  58.474  28.804  43.134 0.0000000000
117173  58.505  26.691  41.654 0.0000000000
116025  58.759  24.615  39.155 0.0000000000
115421  57.848  22.957  38.378 0.0000000000
114078  58.868  21.884  38.497 0.0000000000
114087  57.821  22.053  37.862 0.0000000000
154813  56.133  21.188  37.857 0.0000000000
113427  54.131  19.909  37.131 0.0000000000
112169  52.661  18.804  37.092 0.0000000000
108911  50.379  13.711  38.646 0.0000000000
142783  48.745  12.603  37.237 0.0000000000
107595  47.689  11.931  36.653 0.0000000000
106916  49.471  11.155  34.875 0.0000000000
107618  47.790  10.458  34.537 0.0000000000
107609  46.167  10.573  35.269 0.0000000000
106920  45.264  9.702  35.235 0.0000000000
106196  43.876  8.717  35.378 0.0000000000
156370  49.049  10.482  42.434 0.0000000000
106856  47.849  10.475  41.501 0.0000000000
106151  46.266  9.789  40.915 0.0000000000
103978  47.009  6.493  41.961 0.0000000000
106166  45.456  8.953  39.561 0.0000000000
103101  58.076  4.972  52.856 0.0000000000
160769  58.129  4.306  50.813 0.0000000000
139117  50.379  16.186  39.463 0.0000000000
109549  49.525  14.701  40.129 0.0000000000
110191  50.119  15.315  39.703 0.0000000000
110878  50.866  17.604  38.853 0.0000000000
110870  50.292  16.976  39.445 0.0000000000
138732  49.834  16.322  39.840 0.0000000000
103091  54.724  5.600  53.908 0.0000000000
112758  55.633  19.303  41.449 0.0000000000
112125  55.270  18.858  40.607 0.0000000000
112759  54.878  18.934  41.439 0.0000000000
112746  56.650  19.620  42.698 0.0000000000
112745  57.482  19.917  43.015 0.0000000000
138469  56.353  19.527  41.921 0.0000000000
112757  56.524  19.530  41.167 0.0000000000
107524  52.781  11.386  42.017 0.0000000000
107538  52.110  11.803  41.629 0.0000000000
107526  51.477  11.362  42.230 0.0000000000
108246  44.033  12.777  42.308 0.0000000000
108899  44.843  12.967  42.057 0.0000000000
152953  46.451  11.667  37.836 0.0000000000
107585  45.674  11.439  38.069 0.0000000000
107598  45.102  10.819  37.224 0.0000000000
115409  57.130  23.541  39.008 0.0000000000
115393  56.670  23.918  39.668 0.0000000000
115410  56.267  23.099  39.750 0.0000000000
138645  46.170  14.947  41.868 0.0000000000
109535  45.337  14.898  42.081 0.0000000000
157034  55.042  20.661  47.216 0.0000000000
112694  54.883  20.354  46.847 0.0000000000
112685  54.201  20.388  47.287 0.0000000000
113976  55.923  21.827  48.408 0.0000000000
113989  56.094  21.443  47.922 0.0000000000
113336  56.258  21.038  47.352 0.0000000000
103136  51.604  5.705  47.037 0.0000000000
103137  50.765  5.210  46.632 0.0000000000
102417  50.363  4.394  47.965 0.0000000000
99935  54.170  1.690  47.881 0.0000000000
112173  55.630  18.609  36.266 0.0000000000
111518  54.485  17.563  36.207 0.0000000000
111517  55.267  17.687  36.288 0.0000000000
109547  55.054  14.152  39.979 0.0000000000
109546  55.725  13.715  39.388 0.0000000000
108902  56.200  13.064  39.695 0.0000000000
108901  56.265  12.596  39.645 0.0000000000
148670  56.297  12.607  40.256 0.0000000000
158952  52.451  15.626  46.188 0.0000000000
110149  52.967  15.185  44.995 0.0000000000
110139  53.068  15.268  45.996 0.0000000000
107502  57.561  11.352  45.979 0.0000000000
108217  57.557  11.784  45.678 0.0000000000
140810  57.637  10.852  45.414 0.0000000000
106813  57.377  10.452  44.762 0.0000000000
106113  56.147  9.015  45.420 0.0000000000
106112  56.755  9.505  45.952 0.0000000000
105495  51.587  7.802  48.483 0.0000000000
119827  52.261  31.251  45.519 0.0000000000
155309  52.136  32.296  45.906 0.0000000000
146835  53.237  31.002  45.236 0.0000000000
119826  54.082  31.303  45.298 0.0000000000
115972  53.349  24.121  45.259 0.0000000000
115975  52.815  24.555  45.073 0.0000000000
115974  53.315  24.107  44.963 0.0000000000
115335  58.749  23.542  42.901 0.0000000000
116573  58.394  24.761  43.703 0.0000000000
146187  59.003  24.280  42.969 0.0000000000
115986  59.295  24.082  41.803 0.0000000000
115370  59.413  23.627  41.107 0.0000000000
112797  56.411  19.318  36.816 0.0000000000
112805  56.083  19.237  36.384 0.0000000000
108936  51.953  12.814  35.634 0.0000000000
108937  51.290  12.544  35.347 0.0000000000
108314  51.329  12.207  35.307 0.0000000000
106887  47.314  9.920  37.819 0.0000000000
106897  47.673  9.800  36.294 0.0000000000
106177  46.031  9.343  36.056 0.0000000000
106170  45.871  9.338  37.564 0.0000000000
103156  47.525  5.332  44.406 0.0000000000
145545  47.294  6.870  44.020 0.0000000000
103162  47.340  5.613  43.617 0.0000000000
109541  47.562  14.766  41.336 0.0000000000
108896  47.398  13.807  41.171 0.0000000000
109551  48.169  14.092  40.875 0.0000000000
108904  49.292  13.761  39.799 0.0000000000
137212  47.184  12.401  39.238 0.0000000000
136729  47.831  12.501  38.646 0.0000000000
134046  52.635  20.150  38.102 0.0000000000
113406  53.286  20.389  38.818 0.0000000000
113418  51.863  20.095  38.325 0.0000000000
141356  49.895  18.619  39.540 0.0000000000
112778  50.692  19.786  39.043 0.0000000000
110184  48.845  15.930  40.698 0.0000000000
137965  48.182  16.187  41.146 0.0000000000
110177  47.585  15.699  41.375 0.0000000000
101618  51.236  3.617  51.096 0.0000000000
152375  50.838  3.512  50.549 0.0000000000
101610  52.387  3.507  51.768 0.0000000000
101608  54.896  3.402  51.759 0.0000000000
100776  53.962  3.014  51.390 0.0000000000
100775  55.199  3.020  51.108 0.0000000000
100782  55.542  2.756  50.314 0.0000000000
101617  56.366  3.374  50.812 0.0000000000
121563  54.979  33.626  42.771 0.0000000000
137660  55.088  33.761  41.755 0.0000000000
112141  56.245  18.914  38.180 0.0000000000
112154  55.906  18.061  37.639 0.0000000000
112142  55.766  18.193  38.667 0.0000000000
111482  54.485  17.173  40.164 0.0000000000
146534  54.953  16.901  39.422 0.0000000000
110182  54.032  15.664  40.622 0.0000000000
109472  56.265  14.729  49.403 0.0000000000
109473  55.609  14.876  48.492 0.0000000000
141848  56.957  14.336  49.650 0.0000000000
136849  56.729  12.564  48.187 0.0000000000
108176  57.203  13.460  49.224 0.0000000000
108198  57.189  12.626  48.013 0.0000000000
107483  57.307  12.094  47.257 0.0000000000
107484  56.861  11.874  47.343 0.0000000000
107491  56.302  11.366  46.952 0.0000000000
107493  53.946  11.116  46.405 0.0000000000
106799  53.086  10.473  46.595 0.0000000000
158738  52.543  10.137  46.830 0.0000000000
106785  51.946  9.811  47.105 0.0000000000
114655  56.889  21.455  45.034 0.0000000000
136751  56.341  21.919  44.882 0.0000000000
114654  57.428  21.467  44.327 0.0000000000
113366  58.292  20.964  42.733 0.0000000000
147199  57.923  21.648  43.566 0.0000000000
114026  58.306  21.705  42.879 0.0000000000
145940  58.623  22.270  42.400 0.0000000000
114036  58.559  21.608  42.126 0.0000000000
114047  58.792  21.384  41.242 0.0000000000
113383  58.369  20.636  40.879 0.0000000000
112776  56.622  19.416  39.216 0.0000000000
148793  56.870  19.549  38.361 0.0000000000
108290  52.713  12.313  38.000 0.0000000000
108291  52.026  12.114  37.474 0.0000000000
134092  52.119  12.258  38.362 0.0000000000
107555  49.808  11.543  40.371 0.0000000000
136347  50.382  11.860  39.682 0.0000000000
107572  49.717  11.258  39.434 0.0000000000
106875  48.427  10.541  39.450 0.0000000000
107556  48.995  10.945  40.076 0.0000000000
107561  41.359  11.104  40.263 0.0000000000
107560  42.326  11.253  40.500 0.0000000000
157186  45.384  12.108  40.738 0.0000000000
107576  43.015  10.723  39.371 0.0000000000
106878  42.920  10.380  38.648 0.0000000000
106890  42.451  9.966  38.180 0.0000000000
106179  43.226  9.316  36.277 0.0000000000
105580  42.662  8.454  36.379 0.0000000000
106189  42.914  8.801  36.110 0.0000000000
117181  58.196  26.712  41.100 0.0000000000
159765  57.727  26.518  40.378 0.0000000000
116012  55.814  24.849  40.573 0.0000000000
116595  55.563  25.744  40.861 0.0000000000
116013  54.901  24.991  40.985 0.0000000000
112723  55.573  19.658  44.862 0.0000000000
112738  54.093  19.207  43.778 0.0000000000
112725  54.045  19.372  44.763 0.0000000000
112101  52.702  18.493  44.952 0.0000000000
111445  51.741  17.527  46.054 0.0000000000
110805  52.407  16.720  48.772 0.0000000000
110113  53.915  15.652  49.218 0.0000000000
117781  49.695  27.595  46.826 0.0000000000
117780  50.667  27.437  47.071 0.0000000000
117148  52.220  26.689  46.920 0.0000000000
117147  53.074  26.271  46.909 0.0000000000
117152  52.914  25.507  46.361 0.0000000000
115302  56.974  23.348  48.536 0.0000000000
115313  56.636  23.557  47.270 0.0000000000
115970  55.655  23.903  46.675 0.0000000000
115321  56.758  22.819  46.875 0.0000000000
115311  57.036  22.519  47.502 0.0000000000
161862  56.183  20.321  46.380 0.0000000000
112707  56.833  20.250  45.805 0.0000000000
112708  56.032  19.955  45.766 0.0000000000
137514  56.281  19.670  44.180 0.0000000000
160432  52.115  8.097  44.119 0.0000000000
105539  51.609  8.687  43.844 0.0000000000
105530  51.335  8.029  44.184 0.0000000000
103138  49.838  4.841  46.301 0.0000000000
104794  49.725  6.478  45.131 0.0000000000
103139  48.953  4.669  45.952 0.0000000000
103149  48.507  5.207  45.411 0.0000000000
102422  48.711  4.172  46.035 0.0000000000
100795  51.281  2.426  49.702 0.0000000000
100803  50.321  2.691  48.826 0.0000000000
99927  50.639  2.032  48.454 0.0000000000
99950  51.506  1.496  46.851 0.0000000000
99939  50.611  1.580  47.083 0.0000000000
148555  50.979  1.424  46.220 0.0000000000
99970  49.749  1.787  45.604 0.0000000000
99969  50.538  1.479  45.537 0.0000000000
99987  50.235  1.686  44.783 0.0000000000
99968  51.413  1.429  45.375 0.0000000000
158684  52.156  17.003  37.854 0.0000000000
153290  52.018  16.379  38.190 0.0000000000
110876  52.576  16.352  37.604 0.0000000000
110206  54.000  15.587  36.505 0.0000000000
110220  54.130  14.613  36.517 0.0000000000
109573  53.627  13.765  36.387 0.0000000000
109572  54.364  14.037  36.468 0.0000000000
110874  55.738  16.236  37.378 0.0000000000
110891  55.517  16.583  36.790 0.0000000000
151740  55.716  15.562  37.645 0.0000000000
109566  55.809  13.655  37.449 0.0000000000
154759  55.507  14.184  36.981 0.0000000000
108304  55.449  12.836  36.966 0.0000000000
108305  54.604  12.920  36.507 0.0000000000
108297  54.977  12.596  37.309 0.0000000000
108289  55.393  12.462  38.217 0.0000000000
107570  55.584  12.099  39.645 0.0000000000
108265  54.644  12.186  39.654 0.0000000000
107551  55.106  11.882  40.318 0.0000000000
155027  54.619  11.669  40.951 0.0000000000
111460  53.060  18.086  43.065 0.0000000000
112117  53.597  18.333  42.555 0.0000000000
111466  53.132  17.592  42.505 0.0000000000
110169  53.066  15.077  43.203 0.0000000000
109534  53.736  14.477  42.829 0.0000000000
109540  53.936  14.473  41.853 0.0000000000
109533  54.490  13.817  42.487 0.0000000000
109498  56.129  13.996  46.899 0.0000000000
109505  55.372  13.820  45.803 0.0000000000
108853  56.311  13.406  45.972 0.0000000000
108227  57.006  12.205  44.082 0.0000000000
108871  56.040  13.083  44.420 0.0000000000
108870  56.377  12.661  43.739 0.0000000000
140465  56.010  12.780  42.729 0.0000000000
108245  56.520  12.388  42.037 0.0000000000
108254  56.559  12.309  41.310 0.0000000000
108244  56.914  12.045  41.814 0.0000000000
106823  55.969  10.365  43.214 0.0000000000
106837  55.752  10.839  42.518 0.0000000000
106824  55.118  10.230  43.193 0.0000000000
106825  54.273  10.143  43.241 0.0000000000
106137  53.804  9.384  43.784 0.0000000000
105528  54.072  7.936  45.221 0.0000000000
104791  53.440  7.339  45.658 0.0000000000
153087  52.784  6.926  45.558 0.0000000000
104787  53.126  6.865  46.297 0.0000000000
142947  54.987  9.430  46.980 0.0000000000
106108  55.138  8.837  47.129 0.0000000000
105505  54.402  8.412  47.419 0.0000000000
104773  52.926  7.120  48.147 0.0000000000
104783  53.316  7.193  47.769 0.0000000000
103937  52.586  6.686  48.094 0.0000000000
103938  52.035  6.297  48.280 0.0000000000
103128  50.878  5.645  49.418 0.0000000000
121014  51.646  33.478  45.061 0.0000000000
120446  51.807  33.086  44.304 0.0000000000
160966  53.798  33.499  44.309 0.0000000000
119824  55.698  32.033  45.047 0.0000000000
120417  55.281  32.860  45.209 0.0000000000
148243  56.332  31.954  44.738 0.0000000000
120431  56.971  31.400  44.534 0.0000000000
119822  57.257  30.416  44.596 0.0000000000
142381  54.996  23.807  44.347 0.0000000000
116565  55.713  24.721  44.188 0.0000000000
146238  56.835  26.575  44.519 0.0000000000
146237  55.764  26.411  44.369 0.0000000000
142420  55.630  27.960  44.442 0.0000000000
118490  56.004  28.774  44.658 0.0000000000
142421  56.624  28.124  44.686 0.0000000000
160169  58.278  27.422  43.866 0.0000000000
157229  57.916  27.726  44.264 0.0000000000
118509  58.369  27.982  43.462 0.0000000000
118510  58.173  28.950  43.713 0.0000000000
117812  58.675  27.278  42.990 0.0000000000
117815  58.562  27.376  42.241 0.0000000000
117171  58.766  26.609  42.436 0.0000000000
116010  59.296  24.418  39.927 0.0000000000
116606  59.008  25.103  39.928 0.0000000000
116019  59.087  24.583  39.319 0.0000000000
160115  58.585  24.111  38.734 0.0000000000
115420  58.596  23.477  38.417 0.0000000000
113404  58.663  21.147  39.013 0.0000000000
161122  59.389  22.430  39.839 0.0000000000
113425  56.728  20.522  36.762 0.0000000000
114092  57.442  21.290  37.287 0.0000000000
159597  56.516  21.026  37.034 0.0000000000
159048  57.010  21.622  37.637 0.0000000000
156597  55.607  20.626  37.289 0.0000000000
137101  54.742  20.293  37.456 0.0000000000
136694  55.110  20.072  36.852 0.0000000000
155548  53.132  18.361  36.720 0.0000000000
112168  53.350  18.938  36.735 0.0000000000
154243  52.614  18.068  37.113 0.0000000000
111500  52.000  17.748  37.845 0.0000000000
109562  51.905  14.387  38.124 0.0000000000
109563  51.188  14.035  38.510 0.0000000000
108917  50.887  13.475  37.743 0.0000000000
108925  49.774  12.719  36.348 0.0000000000
108292  49.252  12.764  37.088 0.0000000000
108300  48.924  12.365  36.234 0.0000000000
133849  48.224  12.329  36.911 0.0000000000
108301  48.159  11.783  35.725 0.0000000000
107593  50.697  10.950  36.400 0.0000000000
106905  50.188  11.223  35.113 0.0000000000
107605  50.109  10.844  35.434 0.0000000000
106908  47.883  9.820  34.899 0.0000000000
106918  47.825  10.143  34.553 0.0000000000
107619  47.098  10.123  34.496 0.0000000000
107608  47.045  10.573  34.827 0.0000000000
106909  46.375  10.137  34.584 0.0000000000
106910  45.648  10.057  34.889 0.0000000000
106919  45.924  10.033  34.733 0.0000000000
105584  44.616  8.821  35.436 0.0000000000
105589  44.601  9.110  35.414 0.0000000000
105590  44.147  8.274  35.548 0.0000000000
105591  43.662  8.173  35.516 0.0000000000
139926  44.038  7.347  35.457 0.0000000000
106141  50.028  9.335  43.479 0.0000000000
106830  49.487  9.958  43.013 0.0000000000
136012  48.923  9.257  43.502 0.0000000000
157096  46.631  8.920  42.805 0.0000000000
106147  47.649  9.770  42.781 0.0000000000
141388  46.853  9.498  42.531 0.0000000000
106857  47.000  10.240  41.247 0.0000000000
153490  45.951  9.349  41.405 0.0000000000
103169  48.010  5.452  42.111 0.0000000000
103170  47.261  5.958  42.661 0.0000000000
103178  47.769  6.067  41.664 0.0000000000
155873  49.051  15.158  40.552 0.0000000000
109550  48.887  14.343  40.488 0.0000000000
143986  51.738  19.221  38.041 0.0000000000
112790  51.475  19.746  38.438 0.0000000000
112157  50.568  18.506  38.974 0.0000000000
138607  49.104  17.296  40.416 0.0000000000
110871  49.676  17.174  39.933 0.0000000000
110863  49.277  16.536  40.341 0.0000000000
101589  53.297  4.520  53.029 0.0000000000
162069  53.436  3.918  52.530 0.0000000000
101571  54.140  4.167  53.002 0.0000000000
102371  54.991  4.712  53.399 0.0000000000
102389  56.216  4.742  53.010 0.0000000000
112768  55.931  19.165  39.872 0.0000000000
112134  55.461  18.463  39.629 0.0000000000
111474  54.173  17.630  40.881 0.0000000000
108806  55.823  14.089  50.703 0.0000000000
157867  57.089  13.942  50.024 0.0000000000
108812  56.678  13.767  50.005 0.0000000000
108188  55.569  12.616  47.926 0.0000000000
113358  57.714  20.508  44.248 0.0000000000
114012  57.681  21.010  44.402 0.0000000000
113367  57.986  20.409  43.363 0.0000000000
113376  57.989  20.283  42.425 0.0000000000
113384  57.920  20.184  41.462 0.0000000000
112766  57.294  19.793  40.909 0.0000000000
112767  56.624  19.504  40.277 0.0000000000
108267  52.825  12.304  40.013 0.0000000000
108281  51.726  12.263  39.060 0.0000000000
108256  51.592  12.211  40.743 0.0000000000
107554  50.640  12.071  40.602 0.0000000000
107540  50.104  11.588  41.300 0.0000000000
107557  45.040  11.704  40.100 0.0000000000
107574  45.385  11.587  39.172 0.0000000000
106889  43.265  10.226  37.889 0.0000000000
106888  44.152  10.571  37.597 0.0000000000
135527  58.416  25.252  39.469 0.0000000000
116608  57.840  25.923  39.920 0.0000000000
116011  56.657  24.656  39.933 0.0000000000
115394  55.998  23.951  40.291 0.0000000000
110171  44.536  15.460  42.181 0.0000000000
109537  43.643  14.035  42.808 0.0000000000
108879  43.216  13.305  43.011 0.0000000000
137272  55.499  20.201  46.398 0.0000000000
112709  54.178  19.593  45.819 0.0000000000
151254  54.737  19.980  46.380 0.0000000000
115290  56.137  23.610  49.361 0.0000000000
115933  56.396  24.598  49.113 0.0000000000
114623  56.651  23.083  49.082 0.0000000000
114632  56.861  22.615  48.536 0.0000000000
113974  56.826  22.038  48.138 0.0000000000
113987  56.873  21.666  47.420 0.0000000000
113988  56.591  21.587  47.702 0.0000000000
104792  52.033  6.841  45.125 0.0000000000
104793  50.940  6.604  45.064 0.0000000000
103147  50.331  5.415  45.920 0.0000000000
102418  49.725  3.815  47.462 0.0000000000
99918  53.191  2.106  49.315 0.0000000000
99925  52.663  1.889  48.682 0.0000000000
99936  53.222  1.701  47.924 0.0000000000
143085  52.838  1.622  47.243 0.0000000000
99949  52.426  1.565  46.612 0.0000000000
111513  53.415  17.552  36.593 0.0000000000
110892  53.312  16.501  36.865 0.0000000000
142674  54.692  16.045  36.271 0.0000000000
110195  55.626  15.125  38.327 0.0000000000
109554  55.710  14.142  38.550 0.0000000000
109561  55.918  13.688  38.098 0.0000000000
108915  56.211  13.021  38.017 0.0000000000
108287  56.228  12.608  38.934 0.0000000000
108276  56.203  12.293  39.682 0.0000000000
107550  56.025  11.819  40.289 0.0000000000
110832  51.949  16.744  44.430 0.0000000000
110838  52.391  16.446  43.539 0.0000000000
110150  52.349  15.769  44.464 0.0000000000
110160  52.934  15.042  44.091 0.0000000000
109524  53.629  14.512  43.768 0.0000000000
108851  57.497  12.713  46.955 0.0000000000
144814  56.986  12.758  45.935 0.0000000000
108218  57.273  12.217  45.228 0.0000000000
108232  57.255  11.867  43.387 0.0000000000
107520  57.187  11.532  42.859 0.0000000000
107515  57.383  11.365  43.706 0.0000000000
106822  56.700  10.581  43.455 0.0000000000
106135  55.404  9.742  43.837 0.0000000000
106124  55.027  8.996  44.357 0.0000000000
106123  55.826  9.319  44.527 0.0000000000
105518  54.903  8.085  46.008 0.0000000000
106096  53.524  8.488  47.634 0.0000000000
104774  52.011  6.960  48.568 0.0000000000
120420  51.520  32.732  45.745 0.0000000000
150725  51.769  33.250  45.464 0.0000000000
145146  53.181  33.333  45.342 0.0000000000
121004  53.984  33.434  45.231 0.0000000000
120433  54.267  32.337  45.563 0.0000000000
119825  54.990  31.634  45.253 0.0000000000
145828  55.800  30.981  45.040 0.0000000000
116561  51.739  25.446  45.239 0.0000000000
116568  52.247  25.108  44.908 0.0000000000
142813  52.882  25.333  44.576 0.0000000000
115983  57.764  23.846  43.638 0.0000000000
115977  57.580  24.550  43.887 0.0000000000
116563  58.007  25.353  44.123 0.0000000000
117160  57.661  26.630  44.469 0.0000000000
117803  57.342  27.401  44.591 0.0000000000
117159  58.222  26.170  44.263 0.0000000000
144793  58.526  26.464  43.792 0.0000000000
116576  58.988  25.795  42.612 0.0000000000
160600  59.076  25.365  41.880 0.0000000000
141330  59.203  24.782  41.459 0.0000000000
115994  59.349  24.225  40.852 0.0000000000
115406  59.347  23.890  39.283 0.0000000000
112787  57.338  20.022  37.972 0.0000000000
113415  57.774  20.652  37.600 0.0000000000
112804  56.627  19.936  36.694 0.0000000000
113435  55.537  19.709  36.339 0.0000000000
112807  55.191  19.103  36.199 0.0000000000
112175  53.884  18.323  36.362 0.0000000000
149094  51.623  13.384  36.812 0.0000000000
136138  51.033  13.009  35.887 0.0000000000
108308  50.483  12.550  35.433 0.0000000000
156037  50.134  12.076  34.882 0.0000000000
140526  49.283  10.303  36.673 0.0000000000
106895  49.353  10.390  35.438 0.0000000000
106896  48.590  10.038  35.791 0.0000000000
106176  46.985  9.622  35.368 0.0000000000
106185  46.259  9.613  34.946 0.0000000000
105578  44.707  8.475  36.332 0.0000000000
105533  48.302  7.988  44.229 0.0000000000
105542  48.107  8.774  43.705 0.0000000000
104809  47.635  7.441  44.159 0.0000000000
104815  46.991  7.495  43.517 0.0000000000
104816  46.542  7.834  42.923 0.0000000000
109543  45.993  14.116  41.918 0.0000000000
108898  45.642  13.200  41.719 0.0000000000
108897  46.562  13.367  41.358 0.0000000000
108271  46.609  12.627  40.591 0.0000000000
108906  47.779  13.300  40.513 0.0000000000
108270  47.256  12.700  40.129 0.0000000000
155182  46.681  12.329  39.794 0.0000000000
114080  55.700  21.386  38.825 0.0000000000
114065  55.236  21.575  39.950 0.0000000000
113395  53.019  20.507  39.728 0.0000000000
113408  51.324  20.139  38.834 0.0000000000
111484  48.546  17.492  40.772 0.0000000000
110865  48.017  16.993  41.189 0.0000000000
159427  47.094  16.017  41.515 0.0000000000
115935  55.474  24.309  49.634 0.0000000000
114624  56.045  22.949  49.253 0.0000000000
114634  55.589  22.274  48.823 0.0000000000
158954  50.521  4.490  49.426 0.0000000000
102415  50.343  4.264  48.883 0.0000000000
155440  50.369  3.936  49.616 0.0000000000
100786  51.299  2.933  50.539 0.0000000000
135000  51.874  2.495  50.132 0.0000000000
100777  52.770  3.031  51.325 0.0000000000
100784  53.279  2.647  50.663 0.0000000000
100794  52.726  2.405  50.040 0.0000000000
100793  53.751  2.304  49.930 0.0000000000
100801  55.085  2.212  49.017 0.0000000000
111498  55.778  18.006  36.810 0.0000000000
111512  55.528  17.370  36.662 0.0000000000
111499  55.776  17.363  37.299 0.0000000000
110875  55.735  16.733  37.965 0.0000000000
112143  55.224  17.584  39.349 0.0000000000
111491  55.405  17.011  38.815 0.0000000000
110869  55.310  16.423  38.914 0.0000000000
110188  55.184  15.635  39.026 0.0000000000
110181  54.650  15.173  39.851 0.0000000000
110127  54.456  15.063  47.681 0.0000000000
153680  54.501  14.854  46.840 0.0000000000
134062  55.389  14.639  47.348 0.0000000000
109486  56.402  14.384  48.043 0.0000000000
109485  56.984  13.777  47.864 0.0000000000
109471  57.260  14.101  49.419 0.0000000000
108824  57.289  13.542  48.694 0.0000000000
139587  57.375  13.235  47.685 0.0000000000
152745  57.453  12.502  47.309 0.0000000000
107489  57.310  11.357  46.605 0.0000000000
106795  56.992  10.567  46.577 0.0000000000
106107  56.454  9.716  46.585 0.0000000000
106796  56.470  10.446  46.697 0.0000000000
142210  54.839  10.470  46.628 0.0000000000
106798  54.066  10.002  46.791 0.0000000000
106097  52.464  8.894  47.577 0.0000000000
105509  51.008  8.500  48.144 0.0000000000
151280  52.817  30.195  44.827 0.0000000000
115326  55.389  22.749  45.485 0.0000000000
147794  54.564  23.316  44.789 0.0000000000
114652  55.197  22.743  44.922 0.0000000000
114656  55.934  22.423  44.651 0.0000000000
115330  56.248  22.748  44.145 0.0000000000
114667  57.578  22.238  43.550 0.0000000000
115337  57.120  22.914  43.729 0.0000000000
115336  58.100  23.184  43.324 0.0000000000
114684  58.881  23.013  42.374 0.0000000000
114683  59.256  23.312  41.745 0.0000000000
114064  58.797  21.176  40.174 0.0000000000
160746  57.849  20.145  40.611 0.0000000000
112788  56.691  19.414  37.558 0.0000000000
108299  52.735  12.452  36.496 0.0000000000
107603  51.542  11.682  35.694 0.0000000000
107592  51.936  11.942  36.432 0.0000000000
134916  51.401  11.519  37.034 0.0000000000
107581  50.657  11.334  37.889 0.0000000000
107571  50.921  11.928  38.924 0.0000000000
161775  50.299  11.457  38.900 0.0000000000
107582  49.977  10.664  37.291 0.0000000000
106885  49.228  10.484  37.972 0.0000000000
145843  47.842  10.268  38.760 0.0000000000
106877  46.806  10.046  39.140 0.0000000000
101669  48.269  3.568  43.616 0.0000000000
102446  47.898  4.281  43.329 0.0000000000
101679  48.559  3.867  42.791 0.0000000000
106867  40.733  10.739  39.872 0.0000000000
137074  45.184  12.454  41.412 0.0000000000
107542  43.830  11.705  41.055 0.0000000000
107558  44.177  11.501  40.228 0.0000000000
107559  43.184  11.236  40.254 0.0000000000
107577  42.202  10.859  39.781 0.0000000000
106891  41.675  9.905  38.667 0.0000000000
106902  42.858  9.630  37.267 0.0000000000
117184  57.155  26.412  40.330 0.0000000000
149131  57.187  27.062  40.627 0.0000000000
114714  55.646  22.381  40.197 0.0000000000
114715  54.837  22.275  40.855 0.0000000000
112748  54.908  19.182  42.188 0.0000000000
134871  54.952  19.440  43.212 0.0000000000
112108  53.496  18.622  43.392 0.0000000000
112109  52.741  18.157  43.861 0.0000000000
111454  52.166  17.711  44.601 0.0000000000
110833  51.755  17.192  45.290 0.0000000000
110130  51.937  15.985  46.312 0.0000000000
110120  53.362  15.537  48.060 0.0000000000
110112  55.312  15.239  49.607 0.0000000000
110106  55.601  15.283  50.783 0.0000000000
117153  50.801  26.296  45.792 0.0000000000
117149  51.133  26.726  46.641 0.0000000000
147380  51.550  26.001  46.245 0.0000000000
116557  52.064  25.401  45.821 0.0000000000
116556  52.868  24.780  45.647 0.0000000000
149128  53.687  24.375  45.938 0.0000000000
116537  56.464  25.079  48.781 0.0000000000
115963  55.381  24.769  46.975 0.0000000000
115971  54.596  24.129  46.273 0.0000000000
115323  54.939  23.380  45.882 0.0000000000
114648  56.321  22.375  46.031 0.0000000000
114650  56.620  21.829  45.601 0.0000000000
113998  57.002  21.400  46.657 0.0000000000
113344  57.070  20.809  46.221 0.0000000000
113346  57.368  20.595  45.214 0.0000000000
155029  57.025  19.817  44.348 0.0000000000
112737  55.975  19.586  43.320 0.0000000000
106827  52.464  10.095  43.223 0.0000000000
106841  51.936  10.732  42.735 0.0000000000
106828  51.474  10.073  43.184 0.0000000000
105540  50.647  8.684  43.864 0.0000000000
105541  49.641  8.636  43.872 0.0000000000
104806  50.147  7.214  44.695 0.0000000000
154845  49.668  7.635  44.459 0.0000000000
104807  49.061  7.332  44.645 0.0000000000
103964  48.510  6.621  44.950 0.0000000000
102431  47.879  4.991  45.035 0.0000000000
102439  47.989  4.258  44.972 0.0000000000
101634  49.877  3.484  48.223 0.0000000000
158528  49.617  3.310  47.630 0.0000000000
101639  49.345  3.291  47.011 0.0000000000
161832  50.425  1.859  47.764 0.0000000000
99940  49.865  2.039  47.241 0.0000000000
144090  49.432  2.579  46.955 0.0000000000
100817  49.018  2.820  46.361 0.0000000000
100818  48.588  3.139  45.631 0.0000000000
159924  48.296  3.336  44.276 0.0000000000
149166  49.172  2.459  44.144 0.0000000000
110190  50.834  15.617  39.182 0.0000000000
110189  51.476  16.015  38.640 0.0000000000
110207  53.095  15.512  37.254 0.0000000000
110197  52.713  14.537  37.498 0.0000000000
108922  52.746  13.662  36.582 0.0000000000
108931  52.849  13.123  35.889 0.0000000000
108312  52.662  12.804  35.895 0.0000000000
110903  55.261  16.951  36.479 0.0000000000
110218  55.211  16.052  36.471 0.0000000000
141428  55.358  14.990  36.724 0.0000000000
109571  55.075  14.195  36.536 0.0000000000
108929  54.697  13.507  36.404 0.0000000000
108306  53.344  12.772  36.215 0.0000000000
136655  53.321  12.441  37.463 0.0000000000
134397  53.478  12.343  38.524 0.0000000000
108278  55.065  12.319  38.930 0.0000000000
108279  54.224  12.284  38.947 0.0000000000
108266  53.604  12.269  39.615 0.0000000000
107553  53.328  12.081  40.592 0.0000000000
107537  53.024  11.763  41.399 0.0000000000
107523  53.519  11.282  41.966 0.0000000000
112116  54.262  18.642  41.961 0.0000000000
112127  53.720  17.854  41.710 0.0000000000
111475  53.715  17.073  41.211 0.0000000000
110847  52.773  16.725  42.672 0.0000000000
110846  52.962  16.175  42.164 0.0000000000
110855  53.465  16.141  41.414 0.0000000000
151448  53.677  15.207  41.336 0.0000000000
142828  55.032  13.731  40.729 0.0000000000
109499  54.043  14.862  46.113 0.0000000000
136763  54.404  14.363  45.379 0.0000000000
109513  54.298  14.058  44.404 0.0000000000
108865  55.714  13.419  45.080 0.0000000000
108872  55.128  13.423  44.165 0.0000000000
108888  55.313  13.224  42.127 0.0000000000
108895  55.525  13.185  41.213 0.0000000000
108893  56.509  12.297  40.720 0.0000000000
108253  56.713  12.083  40.964 0.0000000000
107534  56.182  11.620  41.101 0.0000000000
107521  56.879  11.608  42.193 0.0000000000
107522  56.328  11.409  41.895 0.0000000000
106852  55.529  11.281  41.803 0.0000000000
106853  54.532  11.301  41.754 0.0000000000
106839  53.919  10.739  42.593 0.0000000000
106138  52.952  9.376  43.707 0.0000000000
105529  52.853  7.935  44.410 0.0000000000
106125  54.179  8.633  44.352 0.0000000000
138716  53.551  8.139  44.593 0.0000000000
104804  52.775  7.307  44.969 0.0000000000
103945  52.056  6.155  46.501 0.0000000000
155650  55.824  9.102  46.855 0.0000000000
105515  55.395  8.627  46.651 0.0000000000
105506  53.927  7.944  47.698 0.0000000000
104782  53.670  7.508  47.528 0.0000000000
104786  53.719  7.307  46.727 0.0000000000
103942  52.353  6.268  47.513 0.0000000000
103133  51.719  5.717  47.926 0.0000000000
134709  50.819  5.049  49.121 0.0000000000
102411  50.646  4.733  50.530 0.0000000000
101612  51.188  4.298  51.351 0.0000000000
102391  51.967  4.761  52.277 0.0000000000
121555  54.888  33.539  43.616 0.0000000000
121003  54.816  33.363  45.005 0.0000000000
121002  55.501  33.147  44.714 0.0000000000
121546  55.839  33.355  43.995 0.0000000000
121010  57.082  32.617  43.828 0.0000000000
120445  57.378  31.703  44.096 0.0000000000
119839  58.324  30.432  43.437 0.0000000000
119193  52.237  29.172  44.443 0.0000000000
143379  53.374  29.332  44.434 0.0000000000
115332  53.857  23.986  44.673 0.0000000000
116567  53.644  24.862  44.493 0.0000000000
118492  53.959  28.521  44.259 0.0000000000
142457  54.433  29.453  44.557 0.0000000000
142458  55.445  29.494  44.717 0.0000000000
119190  55.845  30.137  44.928 0.0000000000
119189  56.557  30.305  44.858 0.0000000000
118488  57.472  28.465  44.557 0.0000000000
119188  57.581  29.816  44.469 0.0000000000
119187  57.713  29.981  44.272 0.0000000000
154510  58.010  29.616  43.933 0.0000000000
119221  58.452  29.434  42.662 0.0000000000
118530  58.367  28.074  42.042 0.0000000000
160451  58.392  26.240  40.581 0.0000000000
145630  58.970  25.470  40.850 0.0000000000
116593  58.721  25.766  40.140 0.0000000000
153456  58.556  25.658  39.859 0.0000000000
116020  58.165  24.630  39.026 0.0000000000
115408  57.993  23.912  38.676 0.0000000000
114720  56.885  22.665  38.825 0.0000000000
114712  59.452  22.904  40.691 0.0000000000
151468  59.477  23.133  39.540 0.0000000000
114725  59.235  23.246  38.680 0.0000000000
114086  58.531  21.921  37.980 0.0000000000
157861  58.609  22.239  38.065 0.0000000000
114727  58.541  22.594  38.176 0.0000000000
114728  57.322  22.192  38.200 0.0000000000
114079  56.607  21.838  38.457 0.0000000000
113416  55.050  20.702  38.175 0.0000000000
155220  53.856  20.221  37.937 0.0000000000
113417  53.126  19.836  37.441 0.0000000000
112799  53.679  19.466  36.914 0.0000000000
112800  52.823  19.399  37.223 0.0000000000
162025  52.288  19.216  37.528 0.0000000000
112155  52.111  18.611  37.624 0.0000000000
158326  51.444  17.710  38.372 0.0000000000
109557  50.686  14.581  39.150 0.0000000000
108912  49.559  13.418  38.804 0.0000000000
108918  49.916  13.162  37.627 0.0000000000
108293  49.113  12.833  37.981 0.0000000000
135602  48.383  12.558  37.936 0.0000000000
107583  47.681  12.230  37.599 0.0000000000
107596  47.019  11.644  37.019 0.0000000000
107615  50.827  11.663  35.126 0.0000000000
107616  50.189  11.651  34.919 0.0000000000
108316  49.583  11.672  34.857 0.0000000000
106917  48.600  10.599  34.745 0.0000000000
107606  48.396  11.098  34.773 0.0000000000
107607  47.744  11.076  34.904 0.0000000000
135029  46.676  11.184  35.843 0.0000000000
106899  45.373  10.443  35.902 0.0000000000
106911  44.910  9.772  35.486 0.0000000000
106195  45.540  9.632  35.138 0.0000000000
106187  44.374  9.271  35.394 0.0000000000
106188  43.604  8.990  35.549 0.0000000000
106197  43.420  8.465  35.594 0.0000000000
106842  50.972  10.745  42.708 0.0000000000
106843  49.997  10.620  42.562 0.0000000000
106854  49.571  11.043  41.904 0.0000000000
106844  48.521  9.911  42.927 0.0000000000
106845  48.136  10.321  42.286 0.0000000000
106864  48.445  10.750  40.878 0.0000000000
106865  47.656  10.467  40.673 0.0000000000
106866  46.837  10.193  40.315 0.0000000000
106158  46.092  9.653  39.958 0.0000000000
102456  47.556  5.068  43.008 0.0000000000
161429  46.815  6.641  42.648 0.0000000000
104822  46.194  7.734  42.305 0.0000000000
103987  47.362  6.447  41.072 0.0000000000
155264  46.193  7.398  41.704 0.0000000000
105551  45.882  8.397  42.067 0.0000000000
106159  45.722  9.220  40.656 0.0000000000
106165  45.935  9.450  38.857 0.0000000000
106171  45.309  8.902  38.274 0.0000000000
105573  44.827  8.383  37.605 0.0000000000
102370  56.860  5.321  53.366 0.0000000000
102406  57.677  4.634  51.921 0.0000000000
101606  58.206  4.544  51.388 0.0000000000
101607  57.311  4.086  51.327 0.0000000000
99917  54.182  2.021  49.213 0.0000000000
99926  51.526  1.923  48.776 0.0000000000
99938  51.219  1.582  47.798 0.0000000000
99948  53.364  1.623  46.475 0.0000000000
99951  50.103  1.599  46.385 0.0000000000
100778  51.863  3.216  51.264 0.0000000000
100792  54.784  2.365  49.757 0.0000000000
100802  50.760  2.367  49.164 0.0000000000
100804  49.930  2.910  48.411 0.0000000000
100811  49.633  2.818  47.705 0.0000000000
100831  49.091  2.418  45.613 0.0000000000
100843  49.945  2.100  44.010 0.0000000000
100845  48.683  2.780  44.755 0.0000000000
100859  48.687  2.933  43.867 0.0000000000
101587  56.700  4.307  52.183 0.0000000000
101588  55.300  3.973  52.508 0.0000000000
101609  53.179  3.457  51.961 0.0000000000
101611  51.748  3.968  51.766 0.0000000000
101619  50.802  4.167  50.876 0.0000000000
101640  48.806  3.589  46.273 0.0000000000
101660  48.264  3.554  44.908 0.0000000000
102387  58.092  4.778  52.203 0.0000000000
102388  57.355  4.889  52.618 0.0000000000
102407  51.426  4.847  51.748 0.0000000000
102413  50.591  4.784  49.866 0.0000000000
102430  48.367  4.549  45.513 0.0000000000
102440  47.689  4.659  44.502 0.0000000000
102447  47.534  4.780  43.858 0.0000000000
103102  57.643  5.075  53.025 0.0000000000
103134  51.018  5.145  47.522 0.0000000000
103148  49.368  5.268  45.741 0.0000000000
103940  53.349  6.966  47.191 0.0000000000
103946  51.240  5.718  46.131 0.0000000000
103953  52.454  6.524  45.942 0.0000000000
103972  46.625  7.192  42.835 0.0000000000
103979  46.532  7.038  42.157 0.0000000000
103988  46.613  6.900  41.392 0.0000000000
104805  51.171  7.340  44.633 0.0000000000
104808  48.181  7.247  44.570 0.0000000000
104823  45.766  7.964  41.626 0.0000000000
105494  52.503  7.633  48.201 0.0000000000
105508  51.982  8.362  48.045 0.0000000000
105514  56.115  8.988  46.354 0.0000000000
105516  54.802  8.172  46.945 0.0000000000
105532  49.258  8.038  44.266 0.0000000000
105543  47.503  8.210  43.716 0.0000000000
105544  46.838  8.356  43.192 0.0000000000
105556  45.683  8.719  41.370 0.0000000000
105585  42.913  8.322  35.969 0.0000000000
106121  57.335  10.123  45.626 0.0000000000
106134  56.219  10.018  44.008 0.0000000000
106140  51.032  9.380  43.526 0.0000000000
106152  46.121  9.071  42.153 0.0000000000
106806  57.397  10.690  46.154 0.0000000000
106814  56.894  10.300  44.183 0.0000000000
106821  57.258  10.810  43.931 0.0000000000
106835  57.096  11.073  43.116 0.0000000000
106846  47.263  10.131  42.072 0.0000000000
106855  48.702  10.739  41.703 0.0000000000
106874  49.132  10.764  39.034 0.0000000000
106906  49.361  10.686  35.011 0.0000000000
107509  57.686  11.365  45.268 0.0000000000
107525  52.253  11.252  42.294 0.0000000000
107539  51.062  11.858  41.501 0.0000000000
107549  56.515  11.956  40.622 0.0000000000
107568  56.323  11.934  39.852 0.0000000000
107569  56.110  12.106  39.746 0.0000000000
107591  51.945  11.973  36.082 0.0000000000
107604  50.935  11.292  35.432 0.0000000000
107613  51.712  12.016  35.623 0.0000000000
107614  51.274  11.702  35.363 0.0000000000
107617  49.031  11.205  34.776 0.0000000000
108185  57.319  13.053  48.470 0.0000000000
108186  57.110  13.000  48.856 0.0000000000
108226  57.481  11.703  44.569 0.0000000000
108243  57.140  11.889  42.542 0.0000000000
108268  52.078  12.328  39.929 0.0000000000
108288  55.995  12.596  38.362 0.0000000000
108309  49.634  12.237  35.340 0.0000000000
108313  52.049  12.348  35.736 0.0000000000
108805  56.695  14.124  50.228 0.0000000000
108810  57.274  13.797  49.540 0.0000000000
108811  57.160  13.779  49.791 0.0000000000
108863  57.394  12.231  46.156 0.0000000000
108890  43.726  13.267  42.692 0.0000000000
108894  56.077  12.852  41.215 0.0000000000
108916  51.573  13.745  37.830 0.0000000000
108921  55.867  13.072  37.291 0.0000000000
109458  57.176  14.013  49.936 0.0000000000
109506  53.632  14.894  45.401 0.0000000000
110111  56.259  14.737  50.087 0.0000000000
110140  52.365  15.634  45.524 0.0000000000
110170  52.728  15.836  42.859 0.0000000000
110178  46.811  15.456  41.625 0.0000000000
110813  52.045  16.212  47.175 0.0000000000
110823  51.676  16.783  46.103 0.0000000000
112144  50.298  19.206  39.199 0.0000000000
112167  55.902  18.639  36.525 0.0000000000
112684  55.568  20.961  47.517 0.0000000000
112706  57.349  20.058  44.844 0.0000000000
112735  57.515  20.035  43.944 0.0000000000
112798  54.634  19.559  36.573 0.0000000000
113335  56.788  21.146  47.068 0.0000000000
113414  58.431  21.248  38.045 0.0000000000
113423  58.017  21.315  37.585 0.0000000000
113434  56.184  19.823  36.396 0.0000000000
113999  57.011  21.408  45.941 0.0000000000
114063  59.121  21.814  39.482 0.0000000000
114077  59.263  22.513  38.944 0.0000000000
114646  56.996  22.061  47.451 0.0000000000
114726  58.881  22.550  38.256 0.0000000000
114736  58.256  21.902  37.825 0.0000000000
115289  56.599  23.810  49.127 0.0000000000
115301  57.055  22.632  48.030 0.0000000000
115327  54.595  23.218  45.167 0.0000000000
115328  53.871  23.681  45.014 0.0000000000
115419  58.908  23.181  38.360 0.0000000000
115934  56.028  24.325  49.415 0.0000000000
115982  58.894  24.873  43.352 0.0000000000
116555  53.484  25.042  46.326 0.0000000000
116569  51.595  25.670  44.935 0.0000000000
116571  58.841  25.628  43.331 0.0000000000
116578  58.843  26.009  41.706 0.0000000000
116607  58.800  25.211  39.587 0.0000000000
116609  57.537  25.136  39.563 0.0000000000
117161  56.328  25.713  44.300 0.0000000000
118487  58.024  28.305  43.997 0.0000000000
118519  58.562  28.050  42.736 0.0000000000
119208  58.356  29.668  43.434 0.0000000000
119840  58.004  30.212  43.894 0.0000000000
120419  53.631  32.969  45.652 0.0000000000
120432  55.897  32.585  44.820 0.0000000000
120444  57.996  31.034  43.760 0.0000000000
120994  52.524  32.973  45.667 0.0000000000
120995  50.943  33.017  45.372 0.0000000000
121000  56.575  32.323  44.420 0.0000000000
121005  52.462  33.530  45.254 0.0000000000
121011  56.442  32.984  44.133 0.0000000000
121013  52.534  33.429  44.640 0.0000000000
121547  55.105  33.459  44.266 0.0000000000
121554  55.419  33.561  43.559 0.0000000000
121562  55.435  33.744  42.837 0.0000000000
122066  55.495  34.044  41.979 0.0000000000
134036  47.357  11.441  35.775 0.0000000000
136361  55.113  19.846  45.744 0.0000000000
136746  50.968  1.495  44.824 0.0000000000
136752  48.245  10.600  40.198 0.0000000000
137166  46.502  9.741  41.761 0.0000000000
137954  53.336  19.299  46.384 0.0000000000
139547  54.750  19.516  44.244 0.0000000000
140100  47.382  6.151  44.219 0.0000000000
142459  56.339  29.508  44.839 0.0000000000
143572  50.589  3.087  49.777 0.0000000000
143856  49.813  5.785  45.537 0.0000000000
143898  58.038  26.779  40.838 0.0000000000
145653  54.999  32.484  45.408 0.0000000000
147878  52.295  17.326  43.862 0.0000000000
148703  52.020  1.558  47.309 0.0000000000
150751  57.411  25.935  44.366 0.0000000000
152697  52.508  8.645  43.945 0.0000000000
152777  46.428  10.009  34.592 0.0000000000
153657  56.396  13.086  45.229 0.0000000000
153909  47.932  5.870  44.953 0.0000000000
154020  48.619  10.419  38.593 0.0000000000
154038  57.360  12.679  47.796 0.0000000000
154269  48.061  9.390  43.289 0.0000000000
154793  55.481  8.763  44.964 0.0000000000
155480  43.928  7.789  35.507 0.0000000000
156280  56.612  14.549  48.891 0.0000000000
156342  54.720  8.834  47.286 0.0000000000
156487  54.078  17.113  40.754 0.0000000000
156863  55.751  13.057  43.624 0.0000000000
157063  58.598  26.126  40.897 0.0000000000
157107  51.405  25.749  45.621 0.0000000000
158789  58.515  27.106  43.501 0.0000000000
160321  57.207  29.537  44.693 0.0000000000
161001  56.992  11.304  42.623 0.0000000000
161321  45.176  15.574  42.037 0.0000000000
161395  48.820  3.256  43.210 0.0000000000
