#!ascii label  , from subject sub-v1s2x0051466_ses-1 vox2ras=TkReg
373
24458  43.112  -71.638  22.938 0.0000000000
17939  35.774  -77.574  19.899 0.0000000000
21194  45.916  -73.031  20.868 0.0000000000
24503  41.277  -71.264  19.062 0.0000000000
151262  41.474  -79.459  18.292 0.0000000000
20135  44.011  -75.465  17.897 0.0000000000
15857  42.288  -78.850  21.110 0.0000000000
21208  38.488  -74.345  19.879 0.0000000000
25699  38.487  -70.561  20.509 0.0000000000
24474  45.414  -72.066  22.616 0.0000000000
24534  44.548  -72.040  17.837 0.0000000000
21232  41.280  -75.084  17.587 0.0000000000
155860  39.051  -78.734  18.915 0.0000000000
13830  38.934  -81.623  22.529 0.0000000000
23280  39.445  -72.397  25.351 0.0000000000
143425  43.653  -73.030  25.616 0.0000000000
22166  46.818  -73.561  26.376 0.0000000000
29331  40.843  -67.473  20.313 0.0000000000
17938  42.889  -77.208  20.247 0.0000000000
19002  37.068  -75.948  19.970 0.0000000000
22206  37.459  -73.724  20.497 0.0000000000
24480  45.921  -72.419  21.832 0.0000000000
23354  45.015  -72.484  18.900 0.0000000000
145515  42.497  -77.754  17.515 0.0000000000
20151  42.771  -75.372  16.794 0.0000000000
19049  41.356  -77.628  17.368 0.0000000000
19036  39.921  -76.880  18.196 0.0000000000
16929  39.865  -79.173  18.663 0.0000000000
14820  37.377  -81.303  22.252 0.0000000000
23236  43.413  -73.081  27.115 0.0000000000
23256  45.493  -72.993  26.025 0.0000000000
22146  45.790  -73.601  27.421 0.0000000000
25708  42.214  -69.815  18.949 0.0000000000
26867  41.430  -69.328  19.075 0.0000000000
26859  36.919  -69.040  20.706 0.0000000000
29334  38.326  -67.447  20.551 0.0000000000
20103  45.424  -74.117  21.184 0.0000000000
156434  44.761  -74.058  18.809 0.0000000000
17936  43.731  -75.814  19.555 0.0000000000
16907  43.012  -77.254  19.042 0.0000000000
147744  41.887  -79.425  19.797 0.0000000000
136644  39.894  -72.816  19.414 0.0000000000
24496  39.753  -71.319  20.019 0.0000000000
23336  38.477  -72.233  20.521 0.0000000000
24483  37.061  -71.583  21.116 0.0000000000
15874  34.122  -79.551  20.097 0.0000000000
25652  44.591  -70.895  22.299 0.0000000000
137644  44.006  -70.217  19.139 0.0000000000
24518  43.031  -71.394  18.105 0.0000000000
22263  44.549  -74.062  17.082 0.0000000000
22247  42.746  -73.509  17.245 0.0000000000
160398  41.217  -73.424  18.082 0.0000000000
21221  40.013  -74.778  18.634 0.0000000000
19019  38.351  -76.466  19.307 0.0000000000
17957  37.375  -77.634  19.594 0.0000000000
13855  39.889  -80.764  20.692 0.0000000000
14851  39.349  -80.603  20.453 0.0000000000
15871  37.112  -79.496  20.274 0.0000000000
15872  35.968  -79.642  20.465 0.0000000000
24435  39.701  -71.773  23.859 0.0000000000
23312  41.482  -72.113  23.481 0.0000000000
137537  41.906  -72.715  25.075 0.0000000000
157763  43.257  -72.529  23.771 0.0000000000
23296  45.152  -72.694  24.256 0.0000000000
23294  46.730  -72.885  24.168 0.0000000000
22188  46.958  -73.151  23.927 0.0000000000
20027  46.450  -74.420  25.016 0.0000000000
156461  46.002  -74.287  22.918 0.0000000000
28116  39.558  -69.025  19.663 0.0000000000
25654  42.753  -70.795  22.937 0.0000000000
25653  43.760  -70.661  22.718 0.0000000000
19021  36.628  -76.965  19.868 0.0000000000
19003  36.197  -76.062  20.191 0.0000000000
23334  46.044  -72.691  21.394 0.0000000000
24494  45.686  -72.403  20.998 0.0000000000
22214  45.344  -72.861  19.899 0.0000000000
16945  42.207  -78.409  17.677 0.0000000000
17992  42.193  -77.830  17.127 0.0000000000
16946  41.735  -78.313  17.442 0.0000000000
16928  41.046  -78.447  17.675 0.0000000000
135077  40.873  -79.284  18.140 0.0000000000
12858  36.525  -82.858  23.126 0.0000000000
22147  44.928  -73.205  27.738 0.0000000000
25723  41.867  -70.670  18.875 0.0000000000
25709  41.140  -70.375  19.141 0.0000000000
140782  37.041  -68.220  20.579 0.0000000000
20104  44.733  -74.573  20.245 0.0000000000
19000  44.196  -75.203  20.146 0.0000000000
155797  42.509  -77.887  20.833 0.0000000000
16894  42.867  -77.426  19.657 0.0000000000
16895  42.538  -78.079  20.309 0.0000000000
16908  42.584  -77.969  18.985 0.0000000000
15868  42.311  -78.840  20.129 0.0000000000
21207  39.281  -74.384  19.397 0.0000000000
22204  39.309  -72.789  19.880 0.0000000000
22205  38.226  -73.687  20.271 0.0000000000
22198  37.070  -73.033  20.784 0.0000000000
23324  36.639  -72.355  21.121 0.0000000000
24484  36.153  -71.667  21.373 0.0000000000
25651  44.686  -71.385  22.489 0.0000000000
25674  44.543  -70.472  22.176 0.0000000000
25673  45.143  -71.232  21.897 0.0000000000
25721  43.573  -70.741  18.623 0.0000000000
24535  43.746  -72.009  17.687 0.0000000000
20134  44.436  -74.679  18.420 0.0000000000
21229  44.685  -73.965  18.111 0.0000000000
20149  44.154  -75.183  17.326 0.0000000000
20152  41.924  -75.630  17.002 0.0000000000
140112  42.997  -74.410  16.881 0.0000000000
152472  42.182  -74.048  17.333 0.0000000000
22248  41.881  -73.427  17.678 0.0000000000
21219  41.388  -74.176  17.763 0.0000000000
21220  40.615  -73.890  18.464 0.0000000000
20136  40.560  -75.407  17.995 0.0000000000
17955  39.256  -77.345  18.623 0.0000000000
19018  39.102  -76.368  18.800 0.0000000000
157139  38.689  -77.070  19.012 0.0000000000
146539  38.121  -77.311  19.353 0.0000000000
154382  37.980  -78.085  19.403 0.0000000000
10991  38.727  -84.599  25.841 0.0000000000
12840  39.149  -82.656  24.102 0.0000000000
12855  39.280  -81.962  23.362 0.0000000000
13841  39.502  -81.142  21.612 0.0000000000
13842  38.985  -81.232  21.616 0.0000000000
14821  36.570  -81.009  21.948 0.0000000000
14833  37.513  -80.770  21.522 0.0000000000
14854  36.744  -80.236  21.050 0.0000000000
14834  35.828  -80.511  21.333 0.0000000000
23300  39.189  -72.045  24.504 0.0000000000
136322  40.148  -72.313  24.484 0.0000000000
23313  40.564  -71.972  23.643 0.0000000000
138866  40.959  -72.354  24.012 0.0000000000
23259  43.017  -73.049  26.291 0.0000000000
158010  42.130  -72.821  26.061 0.0000000000
23278  42.793  -72.853  25.335 0.0000000000
23298  42.603  -72.644  24.346 0.0000000000
137538  43.469  -72.773  24.593 0.0000000000
23297  44.079  -72.575  23.869 0.0000000000
23277  44.357  -72.915  24.936 0.0000000000
22177  46.418  -73.001  25.897 0.0000000000
138779  45.794  -72.852  25.160 0.0000000000
23275  46.609  -72.941  25.008 0.0000000000
23293  47.044  -73.047  24.038 0.0000000000
22175  47.054  -73.545  25.137 0.0000000000
18928  45.074  -75.645  25.852 0.0000000000
155009  45.907  -74.740  24.956 0.0000000000
20044  46.289  -74.421  24.106 0.0000000000
25698  39.415  -70.578  20.147 0.0000000000
25711  39.849  -69.805  19.714 0.0000000000
26856  39.061  -69.773  20.064 0.0000000000
30510  38.816  -67.007  20.737 0.0000000000
20122  37.948  -75.692  19.651 0.0000000000
21196  37.783  -74.373  20.190 0.0000000000
24473  45.721  -72.258  22.723 0.0000000000
142537  45.268  -71.724  21.693 0.0000000000
24495  45.476  -72.049  21.189 0.0000000000
23355  44.946  -72.143  18.100 0.0000000000
17990  43.238  -76.618  17.358 0.0000000000
20150  43.802  -75.595  16.957 0.0000000000
135469  42.783  -77.161  16.976 0.0000000000
147015  42.038  -77.077  16.914 0.0000000000
20153  41.193  -75.905  17.463 0.0000000000
19035  40.519  -76.280  17.824 0.0000000000
19050  40.639  -77.044  17.644 0.0000000000
156117  39.822  -77.706  18.233 0.0000000000
16909  39.458  -78.220  18.565 0.0000000000
13843  38.208  -81.270  21.996 0.0000000000
12857  37.280  -82.378  23.391 0.0000000000
147800  36.492  -82.099  22.990 0.0000000000
23258  43.769  -73.115  26.443 0.0000000000
143966  44.526  -73.105  26.050 0.0000000000
23235  44.291  -73.066  27.048 0.0000000000
23257  45.201  -73.060  26.883 0.0000000000
28114  41.608  -68.591  19.424 0.0000000000
28100  40.986  -68.025  19.819 0.0000000000
26858  37.461  -69.472  20.607 0.0000000000
143937  38.065  -68.783  20.318 0.0000000000
160672  37.454  -68.697  20.498 0.0000000000
30511  37.926  -66.946  20.879 0.0000000000
21195  45.715  -73.561  20.995 0.0000000000
141350  45.382  -73.324  20.127 0.0000000000
20118  45.186  -73.970  20.222 0.0000000000
20119  44.633  -74.491  19.366 0.0000000000
19017  44.036  -75.392  18.873 0.0000000000
153814  43.603  -76.158  18.981 0.0000000000
138104  43.290  -76.736  18.703 0.0000000000
17976  42.867  -77.344  18.428 0.0000000000
15901  42.279  -78.502  18.666 0.0000000000
23344  40.485  -72.506  19.105 0.0000000000
24504  40.542  -71.245  19.538 0.0000000000
23345  39.986  -72.077  19.644 0.0000000000
23335  39.252  -72.056  20.183 0.0000000000
24482  37.984  -71.389  20.779 0.0000000000
23337  37.927  -72.998  20.586 0.0000000000
23323  37.541  -72.267  20.851 0.0000000000
25685  37.369  -70.866  20.943 0.0000000000
26845  36.932  -70.162  20.913 0.0000000000
26846  36.354  -69.565  20.996 0.0000000000
17940  35.041  -77.918  20.014 0.0000000000
24457  44.078  -71.153  22.743 0.0000000000
26810  44.252  -70.116  22.353 0.0000000000
25722  42.668  -70.606  18.656 0.0000000000
24519  42.050  -71.324  18.586 0.0000000000
23371  44.775  -72.723  17.788 0.0000000000
152421  43.976  -74.359  16.802 0.0000000000
22246  43.677  -73.717  16.942 0.0000000000
23372  43.461  -72.832  17.344 0.0000000000
23373  42.418  -72.748  17.631 0.0000000000
23374  41.599  -72.761  18.101 0.0000000000
23343  41.284  -72.083  18.670 0.0000000000
22215  40.184  -73.256  18.968 0.0000000000
21206  39.897  -73.944  18.958 0.0000000000
20137  39.873  -75.834  18.424 0.0000000000
20120  39.245  -75.361  19.017 0.0000000000
147832  38.644  -75.781  19.265 0.0000000000
19020  37.586  -76.663  19.635 0.0000000000
17958  36.553  -78.093  19.731 0.0000000000
14848  41.597  -79.876  20.466 0.0000000000
11006  38.990  -83.718  25.043 0.0000000000
13854  40.599  -80.625  20.845 0.0000000000
14868  40.661  -80.230  19.241 0.0000000000
15904  40.527  -79.828  18.733 0.0000000000
15885  39.928  -80.000  19.192 0.0000000000
15886  39.147  -79.403  19.276 0.0000000000
14832  38.557  -80.779  21.078 0.0000000000
14852  38.569  -80.133  20.334 0.0000000000
16910  38.337  -78.808  19.387 0.0000000000
157426  37.199  -79.050  19.886 0.0000000000
16896  36.624  -78.932  19.902 0.0000000000
16897  35.620  -78.625  19.944 0.0000000000
15873  34.969  -79.484  20.293 0.0000000000
25657  39.862  -70.420  23.434 0.0000000000
24462  39.358  -71.056  23.580 0.0000000000
24461  40.175  -71.249  23.383 0.0000000000
24460  41.099  -71.440  23.215 0.0000000000
24459  42.101  -71.595  23.067 0.0000000000
23311  42.552  -72.271  23.407 0.0000000000
23260  40.650  -72.799  26.409 0.0000000000
137541  41.041  -72.549  24.822 0.0000000000
23299  41.733  -72.494  24.127 0.0000000000
23310  43.587  -72.187  23.259 0.0000000000
23309  44.654  -72.109  23.138 0.0000000000
23308  45.623  -72.326  23.413 0.0000000000
23276  45.053  -72.998  25.286 0.0000000000
23295  46.090  -72.713  24.250 0.0000000000
24434  45.917  -72.451  23.736 0.0000000000
24454  46.388  -72.685  23.227 0.0000000000
23319  46.750  -72.834  23.021 0.0000000000
22194  46.604  -73.139  22.956 0.0000000000
21143  46.940  -73.786  24.667 0.0000000000
135136  46.697  -73.378  23.327 0.0000000000
21185  46.045  -73.717  21.876 0.0000000000
25710  40.225  -70.525  19.680 0.0000000000
160145  40.198  -69.125  19.422 0.0000000000
29332  40.106  -67.567  20.082 0.0000000000
28102  38.620  -68.047  20.184 0.0000000000
11926  39.105  -83.247  24.645 0.0000000000
13829  39.633  -81.433  22.444 0.0000000000
13831  37.846  -81.766  22.854 0.0000000000
13832  36.906  -81.644  22.780 0.0000000000
14830  41.248  -80.375  20.844 0.0000000000
14831  39.327  -81.000  21.045 0.0000000000
14850  40.490  -80.412  19.941 0.0000000000
14853  37.725  -80.149  20.730 0.0000000000
14869  39.271  -80.061  19.803 0.0000000000
14877  41.137  -80.090  19.099 0.0000000000
15869  42.083  -79.365  20.524 0.0000000000
15870  37.932  -79.647  20.196 0.0000000000
15882  42.154  -78.797  19.242 0.0000000000
15884  41.467  -79.673  18.827 0.0000000000
15887  38.491  -79.533  19.796 0.0000000000
15888  37.729  -79.186  19.850 0.0000000000
15902  41.925  -78.952  18.447 0.0000000000
15903  41.096  -79.858  18.693 0.0000000000
16898  34.495  -78.615  20.018 0.0000000000
16911  37.391  -78.572  19.671 0.0000000000
16927  41.623  -78.938  17.809 0.0000000000
16944  42.476  -78.077  18.163 0.0000000000
17954  43.333  -76.685  19.324 0.0000000000
17956  38.668  -77.959  18.985 0.0000000000
17975  43.181  -76.698  18.006 0.0000000000
17977  40.444  -77.710  17.776 0.0000000000
17978  40.223  -78.452  18.110 0.0000000000
17991  42.814  -77.283  17.709 0.0000000000
18941  45.512  -75.164  25.382 0.0000000000
19001  43.690  -75.811  20.058 0.0000000000
19034  43.600  -76.102  18.355 0.0000000000
19046  43.744  -75.937  17.289 0.0000000000
19047  43.330  -76.312  16.933 0.0000000000
19048  42.627  -76.313  16.806 0.0000000000
20045  45.685  -74.758  24.630 0.0000000000
20105  38.035  -74.903  19.845 0.0000000000
20107  36.609  -75.231  20.301 0.0000000000
20121  38.610  -75.073  19.520 0.0000000000
20148  44.371  -74.734  17.747 0.0000000000
20167  44.203  -74.834  16.981 0.0000000000
20168  43.320  -75.822  16.782 0.0000000000
21159  46.816  -73.750  24.007 0.0000000000
21160  46.545  -74.003  23.388 0.0000000000
21173  46.453  -73.369  22.427 0.0000000000
21174  46.217  -74.061  22.633 0.0000000000
21184  46.186  -73.331  21.625 0.0000000000
21197  37.032  -74.461  20.410 0.0000000000
21205  45.003  -73.718  19.457 0.0000000000
21230  44.478  -74.436  17.420 0.0000000000
21231  42.054  -74.777  17.139 0.0000000000
21246  44.640  -73.846  17.611 0.0000000000
21247  43.587  -75.117  16.789 0.0000000000
22148  44.026  -73.010  27.899 0.0000000000
22167  46.136  -73.294  26.679 0.0000000000
22176  47.009  -73.292  25.574 0.0000000000
22181  47.094  -73.290  24.401 0.0000000000
22182  47.080  -73.156  24.710 0.0000000000
22197  46.434  -73.021  21.911 0.0000000000
22213  45.584  -72.601  20.446 0.0000000000
22216  39.589  -73.475  19.454 0.0000000000
22217  38.926  -73.612  19.877 0.0000000000
22229  40.879  -72.980  18.573 0.0000000000
22245  44.689  -73.407  17.631 0.0000000000
23306  46.788  -72.962  23.603 0.0000000000
23307  46.619  -72.801  23.621 0.0000000000
23322  46.356  -72.742  22.380 0.0000000000
23342  45.207  -72.519  19.603 0.0000000000
23356  42.179  -72.031  18.077 0.0000000000
23370  44.949  -72.507  18.330 0.0000000000
24455  45.965  -72.356  23.088 0.0000000000
24456  45.613  -72.256  23.150 0.0000000000
24472  46.156  -72.543  22.681 0.0000000000
24481  45.637  -72.176  21.767 0.0000000000
24497  38.931  -71.365  20.441 0.0000000000
24500  45.365  -72.238  20.177 0.0000000000
24515  45.023  -72.087  18.779 0.0000000000
24536  42.943  -72.148  17.693 0.0000000000
25683  45.536  -71.963  21.837 0.0000000000
25684  44.767  -71.049  21.678 0.0000000000
25695  45.086  -71.417  20.997 0.0000000000
25700  37.735  -70.269  20.689 0.0000000000
26857  38.270  -69.640  20.380 0.0000000000
26868  40.602  -69.669  19.308 0.0000000000
28101  39.415  -68.179  19.902 0.0000000000
28103  37.816  -68.017  20.415 0.0000000000
28115  40.825  -68.827  19.308 0.0000000000
29333  39.187  -67.479  20.317 0.0000000000
29335  37.321  -67.422  20.725 0.0000000000
136840  39.997  -80.443  19.831 0.0000000000
138246  44.334  -73.340  17.256 0.0000000000
138427  38.642  -72.979  20.261 0.0000000000
139590  45.130  -73.184  19.460 0.0000000000
141137  44.825  -71.629  23.018 0.0000000000
143618  46.822  -73.133  23.539 0.0000000000
144917  40.948  -80.246  19.496 0.0000000000
148044  38.797  -68.903  19.972 0.0000000000
150343  41.413  -67.592  20.283 0.0000000000
150436  40.190  -68.425  19.633 0.0000000000
150550  42.505  -78.246  19.689 0.0000000000
151211  43.963  -71.627  22.819 0.0000000000
151850  41.468  -72.900  26.641 0.0000000000
152704  47.030  -73.421  24.227 0.0000000000
153459  44.274  -75.098  19.636 0.0000000000
153891  36.214  -70.305  21.236 0.0000000000
155196  43.558  -76.175  17.709 0.0000000000
156116  36.571  -70.915  21.245 0.0000000000
156433  40.730  -74.652  18.075 0.0000000000
158038  41.245  -76.733  17.330 0.0000000000
158233  40.716  -71.832  19.244 0.0000000000
158410  46.681  -74.155  24.420 0.0000000000
158757  37.899  -70.787  20.751 0.0000000000
159012  38.924  -72.517  20.234 0.0000000000
159387  41.807  -76.356  16.970 0.0000000000
159954  44.248  -72.584  17.542 0.0000000000
160332  44.229  -73.891  16.900 0.0000000000
161074  36.905  -69.582  20.792 0.0000000000
161237  39.034  -71.525  23.996 0.0000000000
